id	x	y	cluster	weight<Links>	weight<Total link strength>	weight<Keyword count>	score<Avg year>
above-ground biomass	-0.0564	-0.9106	1	74	158	2	2014.6
absorption	-0.1162	0.2222	1	81	172	2	2011.930081
abundance	0.6367	0.3066	2	57	124	2	2012.159769
access	-0.329	-0.4482	1	170	396	4	2013.769679
accumulation	-0.1483	-0.9781	1	89	198	2	2011.1675
accuracy	0.4034	0.1115	2	1114	9534	112	2012.031588
acquisition	0.2306	-0.4409	1	409	1338	14	2012.112069
active contours	-0.1444	0.7359	2	83	182	2	2011.857143
active layer	0.7084	-0.8192	3	158	408	5	2012.332634
active layer depth	0.9393	-0.8887	3	96	226	2	2011.505882
active learning	0.9704	0.5624	2	87	268	3	2017.333333
active microwave	0.3884	-0.3523	1	104	220	2	2013.454545
activity	0.1475	-0.4064	1	331	926	10	2011.741747
addition	0.3199	0.3898	2	568	2550	31	2012.072879
adelie	-0.3411	0.8726	2	100	214	2	2010.903226
adjustment	-0.155	-1.1095	1	80	172	2	2011.543956
advance	-0.0293	0.2706	2	151	340	4	2012.223684
advanced microwave scanning radiometer	-0.5199	0.1262	1	130	362	4	2011.973684
aerial	0.7161	-0.7034	3	127	298	3	2012.465517
aerial photography	0.4576	-0.6015	3	82	178	2	2010.65
age	0.4885	0.0114	2	113	278	4	2010.368729
agency	-0.0686	-0.2803	1	270	776	8	2012.539216
agreement	-0.2157	-0.2289	1	465	1728	17	2010.554303
agriculture	0.4781	0.0497	1	154	340	3	2013.323232
aic	-0.0131	1.8755	2	34	150	3	2007.5
air	-0.5214	-0.0315	1	144	358	4	2011.976061
air temperature	-0.6626	-0.1927	1	117	288	3	2012.218924
airborne	0.4385	-0.6692	3	113	268	3	2011.99435
airborne radar	-0.1626	-0.2096	1	114	274	3	2012.707317
airborne sar	-0.3908	-0.2792	1	99	256	3	2008
aircraft	0.0226	-0.6337	3	174	408	4	2010.584541
airsar	0.6321	0.8921	2	63	148	2	1992.5
ais	-0.4077	0.8222	1	102	264	3	2014.4625
ais data	-0.3435	0.9479	1	72	158	2	2013.666667
akaike information criterion	-0.0139	1.8755	2	34	150	3	2012.461538
al	0.5797	0.5154	2	177	556	7	2010.555118
alarm	-0.0045	0.6211	2	193	482	5	2015.3125
alaska	0.1168	-0.5837	1	183	458	7	2010.597746
albedo	-0.0955	-0.3587	2	143	356	4	2012.060567
alberta	0.3281	-0.4621	1	88	180	2	2009.846154
algorithm	0.2113	0.3906	2	1100	8530	102	2011.916828
allocation	0.7871	-0.5308	3	73	154	2	2012.932584
alos	-0.1276	-0.7795	1	201	552	6	2014.1
alos palsar	0.1505	-0.7916	3	138	354	4	2014.961538
alos-2	-0.2802	-0.4621	1	124	288	3	2016.25
alpha	-0.1875	-0.2425	1	169	464	6	2010.514493
alternative	0.7156	-0.176	3	131	290	3	2011.356436
altimeter	-0.5812	-0.7393	1	181	454	4	2009.018667
altimetry	-0.7078	-0.7688	1	282	974	9	2011.731674
american	-0.174	0.1688	1	90	194	2	2010.565574
amplitude	0.038	1.1973	2	160	468	7	2010.372165
amplitude statistics	-0.0144	1.8586	2	31	108	2	2003
amsr-2	-0.4793	0.9505	2	81	198	2	2016
amsr-e	-0.3672	-0.4705	1	92	214	2	2012.081633
amsr2	-1.06	0.1196	1	88	196	2	2017.083333
analogue	0.4351	1.0014	2	26	58	2	2011.282609
analysis	0.1749	0.0589	2	1333	12424	146	2011.656462
analysis method	0.2101	-0.4117	2	142	322	3	2012.439024
analysis techniques	0.4682	-0.4194	3	103	224	2	2009.6
angle	-0.41	-0.1749	1	715	4186	45	2010.915493
anisotropy	-1.0102	-0.6154	1	75	170	2	2012.5
ann model	0.1284	-1.2911	3	68	184	2	2016
anomaly	-0.7336	0.6743	1	89	196	2	2010.997204
antarctic	-0.259	-0.1033	1	556	2184	23	2010.797819
antarctic ice	-0.3804	-0.4672	1	141	316	3	2012.455772
antarctic ice sheet	-0.5047	-0.6255	1	91	200	2	2012.616541
antarctic research	-0.1874	0.4455	2	132	292	2	2011.169643
antarctic sea	-0.5374	0.3868	2	176	416	3	2013.249337
antarctic sea ice	-0.537	0.3876	2	176	416	3	2013.381098
antarctica	-0.1057	-0.2681	1	496	1694	19	2011.220175
antenna	-0.1638	0.095	1	260	768	8	2010.984127
application	0.1307	-0.1385	1	990	6010	69	2012.361823
approach	0.1914	0.1272	2	1143	8536	100	2013.011682
approximation	-0.066	0.4829	2	95	220	4	2011.077491
archipelago	0.2628	-0.7903	3	92	190	2	2011.082609
architecture	0.1994	0.2781	2	271	836	9	2011.802326
archives	0.287	-0.7679	1	100	238	2	2012.62249
arctic	-0.1297	-0.1482	1	955	6890	73	2012.189504
arctic antarctic	-1.0152	-0.2508	1	265	792	6	2012.938182
arctic canada	1.2119	-0.657	3	98	280	3	2010.042017
arctic climate	-0.9193	-0.6015	1	114	264	2	2013.150824
arctic environments	0.2506	-0.5888	3	126	336	4	2012.708108
arctic ice	-0.6927	0.0414	1	264	970	11	2013.034188
arctic lakes	0.9442	0.0487	3	45	118	2	2013.72807
arctic ocean	-0.8513	-0.1403	1	389	1296	12	2010.893127
arctic oil	0.5094	-0.4837	3	94	200	2	2015
arctic regions	-0.5495	0.3707	1	302	998	11	2013.278834
arctic sea ice	-0.5793	-0.0889	1	392	1676	16	2014.367364
arctic sea ice cover	-1.1178	-0.4161	1	128	306	2	2013.896552
arctic seas	-0.5653	-0.0842	1	399	1730	17	2014.010669
area	-0.0425	-0.2151	1	1143	7936	87	2011.37466
array	0.3921	-0.1252	2	174	432	5	2011.101235
artifacts	-0.0367	0.1277	2	78	170	2	2009.730769
artificial neural network	0.2641	-0.4146	3	272	1016	11	2012.145455
artificial neural network (ann)	-0.8655	0.4615	1	79	202	2	2017
asar	-0.6847	0.2912	1	213	556	5	2012.236842
ascat	-1.0735	-0.3031	1	71	164	2	2017.357143
asi	0.0702	0.6897	2	104	288	4	2015.357143
asi algorithm	-0.305	0.8677	2	60	142	2	2016
aspect	0.9988	-0.6052	3	158	436	5	2011.749104
assessment	-0.0624	-0.3476	3	476	1618	17	2013.024899
assimilation	-1.0801	0.6802	1	176	614	6	2012.629787
atmosphere	-0.4689	-0.4864	1	291	878	8	2011.581199
atoms	0.5697	0.581	2	49	104	2	2010.941176
attention	0.7207	0.4113	2	205	598	6	2012.917808
aurora	0.7185	0.0493	2	128	376	7	2012.75
aurora image	0.7953	0.0974	2	85	236	4	2015
australia	0.2704	-0.8766	3	143	310	3	2010.617438
autocorrelation	-0.4746	0.5829	2	157	532	7	2010.202532
automated	0.257	0.5623	2	208	594	7	2012.339286
automatic classification	0.8932	0.8034	2	82	196	2	2011.444444
automatic identification	-0.4004	0.6905	1	144	358	4	2014.1
automatic identification system	-0.398	0.7637	1	78	176	2	2013
availability	0.3037	-0.4814	1	238	604	6	2012.908905
averaging	0.2148	0.0851	2	139	356	4	2011.322581
azimuth	-0.5355	-0.0657	1	110	254	3	2011.5
back-propagation	-0.4447	0.5255	1	74	172	2	2008.75
backscatter	-0.3461	0.1538	1	666	3776	41	2011.126712
backscatter coefficient	-0.8465	-0.501	1	197	612	7	2013.289474
backscattering coefficients	-0.7831	-0.3858	1	108	256	3	2011.142857
backscattering ratio	-1.0299	-0.7233	1	66	172	2	2007.5
baffin	0.8828	0.7808	2	100	284	3	2010.510917
baffin bay	0.8835	0.7804	2	100	284	3	2010.593939
balance	-0.3201	-0.7016	1	86	176	2	2011.539286
baltic	-0.7821	0.6338	1	277	1220	15	2011.08982
baltic sea	-0.762	0.5959	1	266	1076	13	2011.529412
baltic sea ice	-0.7208	0.6833	1	146	438	5	2009.176471
band l	-0.2891	-0.2178	1	123	304	3	2012.333333
band selection	0.2255	0.6791	2	100	234	3	2013.75
bands	0.6167	-0.1079	3	291	846	10	2010.501538
bare soil	-0.2857	-0.8794	1	123	288	3	2014.714286
barents	0.3129	0.533	1	77	170	2	2010.39816
barents sea	0.3123	0.5334	1	77	170	2	2010.27735
baseline	0.6145	-0.8479	3	234	606	5	2012.74934
basin	0.3035	-0.2806	1	81	170	2	2010.09645
basis function	0.2231	0.7312	2	113	280	4	2015.25
bay	-0.0263	-0.2164	1	532	2084	22	2010.11814
bayes	0.7444	0.3609	2	85	176	2	2013.428571
bayesian	0.5718	0.1259	3	366	1366	17	2013.796296
beaufort	0.1946	0.3882	2	292	952	10	2010.621769
beaufort sea	0.396	0.4054	2	251	826	10	2010.009921
bedrock	0.6973	-0.5668	3	208	606	8	2011.093588
bedrock geology	0.9408	-0.5906	3	97	238	3	2008.5
behavior	-0.7024	-0.0012	1	151	364	5	2011.103784
behaviour	0.3018	-0.6041	3	144	346	4	2010.943662
benefits	-1.1109	-0.2091	1	152	350	3	2014.038732
bering	0.5682	-0.1972	2	89	190	2	2009.747987
bering sea	0.5694	-0.1962	2	89	190	2	2009.417822
bias	-0.6932	-0.6072	1	202	596	6	2013.065051
biogeochemical processes	0.5599	-0.9926	3	119	268	2	2013.733333
biology	0.5081	-0.477	3	109	226	3	2011.284153
biomass	-0.1216	-0.8919	1	116	270	3	2012.021332
bistatic	-0.3659	-0.4244	1	74	154	2	2012
bistatic radar	-0.6266	-0.9157	1	306	1064	9	2014.181818
bit	0.5088	0.3456	2	67	142	2	2012.967742
body	-0.2954	0.3661	2	161	398	4	2011.227462
bohai	-0.0548	0.3927	2	308	1096	12	2014.735294
bohai bay	0.2475	0.4634	2	169	482	5	2015.571429
bohai sea	-0.296	0.2115	2	232	720	8	2014.275862
bohai sea ice	0.1189	0.1658	2	130	352	4	2013.857143
boreal	0.1905	-1.0814	1	173	428	4	2012.614137
boreal forest	0.0894	-0.9095	1	105	224	2	2011.745283
boreal wetlands	0.319	-1.2888	3	95	204	2	2013.333333
bottleneck	0.6314	0.3161	2	119	258	3	2014.673913
boundary	0.1761	0.6723	2	256	690	8	2008.420868
bragg	-0.8975	-0.0997	1	78	170	2	2008.5
brash ice	-0.4252	0.168	1	75	164	2	2005.888889
brightness temperatures	-0.1662	0.5906	2	148	350	4	2007.601695
brine	-0.3324	-0.075	1	74	162	2	2008.817204
buoy	-0.6814	0.0587	1	203	600	7	2007.544828
buoy data	-1.0759	0.3942	1	110	318	3	2010.5
c-	-0.7146	0.06	1	273	944	9	2012.9
c-band	-0.6262	0.1619	1	668	4058	46	2013.466667
c-band sar	-0.8548	0.1404	1	371	1486	16	2015.653846
calibration	0.0357	-0.4976	1	246	716	8	2011.99511
camera	0.4755	-0.0807	1	90	188	2	2013.671756
campaign	-0.454	-0.107	1	269	740	8	2013.041363
canada	0.4496	-0.3963	3	695	3748	41	2011.058788
canadian	0.3537	0.2158	3	566	2694	29	2010.480463
canadian arctic	0.6764	-0.2735	3	332	1182	12	2012.163636
capabilities	0.0726	-0.2073	1	392	1516	16	2013
capacity	0.1671	-0.1685	1	212	508	4	2013.094099
carbon	0.1362	-1.2504	3	107	256	2	2013.107259
carbonate	1.1644	-0.5255	3	85	188	2	2011.940552
carrier	-1.0927	-0.7742	1	72	162	2	2011
case	0.1343	0.1081	2	740	3512	41	2010.847835
case study	-0.137	0.0692	1	354	1154	13	2012.678179
cause	-0.0902	-0.1446	1	205	490	5	2011.675244
cell	-0.2632	-0.1854	1	116	250	3	2011.359784
chain	0.6082	0.3466	3	125	286	4	2011.096866
challenges	-0.056	-0.1532	1	364	1108	11	2014.48237
change detection	0.5122	-0.1305	2	221	604	7	2012.679612
changes	-0.1181	-0.3897	1	906	5418	58	2012.206219
channel	-0.4838	0.1217	1	443	1636	18	2009.903036
characteristics	0.0379	-0.1374	2	896	4702	54	2010.936545
characterization	-0.4864	-0.3391	1	377	1338	15	2012.72969
chart	-0.1121	0.974	2	79	214	3	2012.058824
charting	0.222	1.0601	2	100	220	2	2007
chemical	0.5397	-0.0492	3	70	144	2	2011.607029
china	0.1172	-0.0069	2	247	722	9	2013.948798
chukchi	-1.1925	-0.2288	1	166	400	3	2012.695271
chukchi sea	-1.0889	0.0575	1	87	208	2	2012.877751
churchill	-0.3252	-0.254	1	64	150	2	2010.972222
ci	0.2143	0.6539	2	60	148	2	2012.8125
circular polarization	0.1106	0.2266	2	143	350	4	2013.75
circulation	-0.6229	-0.4259	1	133	288	2	2010.44219
class	0.5273	-0.1078	3	513	2000	21	2011.519757
classification	0.4059	0.1003	2	1202	12342	144	2011.561043
classification algorithms	0.8755	-0.1712	3	250	706	7	2009.692308
classification system	0.739	0.2193	2	188	538	6	2011.363636
cleanup	0.7974	-0.5493	3	122	310	3	2015.6
climate	-0.2472	-0.3826	1	691	3312	32	2012.847305
climate change	-0.1591	-0.3614	1	486	1826	17	2013.106897
climate change impacts	-0.0418	-0.6397	1	123	260	2	2013.417178
climate change studies	0.0126	0.2809	2	101	222	2	2012.596154
climate model	-0.7866	-0.4156	1	168	420	4	2013.16224
climate research	-0.3724	0.1283	2	97	216	2	2012.00885
cloud	0.128	0.0352	2	307	870	10	2010.976891
cloud cover	0.5232	-0.5651	2	97	208	2	2010.770548
cluster	0.1772	0.8019	2	167	456	7	2011.949896
clustering	0.4912	0.797	2	208	622	9	2012.80292
clustering algorithm	0.2669	0.97	2	79	182	3	2009.090909
clutter	-0.094	1.3368	2	233	898	13	2008.925926
clutter suppression	-0.0406	1.7609	2	54	118	2	2011.5
co-occurrence	0.5043	0.3555	2	431	1942	22	2013.191176
co-occurrence matrix	1.0627	0.6719	2	64	152	2	2002.5
coast	-0.5671	0.0999	1	372	1210	12	2010.134684
coastal	0.2911	-0.4492	3	245	692	7	2010.739865
coastal ecosystems	0.9711	-0.7051	3	95	228	2	2013.132075
coastal ice	0.1969	-0.5284	2	89	206	2	2010.351351
coastal regions	-0.2116	-0.7602	1	95	212	2	2011.633188
coastal wetlands	0.4098	-0.4534	3	88	186	2	2013.466667
coastline	-0.4606	-0.0867	1	99	212	2	2010.273529
coefficients	-0.1908	0.0264	2	446	1788	19	2010.617647
coherent	-0.6937	-0.2272	1	358	1222	12	2010.047859
collapse	0.1358	-0.5514	3	90	208	3	2012.51938
collection	0.3212	-0.3906	1	309	850	9	2011.129412
color	0.6585	-0.0188	2	180	464	6	2011.308458
communication	-0.2211	0.0211	1	170	420	5	2012.524476
community	-0.1928	-0.5482	1	303	888	9	2013.620087
compact polarimetry	-0.5002	0.6297	1	255	1024	11	2015.909091
companies	1.1212	0.1468	1	56	194	2	2012.470588
comparative analyses	0.926	0.6941	2	67	170	2	2012.461538
comparative analysis	0.9156	-0.368	3	88	188	2	2012.763636
comparison	-0.1188	0.1988	2	679	3348	39	2010.70057
compensation	0.5947	0.0249	2	64	134	2	2012.083333
complex	0.5706	0.3654	2	228	624	10	2011.908387
complex data	0.6067	0.8502	2	107	266	4	2011.111111
composites	-0.4159	0.0977	1	129	284	3	2010.381974
composition	0.3251	-0.5757	3	228	584	7	2012.45256
compositional data	0.9438	0.0482	3	45	118	2	2008
compression	0.7073	-0.0248	2	109	278	5	2010.681818
computational efficiency	0.3626	-0.4281	3	101	208	2	2014.708333
computer	0.8911	0.0945	2	80	166	2	2010.773109
computer vision	1.0769	0.5681	2	64	140	2	2013.666667
concentrations	-0.4082	0.4927	1	655	3976	44	2011.643222
concept	0.3314	-0.2571	1	315	982	10	2011.306773
condition	-0.5596	-0.0662	1	108	238	3	2010.79798
conditional	0.4351	0.8641	2	125	316	4	2009.666667
confidence intervals	0.2141	-0.054	2	64	140	2	2013.525
configuration	-0.1299	0.0876	1	90	190	3	2012.603053
congruence	-0.8671	0.3998	1	72	214	2	2012.235294
conservation	0.3445	-0.8802	3	98	200	2	2011.717256
consistency	-0.1393	0.1063	2	378	1174	12	2011.881356
constellation	-0.46	0.5281	1	284	1214	13	2015.666667
constraints	-0.134	0.6414	1	180	512	7	2011.060453
construction	0.6563	0.2289	2	104	236	3	2011.684729
consumption	-0.0953	0.5742	1	90	198	2	2011.012232
contamination	-0.6334	0.2218	1	85	190	2	2011.920245
content	-0.0963	-0.4801	1	302	846	10	2011.761593
continent	0.3169	-0.6371	3	244	624	5	2011.202884
contingency	1.0692	-0.5191	3	87	200	2	2012.6
contour	-0.1443	0.7373	2	83	182	2	2008.745763
contrast	0.3978	0.626	2	292	948	11	2011.509677
control	0.7115	-0.1811	1	194	562	7	2012.474255
convex	0.4147	0.3247	2	285	984	12	2013.857143
cooccurrence	0.255	1.0676	2	139	404	4	2010.5
cooccurrence probabilities	0.6342	1.2865	2	67	170	2	2004.5
cooperation	0.5726	0.3105	1	118	278	3	2013.659091
copolarization	-0.7777	0.1709	1	116	262	3	2016
core	-0.5961	0.175	1	104	236	3	2010.446523
corona	0.8136	0.1133	2	65	138	2	2011.583333
correction	-0.5072	0.4501	1	210	614	7	2011.927948
correlation	-0.2236	0.1784	2	699	3218	34	2011.333794
correlation analysis	0.8956	0.8151	2	78	182	2	2011.104167
correlation coefficient	-0.5589	-0.0078	1	189	480	5	2012.125
correlation length	-0.4455	-0.593	1	70	164	2	2009.615385
correspondence	-0.6621	0.7038	1	92	210	3	2010.493023
cosmo-skymed	-0.6303	-0.1546	1	89	208	3	2016.428571
costs	0.1776	0.3364	2	367	1170	14	2013.503597
covariance	0.2718	0.3683	2	205	658	9	2012.039146
cover	0.0876	-0.4244	3	709	3292	32	2011.664763
coverage	-0.3325	-0.3843	1	552	2102	19	2012.329283
cp parameter	-0.98	-0.1495	1	105	242	2	2015.5
crevasses	-0.104	-0.0015	2	83	178	2	2012.55814
criteria	0.7249	0.3946	2	120	300	4	2010.149038
criterion	0.3195	1.423	2	190	602	8	2010.8125
crop	-0.0147	-0.2682	3	108	248	3	2012.823529
cross-covariance	0.1098	0.4151	2	54	138	2	1999.428571
cross-polarization	-0.7561	0.1911	1	311	1046	12	2014.588235
cross-section	-0.9379	0.2302	1	198	600	7	2010.444444
cross-validation	0.4634	0.1777	2	108	270	4	2012.842105
crude	-0.3575	0.041	1	65	144	2	2010.744681
crude oil	-0.3877	0.0935	1	120	322	4	2010.076923
cruise	-0.328	0.8872	2	122	278	2	2008.733524
cryosat-2	-1.0544	-0.2182	1	114	250	2	2016.797101
cryosphere	-0.205	-0.9871	1	209	538	5	2014.539877
current	-0.3554	-0.1578	1	151	372	4	2008.757215
current research	0.1256	-0.1755	2	83	174	2	2015.36
curvelet transform	-0.3239	1.1752	2	67	180	2	2017.5
cycle	0.0272	-0.859	1	200	494	5	2011.47296
cyclones	-0.8903	-0.5794	1	103	216	2	2011.69697
damage	0.1461	0.354	2	78	158	2	2013.018116
data	0.067	0.0754	1	1567	22298	262	2011.015066
data analysis	0.4777	0.1603	3	308	970	12	2011.003436
data assimilation	-1.2339	0.5714	1	131	386	4	2013.092251
data collection	-0.1794	-0.8982	1	144	340	3	2013.059524
data combination	0.1011	-0.1867	1	78	170	2	2012.305556
data fusion	0.6957	-0.2448	3	234	720	8	2014.217391
data mining	0.4939	0.2533	2	79	174	2	2014
data network	0.8038	-8e-04	3	118	310	3	2009.391304
data processing	0.2893	-0.0548	1	199	508	5	2011.672727
data products	0.3819	0.0212	2	86	182	2	2013.741935
data set	0.3146	0.1922	2	435	1624	20	2010.433246
data sets	0.322	-0.0414	3	508	2184	24	2011.63144
data storage	-0.3338	-0.3954	1	96	204	2	2007.8
data validation	0.3091	0.1958	2	108	246	3	2013.702703
data/model	0.5942	0.3839	2	196	488	6	2011.4
database	-0.8372	0.378	1	174	430	4	2012.403509
dataset	-0.219	0.2547	1	355	1134	13	2012.68054
date	0.1995	-0.3484	1	201	532	7	2012.087051
decision tree	0.6524	0.3744	2	157	376	4	2014.538462
decomposition	-0.1616	-0.512	1	300	1010	12	2012.585736
decorrelation	0.7334	-0.1666	2	40	100	2	2012.219512
deep	0.5582	0.7184	2	128	362	4	2008.172697
deep learning	0.724	0.2256	2	211	674	8	2018.785714
deep neural network	0.8667	0.1928	2	63	140	2	2019
deer	0.3649	-0.6405	1	91	194	2	2013.5
definition	-0.1665	0.9398	2	113	300	4	2010.611111
deformation	-0.3136	-0.527	1	332	966	8	2010.55336
degradation	0.4191	-0.0541	3	116	290	4	2013.464824
delay	-0.9794	-0.5708	1	232	820	8	2011.240223
delay-doppler map	-0.8872	-0.113	1	204	764	8	2016.5
delivery	0.3214	-0.4455	1	96	200	2	2013.849246
delta	0.5314	-0.6075	3	138	310	3	2010.255844
dempster-shafer theory	0.935	-0.6863	3	60	142	2	1995
denmark	-0.133	0.3795	1	88	188	2	2008.212014
density	0.0403	0.1269	1	385	1270	16	2009.879211
density functions	0.6947	0.4512	2	112	308	4	2008.2
dependence	-0.7332	-0.2511	1	212	636	7	2010.591411
depolarization	-0.9237	0.0648	1	144	366	4	2011.083333
deposits	0.9292	-0.5048	3	109	268	3	2011.200561
depth	0.0657	-0.8759	1	370	1130	10	2010.672402
des	0.7298	-0.3878	3	92	202	2	2010.535714
description	0.0305	-0.0957	1	239	700	9	2009.996622
desert	-0.1358	-0.9053	1	117	254	3	2011.209622
design	0.3086	-0.2742	1	298	816	9	2013.015625
detail	-0.0488	0.3891	1	108	248	3	2011.078886
detection	-0.0587	0.2425	1	1057	7582	84	2012.417625
detection algorithm	-0.6875	0.3584	1	111	276	3	2013.634615
detection performance	0.31	0.8181	2	70	146	2	2013.571429
detection probability	-0.9777	-0.3027	1	88	224	2	2017.666667
detector	-0.1688	0.2618	1	235	622	7	2011.984848
determination	-0.2474	-0.6161	1	390	1324	13	2010.57381
development	0.4953	-0.3299	1	479	1664	18	2011.773084
diameter	0.8839	-0.2933	3	62	126	2	2010.091346
dielectric properties	-0.512	-0.6936	1	93	198	2	2012
difference	-0.2443	0.0611	1	610	2508	26	2011.163032
different surfaces	-0.8863	0.249	1	94	212	3	2008.428571
differentiation	-0.0445	-0.6034	2	103	220	2	2012.476471
digital	0.9005	-0.4179	3	71	158	2	2011.621359
digital elevation model	0.8945	-0.8376	3	268	998	10	2012.770142
digital images	0.7751	0.4841	2	81	190	3	2010.823529
disaster	0.4308	-0.114	2	148	348	3	2013.783784
discontinuous permafrost	0.6344	-1.0794	3	92	204	2	2012.089494
discovery	0.2746	0.1061	1	66	138	2	2012.116822
discrepancies	0.1176	0.5568	2	158	386	4	2011.321353
discrete wavelet transform	0.0783	0.1249	2	62	156	2	2000
discriminant analysis	0.6071	0.0068	3	180	500	6	2010.333333
discrimination	-0.0897	0.4075	2	662	3500	40	2010.948718
discrimination ability	0.7539	1.1408	2	45	104	2	2007
displacement	0.9959	0.1606	2	60	132	2	2010.607877
dissemination	-0.7391	0.1149	1	83	186	2	2012.48
dissimilarity	0.8499	0.4626	2	78	182	2	2012.612903
distance	-0.1059	0.5333	2	267	844	10	2011.010448
distribution	0.4218	0.3295	3	809	4206	51	2010.907306
distribution comparison	0.4145	1.1971	2	94	208	2	2007.5
distribution function	-0.2625	0.7889	1	68	146	2	2011.75
distribution map	0.6901	-0.7507	3	77	164	2	2013.911765
diversity	0.4485	0.0346	2	237	738	8	2013.553494
dmsp	-0.4874	0.4679	1	77	164	2	2006
domains	0.7264	-0.0911	1	37	76	2	2011.565217
doppler	-0.8543	-0.2619	1	353	1392	14	2008.887324
drift	-1.0234	0.2096	1	168	502	6	2009.705986
drifters	-1.2862	0.4979	1	47	122	2	2008.415584
dry ice	-1.2856	0.9856	1	62	170	2	2014.6
dry snow	-0.8242	-0.4455	1	61	132	2	2011.275
dual frequency	-0.5776	0.3999	2	143	394	5	2012.652174
dual-pol	0.3907	1.1033	2	135	358	4	2016
dual-polarization	-0.7353	0.2254	1	442	1890	19	2015.636364
dynamic processes	-1.0241	0.4346	1	68	162	2	2013.015873
dynamics	-0.2276	-0.1086	1	409	1316	14	2012.382241
early warning	1.1213	0.1486	1	56	194	2	2012.315789
earth	0.0791	-0.3873	1	675	3178	35	2012.416212
earth observation	0.2078	-0.2346	1	448	1624	17	2013.017241
earth system	-0.0624	-0.6638	1	134	294	2	2015.459227
east	-0.3852	0.3812	1	222	574	6	2011.088561
east antarctica	-0.3345	-0.0476	1	104	218	2	2012.024096
east coast	-0.8863	0.6312	1	85	194	2	2011.173333
eastern	-0.3514	0.6306	2	113	262	3	2011.347648
ec	-0.7952	0.397	1	80	180	2	2013.685393
ecology	0.4998	-0.5793	3	133	296	3	2012.514768
ecosystem	0.0553	-0.8473	3	367	1202	11	2013.530062
edge detection	0.0197	0.3867	2	181	486	6	2010.055556
effects	-0.0187	-0.0541	1	858	4738	53	2011.624055
efficiency	0.5697	-0.0094	3	289	832	11	2012.80663
effort	0.6464	-0.6667	3	92	196	3	2012.512579
egg code	0.4808	1.3445	2	70	178	2	2005.5
electromagnetic scattering	-0.6006	-0.22	1	111	276	3	2017.666667
elements	-0.1914	0.2733	1	171	454	5	2011.89258
elevation	0.4047	-0.7711	3	449	1790	18	2012.227186
elevation model	0.9086	-0.8554	3	247	878	9	2012.230435
em algorithm	0.3016	0.9483	2	104	268	5	2003.5
emergence	0.4721	-0.6223	3	219	554	5	2012.277778
emissions	0.7183	-0.7457	3	79	170	2	2013.550741
empirical model	-0.7672	-0.0136	1	77	170	2	2012.55814
energy	-0.2275	-0.2006	1	369	1132	13	2011.753532
energy fluxes	-0.1732	-0.6399	1	86	182	2	2012.005128
engineering	0.8432	-0.758	3	127	288	3	2012.982353
enhanced	0.1906	-6e-04	1	205	554	6	2012.845902
ensemble classification	-0.2276	-0.1323	1	109	242	3	2014.666667
entropy	0.08	0.1288	2	411	1406	16	2011.104167
environment	0.1251	-0.2823	1	670	2920	32	2012.515563
environmental	-0.0283	0.4287	1	128	294	3	2010.845217
environmental conditions	0.3261	-0.2615	3	268	840	9	2013.912338
environmental data	0.4296	-0.0268	3	83	168	2	2013.041667
environmental impacts	0.3074	-0.6106	1	110	234	2	2013.895522
envisat	-0.391	0.2647	1	380	1336	13	2012.962963
envisat asar	-1.0617	-0.1258	1	169	416	4	2013
eo-1	0.7729	0.3182	2	69	152	2	2015
error	-0.0364	-0.1911	1	638	2614	29	2011.486384
ers	0.8412	0.3277	1	207	636	8	2006.561404
ers sar	0.9398	0.4354	1	111	328	4	2003.3
ers-1	0.8238	0.1938	1	222	754	9	2002.786667
ers-1 sar	0.8714	0.0037	1	136	430	5	1996.2
ers-2	0.8649	0.3854	1	114	272	3	2006.621622
essence	-0.2405	0.4022	2	78	164	2	2010.666667
estimate	-0.0084	0.8378	2	151	412	7	2010.903093
estimation	-0.3586	0.3291	2	672	3454	41	2012.012407
europe	-0.1675	0.1591	1	172	412	5	2011.79689
european	0.0655	-0.7003	1	121	250	3	2011.362949
evaluation	0.4105	0.4423	2	539	2170	26	2013.100503
events	-0.1105	0.1022	1	384	1208	12	2012.030986
evidential reasoning	0.9839	-0.6712	3	164	528	5	1995.6
evolution	-0.1768	-0.4481	1	280	734	7	2012.05694
exchange	0.2	-0.8306	3	171	372	3	2010.706601
expansion	-0.0702	-0.8131	1	157	338	3	2012.969492
expedition	-0.0752	0.1912	2	165	422	4	2010.922432
experimental	0.6146	0.3627	2	296	910	13	2013.019481
experiments	0.3286	0.1516	2	792	3920	46	2011.075205
expert system	1.3296	0.4213	2	63	150	2	2004.625
expertise	0.5874	0.0135	2	65	134	2	2011.52381
experts	0.5034	0.307	2	190	546	7	2012.773585
exploitation	-1.0735	-0.3038	1	71	164	2	2013.328358
exploration	0.3699	-0.236	1	326	1022	11	2011.678466
explorer	-0.3857	-0.5865	1	112	238	2	2010.763636
expression	0.1527	0.307	2	86	188	3	2012.171315
extent	-0.3554	-0.0957	1	492	1996	20	2011.835219
extinction	0.0481	-0.991	3	69	148	2	2011.243386
extraction	0.5149	0.338	2	475	2064	25	2013.323651
extraction methods	0.8391	-0.0436	2	112	258	3	2013.529412
extractors	0.2505	1.2792	2	60	156	3	2003.333333
failure	0.688	-0.3777	3	137	314	3	2011.859477
fall	-0.3721	-0.4822	1	160	356	3	2011.228402
fast	0.2359	0.5337	2	107	250	3	2012.105263
fast ice	-0.3239	0.2256	1	101	220	2	2010.587302
fault	0.8169	-0.2922	3	91	196	2	2011.869565
feasibility	-0.3209	-0.1839	1	319	924	10	2012.440559
feature evaluation	-0.8902	0.7281	1	101	308	3	2016.333333
feature extraction	0.3099	0.4496	2	352	1354	15	2015.428571
feature fusion	0.5207	0.856	2	82	184	2	2016.5
feature selection	0.5598	0.4595	2	156	432	6	2010.909091
feature space	0.6037	0.8539	2	134	364	6	2007.3
features	0.2244	0.4666	2	878	6182	70	2010.384646
feedback	0.2005	-1.0019	3	207	544	4	2013.003957
field	0.1796	0.1197	2	900	5212	62	2010.533445
field campaign	-0.837	0.8918	1	90	204	2	2013.405941
field experiment	-0.405	-0.1403	1	110	262	3	2011.558824
field measurements	0.2668	-0.7489	3	192	520	5	2011.524345
field observations	0.957	-0.6691	3	107	244	3	2011.242424
film	0.1808	-0.0042	1	90	222	3	2009.15
filter	-0.0526	-0.265	2	349	1080	12	2011.920139
filtering	-0.164	-0.04	1	194	522	7	2012.893617
finland	-0.5822	0.2687	1	120	286	3	2011.297143
finnish	-0.5941	0.7954	1	152	456	5	2010.8
first year sea ice	-0.5324	-0.1395	1	229	762	8	2012.730769
first-year	-1.2647	0.1657	1	106	242	2	2010.666667
first-year ice	-1.0623	-0.1897	1	205	510	4	2011.2
first-year sea ice	-0.1697	-0.2497	1	151	388	4	2012.526316
fish	0.4094	-0.2993	2	60	134	2	2010.064516
fisher	0.6133	1.0422	2	97	220	3	2008.454545
fishing	0.2049	0.2801	1	84	184	2	2011.058252
fit	0.188	1.2323	2	135	374	6	2009.364583
flight	-0.3827	-0.2095	1	176	450	5	2012.160714
floes	-0.3411	0.7166	1	224	640	8	2007.672727
flood	0.0994	-0.879	1	97	208	2	2013.016026
flora	0.4361	-0.8876	3	95	210	2	2011.036036
flow	-0.0122	0.1343	1	254	650	8	2010.017411
fluctuations	-0.1947	-0.4466	1	194	450	4	2009.816514
fluid	-0.0033	0.7396	2	68	144	2	2009.934901
flux	-0.3129	-0.5822	1	132	296	3	2010.974387
focus	0.2057	-0.2407	1	233	572	7	2012.93921
focusing	0.1171	0.1506	1	95	194	2	2014.370968
forecasting	-0.5384	0.0863	1	102	242	4	2014.057851
forecasts	-0.3308	0.3568	1	198	514	5	2012.850526
forest	0.376	-0.5287	3	445	1608	18	2011.961222
forest structure	0.3784	-0.5392	3	66	146	2	2012.708333
forestry	0.1388	-0.0848	1	99	216	3	2012.612903
formation	-0.1461	-0.3911	1	271	694	6	2010.511811
forward model	-0.4497	-0.746	1	103	220	3	2013.653061
fractal	0.169	1.1962	2	79	208	3	2007.388889
fraction	-0.4064	0.0315	1	298	968	11	2011.553026
fracture	-0.5182	0.3178	1	89	202	3	2011.127273
fragments	0.0942	-0.7788	3	96	194	2	2010.917127
fram strait	-0.7169	0.5336	1	161	416	4	2009.019324
frame	0.1459	0.2883	1	90	188	2	2010.64
framework	0.5909	0.0319	3	418	1396	18	2013.208431
freeze up	-0.3012	0.3801	1	232	656	7	2011.792683
freeze-thaw	-0.0591	-1.1744	1	108	256	3	2012.06015
freeze-up	-0.3672	0.3095	1	143	348	4	2012.224138
freezing	-1.0089	-0.2715	1	142	330	3	2009.881557
frequency	-0.2549	0.2579	1	597	2740	29	2011.174374
frost	0.24	-0.923	3	83	170	2	2010.311258
frozen	0.3783	-1.0312	3	129	302	3	2012.65625
frozen ground	0.5642	-0.9806	3	138	400	4	2011.96063
frozen soil	-0.509	-0.738	1	84	190	2	2013.244318
fuel	-0.6166	0.9369	1	84	200	2	2012.496479
function	-0.0059	0.3112	2	552	2346	27	2010.972155
fundamentals	-0.8914	-0.1402	1	105	240	2	2012.25
fusion	0.5647	0.1698	2	417	1674	20	2013.042254
fusion method	0.3447	0.261	2	87	192	2	2008.666667
future	-0.0351	-0.3478	1	377	1154	11	2013.712684
fuzzy	0.3145	0.9876	2	111	286	4	2004.454545
fuzzy clustering	0.2631	1.0168	2	77	196	3	2001.25
gabor	0.7468	-0.5161	3	91	222	3	2010.142857
gamma	0.3283	1.1939	2	127	324	3	2011.226804
gamma distribution	0.3617	1.2587	2	104	228	2	2008.2
gap	0.3889	-0.0124	1	98	258	3	2012.915572
gas	-0.0724	-0.2781	1	290	804	9	2012.319686
gaussian	0.1335	0.4854	2	221	610	8	2011.285714
gaussian process	0.1417	0.6368	2	63	140	2	2015.428571
generation	0.5052	0.1643	2	161	396	5	2012.050847
generative adversarial network	1.0601	0.2138	2	56	122	2	2019
geographic information system	0.4509	0.2601	3	129	298	3	2010.188889
geology	0.8028	-0.348	3	189	468	6	2011.073333
geometry	0.1916	0.3588	2	207	516	7	2011.419355
geophysical	0.7021	-0.3785	3	72	150	2	2010.732794
geophysical data	0.3514	-0.4729	3	85	178	2	2013.1875
geophysical measurements	-0.2939	-0.4645	1	77	158	2	2011.7
geophysical parameters	-0.5366	-0.8637	1	125	320	3	2012.363636
geoscience	1.0243	-0.5769	3	125	306	3	2009.7
geostationary satellite data	0.2353	0.6445	2	60	148	2	2016
geostationary satellites	0.2355	0.6445	2	60	148	2	2015.692308
gibbs	0.5569	0.5597	3	60	126	2	2006.482759
gibbs sampler	0.7731	0.2005	3	47	106	2	1996.5
gis	0.181	0.2094	3	133	304	3	2011.154589
glacial isostatic adjustment	-0.156	-1.1091	1	80	172	2	2012.284615
glacier	-0.3151	-0.1071	1	240	648	7	2012.551157
glcm	0.5551	0.6324	2	302	1202	13	2007.538462
glcm texture	0.7324	0.5357	2	213	714	8	2006.375
global	-0.5349	-0.7472	1	558	2926	29	2012.401509
global climate	-0.2141	-0.0639	2	97	232	3	2012.960148
global navigation satellite system reflectometry	-0.8503	-0.2691	1	299	1240	13	2017
global positioning system	-0.3125	-0.8568	1	294	886	8	2011.209302
global satellite	-0.7775	-0.6823	1	433	2150	21	2014.779661
global scale	-0.1274	-1.1125	1	122	274	3	2012.819495
gnss	-0.717	-0.4973	1	546	3080	31	2015.392405
gnss reflections	-0.6083	-0.436	1	118	320	4	2012.5
gnss signals	-0.6154	-0.9841	1	180	572	6	2014.666667
gnss-r	-0.6515	-0.5438	1	614	3674	36	2016.027778
google earth	0.5226	-0.3172	3	76	170	2	2016.772727
government	-0.5087	-0.0231	1	132	354	5	2014.5
gpr	-0.0137	0.4843	2	57	134	2	2012.49359
gps	-0.3758	-0.8492	1	430	1694	16	2011.867769
gps data	-0.2929	-0.9726	1	107	236	2	2011.709302
gps-reflected signals	-0.1402	-0.6934	1	85	192	2	2015
gradient	0.1833	0.3659	2	89	214	3	2011.354256
graph cut	-0.2885	0.8345	1	53	118	2	2016
grass	0.4361	-0.8873	3	95	210	2	2011.455782
gravel	1.2657	-0.8327	3	64	160	2	2010.547619
gravity	0.6166	-0.2406	3	113	254	3	2010.857664
gray level	0.3478	0.8325	2	351	1532	16	2010.333333
gray-level cooccurrence matrix (glcm)	0.5972	1.1071	2	105	276	3	2008
great lakes	0.6584	-0.1056	2	85	202	2	2008.913793
greenland	-0.1494	0.0813	1	520	1856	22	2011.434214
greenland ice	-0.6114	-0.6986	1	95	206	2	2013.011636
greenland ice sheet	-0.611	-0.6988	1	95	206	2	2013.335324
grey	0.3322	0.6495	2	185	504	6	2009.444444
grey-level co-occurrence matrix	-0.8679	-0.2382	1	94	212	2	2016.5
grid	-0.8566	0.625	1	82	232	3	2011.079167
ground truth	-0.4432	-0.061	1	282	972	11	2011.596774
ground-penetrating radar	-0.3885	0.0016	1	70	152	2	2012.766917
group	0.1994	0.5349	2	82	184	3	2011.722362
growth	-0.297	-0.5097	1	304	862	8	2011.406319
habitat	0.6054	-0.7898	3	159	378	4	2012.561584
hand	0.3176	0.5227	2	206	544	7	2010.96875
handling	0.0166	0.1856	1	74	150	2	2012.757576
harbour	1.1219	-0.7882	3	67	178	2	2010.428571
hardware	0.1013	-0.5997	1	110	232	2	2011.944444
hazard	0.2957	-0.547	3	272	706	7	2012.855072
height	-0.5238	-0.5687	1	348	1140	12	2010.601343
helicopter	-0.1317	0.0881	2	53	112	2	2011.678571
heterogeneity	0.8215	-0.6024	3	90	194	2	2014.002481
hh/hv	-1.0487	0.5816	1	141	398	4	2016
hierarchical	1.044	0.4395	2	64	142	2	2011.5
hierarchical model	1.0441	0.4392	2	64	142	2	2014.823529
high accuracy	-0.4824	0.4295	1	152	366	4	2012.55
high arctic	0.2037	-0.9584	3	104	346	4	2013.319239
high latitudes	0.4132	-0.45	3	338	1060	10	2011.932029
high spatial resolution	0.1966	-0.727	3	137	320	3	2013.379085
high-frequency	-0.0841	-0.0235	1	135	326	4	2011.689759
high-latitude regions	0.652	-0.0731	2	230	604	6	2012.707317
high-resolution	-0.1012	0.1249	2	605	2616	30	2012.264879
himawari-8	0.2043	0.6218	2	80	220	3	2018.142857
history	0.0914	-0.5145	3	175	402	4	2011.001969
hole	0.378	0.0736	2	74	152	2	2010.693467
homogeneity	0.3386	0.3422	2	107	260	3	2009.934426
horizon	0.3596	-0.4411	1	96	208	2	2012.354286
hudson	0.2284	-0.748	1	189	506	6	2008.012876
hudson bay	0.2292	-0.7475	1	189	506	6	2008.175879
hudson bay lowlands	0.8648	-1.0329	3	77	200	2	2014.074074
hybrid-polarity	-0.5502	0.21	1	135	376	4	2014.25
hydrology	0.2722	-1.0757	3	158	364	3	2013.474126
hyperion	0.6494	0.3657	2	68	142	2	2016
hyperspectral	0.7493	0.6775	2	120	342	4	2016.058824
hyperspectral data	0.8339	0.4719	2	97	248	3	2013.666667
hyperspectral image	0.856	0.7621	2	71	174	2	2016.222222
ice	-0.289	0.2814	1	1436	20422	235	2011.721291
ice analysis	-0.5019	0.5534	2	352	1256	13	2013.119048
ice case	-0.88	-0.0016	1	76	160	2	2011.833333
ice characterization	-1.0832	0.3464	1	175	600	7	2015.25
ice charts	-0.6593	0.7149	1	362	1710	21	2011.137931
ice class	0.0824	1.0789	2	118	278	2	2007.2
ice classification	-0.0152	0.5705	2	681	4256	46	2010.788462
ice concentration	-0.5744	0.5589	1	578	3408	36	2013.492537
ice conditions	-0.2763	0.1316	1	267	778	8	2011.713198
ice coverage	-0.7729	-0.8862	1	76	170	2	2012.512195
ice detection	-0.2943	0.2214	2	583	2788	29	2015.972222
ice disaster	0.395	0.0104	2	104	228	2	2014.333333
ice drift	-1.1417	0.3184	1	142	426	5	2009.019608
ice dynamics	-1.1441	0.4111	1	93	216	2	2013.540943
ice edge	-0.4179	0.8012	2	260	874	9	2010.185455
ice extent	-0.7838	0.0298	1	243	776	7	2012.764347
ice extraction	0.4877	0.6612	2	53	114	2	2005
ice fields	-0.218	0.5958	1	73	158	2	2010.095238
ice floes	-0.4633	0.4534	1	156	382	5	2008.125
ice formation	-1.2355	-0.6808	1	137	316	2	2009.892857
ice growth	-1.118	-0.4148	1	128	306	2	2010.290179
ice infested waters	-0.3871	0.8984	1	72	168	2	2014.5
ice layers	-0.4002	0.0749	1	75	160	2	2011.030928
ice mapping	-0.4621	0.3389	1	254	752	7	2012.894737
ice melt	-0.5025	-0.2224	2	108	238	2	2012.747368
ice model	-0.8464	0.5182	1	206	592	7	2011.207143
ice modeling	-0.4522	0.9891	1	70	156	2	2014.870968
ice monitoring	-0.4785	0.3002	1	433	1718	17	2011.761905
ice motion	-1.277	0.4869	1	99	242	3	2009.975904
ice navigation	-0.4151	0.7555	1	234	706	7	2012
ice probability	-1.2764	0.4603	1	114	356	3	2015.428571
ice properties	-0.6	0.0607	1	139	344	4	2012.084507
ice radar	-0.614	-0.2232	1	98	230	3	2011.105263
ice ridges	-0.5688	-0.2576	1	69	150	2	2006.705882
ice sensing	-0.9396	-0.639	1	110	280	3	2013.5
ice sheet	-0.1878	-0.5011	1	251	798	10	2012.194459
ice shelf	-0.557	-0.3404	1	81	194	3	2011.573026
ice surface	-0.6356	-0.3477	1	451	1610	15	2011.816258
ice surface roughness	-0.6569	-0.3883	1	85	198	2	2010
ice surface temperature	-1.1842	-0.5798	1	123	280	2	2011.140845
ice texture	0.6978	0.5563	2	155	448	6	2005.5
ice thickness	-0.7413	-0.2609	1	496	2038	22	2011.271053
ice thickness measurements	-0.2283	-0.3443	1	77	194	2	2011.4
ice type classification	-1.0647	-0.2948	1	173	432	3	2016.75
ice types	-0.1366	0.5791	2	785	5594	61	2009.285714
ice zone	-0.3711	0.7963	2	295	1076	11	2011.325359
ice-cover	-0.5188	0.0736	1	442	1572	14	2011.210019
ice-ocean	-1.2589	0.4738	1	99	274	2	2009
iceberg detection	-0.3156	0.656	1	232	734	8	2013.8
icebergs	-0.185	0.5177	1	277	890	10	2011.523585
icebreaker	-0.7286	0.5462	1	165	424	4	2009.3875
icesat	-1.0364	-0.9065	1	106	240	2	2012.032558
identification	-0.1755	0.2682	1	464	1690	19	2011.944837
image analysis	0.1527	0.1845	2	396	1506	16	2011.573171
image classification	0.7055	0.1278	2	440	1794	21	2010.684211
image data	0.6557	0.1585	2	220	662	8	2008.617647
image fusion	0.3767	0.1475	2	118	328	3	2016.666667
image processing	0.73	-0.4397	3	304	990	11	2009.682927
image segmentation	0.5959	0.8441	2	235	898	13	2009.958333
image texture	0.7019	0.5279	2	250	970	13	2006.705882
imagery	0.3231	0.2355	2	1047	8134	93	2011.982143
images	0.2477	0.2524	2	1367	15756	188	2011.32506
imaging	-0.1637	-0.1599	2	462	1702	18	2012.991398
imbalance	-0.7507	0.2766	1	72	156	2	2012.174242
impact	0.3455	-0.2158	3	575	2402	26	2013.206627
implementation	0.3471	-0.2027	1	380	1210	12	2013.145907
implications	0.4034	-0.4838	3	176	382	4	2011.871583
improvement	0.1808	0.2578	2	568	2398	27	2012.529851
in-situ	-0.32	-0.7745	1	128	298	3	2013.712
in-situ measurements	-0.3363	-0.6167	1	90	192	2	2013.9
incidence	-0.4488	-0.1205	1	690	4118	43	2011.204819
incidence angle	-0.5061	-0.1695	1	609	3520	37	2013.020833
incidence angle correction	-1.0788	0.4989	1	143	364	3	2016.666667
incidence angle effect	0.6493	-0.4099	3	118	300	3	2015.333333
inclusion	-0.2864	0.4399	1	59	124	2	2010.77907
incoherent	-0.7861	-0.6476	1	66	174	2	2006.333333
independence	-0.8088	-0.3997	1	118	246	2	2011.857143
index	0.2984	0.0671	2	402	1306	17	2011.380952
indices	0.1741	-0.3741	3	282	824	10	2012.102711
individuals	-0.4689	-0.3204	1	99	212	2	2011.172646
inertia	-0.1203	1.071	2	101	218	2	2011.8
influence	-0.381	-0.3605	1	236	608	6	2011.779275
information	0.0566	0.346	2	1179	9342	106	2011.767792
information content	-0.584	0.3291	1	99	228	2	2010.857143
information entropy	0.3187	0.8736	2	40	88	2	2008.5
information systems	0.4588	0.1592	3	130	296	3	2010.212121
infrastructure	0.5957	-0.0051	1	220	720	8	2014.216606
initialization	-0.1557	1.0229	2	74	170	2	2013.963636
initiation	0.2147	0.6531	2	60	148	2	2010.927536
injection	-0.6287	-0.1019	1	71	176	2	2011.807018
innovations	-0.6213	-0.0226	1	82	170	2	2014.44
insight	0.6334	0.4699	2	87	198	3	2012.936061
insolation	1.0087	-0.9505	3	84	232	2	2010.586826
inspection	-0.0229	0.3974	2	188	552	8	2012.125
installation	-0.1886	-0.4353	1	118	284	3	2011.6
instrument	-0.5218	-0.4424	1	448	1734	17	2011.288956
instrument noise	-1.1281	0.3946	1	94	208	2	2013.2
instrumentation	0.4437	0.7873	2	146	366	4	2011.546875
integral equation	-0.6894	-0.6695	1	110	286	3	2007.666667
integration	0.148	0.0474	1	261	738	8	2010.47619
intensity	-0.2148	0.5976	2	516	2374	27	2011.663823
interactions	-0.088	-0.0094	1	335	952	10	2011.626733
interface	0.1326	-0.3629	1	272	732	8	2010.689655
interference	0.4706	0.7987	2	107	236	3	2012.875
interferometric sar	-0.6326	-0.7215	1	76	164	2	2012.111111
interferometry	0.6433	0.122	1	51	108	2	2010
international	0.2347	0.5011	2	187	468	5	2009.59081
interpolation	-0.1126	0.7066	2	59	124	2	2012.42515
interpretation	0.2121	0.3744	2	455	1744	21	2010.411609
introduction	0.0207	-0.3851	1	124	264	3	2010.370629
inversion	-0.3068	0.274	1	232	616	7	2010.501809
investment	0.0505	0.0832	1	77	156	2	2013.355932
ireland	0.3068	-0.7071	3	73	150	2	2008.076923
island	0.6883	-0.5478	3	391	1400	16	2009.956692
isostatic adjustment	-0.1552	-1.1086	1	80	172	2	2012.225058
japan	-0.0104	-0.3668	1	77	178	3	2010.171958
jet	0.341	-0.1103	2	151	390	4	2011.139834
jet propulsion	0.59	0.2567	2	106	278	3	2007.4
k-distribution	0.1995	1.0032	2	113	312	4	2005.25
k-means	0.7097	0.9912	2	107	270	3	2013.393939
k-means clustering	0.6964	1.2074	2	66	174	2	2004.5
kalman	-0.1593	-0.9248	1	86	190	2	2013.5
kalman filter	-0.16	-0.9248	1	86	190	2	2013.882353
kappa	0.5642	0.0542	2	126	338	5	2011.740741
kara	-0.6489	-0.0491	1	123	314	3	2011.634058
kara seas	-0.6492	-0.0477	1	123	314	3	2012.917722
kernel	0.7507	0.8423	2	158	420	5	2013.347826
key	0.0157	0.4857	1	121	268	3	2013.075472
knowledge	0.2552	-0.1586	1	403	1330	17	2012.895394
kolmogorov-smirnov	0.1103	1.2996	2	113	278	3	2013.8
kongsfjorden	-0.5942	0.2923	1	84	188	2	2014.727273
korean peninsula	0.2146	0.6542	2	60	148	2	2013.48
kurtosis	-0.1167	0.6835	2	85	184	2	2009.7
l-band	-0.3239	-0.471	1	589	2778	29	2013.80597
l-band sar	-0.6167	-0.3883	1	301	1028	11	2013.411765
labels	0.681	0.736	2	205	654	8	2012.642857
laboratory	0.6087	0.0052	2	163	452	5	2010.526248
labrador	0.0536	0.6892	2	207	620	8	2008.853808
labrador sea	-0.1159	1.0652	2	94	234	3	2008.747813
lake	0.5675	-0.3019	3	304	958	12	2012.017794
lake area	1.2629	-0.7701	3	59	178	2	2013.272727
lake ice	0.0244	-0.2364	2	174	448	5	2010.060606
land	0.1043	-0.3745	3	654	3134	34	2012.42268
land cover	0.6659	-0.2481	3	338	1162	13	2013.554795
land cover classification	0.7646	-0.2419	3	52	122	2	2013.414634
land cover mapping	0.3115	0.4707	2	89	224	3	2013.25
land ice	-1.0416	-0.4491	1	65	160	2	2013.564935
land surface	-0.5003	-0.9538	1	144	378	4	2013.553603
landsat	0.8291	-0.4422	3	336	1166	13	2012.128767
landsat thematic mapper	0.9941	-0.4788	3	59	128	2	2008.272727
landsat tm	0.5558	-0.2283	2	145	366	4	2008.651163
landsat-7	1.2084	-0.5791	3	102	244	3	2010.814815
landsat-8	1.0241	-0.8471	3	113	330	4	2017.326087
landsat-8 oli	1.1126	-0.9154	3	74	174	2	2017.5
landscape	0.6019	-0.6999	3	164	392	4	2013.677302
language	0.0523	-0.8804	3	143	356	3	2018.048117
laptev sea	0.675	0.1839	2	72	164	2	2011.257143
large-scale	-0.1608	-0.3755	1	142	316	4	2011.165527
laser	-1.0155	-0.4759	1	149	356	3	2011.969194
late summer	-0.4625	-0.2187	1	192	494	5	2011.54902
latitude	0.7063	-0.6201	3	302	972	9	2011.054819
lawrence	-0.2403	0.7753	1	213	608	6	2010.132653
layer	0.1809	-0.301	3	393	1268	16	2010.321275
lead	-0.3649	0.0435	1	348	1096	12	2010.716069
learning	0.4481	0.3961	2	458	1894	23	2015.15493
least-squares	-0.0935	1.5912	2	79	210	3	2011.637363
length	-0.0989	1.0553	2	161	468	8	2010.5328
les	0.7311	-0.3874	3	92	202	2	2010.897959
level ice	-0.8777	-0.3213	1	227	612	6	2011.739837
levels	0.5301	-0.2518	3	367	1124	13	2011.25209
lidar	-0.0805	-0.7133	1	184	474	5	2012.729064
life	0.3618	-0.4947	1	128	296	3	2011.876747
light	0.0214	-0.295	1	189	454	5	2011.753582
likelihood	0.571	0.1754	3	464	2050	25	2011.660944
likelihood ratio	0.6316	0.8823	2	79	178	2	2014.5
likelihood ratio test	0.6326	0.8814	2	79	178	2	2014.666667
limit	-0.0635	0.048	1	139	326	5	2010.544865
limitations	-0.0248	-0.5497	1	342	1012	12	2012.614846
line	0.0818	-0.1125	1	171	408	4	2011.363128
linear discriminant	0.8377	-0.0229	3	146	380	4	2010.55
linear discriminant analysis	0.8061	-0.2696	3	126	308	3	2011
linear regression	-0.7097	0.2203	1	139	374	4	2012.840304
links	-0.3643	0.74	1	73	156	2	2012.592814
list	0.5667	-0.8158	3	84	180	2	2011.824176
literature	-0.103	0.1302	1	154	376	5	2011.726524
lithology	0.9373	-0.4544	3	58	130	2	2011.018868
location	-0.1171	0.1369	1	339	1060	12	2010.881081
log-weibull distribution	-0.0135	1.8752	2	34	150	3	2003
log-weibull/cfar	-0.0163	1.8811	2	34	104	2	2003.5
logistic regression	-0.3745	0.5023	2	129	302	3	2012.340909
logistics	-0.4288	-0.1061	1	80	162	2	2014.516129
long-term	0.014	-0.3891	1	62	124	2	2012.366366
loss	-0.0174	-0.2703	3	176	420	4	2013.251087
lossless compression	0.7704	-0.0984	2	55	146	3	2016.333333
low cost	-0.7355	-0.8113	1	140	378	3	2014
low earth orbiter	-0.5297	-0.359	1	105	236	2	2012.75
low resolution	-0.1663	-0.5227	1	105	228	2	2013.349398
lowlands	0.576	-0.9857	3	126	302	3	2013.427273
machine learning	0.2679	-0.093	2	363	1220	15	2016.761905
magic	0.4016	0.8133	2	101	274	3	2012.75
magnetic field	0.3743	0.1896	2	36	76	2	2010.833333
magnitude	-0.4322	-0.3346	1	229	618	6	2011.364091
mahalanobis	0.5112	1.1251	2	87	202	2	2004.333333
mahalanobis distance	0.5116	1.1252	2	87	202	2	2013.75
maintenance	0.1684	0.54	2	75	154	2	2010.394191
majority voting	0.8057	0.4702	2	87	200	2	2011
management	0.374	-0.7817	3	190	476	5	2013.088766
manitoba	-0.4251	-0.0146	1	68	148	2	2010.155556
map	0.0929	-0.2731	3	782	4020	43	2011.727201
mapping	0.5093	-0.2489	3	758	4302	46	2012.226667
margin	0.9194	-0.5034	3	103	232	3	2010.972504
marginal ice	-0.3243	0.7469	2	302	1112	12	2011.113924
marginal ice zone	-0.3229	0.7472	2	302	1112	12	2011.202899
marine	0.3106	-0.0493	1	250	702	7	2012.020366
marine disasters	0.9625	0.6862	2	103	294	3	2017.333333
maritime	0.6061	-0.2482	3	173	444	4	2011.981865
markov	0.6229	0.8201	2	220	912	13	2011.964912
markov chain	0.862	0.1224	3	77	224	4	2012.472222
markov chain monte carlo	0.8905	0.0488	3	63	172	3	2013.076923
markov random field	0.5923	0.9255	2	244	1038	14	2008.473684
masks	0.6396	-0.0743	2	129	296	3	2010.955556
mass	-0.5302	-0.5056	1	205	478	5	2010.941993
mass balance	-0.3203	-0.7016	1	86	176	2	2012.104996
matching	0.4989	-0.2517	3	117	246	3	2013.176471
materials	1.2469	-0.7591	3	105	330	4	2011.458333
mathematical model	-0.2514	0.7128	1	76	166	2	2011.674419
matrix	0.0923	0.5884	2	492	2430	27	2011.695341
maximum	0.6515	-0.0559	3	278	962	12	2010.287843
maximum likelihood	0.61	0.0148	3	455	1956	24	2009.226667
maximum likelihood classification	0.8183	-0.4438	3	160	444	5	2011.125
maximum likelihood estimate	0.5059	0.6227	2	78	204	4	2008.181818
mean	-0.2098	-0.3132	2	360	1190	13	2010.953636
measurements	-0.1602	-0.3403	1	1002	6856	74	2010.932763
mechanisms	0.2174	-0.4652	3	415	1444	16	2011.610479
media	-0.1522	-0.1432	1	127	308	4	2012.027933
mediterranean	0.7768	0.0225	1	88	194	2	2009.594488
melt	-0.5938	-0.0352	1	362	1176	10	2013.146853
melt pond	-0.926	-0.3319	1	101	242	2	2013.733333
melt ponds	-0.5719	0.0239	2	144	340	3	2013.434783
melting	-0.5583	-0.4907	1	139	312	3	2012.110283
melville peninsula	0.9466	-0.5108	3	63	150	2	2000.333333
memory	0.8453	-0.1901	3	123	312	4	2012.1
mercury	0.972	-0.8159	3	88	210	2	2013.027778
meteorological	-0.7336	0.488	1	255	834	10	2009.80117
meteorological data	-0.1856	-0.3959	1	74	152	2	2010.80814
method	0.2625	0.1982	2	1303	12386	157	2012.144788
method accuracy	0.8293	-0.2946	3	96	226	3	2011.866667
methodology	-0.0724	-0.1127	1	529	1914	21	2012.912525
metrics	0.4579	-0.3412	3	199	494	6	2015.541833
microwave	-0.6229	0.1614	1	540	2384	25	2009.844327
microwave imager	-0.7385	0.3126	1	151	436	5	2006.427273
microwave radiometer	-0.7626	0.0845	1	216	646	7	2010.439655
microwave sensors	-0.8956	-0.075	1	215	570	5	2009.583333
migration	0.3528	-0.2914	1	82	168	2	2011.023474
millimeter wave radar	-0.0136	1.8753	2	34	150	3	2004
millimeter-wave	0.0087	1.7806	2	60	218	4	2006.1
mining	0.8742	0.2397	2	60	124	2	2014.333333
mire	0.5606	-0.9928	3	119	268	2	2012.142857
misclassification	0.6046	-0.3628	3	127	282	3	2013.769231
missing data	0.6176	-0.0267	3	40	86	2	2009.25
mission	-0.5294	-0.2976	1	714	4212	43	2012.55098
mixed pixel	0.5999	-0.3094	3	63	130	2	2018
mixture	-0.1728	0.7558	2	194	612	8	2010.906921
mixture model	0.52	1.2276	2	73	170	2	2009.857143
miz	-0.0673	1.0639	2	108	324	4	2009.815789
mode	-0.399	0.1015	1	600	3064	34	2010.915266
model	0.1626	0.0072	2	1229	10006	118	2011.651901
model accuracy	-0.1513	0.4664	2	167	378	4	2012.540541
model ice	-1.1694	-0.5941	1	105	224	2	2010.963788
model performance	0.5029	0.277	2	76	164	2	2013.384236
modeling	0.0908	0.0042	1	471	1740	21	2012.080047
moderate resolution imaging	-1.0345	-0.5251	1	186	538	5	2013.157692
moderate resolution imaging spectroradiometer	-1.0362	-0.5233	1	186	538	5	2013.265823
modis	-0.3328	-0.3022	1	262	806	8	2013.171111
module	0.2258	0.9769	2	68	156	2	2013.530769
moisture	-0.2119	-0.8818	1	511	2322	23	2012.602086
moisture content	-0.0286	-1.1845	1	86	186	2	2012.463768
moment	0.3323	0.7103	2	231	692	8	2009.721649
monitoring	-0.2597	-0.1268	1	929	5944	61	2012.828676
monte carlo	0.6873	0.0461	3	99	256	4	2011.598684
morphology	-0.286	-0.6363	1	82	168	2	2011.797508
mosaic	-0.669	0.3698	1	76	162	2	2011.184466
motion	-0.3738	0.4398	2	269	784	10	2009.832335
motivation	-0.3683	-0.0265	2	69	146	2	2012.173077
mountains	0.4623	-0.3034	3	90	186	2	2011.617276
movement	0.0803	0.1238	2	136	322	5	2009.813333
multi-frequency	-0.5049	-0.5896	1	149	380	4	2009
multi-layer perceptron	-0.2522	0.8634	2	66	166	2	2012.5
multi-mode	0.0463	-1.1165	3	109	250	2	2015
multibeam	1.2628	-0.7713	3	59	178	2	2013.040541
multifrequency	-0.2551	0.0249	1	175	480	5	2008.6
multilayer perceptron	-1.0497	0.7314	1	73	170	2	2015.5
multipath	-0.4608	-0.8968	1	125	282	3	2013.5
multiple features	0.1108	0.7615	2	124	296	3	2015
multiple sources	0.9871	-0.3454	3	81	194	2	2010.75
multiresolution	0.8502	0.5059	2	55	122	2	2011
multisensor	-0.3802	0.2808	1	199	554	5	2012.516129
multisource data	1.008	-0.6316	3	192	636	7	1998.375
multispectral	0.7055	-0.179	3	142	390	5	2012.714286
multispectral data	0.3373	0.1158	2	137	324	4	2011.117647
multispectral image	0.2861	0.7102	2	99	224	3	2007.714286
multispectral imagery	0.44	0.4152	2	80	174	2	2012.916667
multivariate	0.8699	0.1007	3	102	248	4	2013.099057
multiyear	-1.2844	0.9873	1	62	170	2	2014.28125
multiyear ice	-0.3067	0.9232	2	177	610	7	2008.571429
multiyear sea ice	0.5252	-0.0489	2	109	268	3	2010.235294
mutual information	-0.0317	0.9205	2	103	276	3	2013.375
n-ice2015	-0.4427	0.0341	1	107	286	3	2017.1875
nansen	-0.5308	-0.0876	1	31	84	2	2007.147368
national	-0.3672	-0.1573	1	338	994	9	2010.195652
nature	-0.0368	0.3456	2	224	654	8	2010.788145
navigation	-0.5351	-0.1634	1	806	5136	52	2014.113636
navigation safety	0.6676	0.5231	2	85	190	2	2018.5
near real time	-0.8224	0.1132	1	127	298	3	2015.222222
network	0.3261	0.0393	2	757	4280	52	2012.964962
network design	0.5037	-0.3164	1	79	170	2	2012.142857
network model	0.8361	0.4697	2	77	184	2	2014.461538
network structure	0.7015	0.0715	2	78	178	2	2015.142857
neural classifier	0.1754	1.3405	2	49	134	2	1998
neural network	0.3461	0.1794	2	674	3706	44	2011.798561
new data	-0.1645	0.2174	1	83	186	2	2011.109375
new ice	-0.7139	-0.063	1	108	244	3	2008.838384
newfoundland	-0.0056	-0.2304	3	100	238	3	2008.690265
next generation	0.5264	0.269	2	69	150	2	2015.559322
noaa	0.4158	-0.1363	2	120	272	3	2008.907609
noise	-0.1362	0.4525	2	527	2442	28	2011.653631
noise floor	-0.9405	0.3761	1	241	750	8	2015.083333
noise level	-0.2987	0.3909	1	162	420	4	2012.178571
noise reduction	0.4741	1.0119	2	72	168	2	2011.642857
non gaussian	0.2155	0.6159	2	76	162	2	2010.5625
normalization	-0.287	0.5418	2	165	468	5	2010.521739
north	0.1964	-0.5951	1	208	540	6	2010.374238
northeast greenland	-1.0853	0.4164	1	93	218	2	2012.241758
northern	0.0501	-0.7043	1	193	462	5	2011.106605
northern canada	0.2356	-0.7475	1	74	152	2	2010.5
northwest	0.8993	-0.6044	3	176	486	5	2011.701835
northwest territories	0.8984	-0.6053	3	176	486	5	2011.232877
northwest territories canada	1.1243	-0.5984	3	112	278	3	2010.547368
norway	-0.3498	-0.0021	1	87	186	2	2011.264414
norwegian	0.515	0.1399	1	163	490	5	2008.200426
nova	-0.8471	-0.2047	1	134	330	3	2008.734043
novel	0.4597	0.7608	2	179	466	6	2013.967568
nrcs	-0.9856	0.1931	1	92	200	2	2013.666667
numerical methods	-0.0032	0.4484	2	55	116	2	2011.617647
numerical model	0.0043	-0.3185	1	76	160	2	2009.365706
nunavut	1.0218	-0.7288	3	163	548	6	2013.447514
objective	-0.3995	-0.3561	1	378	1264	12	2011.917647
observations	-0.1616	-0.1548	1	1067	7040	77	2011.448164
observatory	0.1625	-0.5832	1	127	296	3	2013.863636
occultation	-0.3622	0.5465	1	107	250	3	2014.375
occurrence	0.8129	-0.7311	3	137	310	3	2011.803551
occurrence probability	0.9478	0.7982	2	63	152	2	2013.692308
ocean	-0.6028	-0.0952	1	810	4528	45	2010.965167
ocean circulation	-0.6232	-0.4256	1	133	288	2	2010.55339
ocean prediction	-1.2966	0.4473	1	134	454	4	2014.555556
ocean salinity	-1.3515	0.0222	1	101	232	2	2011.228916
ocean surface	-0.8159	-0.195	1	406	1482	13	2011.97351
ocean wind	-0.98	0.3322	1	80	204	2	2011.075
oceanography	0.1633	-0.3742	1	90	202	2	2009.138686
offshore	-0.2476	0.5009	1	98	236	3	2009.651466
offshore oil	0.495	0.2155	1	169	506	5	2011.727273
offshore oil exploration	1.1214	0.1481	1	56	194	2	1998
offshore operations	-0.4564	0.7995	1	83	186	2	2014.166667
oil	0.1753	0.0686	1	476	1940	23	2011.484241
oil exploration	1.1222	0.1475	1	56	194	2	2012.125
oil pollution	-0.1184	0.2373	1	107	250	3	2013
oil spill	0.3797	-0.0087	1	366	1392	16	2012.794872
okhotsk	-0.8531	-0.4706	1	151	470	6	2010.130719
old ice	-0.6752	0.5688	2	210	598	5	2014.125
old sea ice	-0.8224	-0.3794	1	107	230	2	2016
oli	0.9881	-1.005	3	94	266	3	2017.038462
one dimensional	0.0673	0.113	2	63	130	2	2007.160622
onion	0.2206	0.0607	1	75	200	2	2018.666667
ontario	0.3048	-0.6541	1	129	292	3	2009.822222
open loop	-0.46	-0.8082	1	105	236	2	2010.75
open ocean	-1.1163	-0.0575	1	104	234	2	2011.015873
open water	-0.6386	0.0493	1	615	3092	30	2011.389671
operation	0.3707	0.1255	1	517	2032	22	2012.715909
operational	0.4396	0.0615	1	364	1054	10	2011.326733
operational system	-0.8539	0.557	1	98	220	2	2016.3
operational use	-0.0335	0.4502	1	288	814	8	2008.142857
operator	0.3541	0.1366	2	61	136	2	2010.358491
optical	0.1603	-0.1903	2	191	476	4	2011.902703
optical data	0.5859	0.0736	2	96	202	2	2012.484848
optical images	0.5024	-0.1671	2	129	322	3	2014.647059
optical satellite data	0.3808	-0.5456	3	103	226	2	2014.272727
optical sensors	-0.1584	-0.1068	1	225	580	5	2012.904762
optimal	-0.2028	0.9873	2	72	148	2	2012.4
optimization	-0.1999	0.8368	1	180	514	7	2013.389313
optimization problem	-0.1113	0.4971	1	45	96	2	2011.666667
orbit	-0.843	-0.5062	1	245	664	5	2009.97479
order	-0.0678	0.168	2	794	3860	42	2010.598046
ordinal classification	0.0435	-0.4202	1	67	144	2	2014.666667
orientation	0.1799	-0.0265	1	155	396	5	2010.063415
origin	0.4381	-0.0975	3	50	104	2	2010.187679
p-band	1.0577	0.3078	2	67	162	2	2010.142857
pack	-0.3249	0.035	2	202	552	6	2009.298805
pack ice	-0.2585	0.0634	2	217	610	7	2008.853081
palsar	-0.1419	-0.8809	1	226	660	7	2014.5
palsar-2	0.066	-0.7122	1	88	188	2	2016.75
pan-sharpening	0.3571	0.5277	2	70	160	2	2015
parallel	0.2581	-0.6693	1	112	226	3	2010.6875
parameter estimation	0.109	0.5826	2	72	162	2	2013
parameters	-0.1367	0.2534	2	1054	7802	88	2010.962104
part	0.3069	-0.22	1	554	2144	22	2010.410034
particles	0.0271	0.1154	1	70	140	2	2011.108822
partition	0.2484	0.6024	2	55	120	2	2011.214286
passive	-0.6727	-0.7433	1	175	444	4	2011.1
passive microwave	-0.658	0.5509	1	308	1094	12	2009.005714
passive microwave data	-0.7467	0.254	1	99	264	3	2007.588235
passive microwave radiometer	-1.146	-0.0396	1	103	226	2	2011.583333
passive radar	0.1449	0.986	2	54	132	2	2005.333333
patches	0.2619	0.3356	2	172	432	5	2011.337979
pattern recognition	0.4357	0.6619	2	149	434	5	2011
patterns	0.3416	-0.1319	2	468	1628	18	2011.236066
pca	0.5137	-0.0389	2	226	704	7	2012.184466
pdf	0.1595	0.9548	2	129	364	4	2010.446809
peatlands	0.5597	-0.9939	3	119	268	2	2014.40553
penetration	-0.6721	-0.571	1	201	516	5	2009.4875
penetration depth	-0.8227	-0.8648	1	120	260	2	2010.55814
peninsula	0.5826	0.1417	2	157	412	6	2011.596904
performance	0.2186	0.1423	2	925	5338	67	2013.489921
period	-0.4734	-0.17	1	558	2212	22	2011.210316
permafrost	0.5533	-0.8363	3	344	1236	13	2012.799678
permafrost active layer	0.8281	-1.04	3	71	154	2	2014.136364
permafrost ground	1.0096	-0.9504	3	84	232	2	2012.729508
permittivity	-0.4612	-0.4836	1	122	288	3	2011.551724
perspective	0.1354	0.0011	1	153	326	4	2012.901235
phase	-0.4141	-0.2352	1	505	2004	23	2011.300144
phase correlation	-1.2871	0.4977	1	47	122	2	2009.461538
phase difference	0.1036	0.212	1	63	146	2	2008.684211
phased array	-0.4067	-0.7465	1	161	450	5	2014.470588
phenomena	0.3541	0.1369	2	61	136	2	2011
photogrammetry	0.712	0.6094	2	122	292	3	2012.606742
photographs	-0.1542	-0.1843	1	111	250	3	2010.319372
photography	0.4577	-0.6011	3	82	178	2	2011.617391
physical properties	0.3918	-0.9809	3	57	122	2	2011.051724
physics	-0.2274	-0.0585	1	145	352	4	2011.674359
place	0.6081	0.0673	2	84	168	2	2009.958042
planet	0.2879	-0.7673	1	100	238	2	2012.158537
planning	0.1391	-0.1598	1	256	664	6	2013.468421
plant	0.4364	-0.8874	3	95	210	2	2012.538334
platform	-0.3652	-0.399	1	353	1132	11	2013.075269
pmr	0.1733	1.1275	2	89	220	2	2000
pod	0.204	0.6209	2	80	220	3	2017.555556
polar	0.2656	0.1713	1	272	814	11	2011.082686
polar areas	-0.5732	-0.5698	1	121	264	2	2011.348837
polar atmosphere	0.6871	0.0469	2	43	98	2	2008.724138
polar ice	0.1017	-0.2953	1	142	312	3	2010.186047
polar regions	0.1128	0.4865	2	323	1062	12	2011.606775
polar research	0.3438	0.4821	2	127	296	3	2013.742857
polarimetric characteristics	-0.6996	-0.7323	1	101	248	3	2011.666667
polarimetric decomposition	-0.85	-0.7102	1	83	240	3	2012.166667
polarimetric parameters	-0.868	0.352	1	253	1014	12	2013.083333
polarimetric radar	0.3692	-0.0698	2	169	464	6	2013.166667
polarimetric sar	0.4704	0.0816	3	397	1666	20	2011.285714
polarimetry	-0.609	-0.1245	1	566	2838	30	2014.742857
polarization	-0.4455	0.0689	2	689	3866	42	2013.066667
polarization difference	-0.3701	-0.538	1	104	234	2	2015.75
polarization ratio	-0.9383	0.0864	1	294	916	7	2014.272727
pollution	0.4045	0.1245	1	210	686	9	2012.161202
polsar	-0.0495	-0.046	1	151	430	6	2014.727273
polygons	0.6647	0.4331	3	117	294	4	2013.339623
polynya	-0.8365	-0.1646	1	159	414	4	2008.42
polynya extent	-1.0319	-0.1216	1	93	206	2	2008.230769
ponds	-0.6809	-0.1008	2	174	462	4	2013.328622
population	0.4487	-0.4678	3	222	554	7	2011.362024
position	0.0011	0.5968	2	223	562	6	2010.689373
positioning	-0.1452	-0.7835	1	324	1000	10	2010.764957
post-processing	-0.3518	-0.7522	1	99	226	2	2014.952381
posterior distribution	0.8894	0.1481	3	60	170	3	2009.6
posterior sampling	1.083	0.8289	2	53	136	2	2013.5
potential	-0.1846	0.051	1	650	3254	36	2012.784435
power	-0.223	-0.3404	1	465	1768	18	2011.834034
power spectral density	-0.0201	-0.7162	1	92	200	2	2013.25
practice	-0.5275	0.0807	1	146	392	4	2013.25
precipitation	-0.31	0.4486	2	89	182	2	2012.247478
precision	0.2301	-0.1733	1	360	1104	11	2011.580524
prediction	0.2005	-0.3022	3	415	1402	14	2012.073267
preparation	-0.301	0.2122	1	128	318	4	2012.196721
preprocessing	-0.0249	0.8523	2	77	156	2	2013.666667
preservation	0.6374	0.1378	2	128	284	3	2011.649533
pressure	0.2938	-0.2173	1	101	206	2	2010.477108
principal component analysis	0.5533	0.0603	2	249	794	8	2010.580645
principal components	0.5527	0.059	2	249	794	8	2010.402597
principle	-0.0243	0.678	2	178	454	5	2010.684211
priority	0.2062	-0.2603	1	109	308	3	2014
probabilistic	0.9611	0.6966	2	81	178	2	2014.766667
probability	0.1998	0.4572	2	556	2458	30	2011.876866
probability density	0.431	0.6372	2	131	378	5	2009.727273
probability distribution	0.3012	1.0603	2	125	338	4	2012.010101
probe	1.0092	-0.949	3	84	232	2	2009.777027
procedures	0.7238	0.0678	3	200	516	7	2010.315476
processes	-0.0024	0.0075	2	729	3392	38	2011.967406
processing	0.4647	-0.219	1	630	2600	31	2012.577495
production	-0.1673	-0.263	1	204	512	5	2011.637878
profiles	-0.2791	-0.4248	1	198	496	5	2010.526606
programme	1.1205	0.1466	1	56	194	2	2009.044118
progress	-0.2058	-0.2105	1	103	222	2	2012.411765
project	0.331	-0.1972	1	364	1236	13	2012.453668
projection	-0.5438	0.1511	1	108	262	4	2014.197635
properties	0.0871	-0.159	1	781	3758	44	2011.071907
proportion	-0.3032	0.1465	1	80	172	2	2011.055556
propulsion	0.5906	0.2555	2	106	278	3	2008.65
prospects	-0.2367	-0.7896	1	68	142	2	2012.401575
prototype	-0.0129	0.6243	1	72	156	2	2011.254902
province	0.1994	-0.4865	1	93	198	3	2010.882653
pulses	-0.2465	0.4311	1	41	88	2	2011.138996
quadrature	0.719	0.1211	2	89	186	2	2010.533333
quality	0.2833	0.0039	2	431	1512	17	2012.741898
quality assessment	0.0993	-0.2393	2	102	230	2	2013.565217
quantitative analysis	-0.6143	0.8159	1	102	246	3	2012.159091
quickbird	1.065	-0.4969	3	73	158	2	2014
radar	-0.1441	0.2463	1	1396	17790	207	2011.711931
radar altimetry	-0.8164	-1.0051	1	144	380	4	2011.055046
radar applications	-0.0766	0.9015	2	80	166	2	2009
radar backscatter	-0.3505	0.3552	1	155	396	4	2008.181818
radar cross section	-1.0411	0.2132	1	171	466	5	2012
radar cross section measurements	-1.4857	0.1766	1	71	162	2	2009.666667
radar data	-0.6248	0.1317	1	263	798	9	2012.450777
radar imagery	-0.3266	0.5075	2	261	882	11	2009.682927
radar imaging	-0.4712	0.2174	2	157	422	5	2010.583333
radar measurements	-0.8546	-0.3078	1	117	272	3	2011.901639
radar observation	-0.0397	-0.5919	1	52	112	2	2006
radar observations	-1.1273	-0.5852	1	136	338	3	2013.740741
radar polarimetry	-0.9495	0.0447	1	156	388	4	2016.5
radar remote sensing	-0.5536	-0.3153	1	79	172	2	2016.2
radar scattering	-0.5926	-0.0144	1	178	480	5	2013.666667
radar signal	-0.866	-0.7933	1	189	482	5	2012.896552
radar signal processing	-1.1283	-0.6608	1	96	206	2	2014.666667
radar systems	-0.2211	-0.6226	1	90	200	2	2012
radarsat	-0.1143	0.4789	2	459	1960	21	2009.321429
radarsat constellation	-0.4611	0.5269	1	284	1214	13	2016.307692
radarsat constellation mission	-0.5832	0.4357	1	273	1144	12	2016.5
radarsat-1	-0.1991	-0.0223	1	366	1194	13	2008.837209
radarsat-2	-0.0496	0.0481	3	868	6362	67	2015.326087
radial basis function	0.3189	0.8801	2	88	202	3	2014.857143
radiation	-0.4851	-0.1575	1	124	286	3	2011.331925
radio occultation	-0.5407	-0.1792	1	114	240	2	2016.153846
radiometer	-0.6201	0.266	1	357	1380	14	2009.009592
radiometric calibration	0.5151	-0.2646	1	78	194	3	2009.733333
rain	0.0366	-0.3423	1	152	334	3	2011.945455
rain forest	0.5166	-0.5951	3	104	224	2	2007.5
rainforest	0.3168	0.3441	2	87	182	2	2012.837838
random	0.3641	0.3344	2	570	2484	29	2011.403974
random field	0.512	0.937	2	287	1214	15	2008.85
random forest	0.2971	-0.0132	3	388	1388	16	2017.179104
range	-0.0314	-0.1414	1	634	2536	28	2011.410547
rates	-0.7011	-0.2384	1	242	654	6	2011.494306
ratio	-0.1262	0.0495	2	762	3930	42	2010.925387
raw data	0.4137	-0.3854	3	135	294	3	2013.115385
rayleigh	0.4761	0.9026	2	81	180	2	2010.230769
real-time	0.0777	-0.0293	1	527	2068	23	2012.398907
reanalysis	-0.5447	-0.0836	1	86	178	2	2012.860412
reasoning	0.8824	-0.6346	3	212	670	7	2003.714286
receiver	-0.5275	-0.6536	1	346	1370	13	2013.40678
recent	-0.7073	-0.4109	1	126	258	2	2011.804991
reception	0.0617	-0.573	1	84	176	2	2010.75
recognition	0.7963	0.3553	2	197	560	8	2011.880342
recommendations	-0.3375	0.4803	1	85	186	2	2012.785714
reconstruction	-0.1645	-0.0743	1	98	254	4	2012.728025
reconstruction methods	-0.145	-0.3177	1	67	146	2	2015.333333
record	-0.5275	0.3215	1	116	260	3	2011.508365
reduction	0.2137	0.5802	2	243	724	8	2012.202875
redundancy	0.6939	0.7281	2	154	442	5	2014.797101
reflectance	0.0668	0.0953	1	153	382	5	2011.972414
reflected signals	-0.1395	-0.6944	1	85	192	2	2015
reflection	-0.3757	-0.08	1	319	1058	11	2010.990196
reflection power	-0.3964	0.2455	1	79	178	2	2012.8
reflectometry	-0.5802	-0.6325	1	375	1660	17	2015.25
refraction	-0.1555	0.0475	1	101	228	3	2009.336842
regime	-0.8081	0.1275	1	299	842	7	2010.768478
region	0.02	0.1029	2	1087	7704	86	2011.608772
region growing	0.8438	0.6442	2	145	422	5	2008.888889
regional	-1.2859	0.4557	1	119	372	3	2012.480198
regional climate model	-0.5171	0.5045	1	233	912	9	2013.665714
regional ice-ocean prediction system (riops)	-1.2774	0.4593	1	114	356	3	2018.333333
regression	-0.2397	0.1367	2	383	1360	16	2011.924945
regression model	-0.3057	0.638	2	131	372	5	2012.350785
relationship	0.1234	0.366	2	462	1836	21	2011.52721
relative error	-0.7226	0.3155	1	135	314	3	2013.210526
release	-0.2126	-0.5387	1	131	286	3	2012.712924
reliability	-0.3195	0.4501	1	103	242	3	2012.402116
remote	0.1899	-0.2253	2	741	3382	37	2012.899032
remote sensing	0.1431	-0.0516	1	808	4292	48	2012.958159
remote sensing image	0.7517	0.3248	2	163	486	6	2015.888889
remote sensors	-0.484	0.4743	1	84	180	2	2011.516129
representation	0.5963	0.3707	2	204	552	7	2013.246886
requirements	0.3277	-0.1342	1	362	1242	15	2011.322368
research	0.1149	-0.2266	1	867	4668	49	2012.25614
research methods	0.1502	-0.1876	1	120	274	3	2012.272727
research station	-0.4169	-0.2296	1	111	240	2	2013.45082
research vessel	-0.2139	0.8848	2	146	368	3	2011.020833
resolution	-0.1724	-0.0995	1	909	5456	55	2011.918993
resources	0.475	-0.7012	3	434	1410	14	2013.251701
response	0.4735	-0.3731	3	494	1826	18	2012.161066
rest	0.1473	-0.2421	2	134	302	3	2011.1893
restoration	0.6052	-0.3277	2	82	176	2	2013.414634
retrieval	-0.8261	-0.1001	1	500	2096	20	2011.428846
richards island	1.0398	-0.6989	3	99	290	3	2004.0625
ridge	-0.5703	0.3673	1	139	348	5	2008.953586
ridging	-0.5596	0.5685	1	106	228	2	2011.428571
risat-1	-1.0847	0.4178	1	93	218	2	2017
risk	0.5273	0.0594	3	188	476	5	2014.229167
river	0.613	-0.4926	3	237	604	7	2011.920886
rms	-0.363	-0.4447	1	157	378	4	2009.254237
robotic	-0.0985	-0.214	1	64	136	2	2014.170732
robustness	0.3572	0.2685	2	281	840	11	2013.84141
rocks	0.9147	-0.4554	3	244	742	9	2010.835085
role	0.0035	-0.1678	2	308	872	8	2012.568357
root	-0.2392	-0.4082	2	152	384	4	2012.083538
root mean square error	-0.002	-0.1093	2	107	246	3	2014.467391
root mean square height	-0.722	-0.4808	1	94	210	2	2014
roughness	-0.409	-0.5825	1	501	2060	20	2012.54023
route optimization	-0.6167	0.9363	1	84	200	2	2013.5
routing	-0.7222	0.0137	1	114	250	2	2014.423077
saf	-0.9783	-0.3016	1	88	224	2	2008.482143
safety	0.4815	0.2968	2	118	276	3	2012.880435
salinity	-1.0205	-0.0589	1	169	430	4	2009.248247
sample	0.6957	0.5433	2	225	684	9	2011.599617
sample size	0.8621	0.2834	2	82	176	2	2011.666667
sampling	0.536	0.5646	2	257	874	12	2012.100775
sand	1.1133	-0.5555	3	141	392	5	2010.211726
sar	-0.0279	0.2344	1	1382	18564	219	2011.141707
sar backscatter	0.3742	-0.3914	3	131	330	4	2011.352941
sar data	-0.1476	0.206	1	936	6884	77	2010.679688
sar image	0.4443	0.4406	2	472	2186	26	2008.02
sar imagery	0.0147	0.6436	2	621	3548	43	2009.362319
sar images	-0.2025	0.4172	1	809	4882	54	2011.09375
sar imaging	0.3795	-0.1592	2	164	418	4	2008.333333
sar interferometry	0.644	0.1227	1	51	108	2	2010.413793
sar polarimetry	-0.8956	0.1279	1	129	364	4	2015.75
satellite	-0.2457	-0.1238	1	1200	9958	102	2011.755822
satellite data	0.2098	-0.1013	1	468	1632	17	2011.686028
satellite earth observations	0.6748	-0.1709	1	99	214	2	2012.9
satellite imagery	0.3913	0.2699	2	184	488	5	2012.772222
satellite images	-0.0309	0.3758	1	354	1128	13	2011.587189
satellite mission	-0.5606	-0.5184	1	245	652	5	2012.747826
satellite observations	-0.8224	-0.6671	1	114	240	2	2012.973832
satellite radar	-0.4844	-0.6231	1	125	306	4	2009.745763
satellite sensors	0.2097	-0.6808	3	197	520	5	2012.319444
satellite system	-0.7357	-0.4215	1	456	2312	23	2014.830508
saturation	0.0136	-0.1462	2	110	246	3	2011.875
scale	0.0889	-0.4428	1	649	2642	27	2011.804989
scale analysis	0.1324	0.2956	2	78	224	3	2009.2
scale measurements	0.6993	-0.444	3	79	164	2	2011.666667
scaling	0.1211	0.5106	2	87	212	3	2011.411765
scanning	-0.2737	0.2272	1	199	588	6	2012.580808
scansar	-0.7702	0.544	1	376	1618	16	2010.142857
scattering	-0.2843	-0.3851	1	523	2252	26	2010.183486
scattering entropy	-0.8669	-0.7672	1	92	208	2	2015.5
scattering mechanism	-0.2457	-0.6469	1	74	170	2	2014.666667
scatterometer	-0.6023	-0.4189	1	251	778	9	2011.882353
scatterometry	-0.2869	-0.4149	1	123	304	3	2013.230769
scenarios	-0.2567	0.3351	1	135	318	3	2012.882212
scene classification	0.8923	0.711	2	73	168	2	2018.333333
science	0.1778	-0.1646	1	366	1112	13	2005.441336
sea	-0.2715	0.2924	1	1425	18974	217	2010.929745
sea clutter	-0.0858	1.0075	2	157	440	5	2011
sea ice	-0.2636	0.4229	1	1390	19428	225	2012.341204
sea ice algorithm	-0.9369	0.2267	1	99	218	2	2012.2
sea ice area	-0.8533	-0.4763	1	187	508	5	2013.829787
sea ice change	0.7384	0.806	2	61	158	2	2014.511111
sea ice changes	-0.785	-0.1796	1	92	204	2	2014.34188
sea ice classification	-0.0865	0.5359	2	660	3958	43	2011.613636
sea ice clutter	-0.0665	1.5328	2	142	506	8	2005.25
sea ice concentration	-0.6344	0.5206	1	520	2958	31	2014.074
sea ice concentration (sic)	-1.0381	0.4953	1	65	180	2	2017.2
sea ice conditions	-0.0747	0.3821	1	152	432	5	2012.497942
sea ice cover	-0.8456	-0.0871	1	274	776	6	2012.742173
sea ice data	0.0197	0.3178	2	284	882	9	2011.197368
sea ice detection	-0.2692	0.2676	2	446	2022	22	2016.48
sea ice disaster	0.3939	0.0102	2	104	228	2	2014.333333
sea ice drift	-1.0795	0.374	1	109	272	3	2012.245283
sea ice dynamics	-1.0716	0.2571	1	135	330	3	2013.672727
sea ice effect	-0.2244	0.5799	1	48	106	2	2011.15
sea ice extent	-0.6799	-0.1431	1	211	642	6	2013.195775
sea ice formation	-1.235	-0.6818	1	137	316	2	2011.537037
sea ice identification	0.2961	0.3693	2	135	326	3	2012.25
sea ice imagery	0.5943	0.8313	2	246	926	11	2006
sea ice model	-0.8464	0.2674	1	153	382	4	2011.770171
sea ice monitoring	-0.611	0.3665	1	394	1528	15	2013.705882
sea ice observation	-1.2722	-0.3502	1	127	338	3	2013.5
sea ice properties	-0.9939	0.2134	1	79	178	2	2013.258065
sea ice region	-0.8475	0.2191	1	80	174	2	2011.380952
sea ice remote sensing	-0.654	-0.4893	1	111	256	2	2014.75
sea ice segmentation	0.4011	0.6909	2	193	564	7	2009
sea ice surface	-0.6925	-0.464	1	329	1032	9	2012.084967
sea ice thickness	-0.6081	-0.3276	1	217	716	9	2013.572289
sea ice type	-0.5067	0.3443	2	303	940	8	2013.083333
sea ice use	-0.6671	-0.6024	2	72	164	2	2015
sea level	-0.105	-0.8418	1	229	594	6	2011.153319
sea of okhotsk	-1.0291	-0.7234	1	66	172	2	2010.7
sea state	-0.4532	-0.0366	1	214	622	6	2009.85
sea surface	-0.4751	-0.3332	1	432	1526	15	2011.29989
sea water	-0.3266	0.1685	2	311	928	9	2008.442735
sea-ice community	-0.4129	0.0192	1	113	248	2	2013.733333
search	0.6792	0.2684	2	172	432	5	2011.96
season	-0.5409	-0.3789	1	483	1824	19	2012.178114
seasonal ice	-0.7399	0.4816	1	110	284	3	2012.547486
seasonal sea ice	-0.678	0.7631	1	94	218	2	2014.051471
seasonal variation	-0.4699	-0.4027	1	87	190	2	2011.013917
seawater	-0.4153	0.1762	1	143	350	4	2011.626116
sections	-0.771	0.2646	1	97	214	2	2007.846599
sediments	1.0217	-0.2274	3	145	338	4	2011.206075
seepage	0.3417	-0.6584	3	90	186	2	2012.78481
segmentation	0.2647	0.7341	2	622	3622	48	2010.988372
segments	-0.0105	0.9232	2	374	1526	18	2010.556701
selection	0.3358	0.2987	2	382	1302	16	2012.335938
semantics	0.7253	0.8953	2	133	398	4	2013.5
sensing	0.0043	-0.0173	2	637	2758	31	2012.945017
sensitivity	-0.379	-0.3211	1	451	1568	15	2012.152936
sensor data	0.5691	-1.0204	3	87	194	2	2013.736842
sensors	-0.2852	-0.0539	1	789	4310	45	2011.517949
sentinel-1	-0.6361	0.0125	1	310	988	12	2017.613636
sentinel-1 sar	-0.4259	-0.1516	1	158	378	4	2018.125
sentinel-1a	-0.2654	0.7042	1	102	242	3	2017
sentinel-2	-0.1515	0.1836	1	89	198	2	2018.214286
separation	0.4559	0.4223	3	187	508	7	2009.887195
sequence	-0.118	0.4452	2	232	676	10	2012.290017
series	0.2106	-0.176	1	539	1804	21	2010.601012
service	-0.0238	0.5932	1	529	2632	29	2013.140288
shallow water	0.1931	-0.5257	3	155	350	4	2010.653846
shape	-0.1361	0.7991	2	324	1046	12	2010.573529
shelf	-0.3324	-0.0944	1	69	170	3	2010.587376
shetland	0.389	-0.8732	3	78	166	2	2012.25
shift	0.3923	-0.7527	3	97	200	2	2012.333333
ship	-0.0613	0.1585	1	388	1246	14	2010.712
ship detection	0.0056	0.2281	1	159	412	5	2012.6
shipping	-0.5333	0.1336	1	210	532	5	2015.439024
shoreline	0.8743	-0.6593	3	185	610	6	2009.668367
short-term	-0.6199	0.7337	2	98	206	2	2012.055432
shrub	0.8473	-0.8592	3	110	232	2	2013.638182
signal	-0.6126	-0.536	1	710	4186	42	2011.038817
signal power	-0.2772	-0.6962	1	96	222	3	2015
signal processing	-0.7383	-0.4403	1	191	518	6	2011.6
signal-to-noise	-0.3706	-1.1358	1	151	362	3	2012.452381
signal-to-noise ratio	-0.3317	-0.937	1	225	604	6	2012.333333
signatures	0.2817	-0.3106	3	389	1428	17	2011.86758
significance	0.9099	-0.4942	3	188	478	5	2011.019928
significant wave height	-0.02	-0.3518	1	46	108	2	2013.0625
similarity	0.0454	0.4753	2	174	452	6	2011.516971
simulations	0.0364	-0.2645	2	384	1304	16	2012.277903
sites	0.2829	-0.56	3	572	2510	28	2011.507274
size	0.0545	0.3043	2	502	1786	20	2010.965923
slick	-0.0347	-0.0151	1	99	268	3	2011.333333
slope	-0.0297	-0.5192	3	281	732	8	2010.341082
small icebergs	-0.6297	0.474	1	111	292	3	2014.368421
smap	-0.3078	-1.1027	1	168	460	4	2016.111111
smoothness	1e-04	0.5125	2	86	204	3	2011.176471
snow	-0.2756	-0.1991	1	338	1018	13	2012.043528
snow accumulation	-0.1479	-0.9787	1	89	198	2	2012.351145
snow depth	-0.1701	-0.987	1	130	312	3	2013.175439
snow thickness	-0.4256	-0.1461	2	71	152	2	2012.923077
snow/ice	-0.4235	0.2289	1	192	498	5	2012.216867
snr	-0.222	-1.1102	1	189	546	5	2015.15
society	0.5111	0.6133	2	316	972	10	2010.520354
software	0.8128	-0.4773	3	217	700	8	2012.686047
soil	-0.108	-0.9369	1	524	2568	25	2012.887856
soil moisture	-0.3529	-0.892	1	460	2030	20	2013.428315
soil moisture content	-0.0289	-1.1845	1	86	186	2	2012.941176
soil surface	-0.2314	-1.1655	3	110	294	3	2012.076577
solution	-0.0347	0.3497	1	245	678	8	2010.22668
source	0.0953	-0.2187	1	537	2002	22	2011.544715
south	0.1377	-0.7147	1	150	342	4	2009.816077
southern	-0.2812	-0.0563	1	73	158	2	2011.247603
space	0.2316	0.1157	1	708	3156	37	2011.281958
spaceborne radar	0.9261	0.0102	1	86	190	2	2011.416667
spacecraft	-0.0397	-0.673	1	147	382	5	2008.153846
spacing	-0.5362	0.7848	2	119	276	2	2010.686441
span	-0.7345	0.7963	1	88	196	2	2012.134921
spatial	0.5026	-0.3377	3	297	872	9	2011.877747
spatial data	0.857	-0.2025	3	73	152	2	2012.833333
spatial distribution	0.2959	-0.4717	1	176	450	5	2012.602028
spatial relationships	0.8663	0.8676	2	103	262	3	2008.384615
spatial resolution	-0.0539	-0.5833	1	501	1884	18	2012.877034
spatial statistics	0.6195	-0.3285	3	90	204	2	2011.909091
special issue	0.4828	-0.147	1	41	82	2	2014.152174
species	0.5286	-0.7099	3	270	726	8	2011.629341
speckle noise	0.5841	0.6557	2	181	544	6	2012.571429
spectra	0.1929	-0.3093	1	66	134	2	2010.240566
spectral	0.5344	0.3471	2	70	158	2	2011.032967
spectral characteristics	0.5511	0.5145	2	137	336	4	2011.675676
spectral data	0.7739	-0.0104	2	80	168	2	2011.857143
spectral density	-0.0202	-0.7157	1	92	200	2	2011.916667
spectroradiometer	-1.0352	-0.5238	1	186	538	5	2013.108209
spectrum	0.4719	0.5117	2	107	236	3	2010.348901
specular reflection	-0.4961	-0.6877	1	116	264	3	2012.714286
speed	-0.6496	0.3412	1	492	1986	21	2010.795455
spill	0.3254	0.0011	1	380	1462	16	2012.535714
spots	0.9127	-0.6607	3	147	416	5	2012.598985
spread	0.062	-0.9643	3	115	246	2	2013.442623
spring	-0.0202	-0.6905	3	269	720	7	2011.445356
ssl	1.0065	0.4847	2	64	174	2	2016.666667
ssm i	-0.2494	0.8792	2	76	158	2	2007.238938
stability	-0.0326	-0.5382	1	51	108	2	2011.601934
stage	0.256	0.2221	2	302	932	10	2011.432692
standard	0.1902	0.4637	2	146	364	5	2011.405751
standard deviation	-0.5901	0.4401	1	285	998	11	2011.034783
state	-0.2047	-0.2997	1	498	1898	22	2012.176355
stations	-0.3606	-0.4216	1	231	586	6	2010.728667
statistical model	0.936	-0.1656	3	111	252	3	2011.85
statistical properties	0.845	-0.7009	3	118	282	3	2008.944444
statistics	0.1929	0.6767	2	548	2382	30	2010.724252
status	0.2893	-0.9841	3	181	480	5	2011.737569
stem	0.2574	-0.9158	3	84	180	2	2012.710526
steps	-0.2762	0.4897	2	339	1240	14	2012.015873
stokes	-1.1724	0.1991	1	76	178	2	2013.414141
storage	0.3284	-0.5561	1	209	522	6	2013.435429
storm	-0.2842	-0.4905	1	118	252	3	2010.368357
strait	-0.3124	0.3899	1	191	508	5	2008.864542
strategies	0.5996	0.0844	2	449	1672	19	2013.49449
stream	1e-04	-0.8804	1	119	252	3	2011.208251
strength	0.0493	0.3355	2	244	684	7	2011.147674
stress	-0.1911	-0.1442	1	134	302	3	2010.771906
structure	0.2488	-0.1799	3	600	2288	28	2010.587788
substrate	0.6654	-0.8525	3	145	400	4	2012.694517
summer	-0.2446	-0.0369	1	402	1326	13	2011.747886
sun	0.8138	0.113	2	65	138	2	2011.068966
supervised classification	0.5229	0.5896	2	89	192	2	2016.714286
supervision	0.1292	-0.2791	1	80	168	2	2011.571429
supply	0.1028	-0.2678	1	84	172	2	2011.339312
support	0.3335	0.3762	2	586	2706	28	2012.160714
support vector machine	0.3181	0.5605	2	444	1934	21	2016.275
support vector machine (svm)	0.2436	1.0544	2	147	428	4	2016.75
suppression	-0.0308	1.8128	2	55	160	3	2012.954545
surface	-0.4145	-0.4043	1	1054	7746	78	2011.274886
surface albedo	-0.4541	-0.0155	2	87	190	2	2012.661808
surface area	-1.0471	-0.3863	1	119	268	2	2011.96
surface currents	-0.6254	-0.0274	1	95	208	2	2010.982456
surface height	-0.9444	-0.9217	1	107	234	2	2010.910364
surface properties	-0.6311	-0.2607	1	190	466	4	2010.878378
surface roughness	-0.3913	-0.5326	1	430	1606	16	2013.011905
surface soil moisture	-0.2323	-1.1655	3	110	294	3	2013.4375
surface structure	-0.843	-0.709	1	96	200	2	2010.034483
surface temperature	-0.6853	-0.4119	1	228	664	6	2011.552855
surface topography	-0.3218	-0.1516	1	111	268	3	2010.560284
surface waves	-0.187	0.081	1	119	278	3	2012.905405
surface wind	-0.9262	-0.0124	1	219	622	6	2010.352381
surveillance	0.6546	-0.2184	1	160	384	4	2014.217391
survey	-0.0067	-0.5169	1	287	812	9	2010.854962
survey data	0.3592	-0.8336	3	90	192	2	2011.283784
susceptibility	0.4868	-0.3331	3	79	164	2	2013.078125
svalbard	-0.4144	-0.0852	1	202	572	6	2012.982836
svm	0.4087	0.5653	2	290	1068	11	2015.636364
sweden	0.1776	-0.7375	3	204	486	4	2011.298755
synthesis	1.0311	0.7054	2	78	218	3	2012.494924
synthetic	-0.2141	0.0123	1	576	2560	27	2012.439655
synthetic aperture radar image	0.1221	0.943	2	144	390	5	2009.6
synthetic aperture radar imagery	-0.6616	0.6244	2	181	564	7	2009.8125
system	-0.04	-0.1824	1	1069	7272	78	2012.244703
table	0.3863	-0.9109	3	144	334	3	2011.75
tds-1	-0.9636	-0.396	1	247	838	7	2017.571429
techdemosat-1	-0.9289	-0.304	1	353	1576	15	2017.666667
techdemosat-1 (tds-1)	-0.7259	0.1483	1	107	310	3	2018.666667
techniques	0.0317	-0.1709	1	949	5744	66	2010.995925
technology	0.1007	0.0689	1	376	1276	13	2013.19378
temperate	0.258	-0.9155	3	84	180	2	2011.666667
temperature	-0.1787	-0.3124	1	507	1910	19	2011.477652
temperature data	0.0384	0.6792	2	75	156	2	2009.906752
temporal resolution	-0.4211	-0.6553	1	194	482	4	2013.873362
terms	0.1213	0.0681	2	438	1450	20	2011.105954
terra	-0.8465	-0.2054	1	134	330	3	2010.519685
terra nova	-0.8453	-0.2049	1	134	330	3	2009.059701
terra nova bay	-0.846	-0.2034	1	134	330	3	2009.328125
terrain	0.9317	-0.62	3	138	378	4	2011.88664
terrasar-x	-0.2928	0.0573	1	215	668	8	2015.818182
terrestrial	-0.1982	-0.8815	1	92	188	2	2012.64094
territories	0.9041	-0.537	3	207	596	6	2011.376997
test data	0.3149	0.4277	2	117	292	4	2013.222222
textural parameters	0.8233	0.2331	2	80	182	2	1996
texture	0.4974	0.4739	2	754	4908	57	2010.495238
texture analysis	0.6901	0.2065	2	249	794	10	2008.2
texture classification	0.8623	0.0932	2	141	364	5	2005.2
texture features	0.2561	0.9087	2	359	1648	19	2011.772727
texture segmentation	0.8169	0.7055	2	72	174	2	2009.5
thematic mapper	0.9712	-0.3644	3	124	290	4	2009.213115
theory	0.4679	-0.0018	2	316	908	13	2009.714706
thermal	0.1741	-0.1838	2	84	190	2	2011.557652
thermal noise	0.0543	1.0056	2	61	136	2	2015.5
thickness	-0.6988	-0.28	1	524	2202	24	2010.814467
thin ice	-0.4642	0.371	1	259	792	7	2009.835052
thin sea ice	-0.543	-0.1094	1	108	260	3	2013.529412
threat	0.031	0.2298	1	107	226	3	2013.121076
three dimensional	0.3229	0.4545	2	120	258	3	2009.329939
threshold	-0.2126	0.0639	1	407	1358	14	2012.8
tidal model	-1.1354	-0.895	1	82	194	2	2009.342466
tide gauge data	-0.1268	-1.051	1	106	226	2	2010.132075
tide gauges	-0.126	-1.0513	1	106	226	2	2010.147059
tides	-0.5313	-0.9773	1	158	418	4	2010.001852
till	1.2655	-0.8333	3	64	160	2	2011.048544
time	-0.0684	0.0033	1	964	5360	59	2011.191579
time-series analysis	0.0075	-0.2066	1	455	1498	17	2010.95228
tm	0.5882	-0.2645	2	160	410	5	2009.121951
tomography	-0.0845	0.5125	2	67	144	2	2012.146341
tools	0.6267	-0.5142	3	162	418	4	2013.795322
topography	-0.1531	-0.6853	1	283	794	8	2010.120382
track	-0.4359	0.2266	1	182	454	5	2010.190476
tracking	-0.7783	0.0522	1	192	518	6	2012.732026
trade-off	-1.0226	0.3923	1	93	206	2	2013.210526
traffic	0.1402	-0.2259	1	243	664	6	2014.013699
training	0.5145	0.333	2	545	2550	32	2011.833333
training dataset	0.0858	0.6113	2	73	154	2	2018
transductive support vector machine	1.0061	0.485	2	64	174	2	2018.5
transfer	0.2315	-0.1427	2	129	316	4	2010.678679
transfer learning	1.099	0.3306	2	54	126	2	2019
transferability	0.9644	-0.4294	3	88	204	2	2015.5
transform	0.362	0.3689	2	314	1064	13	2011.990385
transformation	0.6575	0.1919	3	198	600	9	2011.951786
transition	-0.2431	-0.5577	3	313	918	9	2011.648928
transmission	0.4055	-0.3424	2	160	394	6	2011.062827
transmitters	-0.8447	-0.7832	1	154	372	3	2010.519231
transport	-0.2382	-0.2096	1	138	318	4	2010.537155
treatment	-1.0082	0.4998	1	67	136	2	2012.769355
trees	0.3777	0.3001	2	237	670	7	2012.336557
trends	-0.309	-0.21	1	242	614	6	2012.269204
tromso	0.9316	0.1081	1	87	278	3	2008.434783
tundra	0.7595	-0.8368	3	131	314	3	2013.196825
types	0.2893	0.0797	2	972	7194	83	2011.720352
uas	0.6392	-0.8684	3	104	232	2	2017.238095
uk	-0.9619	-0.4946	1	193	602	5	2011.816794
uncertainty	0.7973	0.0559	2	282	866	10	2013.221957
united kingdom	-1.1957	-0.617	1	142	336	2	2010.382979
united states	-0.0932	-0.4819	1	100	226	3	2011.349593
university	-0.0401	0.3726	2	151	388	5	2010.400794
unsupervised	0.5176	1.0405	2	154	448	6	2001.6
unsupervised segmentation	0.7082	1.1313	2	77	198	3	2002.666667
urban areas	0.7776	0.3071	1	66	142	2	2013.428571
user interface	0.5576	-0.4881	3	132	292	3	2008.625
user requirements	0.6361	0.2845	1	144	356	4	2009
utility	0.042	-0.0863	2	242	704	8	2012.942222
utilization	0.9952	0.0943	1	71	228	3	2011.783251
validation	-0.1728	0.0145	1	564	2188	25	2012.727575
validity	0.0032	0.8029	2	100	244	3	2010.925
valley	0.2113	-1.1093	3	55	122	2	2011.024
values	0.0275	0.0522	2	758	3734	45	2010.746562
variability	-0.0413	-0.585	1	662	2962	29	2011.545737
variance	0.4528	0.4491	2	166	456	6	2010.046067
variations	-0.2517	-0.312	1	561	2196	24	2010.901917
vector	0.1412	0.4432	2	702	3594	42	2010.835404
vegetation	0.4975	-0.7005	3	487	2006	22	2012.521246
vegetation cover	0.5637	-1.0194	3	100	216	2	2012.287671
vegetation distribution	0.7359	-0.7993	3	94	210	2	2012.326531
vegetation types	0.6065	-0.8823	3	89	192	2	2012.763948
vehicles	0.3353	-0.7243	3	89	182	2	2015.060606
velocity	-0.54	0.1672	1	88	200	3	2010.066944
verification	-0.4215	0.2028	1	232	738	7	2012.835821
vessel	-0.4822	0.6913	1	237	662	6	2011.268293
victoria	1.1518	-0.4588	3	107	252	3	2009.108571
victoria island	1.1513	-0.4596	3	107	252	3	2012
video	-0.4362	0.5617	1	76	158	2	2011.857143
visualization	-0.3106	0.5155	1	123	294	3	2012.604651
volume	-0.1705	-0.1138	1	434	1558	18	2010.936662
voting	0.8046	0.4711	2	87	200	2	2011.666667
warning	1.1218	0.1466	1	56	194	2	2012.844444
water	-0.2498	-0.0406	1	1093	7914	82	2010.775054
water bodies	0.5025	0.8704	2	86	194	2	2012.701754
water ice	-0.3224	0.5741	2	365	1272	11	2010.074941
water level	-0.195	-0.4127	1	162	386	4	2011.696429
water resources	0.0834	-0.8819	1	128	286	3	2014.535912
water samples	-0.9409	-0.3714	1	159	348	3	2012.208738
water surface	0.1077	-0.0251	2	75	164	2	2010.707692
watersheds	0.4518	-0.2347	1	88	180	2	2012.420863
wave	-0.095	0.6984	2	383	1278	17	2010.934812
waveform	-0.8324	-0.7423	1	238	660	5	2012.623529
wavelength	0.0269	0.4641	2	47	96	2	2009.220077
wavelet	0.2416	0.4783	2	346	1228	15	2011.611765
wavelet analysis	0.1095	0.4147	2	54	138	2	2011.888889
wavelet transform	0.3156	0.5991	2	225	672	8	2010.020408
weather	-0.3932	0.2833	1	423	1486	15	2012.202602
weather conditions	-0.6062	0.2172	1	113	248	3	2012.712
weather forecasts	-0.1263	0.4113	1	98	216	2	2011.889868
weddell	-0.5907	0.9109	2	56	152	2	2008.661238
weddell sea	-0.5919	0.9107	2	56	152	2	2008.40797
weibull	-0.0363	1.6053	2	57	182	4	2008.555556
weibull distribution	-0.0141	1.8751	2	34	150	3	2007
weight	0.3606	0.331	2	120	252	3	2010.632353
weighting	0.4108	0.5308	1	88	180	2	2011.515152
wetland classification	0.7219	-0.613	3	119	288	3	2018.666667
wetlands	0.5353	-0.744	3	374	1408	15	2014.02029
wide swath	-0.8684	0.3044	1	297	982	10	2013.59375
wide swath sar	-0.945	0.2648	1	88	202	2	2015.5
wind	-0.8228	-0.0819	1	516	2204	22	2010.366929
wind direction	-1.016	0.2863	1	118	286	3	2009.325
wind field	-0.4168	-0.3674	1	72	156	2	2008.951515
wind speed	-1.1007	0.183	1	302	1044	10	2011.054286
window	-0.4977	0.8265	2	115	266	3	2011.107914
winter	-0.5854	-0.0666	1	445	1648	17	2011.016141
winter conditions	-1.2855	0.9871	1	62	170	2	2010.835052
winter season	-0.3655	-0.7258	1	88	198	2	2011.059908
work	-0.2074	-0.2825	1	582	2370	27	2012.585814
world	0.1987	-0.2049	1	281	776	9	2011.293273
worldview-2	0.515	0.5318	2	105	260	3	2016.142857
wv-2	0.4208	0.5861	2	72	170	2	2015.25
x-band	-0.6612	0.2884	1	297	1078	11	2012.058824
x-ray	-0.6282	-0.101	1	71	176	2	2012.042017
yellow	0.9127	0.0668	2	47	116	2	2014.752475
yellow river	0.9127	0.0672	2	47	116	2	2015.285714
yellow river station	0.9127	0.0664	2	47	116	2	2013.333333
young	-0.5877	-0.1749	1	91	200	2	2011.932203
young ice	-1.1199	-0.2849	1	118	250	2	2007.307692
young sea ice	-0.4581	-0.1977	1	153	458	5	2014.764706
yukon	0.8957	-0.5459	3	167	410	4	2011.735915
yukon territory	0.9295	-0.3993	3	101	222	2	2007.943396
zone	0.0097	0.1513	2	527	2038	21	2010.917256
