id	x	y	cluster	weight<Links>	weight<Total link strength>	weight<Keyword count>	score<Avg year>
abiotic factors	0.4884	0.2427	5	299	1034	11	2013.777778
abiotic stress	1.0982	-0.0701	2	221	676	8	2013.166667
abundance	-0.0373	-0.3706	5	878	6260	75	2012.159769
acaena magellanica	0.0378	-0.717	4	223	648	9	2003.5
acari	0.1473	0.6177	5	276	876	11	2006.266667
access	-0.5341	-0.5083	4	231	576	8	2013.769679
acclimation	1.2907	-0.3384	2	231	884	12	2013.38
accumulation	1.0365	-0.2365	2	390	1662	21	2011.1675
acquisition	1.1226	-0.4397	2	163	418	6	2012.112069
action	-0.7892	-0.5762	4	413	1454	15	2009.595808
activation	0.8842	-0.0815	2	173	444	6	2011.521429
activity	-0.1158	-0.2822	3	1039	8412	97	2011.741747
adaptation	0.7229	0.1017	2	814	4964	57	2013.458029
addition	0.2871	-0.1997	2	860	4428	56	2012.072879
admiralty bay	0.9351	0.1498	2	187	600	7	2013.441176
adoption	-1.1572	0.1545	3	203	598	7	2012.566667
adult	-0.2508	-0.2462	4	620	2722	38	2009.353846
advance	-0.8134	0.3114	3	218	558	6	2012.223684
aerial	0.0439	-0.2992	4	186	458	6	2012.465517
affinities	-0.2964	0.8048	1	203	484	5	2010.594595
aflp	0.8909	0.6669	1	192	718	10	2008.6875
africa	-0.6699	0.1939	3	367	1248	17	2009.943515
age	0.0603	-0.0631	4	463	1632	22	2010.368729
agreement	-0.7834	0.014	3	309	930	11	2010.554303
air	0.6401	-0.226	2	609	3060	39	2011.976061
air temperature	0.9618	-0.2044	2	380	1482	18	2012.218924
aircraft	-0.8287	-0.2802	3	161	454	5	2010.584541
albatrosses	-0.1199	-0.7114	4	142	376	5	2010.473684
algae	0.5457	-0.0997	2	309	974	15	2012.039501
alien	-0.3841	-0.2871	3	865	6648	79	2010.625
alien plants	-0.4597	-0.3369	3	322	1186	14	2012.357143
alien species	-0.4531	-0.2428	3	876	6718	76	2010.881579
alien vascular plants	-0.1885	0.103	1	139	396	5	2007.2
allocation	0.3861	-0.0428	3	175	446	6	2012.932584
allozyme	0.136	1.2533	1	130	394	5	2003.125
alpine	0.6734	-0.198	2	328	926	11	2012.280161
alpine plants	1.0403	-0.1886	2	183	486	6	2013.9
altitude	0.3006	0.1709	5	564	2394	32	2011.218807
altitudinal gradient	0.6618	0.0882	5	163	444	5	2012.851064
amelioration	0.2378	0.0246	5	250	724	8	2007.388889
america	-0.0503	0.6068	1	536	2234	29	2011.440252
amino acids	0.6928	0.4937	1	154	368	5	2012.884393
amsterdam	-0.5433	-0.4847	4	182	536	9	2006.193548
amsterdam island	-0.5611	-0.7309	4	101	282	5	2004.470588
analysis	0.0577	0.3785	1	1302	13760	174	2011.656462
anatomy	1.3243	0.022	2	158	498	6	2013.0625
andes	1.0247	-0.2363	2	160	438	5	2012.5
angiosperms	0.8355	-0.2286	2	257	690	9	2010.925926
animals	-0.4149	-0.3121	4	595	2442	30	2012.281022
annual	0.7875	0.2126	2	194	550	6	2010.264808
annual bluegrass	1.0418	0.0397	2	226	754	9	2014.8
antarctic	0.1738	0.2031	2	1415	32448	407	2010.797819
antarctic biodiversity	-0.9759	0.2444	3	370	1564	19	2014.346154
antarctic biota	-0.523	0.7752	1	250	784	8	2009.454545
antarctic climate	0.2589	-0.6668	2	165	406	5	2012.244444
antarctic conservation	-0.9892	0.3114	3	253	888	11	2015.538462
antarctic conservation biogeographic regions	-1.3026	0.1155	3	139	466	5	2017
antarctic continent	-0.2467	0.6967	1	574	2580	28	2010.136364
antarctic ecosystems	-0.2629	0.1749	3	611	2824	32	2012.855072
antarctic environments	-0.4123	-0.0151	3	518	2122	26	2011.771084
antarctic expedition	-0.2977	0.7612	1	153	440	6	2010.220588
antarctic fauna	-0.2077	1.1528	1	140	376	5	2004.2
antarctic habitat	0.3189	0.0338	2	265	824	9	2012.32
antarctic hair grass	1.1597	-0.0524	2	170	464	6	2013.285714
antarctic hairgrass	1.1583	0.1653	2	231	882	11	2012.416667
antarctic ice	-0.7027	0.708	3	147	398	5	2012.455772
antarctic islands	-0.2669	-0.3005	4	785	4420	50	2008.145161
antarctic marine	-1.2207	0.3268	3	270	1168	15	2010.642105
antarctic moss	0.5982	0.4319	1	312	1220	16	2009.833333
antarctic pearlwort	1.0719	0.2166	2	222	680	9	2013.888889
antarctic peninsula	0.3324	0.2709	2	967	8256	86	2011.82716
antarctic peninsula region	0.229	0.236	5	396	1456	15	2011.944444
antarctic plants	0.9728	-0.3628	2	330	1104	12	2013.0625
antarctic region	-0.3426	0.175	3	588	2800	31	2012.628099
antarctic research	-0.6963	-0.1083	3	449	1950	28	2011.169643
antarctic science	-0.9877	0.1472	3	155	502	8	2014.076923
antarctic soil	0.1518	-0.2331	2	410	1548	19	2012.495868
antarctic specially protected areas	-1.0842	0.0518	3	322	1484	17	2015.333333
antarctic species	0.349	0.5371	1	572	2438	27	2011.055556
antarctic springtail	0.0326	1.2597	1	245	890	10	2011
antarctic station	0.4778	-0.0236	2	127	362	5	2011.731707
antarctic summer	0.7792	-0.3842	2	249	760	10	2009.767442
antarctic terrestrial ecosystems	-0.1244	0.5448	5	436	1676	17	2010.92
antarctic treaty	-1.1752	-0.0717	3	581	4062	47	2014.339286
antarctic treaty area	-1.221	-0.1161	3	255	902	9	2015.7
antarctic treaty system	-1.2352	-0.0456	3	396	1892	21	2015.9
antarctic vascular plant	0.9209	-0.6007	2	234	874	10	2011.5
antarctic vascular plants	1.3018	-0.3929	2	300	1354	15	2013.1
antarctic vegetation	0.7464	-0.2342	2	171	442	5	2011.375
antarctica	0.2151	0.3205	1	1366	28046	362	2011.220175
antarctica ice	-0.2701	0.4961	1	227	646	7	2011.795666
antarctica peninsula	-0.1136	0.5725	1	232	656	7	2013.348837
antarctica soil	0.733	-0.0113	2	169	478	6	2011.09375
antarcticus	0.0062	0.5421	1	391	1344	16	2012
anthropogenic introduction	0.2005	0.14	4	159	382	5	2013.8
antibody	-0.59	-1.1646	4	110	370	7	2008.352941
aphid	-0.1057	-0.342	4	225	710	10	2009.833333
apiaceae	0.6325	0.0285	5	158	498	6	2007.5
application	-0.717	-0.431	4	485	1816	24	2012.361823
approach	-0.4981	0.1673	3	895	5230	66	2013.011682
arc	-0.4785	0.576	5	304	944	9	2011.75
archipelago	-0.2291	-0.2752	4	758	4198	53	2011.082609
arctic	0.4409	-0.0355	2	662	3250	43	2012.189504
arctic antarctic	0.4961	-0.2472	2	262	800	9	2012.938182
arctic regions	-0.2344	-0.1118	3	188	474	7	2013.278834
arctowski station	0.3456	0.1779	2	173	562	8	2012.375
area	-0.2445	0.0879	3	1398	21966	263	2011.37466
area protection	-1.3975	0.0767	3	165	532	6	2016.142857
argentine islands	0.9994	0.0732	2	139	436	5	2013
array	-0.2988	0.0101	3	248	668	8	2011.101235
arrival	-0.3655	0.2311	4	396	1194	14	2010.018349
arthropod	-0.1102	0.7529	1	561	2454	28	2010.948276
arthropoda	0.1086	1.1398	1	179	526	7	2012.181818
aspect	0.304	-0.0528	5	256	788	9	2011.749104
assemblages	-0.297	0.2965	5	518	2202	24	2012.247588
assessment	-0.6751	-0.132	3	823	4984	62	2013.024899
assimilation	1.3709	-0.5801	2	154	556	7	2012.629787
association	-0.0711	0.1817	3	592	2340	25	2011.081886
asteraceae	-0.1511	-0.5038	4	218	594	8	2007.928571
atlantic	-0.6637	-0.0204	4	398	1330	17	2010.236737
atlantic ocean	-0.4379	0.0471	4	183	442	5	2009.615463
ats	-1.2799	-3e-04	3	147	434	5	2017.625
attention	-0.1815	-0.2136	4	276	752	9	2012.917808
auckland	-0.4776	0.662	1	246	872	15	2009.074074
auckland island	-0.4139	0.5954	1	100	262	5	2007.8
auckland islands	-0.493	0.6939	1	162	448	7	2013.555556
austral summer	0.1337	-0.3765	4	389	1388	16	2012.0726
australia	-0.4827	-0.2468	4	664	3112	45	2010.617438
australian	-0.3089	0.4222	1	334	936	13	2010.832787
autumn	0.0117	-0.759	4	218	640	9	2011.726708
availability	0.4119	-0.3146	2	802	4352	49	2012.908905
available energy	-0.3645	0.4349	5	174	568	6	2012.333333
avifauna	-0.8241	-0.714	4	165	424	5	2010.4
awareness	-0.9763	-0.0169	3	207	596	7	2014.701754
azorella	0.4906	-0.2291	5	414	1780	23	2007.884615
azorella macquariensis	0.5336	-0.1156	5	176	528	6	2015.428571
azorella selago	0.539	-0.0041	5	291	1124	15	2005.875
b chromosomes	1.0815	0.6262	1	112	378	5	2017.2
bait	-0.641	-1.1131	4	149	456	7	2004.666667
balance	0.793	-0.617	2	258	790	9	2011.539286
bands	0.3645	0.6464	1	242	708	8	2010.501538
banks	0.1828	-0.3055	5	291	860	9	2009.070423
barcode	-0.4577	0.8728	1	151	390	5	2015.521739
barcoding	-0.43	0.9093	1	137	360	5	2013.071429
bare ground	0.2911	-0.4789	5	193	514	6	2012.742857
barrier	-0.4559	0.3803	3	559	2232	24	2010.248366
base composition	0.2087	1.0188	1	115	310	5	2012.375
baseline	-0.6288	-0.2337	3	394	1354	14	2012.74934
baseline data	-0.3032	-0.4983	4	194	510	6	2013.090909
basin	-0.2574	0.5295	1	166	388	5	2010.09645
bay	0.2596	0.3876	1	589	2450	30	2010.11814
bayesian	0.3946	0.8949	1	230	688	9	2013.796296
beetle	-0.3924	0.3022	1	270	838	11	2011.230769
behaviour	0.1772	-0.0347	1	201	482	6	2010.943662
benefits	-0.7225	-0.6078	3	450	1740	23	2014.038732
bias	-0.4716	0.374	1	226	618	8	2013.065051
biodiversity	-0.7081	0.1004	3	1020	9488	111	2013.864286
biodiversity conservation	-0.9747	-0.3973	3	225	682	10	2014.058824
biodiversity patterns	-0.2538	0.5313	5	198	524	5	2014.52381
biogeographic patterns	-0.249	1.039	1	232	686	7	2014.72549
biogeographic regions	-0.9304	0.4793	3	328	1204	13	2015.478261
biogeography	-0.3344	0.7994	1	675	3904	44	2012.833333
biological	-0.5114	0.0866	3	533	2260	26	2012.548387
biological control	-0.636	-1.083	4	191	662	10	2012.055556
biological invasions	-0.7118	-0.0674	3	779	5426	58	2012.409836
biology	-0.2111	-0.2369	4	673	3092	42	2011.284153
biomass	0.544	-0.5825	2	594	2848	33	2012.021332
biomes	0.1086	0.4511	5	212	536	6	2013.216867
biosecurity	-0.7774	-0.1338	3	600	3326	35	2014.833333
biota	-0.4787	0.2954	1	708	3908	45	2010.887755
biotic	0.4016	-0.1038	5	163	444	5	2012.029412
biotopes	-0.4013	0.4001	4	142	406	5	2009.052632
bird species	-0.7872	-0.3616	4	204	582	8	2012.441176
birds	-0.4535	-0.6132	4	689	3706	52	2010.570776
body	-0.3857	-0.4608	4	524	2184	25	2011.227462
body mass	-0.4063	-0.8762	4	166	466	5	2008.962963
body size	-0.1661	-0.8715	4	207	702	8	2009.647059
bottleneck	0.6285	0.3554	1	173	470	5	2014.673913
boundary	-0.1024	0.3052	5	231	572	6	2008.420868
bounty	-0.4549	0.6933	1	134	340	5	2011.592593
bp	0.3287	0.6593	1	177	536	9	2012.006369
breeding	-0.1297	-0.8189	4	450	1920	26	2010.484848
breeding season	-0.0562	-1.0038	4	190	678	9	2007.5
bryophytes	0.4124	0.2004	5	770	4580	57	2011.075342
bryum	0.3682	0.6696	1	194	682	10	2005
bryum argenteum	0.5398	0.7511	1	101	332	5	2003.5
building	-0.5593	-0.1925	3	406	1462	21	2011.116071
burden	-0.8084	-0.6503	4	122	282	5	2012.329412
burrows	-0.2904	-0.9782	4	182	508	6	2007.090909
ca	0.6419	-0.3508	2	197	448	5	2010.753333
campaign	-0.6927	-0.7194	4	224	690	10	2013.041363
campbell island	-0.1856	0.132	1	171	414	6	2007.5
canada	-0.1399	0.3535	1	261	752	12	2011.058788
canopy	0.3151	-0.7094	5	162	422	5	2012.634731
capacity	0.461	-0.3708	2	605	2740	36	2013.094099
cape	0.0732	0.9142	1	270	898	11	2009.255255
capture	-0.0689	-0.6478	4	120	278	5	2012.315068
carbohydrates	1.2353	-0.3063	2	209	718	10	2011.868852
carbon	0.7625	-0.5791	2	431	1698	20	2013.107259
cargo	-0.7531	-0.2296	3	328	1404	16	2011.833333
caryophyllaceae	1.0365	-0.0682	2	416	1678	20	2012.217391
case	-0.4218	0.0096	3	823	4548	56	2010.847835
case study	-0.7512	-0.1734	3	400	1434	16	2012.678179
cat eradication	-0.8455	-1.0149	4	174	648	10	2006.555556
cat predation	-0.7488	-1.0728	4	143	468	7	2005.833333
caterpillars	-0.0412	-0.826	4	160	512	7	2012
cats	-0.6283	-0.9454	4	547	3878	60	2006.689189
cause	0.2566	0.1141	1	502	1836	22	2011.675244
ccamlr	-1.4144	0.1874	3	136	578	9	2013.769231
cell	1.1618	-0.1809	2	437	2174	28	2011.359784
census	0.4649	-0.2451	5	170	440	5	2012.37931
century	-0.4096	-0.2025	3	451	1608	20	2012.205869
cerastium	0.7582	-0.5393	2	283	956	12	2009.8
cerastium alpinum	1.2888	-0.3047	2	126	406	5	2013.833333
cerastium fontanum	0.026	-0.7839	4	179	486	6	2005.833333
cf	-0.3904	0.758	1	121	286	5	2011.690141
chain	0.1794	0.0717	4	247	600	6	2011.096866
challenges	-0.9134	-0.1791	3	602	2926	35	2014.48237
chamber	0.7893	-0.5513	2	353	1196	13	2013.240506
chance	-0.6505	-0.1328	3	270	778	9	2012.111111
changes	0.1012	-0.2389	2	1383	21410	249	2012.206219
channel	0.561	0.6066	1	248	816	10	2009.903036
characteristics	0.5553	-1e-04	2	728	3654	44	2010.936545
characterization	0.5968	0.2192	1	309	996	14	2012.72969
characters	-0.222	0.8377	1	343	1192	17	2010.632353
chatham island	-0.4738	0.6081	1	110	310	5	2004
checklist	-0.4294	1.0628	1	99	254	5	2005.9
chemical	0.3525	-0.6514	2	252	700	9	2011.607029
chemistry	0.509	-0.457	5	179	544	6	2012.465976
chicks	-0.1036	-0.9656	4	169	460	6	2012.72
chile	0.3393	0.1858	2	374	1156	14	2012.697531
china	-0.8219	0.615	3	143	402	8	2013.948798
chironomid	-0.047	0.4007	1	232	702	8	2008.5
chironomidae	-0.3413	0.5217	1	242	724	8	2005.875
chlorophyll	1.2583	-0.443	2	257	952	12	2011.700197
chlorophyll fluorescence	1.3541	-0.4631	2	202	782	10	2012.411765
chloroplast	1.174	-0.0767	2	283	1146	16	2011.481481
chromatography	1.2404	-0.2747	2	114	334	5	2010.861702
chromosome	0.9316	0.6641	1	164	622	8	2014.47619
circulation	0.0189	-0.4074	5	223	628	7	2010.44219
class	-0.1025	-0.0203	1	237	586	7	2011.519757
classification	0.276	0.0532	5	406	1406	16	2011.561043
climate	-0.0319	-0.1802	3	1297	17030	190	2012.847305
climate change	0.0042	-0.2166	5	1176	12684	141	2013.106897
climate change impacts	-0.4791	-0.5703	5	233	664	7	2013.417178
climate scenarios	-0.2595	-0.068	3	182	514	5	2013.937824
climate system	-1.0032	0.0181	3	163	468	6	2012.717277
climate trends	0.0422	-0.5717	5	164	454	5	2011.671053
climate variability	-0.5163	-0.5762	3	161	406	5	2012.20898
climate warming	0.2725	-0.5269	2	404	1570	17	2013.628339
climatic conditions	0.5719	-0.2285	2	530	2002	23	2011.992424
climatic factors	-0.1305	-0.8429	4	225	576	6	2013.463415
climatic gradient	0.5356	0.2635	5	218	558	5	2012.5
clones	1.1225	0.0484	2	138	386	5	2011.167665
clothing	-0.6547	-0.4549	3	154	424	5	2012.833333
cluster	0.1443	0.5706	1	366	1206	16	2011.949896
cluster analysis	0.2402	0.433	5	262	744	8	2012.636905
clustering	0.6792	0.8681	1	215	638	7	2012.80292
co2	0.999	-0.5287	2	317	1196	15	2013.165022
co2 assimilation	1.387	-0.5568	2	123	366	5	2010.727273
coast	0.087	0.2853	1	640	2786	33	2010.134684
coastal	0.3135	-0.278	5	277	788	10	2010.739865
coastal areas	0.4596	0.2681	4	240	708	8	2012.54386
coastline	-0.0884	-0.5479	4	220	554	6	2010.273529
coi	-0.2263	1.0673	1	408	1708	19	2013.934783
coi gene	-0.1864	0.995	1	183	532	7	2013.583333
coii	0.0609	1.3711	1	119	368	5	2004.333333
cold	0.9129	-0.0176	2	308	926	11	2011.824903
cold acclimation	1.2974	-0.3569	2	162	654	9	2007.538462
cold environments	0.7734	-0.0461	2	213	562	5	2013.16
cold stress	1.3214	-0.2849	2	186	664	9	2012.857143
coleoptera	-0.2184	0.5516	1	380	1516	23	2004.892857
collaboration	-0.9312	0.0746	3	325	1126	14	2012.467532
collection	-0.0588	0.2261	1	511	1836	24	2011.129412
collembola	-0.073	0.9845	1	731	5520	69	2011.36
collembolan	0.0293	0.9563	1	380	1430	20	2010.52381
colobanthus	1.1176	-0.2908	2	702	5562	71	2012.325
colobanthus quitensis	1.1453	-0.2804	2	674	5428	69	2012.474359
colonies	-0.0228	-0.0502	4	521	2216	28	2010.888235
colonisation	-0.1399	0.304	1	467	1686	19	2009.846154
colonization	0.158	0.3507	1	780	4314	50	2010.8
common garden	0.7015	-0.399	2	179	448	5	2014.842105
communication	-1.0769	0.082	3	269	886	10	2012.524476
community	-0.1335	-0.2404	5	1128	10430	122	2013.620087
community composition	0.3243	-0.3631	5	199	554	7	2014.941973
community structure	0.3318	-0.0639	5	314	1126	14	2013.563433
comparative	0.645	0.5735	1	226	560	6	2012.967391
comparison	0.2949	0.1835	2	831	4234	54	2010.70057
competition	0.1474	-0.6414	4	501	2016	22	2011.637209
competitors	-0.4687	-0.7852	4	225	654	8	2011.636364
complex	-0.4137	0.1311	3	655	2750	30	2011.908387
composition	0.2589	0.3276	5	744	3756	51	2012.45256
compounds	1.1466	-0.1118	2	166	476	6	2012.161238
concentrations	0.8739	-0.4352	2	468	1946	27	2011.643222
concept	-0.3787	0.6894	1	205	508	6	2011.306773
condition	0.5734	-0.5274	2	360	1140	13	2010.79798
conflict	-0.744	0.1717	3	180	428	6	2011.025641
connectivity	-0.1629	0.6241	3	236	682	7	2015.170984
consensus	-0.9286	0.2505	3	215	582	7	2014.058824
consequences	-0.2215	-0.6162	4	729	3828	42	2012.275862
conservation	-0.9241	-0.0675	3	1011	9704	119	2011.717256
conservation management	-0.9818	-0.3077	3	355	1256	16	2011.96875
conservation planning	-0.928	0.485	3	202	588	6	2015.058824
conservation value	-0.5077	-0.7482	3	187	556	6	2013
constraints	0.4544	-0.102	2	389	1146	12	2011.060453
construction	-0.6122	-0.2803	3	347	1136	14	2011.684729
contact	0.2062	-0.2576	2	210	516	7	2011.307692
contamination	-0.8978	-0.1737	3	214	628	9	2011.920245
content	0.985	-0.2496	2	566	2896	36	2011.761593
continent	-0.479	0.4683	3	919	6770	76	2011.202884
continental	-0.4147	0.8065	1	366	1244	14	2010.243993
contraction	-0.0053	0.5112	1	207	508	6	2011.387387
contrast	0.2627	0.2431	1	727	3292	37	2011.509677
control	-0.2172	-0.707	4	880	5624	71	2012.474255
cooperation	0.0128	-0.1004	3	204	514	5	2013.659091
core	0.2532	0.1674	1	215	620	10	2010.446523
correlation	0.3985	0.1929	1	471	1570	18	2011.333794
correspondence	0.5053	-0.3601	5	176	504	6	2010.493023
correspondence analysis	0.5227	-0.4258	5	153	448	5	2011.431373
cosmopolitan	0.1876	-0.3026	5	214	548	6	2012.333333
cosmopolitan species	0.4302	-0.2722	5	148	372	5	2013.266667
costs	-0.7746	-0.3572	3	295	894	10	2013.503597
counts	0.0054	-0.716	4	224	614	9	2011.546099
cover	0.1884	-0.2548	5	704	3664	40	2011.664763
coverage	0.131	-0.476	5	218	634	8	2012.329283
cox1	0.0494	1.3427	1	179	546	5	2013.375
criteria	-0.3349	0.0178	3	254	696	10	2010.149038
crop	0.6574	-0.4945	2	176	474	6	2012.823529
crown	-0.3246	-0.7855	4	182	436	5	2011.075472
crozet	-0.1104	0.24	4	427	1542	20	2004.563636
crozet archipelago	-0.0273	0.1197	4	262	738	9	2003.888889
crustacea	0.0618	0.7045	1	105	264	5	2007.666667
crustaceans	-0.0077	0.8118	1	107	258	5	2009.645833
cryptic species	-0.0132	1.3325	1	169	478	5	2013.444444
cryptogam	0.6112	-0.1901	5	214	572	6	2012.9
cryptopygus	0.0741	1.0445	1	444	1934	22	2012.391304
cryptopygus antarcticus	0.1214	0.6867	1	347	1200	13	2010.857143
culture	0.2116	-0.365	2	229	570	7	2011.379653
curculionidae	0.0748	0.3972	4	247	862	13	1999.857143
current	-0.385	0.4859	3	365	1136	12	2008.757215
cushion	0.6496	-0.2598	5	411	1688	23	2008.972222
cushion plant	0.5311	-0.3549	5	231	840	11	2011.6
cycle	0.3674	0.1037	2	613	2562	29	2011.47296
cycling	0.173	-0.7678	4	219	642	6	2014.035763
cytochrome	-0.0408	0.9789	1	284	856	9	2014
cytochrome c	-0.2042	1.1571	1	366	1324	13	2013.966667
cytochrome c oxidase	-0.2028	1.1568	1	366	1324	13	2014.071429
cytochrome oxidase	-0.1049	0.9941	1	156	408	5	2012.454545
cytogenetics	0.8965	0.6243	1	160	484	6	2009.833333
damage	-0.134	-0.6356	4	418	1400	19	2013.018116
data	-0.2453	0.1598	1	1281	14756	174	2011.015066
database	-0.448	0.5488	3	401	1432	15	2012.403509
dataset	0.1637	0.8208	1	264	658	7	2012.68054
date	-0.6176	0.1377	3	640	2726	34	2012.087051
day length	1.2308	-0.4726	2	100	340	5	2011.272727
debris	0.2587	0.2948	1	133	298	6	2009.221983
deception island	-0.7829	0.1794	3	222	754	9	2012.363636
decision-making	-1.141	-0.0283	3	311	1250	14	2015.4
decline	-0.1844	-0.6613	4	458	1866	23	2013.254217
decomposition	0.5027	-0.6717	2	184	458	5	2012.585736
deglaciation	0.5344	0.2017	5	188	520	7	2010.986813
degradation	0.3052	-0.3118	2	317	804	10	2013.464824
density	0.0752	-0.6909	4	842	5348	68	2009.879211
dependence	0.447	-0.2529	2	204	482	7	2010.591411
deposition	0.3152	-0.2309	2	181	468	7	2012.094256
deposits	-0.0068	-0.0447	3	178	406	6	2011.200561
depth	0.1763	-0.6435	5	229	630	7	2010.672402
deschampsia	1.1562	-0.1233	2	732	6630	84	2011.338983
deschampsia antarctica	1.1357	-0.115	2	709	5982	76	2011.343434
description	-0.2642	0.368	1	500	1708	24	2009.996622
desert	0.1973	-0.4073	5	250	756	11	2011.209622
desiccation	0.7969	-0.162	2	242	678	9	2011.916667
design	-0.864	0.0275	3	207	542	7	2013.015625
destruction	-0.5868	-0.3165	5	267	762	8	2009.634146
detail	-0.3018	0.6936	1	207	544	8	2011.078886
detection	-0.7122	-0.1516	3	328	972	12	2012.417625
determinants	0.4147	0.0098	5	310	850	9	2013.434783
development	-0.163	-0.1895	3	1041	7320	87	2011.773084
diameter	0.7746	-0.6044	2	132	370	5	2010.091346
diaspores	0.8256	-0.2139	2	186	550	8	2011.888889
diet	-0.2878	-0.9304	4	306	1218	19	2009.963303
difference	0.1674	-0.0191	4	451	1506	19	2011.163032
differentiation	0.4405	0.8251	1	513	2374	25	2012.476471
diptera	-0.1539	0.1826	4	354	1328	20	2008.074074
discovery	-0.8167	0.1928	3	265	862	11	2012.116822
disease	-0.6236	-1.0586	4	262	1020	15	2013.103448
dispersal	0.0169	0.5906	1	993	7990	95	2011.394973
dispersal processes	-0.6514	0.2309	3	169	456	5	2013.1
distance	0.3618	0.5425	1	634	2938	34	2011.010448
distribution	0.0954	0.3671	1	1263	14224	171	2010.907306
distribution abundance	-0.0162	0.2415	5	353	1334	16	2011.107143
distribution models	-0.4804	0.33	5	260	868	8	2011.931624
distribution patterns	0.287	0.505	5	358	1220	14	2010.866972
disturbance	-0.4468	-0.5025	3	581	2984	36	2011.750678
divergence	0.094	0.9695	1	504	2314	26	2010.679372
diversity	0.1137	0.5084	1	1177	11324	135	2013.553494
diversity patterns	-0.0649	0.902	1	224	608	6	2014.5
dna	0.3418	0.942	1	653	4056	53	2012.62578
dna barcoding	-0.5307	0.8201	1	166	478	7	2014.380952
dna sequence	0.3895	1.0196	1	168	466	7	2010.909091
dog	-0.8339	-1.0694	4	119	336	5	2007.444444
dominance	0.373	-0.2737	5	293	900	12	2012.29375
dormancy	0.8049	-0.5557	2	109	328	5	2013.033333
drainage	0.7432	0.1172	2	175	422	5	2012.254459
drift	0.0211	0.477	1	276	792	8	2009.705986
drivers	-0.4658	0.1517	3	437	1480	15	2015.864011
drought	0.3711	-0.8043	2	253	702	8	2012.975684
dry mass	0.6806	-0.5667	4	158	406	5	2009.3
dry valleys	-0.3046	1.1015	1	188	546	6	2011.870229
duration	0.2628	-0.4501	5	314	942	11	2012.189258
dynamics	-0.0327	-0.4663	4	733	3520	40	2012.382241
early detection	-0.8923	0.3755	3	182	492	5	2010.875
earth	-0.659	0.0819	3	605	2604	27	2012.416212
earth system	-0.8061	0.2597	3	159	444	5	2015.459227
earthworms	0.026	-0.6994	4	150	422	6	2009.222222
east	-0.2345	0.5961	1	437	1474	22	2011.088561
east antarctica	-0.1713	0.5743	1	315	942	15	2012.024096
eastern	-0.054	0.9432	1	124	322	6	2011.347648
eastern antarctica	-0.0292	0.953	1	103	264	5	2010.259259
ec	0.8884	0.0163	2	130	320	5	2013.685393
ecological implications	0.4448	-0.4312	2	110	262	5	2009.785714
ecology	-0.1098	0.0734	1	743	3646	48	2012.514768
ecophysiological performance	1.1911	-0.4704	2	177	652	7	2015.636364
ecophysiology	0.5335	0.3908	2	190	468	5	2013.466667
ecoregions	-0.6804	0.1811	3	151	388	6	2014.15
ecosystem	-0.2824	-0.3606	3	1204	12746	149	2013.530062
ecosystem function	-0.4807	-0.5667	4	246	692	8	2013.98
ecosystem functioning	-0.622	-0.4763	3	166	416	5	2013.672727
ecosystem processes	-0.5284	-0.6897	4	289	934	10	2013.946903
ecosystem services	-1.0241	-0.0229	3	189	554	6	2015.467532
ecosystem structure	-0.7257	-0.4385	3	273	754	7	2012.914634
ecotypes	1.0809	0.0086	2	205	598	7	2013.020408
ectemnorhinus	0.0397	0.2263	4	174	504	6	2001.166667
ectemnorhinus group	0.0679	0.3715	4	147	422	5	2002
effects	0.2189	-0.4597	2	1274	14820	180	2011.624055
efficacy	-0.4975	-0.9425	4	189	506	7	2013.075758
efficiency	1.0513	-0.3952	2	274	868	12	2012.80663
effort	-0.526	-0.3342	3	506	1926	23	2012.512579
eggs	0.5699	-0.2458	2	257	720	10	2006.792208
electron	1.322	-0.3164	2	211	772	12	2011.572917
electron microscopy	1.3043	-0.3288	2	113	300	6	2011.367742
elements	-0.2684	0.5206	1	458	1526	18	2011.89258
elevation	0.1957	-0.0818	5	381	1358	15	2012.227186
embryos	0.9205	-0.3333	2	170	528	7	2013.658537
emergence	-0.3002	-0.0693	4	298	788	11	2012.277778
endemic species	-0.1739	0.2865	1	429	1362	16	2010.84375
endemism	-0.2859	0.6285	1	594	2672	30	2011.808219
endophytes	1.0652	-0.4511	2	162	456	5	2010.754098
energy	0.5354	-0.0908	2	433	1452	15	2011.753532
engagement	-1.3943	0.2166	3	153	418	5	2016.75
environment	0.0812	-0.0434	3	1241	12450	147	2012.515563
environmental	-0.898	-0.0361	3	602	3364	36	2010.845217
environmental changes	-0.5954	0.0975	3	363	1284	13	2013.895683
environmental conditions	0.6972	0.3278	2	666	3358	39	2013.912338
environmental factors	0.7011	-0.0677	5	338	1086	13	2013.842444
environmental gradients	0.3681	0.493	5	257	776	8	2013.88
environmental impacts	-1.0518	-0.0613	3	263	898	11	2013.895522
environmental management	-0.9987	-0.0437	3	292	1084	13	2013.461538
environmental protection	-1.2677	-0.053	3	394	2230	24	2014.945946
environmental protocol	-1.3709	0.0156	3	208	774	9	2014.222222
environmental stress	1.0886	0.0831	2	236	726	9	2014.642857
environmental variables	0.0514	-0.012	5	229	622	7	2012.972376
enzyme	1.0905	-0.1961	2	200	570	9	2013.452991
epidemiology	-0.4489	-1.1086	4	128	352	6	2010.454545
equipment	-0.546	-0.2506	3	140	412	5	2011.708333
eradication	-0.6364	-0.7818	4	778	5840	71	2010.514286
eradication campaign	-0.826	-1.0441	4	97	312	5	2004
eretmoptera murphyi	-0.3749	0.5832	1	230	746	7	2009.6
erosion	-0.4477	-0.2273	3	171	412	5	2011.871716
establishment	-0.4755	-0.0591	3	883	6152	72	2011.445578
estimate	-0.5043	-0.5981	4	215	564	7	2010.903093
europe	-0.1052	0.3144	1	465	1596	21	2011.79689
evaluation	-0.4813	-0.041	3	408	1436	18	2013.100503
events	0.1465	0.5012	1	729	3380	41	2012.030986
evolution	-0.1073	0.5196	1	699	3522	43	2012.05694
evolutionary history	0.1148	1.0447	1	259	776	7	2013.08
exchange	0.9498	-0.3468	2	358	1212	16	2010.706601
exotic species	-0.5259	0.0476	3	313	990	11	2011.785714
expansion	0.0183	0.117	5	676	3530	40	2012.969492
expectations	-0.0918	-0.3388	4	167	398	5	2012.582418
expedition	-0.3006	0.3858	1	321	1066	16	2010.922432
experiments	0.3135	-0.5471	2	746	4108	48	2011.075205
experts	-1.0345	0.1575	3	144	352	5	2012.773585
explanation	0.2346	0.1785	5	315	896	10	2009.867769
exploitation	-0.9164	-0.0053	3	201	524	5	2013.328358
exploration	-0.4485	-0.1672	3	151	350	5	2011.678466
exposure	0.3945	-0.3691	2	404	1222	18	2012.977505
expression	1.1413	-0.068	2	276	1052	13	2012.171315
extent	-0.0839	0.0831	5	873	4862	55	2011.835219
extinction	-0.6035	-0.3871	4	505	2216	32	2011.243386
extraction	-0.9043	-0.1614	3	186	506	5	2013.323651
extreme	0.2237	-0.1225	2	393	1152	14	2013.461538
extreme conditions	0.9804	0.0715	2	183	452	6	2013.919355
extreme environmental conditions	0.7396	0.8691	1	224	696	7	2014.387097
extreme environments	0.6685	0.2003	2	422	1444	15	2013.673913
failure	-0.0997	-0.4089	4	201	480	5	2011.859477
falkland	-0.3626	0.0514	4	326	982	12	2005.339623
falkland islands	-0.3856	-0.3798	4	263	704	8	2009.913043
family	0.4182	0.4515	1	606	2722	35	2012.315615
fauna	-0.471	0.3836	1	798	4452	55	2011.230769
feasibility	-0.651	-0.2677	3	221	624	8	2012.440559
features	0.4509	0.3731	1	626	2826	35	2010.384646
feedback	0.1085	-0.6122	5	192	482	5	2013.003957
felis catus	-0.6956	-0.9453	4	368	1792	27	2005.269231
fellfield	0.3692	-0.5102	5	366	1300	15	2005.65
females	-0.0886	-0.4933	4	409	1640	25	2007.642105
feral	-0.4887	-0.99	4	284	1184	20	2000.578947
feral cats	-0.571	-0.9887	4	425	2446	40	2004.025641
field	0.1142	-0.172	2	919	5612	68	2010.533445
field observations	0.1139	0.3062	1	186	452	6	2011.242424
field surveys	-0.1666	0.506	1	180	478	5	2011.5
fildes peninsula	0.8547	-0.2591	2	196	658	7	2015.846154
first record	-0.2559	0.2777	4	98	246	5	2007.777778
fish	0.4461	0.3351	1	180	472	7	2010.064516
fisheries	-1.099	0.1077	3	165	464	6	2010.847545
flexibility	0.9148	-0.1231	2	164	410	5	2012.981818
flies	-0.4256	-0.1984	4	219	612	8	2010.615385
flightless	-0.3357	-0.4939	4	269	804	10	2009.5
flightless moth	-0.0455	-0.9218	4	134	404	6	2007
flora	-0.1876	-0.0065	4	737	3602	41	2011.036036
flow	0.1689	0.6472	1	487	1884	22	2010.017411
flowering plants	0.7962	0.1632	2	268	824	8	2011.5
flowers	1.0021	-0.0086	2	503	2298	26	2013.71875
fluctuations	0.0798	-0.5711	4	254	670	8	2009.816514
fluorescence	1.2451	-0.226	2	328	1356	18	2012.243386
flux	0.7996	-0.427	2	252	790	10	2010.974387
fly	-0.2898	-0.1064	4	188	496	6	2011.692308
focus	-0.8148	-0.1092	3	350	1070	13	2012.93921
food	-0.3051	-0.5942	4	678	3372	41	2012.031915
food web	0.0081	-0.5729	4	304	880	9	2013.363874
footprint	-1.0856	-0.1143	3	284	1086	15	2014.12
force	-0.5857	0.0569	3	326	926	11	2011.140909
forest	-0.3589	-0.3572	3	279	796	10	2011.961222
formation	0.7005	-0.1567	2	506	1936	25	2010.511811
founder	0.058	-0.4506	4	316	948	9	2008.9
fox	-0.3853	-0.9364	4	120	310	5	2009.4
fraction	0.9354	-0.4328	2	150	378	6	2011.553026
fragmentation	0.0276	1.2119	1	188	556	6	2010.864198
fragments	0.3163	0.7377	1	414	1502	19	2010.917127
framework	-0.647	0.0055	3	606	2490	28	2013.208431
frequency	0.1509	0.1177	4	575	2272	27	2011.174374
freshwater	-0.2875	-0.195	5	227	614	7	2011.825688
friesea	-0.0292	1.2798	1	267	1006	13	2010.384615
friesea grisea	0.0071	1.3347	1	220	766	9	2010.111111
front	0.0996	0.2222	5	332	992	12	2009.508357
frost	0.3083	-0.2582	5	197	534	6	2010.311258
function	0.011	-0.1654	2	681	2784	31	2010.972155
funding	-0.9104	-0.3373	3	212	584	7	2013.172414
fungi	0.0569	-0.3017	2	401	1420	18	2011.838649
fur seals	-0.2374	-0.5995	5	211	598	7	2011.083333
future	-0.9749	0.1386	3	567	2848	32	2013.712684
future climate	0.8567	-0.3527	2	288	956	9	2013.848387
future research	-1.0811	-0.2024	3	161	416	6	2012.992857
gametophytes	0.7055	0.4141	1	159	414	5	2005.25
gap	-0.7492	-0.2145	3	455	1706	17	2012.915572
gas	0.9392	-0.4622	2	239	706	8	2012.319686
gas exchange	1.4122	-0.5448	2	113	396	5	2011.252632
gene	0.3718	0.7554	1	810	5226	64	2014.058192
gene expression	1.1544	-0.3578	2	148	474	6	2015.788462
gene flow	0.2587	0.9013	1	393	1520	17	2010.744186
genera	-0.1455	0.8497	1	493	2012	25	2012.72679
generation	-0.3978	-0.2658	3	216	538	7	2012.050847
genetic	0.3446	0.9099	1	550	3138	40	2010.444444
genetic differentiation	0.4449	1.0555	1	288	1042	11	2011.821429
genetic distance	0.2239	1.1951	1	187	488	6	2010.3125
genetic divergence	0.0838	1.2332	1	230	820	9	2010
genetic diversity	0.5023	0.9378	1	520	3140	39	2011.011494
genetic structure	0.262	1.1204	1	416	2064	22	2012.675676
genetic variability	0.4175	1.0621	1	411	2102	25	2009.638889
genetic variation	0.486	0.9343	1	377	1990	26	2008.104167
genome	0.6489	0.8431	1	328	1540	21	2015.25641
genotypes	0.6898	0.4138	2	175	436	6	2011.280702
genus	-0.0627	0.8415	1	609	3080	49	2012.443439
geographical distribution	0.4433	0.5896	1	343	1074	12	2010.97561
geographical isolation	-0.1767	0.2532	4	193	494	6	2008.3
geological history	0.2087	1.0098	1	177	480	5	2010.846154
geology	-0.2819	0.3208	1	256	650	7	2011.073333
geomorphology	-0.2911	0.5049	1	199	458	5	2011.886878
georgia	-0.3419	0.5572	1	563	2490	28	2008.793103
geothermal	0.0339	0.5989	5	159	468	5	2011.396552
geothermal activity	0.0063	0.2935	5	209	658	7	2011.2
germany	-0.6417	0.2857	3	119	316	5	2011.132743
germination	0.548	-0.691	2	273	996	14	2011.465116
glacial	0.0476	0.7747	1	331	1090	11	2011.612378
glacial cycle	-0.2467	1.0856	1	171	470	5	2010.016949
glacial history	-0.3773	0.7377	1	252	722	7	2010.645833
glacial maxima	-0.0967	1.1915	1	229	736	7	2011.3
glacial maximum	0.0529	0.7967	1	359	1276	13	2011.882521
glacial period	0.0764	0.8885	1	180	442	5	2010.808333
glacial refugia	-0.1049	1.1141	1	316	1172	12	2010.8125
glaciation	-0.0943	0.9484	1	492	2240	25	2009.656667
glacier	0.1956	0.6728	1	515	2162	26	2012.551157
global	-0.4105	0.0141	3	358	1114	13	2012.401509
global climate	-0.7136	-0.3625	3	240	656	7	2012.960148
globe	-0.1834	0.0069	3	326	868	9	2012.275862
gomphiocephalus hodgsoni	-0.0765	1.2732	1	227	848	9	2012.444444
gondwanan	-0.2313	1.0737	1	147	398	5	2005.8
gough island	-0.9413	-0.1905	4	197	596	9	2004.1
government	-1.1932	-0.0441	3	379	1652	20	2014.5
gradient	0.5111	0.1604	5	636	3230	36	2011.354256
grain	0.7751	-0.1127	2	274	948	13	2011.304833
granite	0.2677	1.1221	1	105	354	5	2008.243902
grass	0.7872	-0.1917	2	735	4236	50	2011.455782
grass species	0.7966	-0.2984	2	298	942	10	2015.428571
grassland	0.0786	-0.5584	4	380	1332	16	2012.242424
grazing	-0.3355	-1.0417	4	238	850	11	2012.554404
greenhouse	1.1632	-0.2551	2	243	908	11	2012.619866
gressittacantha	0.1956	1.2772	1	177	576	7	2006
gressittacantha terranova	0.2257	1.2659	1	168	542	6	2006.833333
grid	-0.1109	-0.6246	4	211	608	7	2011.079167
ground surface	0.6435	-0.611	5	162	450	6	2011.28777
group	-0.07	0.4156	1	885	4818	60	2011.722362
growing	0.74	-0.5033	2	192	458	6	2011.495798
growth	0.6294	-0.4282	2	861	5590	69	2011.406319
growth rate	0.3309	-0.756	2	367	1306	16	2010.818356
guidelines	-0.6003	-0.4376	3	181	454	5	2013.235294
habitat	0.0993	-0.0658	4	1219	11614	144	2012.561584
habitat types	-0.1761	-0.5415	4	205	544	7	2012.66
habitat use	-0.3983	-0.5125	4	226	658	8	2011.184211
hair	1.0556	-0.1121	2	223	676	9	2007.388889
hairgrass	1.1681	0.1247	2	284	1136	14	2011.125
hand	0.5573	-0.4391	2	394	1300	15	2010.96875
haplotype diversity	-0.0757	1.2202	1	197	668	7	2010
haplotypes	0.0687	1.117	1	425	1936	20	2013.452381
harbour	0.174	0.6588	1	237	756	9	2010.428571
harsh environment	1.1844	-0.2409	2	181	536	6	2013.466667
heard island	-0.1098	0.3653	1	429	1566	25	2005.722222
heat	0.5558	-0.0284	2	201	520	7	2011.129975
height	0.3975	-0.3796	2	265	738	10	2010.601343
hemiptera	-0.2459	-0.3465	4	184	518	7	2011
hemisphere	-0.1001	0.5987	1	453	1514	16	2010.968158
hepatics	0.2327	0.471	1	115	258	5	2004.444444
herb	0.3964	-0.0377	5	231	612	7	2012.333333
herbivores	-0.3958	-0.9222	4	306	1202	16	2013.6
herbivory	0.0994	-0.2016	4	154	398	5	2013.628099
heritage	-0.7176	-0.3246	3	270	858	12	2012.125
heterogeneity	0.3742	0.5052	1	328	1030	13	2014.002481
heterozygosity	0.2524	1.0925	1	170	508	7	2008.333333
hexapoda	0.2251	1.1521	1	259	780	9	2008.333333
hierarchy	0.1878	-0.2212	3	202	492	5	2011.6125
high altitude	0.2707	0.4158	1	212	554	8	2012.481308
high latitudes	0.2243	0.0578	2	356	1100	13	2011.932029
high light	1.2061	-0.3648	2	164	464	5	2012.208333
high seas	-1.4258	0.176	3	127	454	6	2009.615385
high temperatures	0.6733	-0.2583	2	137	322	5	2011.761364
high-resolution	0.0692	0.1285	1	244	692	9	2012.264879
highlands	-0.3337	0.6103	1	169	420	6	2011.355932
historical data	0.3333	-0.459	5	189	500	5	2008.327869
history	-0.2706	0.6098	1	865	5298	60	2011.001969
holocene	1e-04	0.8448	1	208	584	9	2010.62959
homogenization	-0.9007	0.255	3	170	476	6	2010.571429
hook	0.6052	-0.0647	5	127	366	5	2008.727273
host	-0.2391	-0.65	4	331	1112	16	2013.124
hot spots	-0.4318	0.4629	3	229	604	6	2014.903846
hotspot	-0.3132	0.5979	1	186	468	5	2015.44586
house mice	-0.294	-0.8911	4	521	2662	32	2006.28125
house mouse	-0.4459	-0.7444	4	415	1822	23	2007.217391
house mouse mus musculus	-0.4008	-0.7684	4	249	860	10	2006.7
human activities	-0.8246	-0.0897	3	831	6436	69	2013.345725
human disturbance	-0.9521	0.0245	3	202	576	7	2013.16
human footprint	-1.1581	-0.0024	3	224	642	7	2016
human impact	-0.8277	-0.0806	3	551	3122	38	2013.236842
humans	-0.6896	-0.0779	3	586	2658	33	2012.412162
humidity	0.5147	-0.0589	2	276	762	9	2011.561033
hymenoptera	-0.2996	-0.147	4	149	390	5	2014.375
hypogastruridae	-0.2351	0.9567	1	229	674	7	2012
hypotheses	0.04	0.1917	4	505	1930	23	2011.496
hypothesis	0.375	0.3928	1	644	2810	35	2011.082126
ice	0.0403	0.4299	1	695	3256	42	2011.721291
ice sheet	-0.4633	0.7126	1	254	710	8	2012.194459
ice-free	-0.1849	0.5126	1	767	4356	48	2013.322981
ice-free areas	-0.138	0.1841	3	371	1336	17	2013.169492
identification	-0.0608	0.3963	1	421	1386	16	2011.944837
identity	-0.3429	0.4391	1	322	888	11	2013.229508
iles crozet	-0.1124	0.3889	4	223	586	6	2007.333333
iles kerguelen	0.1059	0.0978	4	240	654	8	2005.625
images	-0.3004	0.0681	1	165	424	6	2011.32506
immigration	-0.0463	0.536	1	358	1118	13	2009.5
impact	-0.4581	-0.4784	3	1196	13468	162	2013.206627
implementation	-0.9689	-0.2602	3	553	2546	29	2013.145907
implications	-0.3107	-0.0426	3	685	2910	41	2011.871583
improvement	-0.8144	-0.4142	3	235	636	8	2012.529851
incidence	-0.4067	-0.0447	4	273	716	10	2011.204819
inclusion	-0.336	-0.2007	4	328	912	12	2010.77907
index	-0.4824	0.128	3	364	1188	15	2011.380952
indian	-0.5863	-0.49	4	239	688	9	2008.760736
indian ocean	-0.2584	-0.1192	4	571	2542	34	2010.03125
indices	0.1696	-0.3042	2	508	1732	21	2012.102711
indigenous	-0.5867	-0.5561	4	220	544	5	2011.6
indirect effects	-0.0769	-0.7461	5	211	586	6	2012.544776
individual species	-0.4084	-0.1214	5	205	552	7	2013.475
individuals	0.265	0.3382	1	986	7304	90	2011.172646
industry	-1.0971	0.0912	3	168	412	5	2013.271676
infection	-0.0476	-0.5622	4	215	536	6	2011.615385
influence	0.2807	-0.1921	5	875	4838	56	2011.779275
information	-0.3253	0.0071	3	997	6132	77	2011.767792
infrastructure	-0.8813	-0.14	3	181	508	6	2014.216606
inland	0.3978	-0.0941	4	176	412	5	2012.551282
insecta	-0.0313	0.7341	1	189	504	7	2009.285714
insects	-0.3527	0.0717	4	643	3440	44	2009.870588
institutions	-1.0862	0.1305	3	238	742	9	2011.531915
integration	-0.6019	0.1027	3	239	634	8	2010.47619
integrity	-0.7916	-0.046	3	282	788	9	2012.383562
intensity	0.342	-0.5106	5	379	1234	15	2011.663823
interactions	-0.0612	-0.313	5	869	4952	55	2011.626733
interests	-1.2159	0.1318	3	156	448	6	2011.366667
international	-0.8749	-0.0217	3	333	1106	15	2009.59081
international collaboration	-0.854	0.1211	3	174	474	6	2013.318182
interpretation	-0.6046	0.3222	3	222	578	8	2010.411609
intervention	-0.5945	-0.748	3	276	872	10	2013.166667
introduced	-0.3945	-0.6889	4	442	1594	19	2007.363636
introduced species	-0.5656	-0.494	4	372	1288	15	2007.6875
introduction	-0.5344	-0.2965	3	1028	9314	111	2010.370629
invader	0.0561	-0.2331	2	236	624	7	2011.5
invasion	-0.5131	-0.2438	3	1018	10184	112	2013.178571
invasive alien species	-0.7558	-0.1629	3	435	1694	18	2011.117647
invasive mammals	-0.7019	-1.0291	4	130	320	5	2011
invasive plants	-0.0374	-0.5284	3	362	1364	14	2013.944444
invasive species	-0.4041	-0.387	4	952	7342	89	2013.369369
inventory	-0.7673	0.226	3	170	404	5	2012.165029
invertebrate communities	0.0315	-0.499	4	214	590	8	2011.409091
invertebrate fauna	-0.3299	0.3664	4	276	816	8	2011.615385
invertebrates	-0.4143	-0.1896	4	858	6150	73	2011.049793
investment	-0.28	-0.156	3	276	774	10	2013.355932
irradiance	1.0723	-0.2268	2	211	606	6	2010.337793
island	0.0201	-0.1523	4	1472	37672	507	2009.956692
island biogeography	-0.1044	0.3206	4	188	496	6	2010.6
island conservation	-0.7272	-0.7389	4	199	590	7	2007.5
island ecosystem	-0.3698	-0.6124	4	224	588	7	2007.909091
island populations	-0.3955	0.0134	4	335	928	12	2008.9375
island restoration	-0.8485	-0.8072	4	187	538	6	2010.857143
isolate	0.2618	0.5732	1	220	710	10	2011.588083
isolation	-0.1553	0.5476	1	840	4892	53	2010.695946
isotoma klovstadi	-0.0433	1.342	1	139	384	5	2002.6
isotomidae	-0.0952	1.0472	1	300	1078	14	2012.428571
its region	0.2157	0.9888	1	99	262	5	2012.645833
journals	-0.9529	0.13	3	93	302	5	2010.2
jurisdiction	-1.442	0.1666	3	147	544	7	2011.545455
karyotypes	0.9334	0.6561	1	141	476	6	2013.285714
kerguelen	-0.1294	-0.3637	4	668	3630	54	2006.886525
kerguelen archipelago	-0.463	-0.9288	4	314	1312	18	2005.15
kerguelen islands	0.3008	-0.0072	4	331	1182	17	2009.52381
key	-0.2104	0.099	3	430	1320	17	2013.075472
key species	-0.6228	0.5234	1	130	308	5	2011.934783
keystone	0.3472	-0.3132	5	308	1092	12	2013.976744
king	0.8624	-0.1339	2	646	3698	44	2013.07113
king george island	0.9039	-0.1151	2	598	3508	41	2013.25641
knowledge	-0.7565	-0.2418	3	650	3284	38	2012.895394
knowledge gap	-0.8399	-0.6492	3	213	602	5	2015.416667
laboratory	0.5043	-0.3452	2	532	2084	25	2010.526248
lake	-0.1409	0.4941	1	289	894	16	2012.017794
land	0.0356	0.7164	1	965	7058	87	2012.42268
landscape	-0.0158	0.4158	5	479	1768	20	2013.677302
landscape scale	-0.2253	0.2343	5	200	490	5	2014.545455
large-scale	-0.7291	0.3548	3	304	946	9	2011.165527
larvae	-0.1591	-0.136	4	444	1792	25	2007.544262
latitude	0.2521	0.3513	5	593	2466	27	2011.054819
latitudinal gradient	0.3525	0.6671	5	281	842	9	2012.966942
lavas	-0.199	0.223	1	164	386	5	2004.705882
layer	0.5981	-0.2796	2	332	1026	12	2010.321275
lead	0.4421	-0.0517	2	171	400	6	2010.716069
leaf	1.1794	-0.3309	2	406	1878	26	2012.706667
leaf anatomy	1.4117	-0.1976	2	134	414	5	2011.285714
leaves	1.1425	-0.2937	2	399	1876	27	2010.861789
legislation	-1.2727	-0.1011	3	244	828	9	2015
length	0.8492	0.1972	2	546	2470	34	2010.5328
lepidoptera	-0.2962	-0.119	4	302	960	13	2008.619048
levels	0.3801	0.3931	1	994	6730	78	2011.25209
lgm	-0.1314	0.722	1	223	592	6	2011.552083
lichen communities	0.5404	-0.2632	5	216	696	7	2010.190476
lichen species	0.3312	0.2208	5	249	812	10	2013.233333
lichens	0.4221	0.0415	5	680	3788	46	2010.846457
life	-0.1402	0.3514	1	769	3746	42	2011.876747
life cycle	-0.0239	-0.0052	4	236	680	7	2011.540698
life history	-0.156	0.3375	1	573	2304	25	2011.362319
life-history traits	-0.1772	0.0652	5	228	618	6	2013.481481
light	0.6111	-0.0933	2	533	2022	26	2011.753582
likelihood	-0.5051	0.3619	1	531	2148	26	2011.660944
limit	0.2526	-0.068	2	533	1972	24	2010.544865
limitations	0.4897	-0.3871	2	433	1472	18	2012.614846
line	-0.1042	0.1555	4	373	1190	12	2011.363128
lineages	0.0215	1.0916	1	430	1746	18	2013.392045
linear model	-0.1634	0.3	5	253	758	8	2011.59
list	-0.6067	0.1535	3	288	786	11	2011.824176
literature	0.0386	0.3544	5	566	2136	24	2011.726524
litter	0.1736	-0.7869	4	276	892	10	2013.5
liverwort	0.1462	0.3987	5	243	790	9	2006.285714
living	-1.179	0.0399	3	310	1286	18	2011.447853
living resources	-1.4333	0.1512	3	178	836	12	2015.590909
livingston island	0.5089	-0.4165	5	169	540	6	2012
local scale	0.418	0.5222	5	296	898	9	2013.690476
locality	-0.203	0.8248	1	155	392	7	2010.342105
location	-0.0458	0.4201	1	893	5234	56	2010.881081
logistics	-0.5855	-0.0805	3	221	582	7	2014.516129
london	-0.1794	0.9194	1	235	622	6	2011.518519
long-distance	0.1148	0.5568	1	283	792	11	2008.409091
long-distance dispersal	-0.0087	0.6385	1	279	772	10	2011.6875
long-term	-0.3686	0.1322	3	794	4248	46	2012.366366
loss	0.0527	-0.6547	4	401	1364	17	2013.251087
low temperatures	1.1053	-0.2994	2	517	2674	31	2011.076759
lowlands	0.1129	0.1554	1	164	408	5	2013.427273
macquarie	-0.2952	-0.3715	4	691	3660	50	2008.395604
macquarie island	-0.2782	-0.3189	4	716	3968	55	2008.416667
macroinvertebrates	0.0589	-0.6651	4	227	628	8	2012
magnitude	0.2094	-0.2908	5	447	1616	18	2011.364091
mainland	-0.3056	-0.0234	1	392	1160	15	2011.146667
maintenance	0.4283	-0.1864	2	191	454	6	2010.394191
males	-0.1045	-0.6227	4	318	1238	20	2006.916667
mammals	-0.5374	-0.8073	4	479	2100	28	2011.107784
management	-0.8256	-0.3064	3	1003	9690	114	2013.088766
management plans	-0.989	-0.0429	3	250	804	9	2010.75
management strategies	-0.8863	-0.1021	3	248	708	7	2013.637931
map	-0.1025	0.1065	3	261	756	10	2011.727201
mapping	-0.6124	0.2593	3	296	956	12	2012.226667
marguerite bay	-0.1246	0.7185	1	194	486	5	2010.645833
marine	-0.9655	0.222	3	642	3658	49	2012.020366
marine ecosystems	-1.2055	0.0489	3	199	688	9	2013.642259
marine environment	-0.9847	0.2165	3	263	796	8	2012.287625
marine invertebrates	-0.1575	0.3906	1	126	310	5	2010.702128
marine living resources	-1.4339	0.1503	3	178	836	12	2016.133333
marine protected areas	-1.4647	0.2118	3	131	592	9	2016.066667
marine species	-1.0729	0.1991	3	158	406	5	2012.688525
marion	0.0483	-0.4186	4	958	8030	113	2005.727273
marion island	0.0364	-0.4682	4	948	8056	112	2006.060606
maritime	0.7722	0.1133	2	968	8302	97	2011.981865
maritime antarctic	0.8413	0.1083	2	889	7002	84	2010.549618
maritime antarctica	0.4282	0.0731	2	512	1906	21	2014.090909
markers	0.5963	0.8913	1	438	2196	28	2013.021898
mass	0.3762	-0.4995	4	522	2008	26	2010.941993
materials	0.5841	-0.188	2	176	474	6	2011.458333
mathematical model	-0.4606	-0.8561	4	168	494	6	2011.674419
mature	0.5107	-0.4403	2	324	1014	15	2010.101124
maximum	-5e-04	0.7033	1	579	2312	25	2010.287843
maximum likelihood	0.035	1.2817	1	154	460	5	2009.226667
mean	0.2346	-0.4498	4	389	1290	16	2010.953636
measurements	-0.0329	-0.3186	3	850	4946	63	2010.932763
mechanisms	0.4858	-0.1552	2	858	4974	58	2011.610479
media	-0.664	-0.1596	3	234	610	6	2012.027933
mediterranean	0.3678	-0.2911	2	201	476	5	2009.594488
megaherb	-0.1156	-0.743	4	177	526	8	2005.666667
melt	0.5001	-0.0424	2	143	364	5	2013.146853
melting	0.9127	-0.1853	2	136	370	5	2012.110283
membrane	1.1764	-0.1521	2	188	560	7	2012.060241
mesophyll cells	1.3141	-0.2105	2	118	408	6	2007
metabolism	1.0742	-0.015	2	224	702	8	2013.696486
method	-0.0972	-0.1428	4	1009	6920	85	2012.144788
methodology	-0.8564	-0.4486	3	303	878	11	2012.912525
mexico	0.2913	-0.7943	2	188	484	7	2010.818182
mice	-0.3344	-0.7999	4	642	4044	51	2006.666667
microarthropod	-0.0294	0.7551	5	304	1050	12	2010.8
microclimate	0.4733	-0.4525	5	314	1014	11	2011.987179
microcosm	0.2554	-0.7824	2	174	442	5	2013.482143
microhabitats	0.7605	0.1153	5	144	368	5	2010.595745
microorganisms	0.31	-0.5839	2	291	882	12	2013.878151
microsatellite	0.1489	0.7621	1	208	604	8	2011.333333
microscopy	1.3019	-0.3257	2	130	366	7	2012.438017
midge	-0.3321	0.2346	1	249	786	9	2008.7
migrants	-0.3195	0.4079	4	120	288	5	2007.875
migration	-0.1974	0.2315	4	295	878	12	2011.023474
minerals	-0.2505	-0.3134	3	212	510	6	2012.390313
minimum	-0.0192	0.0165	5	269	724	9	2009.779051
mire	0.2896	-0.6886	5	244	814	10	2012.142857
mites	-0.0103	0.846	1	471	2010	24	2008.475
mitigation	-0.6354	-0.545	3	312	1008	12	2014.985849
mitochondria	0.9191	0.3128	2	237	714	9	2011.85
mitochondrial	-0.0764	1.0988	1	207	566	7	2012.75
mitochondrial dna	0.0381	1.1744	1	248	802	9	2011.25
mitochondrial genome	0.2789	1.0582	1	166	542	7	2014.823529
mode	-0.0883	-0.3298	4	234	614	9	2010.915266
model	-0.0661	-0.158	5	1029	7446	87	2011.651901
model species	0.4068	-0.1775	5	173	438	6	2012.512821
modeling	-0.3211	0.1441	5	492	1918	21	2012.080047
modification	0.3101	-0.0095	5	293	818	9	2009.923977
moisture	0.63	-0.433	5	425	1576	19	2012.602086
molecular	0.3098	1.0372	1	400	1496	18	2012.319372
molecular clock	-0.0464	1.2769	1	198	610	6	2012
molecular data	0.0124	1.1795	1	229	694	7	2014.727273
molecular markers	0.6223	1.0603	1	208	656	7	2013.9
monitoring	-0.5539	-0.3104	3	835	5180	58	2012.828676
moraines	0.2069	0.3655	1	139	338	5	2010.095
morphological characters	-0.3036	0.8699	1	189	490	6	2010.5
morphology	0.37	0.3651	1	593	2424	35	2011.797508
morphometric	-0.3131	-0.0607	4	179	570	7	2011.933333
mortality	-0.311	-1.0109	4	312	986	15	2009.693662
moss	0.4334	0.2763	5	919	7186	93	2010.479651
moss communities	0.3024	-0.4547	5	178	474	5	2014.571429
moth	-0.2766	-0.4975	4	379	1412	18	2010.804878
mountains	0.1797	0.5607	1	525	1994	24	2011.617276
mouse	-0.4323	-0.8152	4	452	2254	28	2009.128205
movement	-0.3536	0.0386	3	554	2126	23	2009.813333
mpa	-1.3997	0.2175	3	140	634	10	2013.15625
mpas	-1.4029	0.1877	3	155	714	11	2016.411765
mtdna	0.0727	1.2307	1	325	1284	14	2011.043478
multivariate	0.3311	0.1558	5	224	642	7	2013.099057
mus	-0.4758	-0.8982	4	473	2496	30	2006.290323
mus domesticus	-0.4116	-0.7157	4	162	486	6	2006.666667
mus musculus	-0.4324	-0.874	4	480	2652	32	2007.53125
mus musculus domesticus	-0.3285	-0.6798	4	174	572	7	2009.857143
mutation	0.4761	1.0774	1	154	590	8	2009.235294
myxoma virus	-0.5602	-1.1117	4	173	602	9	2008.444444
myxomatosis	-0.5401	-1.1595	4	115	364	6	2007.5
national	-0.7669	0.2071	3	331	1044	15	2010.195652
native	0.0687	-0.0962	3	333	1072	15	2012.53125
native species	-0.597	-0.2951	3	836	6096	68	2014.527027
natural habitats	0.8005	-0.1591	2	111	268	5	2012.52381
nature	-0.3758	0.0428	3	556	2110	28	2010.788145
neanuridae	-0.112	1.2639	1	116	322	5	2005
negative effects	0.5574	-0.4919	5	299	900	10	2013.896552
negative impacts	-0.0757	-0.5618	3	355	1136	12	2014.051948
nematodes	-0.578	0.0343	4	203	510	6	2010
nestedness	-0.3884	0.6098	1	178	452	5	2012.636364
nests	0.0696	-0.5354	4	204	602	9	2013.366667
net photosynthesis	1.2892	-0.4626	2	160	448	5	2012.176471
network	-0.8616	0.0702	3	404	1742	22	2012.964962
new ice	0.5049	0.2305	5	161	440	5	2008.838384
new records	-0.1677	0.5355	1	224	650	13	2010.707692
new species	-0.3455	0.657	1	300	1008	20	2011.213873
new zealand	-0.4246	0.3126	1	671	3178	50	2009.724138
niche	0.2156	-0.4804	5	357	1214	14	2014.209184
nitrogen	0.7662	-0.5284	2	279	874	11	2012.807923
non-indigenous	-0.5719	-0.4279	3	228	760	8	2010.333333
non-indigenous species	-0.6692	0.2324	3	349	1200	13	2012.866667
non-native	-0.8032	-0.1549	3	440	1846	19	2015.421053
non-native species	-0.6912	-0.2619	3	597	3388	36	2015.416667
norm	-0.7107	0.4135	3	204	506	6	2013.2
north	-0.0272	0.4053	1	603	2400	31	2010.374238
north america	-0.0625	0.545	1	263	778	11	2011.532207
northern	0.2175	-0.0455	5	343	1004	12	2011.106605
northern hemisphere	0.0275	-0.0328	5	199	504	6	2010.714878
norway	-0.3591	-0.0799	4	227	588	9	2011.264414
nunataks	-0.4531	0.8328	1	145	434	5	2009.06383
nutrients	0.5674	-0.5906	2	441	1734	19	2011.870968
oasis	0.6162	0.2024	2	234	762	10	2012.446809
objective	-0.5159	-0.1253	3	243	648	9	2011.917647
observations	0.0214	-0.0796	4	776	3518	50	2011.448164
occupancy	-0.6297	-0.3919	4	199	582	7	2010.295455
occurrence	0.0353	0.2055	1	726	3512	42	2011.803551
ocean	-0.5358	-0.0021	4	1078	9260	114	2010.965167
ocean island	-0.0578	-0.1885	5	266	826	9	2008.076923
oceanic islands	-0.46	-0.1216	4	724	4416	55	2009.046154
offshore	-0.5853	0.5407	1	191	522	7	2009.651466
offshore islands	-0.6059	0.1576	1	193	530	7	2005.714286
oil	0.1587	-0.3431	3	172	410	5	2011.484241
onset	0.1465	-0.186	4	201	496	6	2011.400894
open-top chambers	0.8979	-0.4227	2	170	506	5	2015.514286
operation	-0.8058	-0.6559	4	386	1428	16	2012.715909
options	-0.8477	-0.4148	3	272	800	10	2013.343284
order	0.0531	0.0929	1	856	4278	51	2010.598046
ordination	0.2394	-0.1896	5	231	692	9	2011.275362
organelles	1.2818	-0.1822	2	121	450	6	2010.333333
organic matter	0.8626	-0.559	2	155	424	5	2012.485771
organisms	-0.0323	0.283	3	640	3058	35	2012.67134
organization	-0.5632	0.2794	3	238	660	9	2013.329897
origin	0.2363	0.5809	1	749	4004	49	2010.187679
orkney	0.3026	-0.1214	5	357	1352	15	2009
oryctolagus	-0.6309	-1.149	4	245	1002	14	2009.285714
oryctolagus cuniculus	-0.6091	-1.1295	4	248	1010	14	2007.642857
oscillation	0.3544	-0.6211	2	165	372	5	2010.801829
outcomes	-0.6493	-0.607	4	335	1102	12	2014.259036
oxidase	0.0771	1.066	1	354	1254	13	2013.341463
pace	-0.9643	-0.094	3	194	510	6	2013.111111
pacific	-0.5332	0.3785	1	381	1330	18	2010.950879
parallel	0.9787	-0.2297	2	148	358	5	2010.6875
parameters	0.7997	-0.2058	2	512	1904	24	2010.962104
parasites	-0.3637	-0.8588	4	193	526	8	2012.636364
part	-0.1476	-0.0795	4	734	3058	38	2010.410034
particles	0.3788	-0.1998	2	136	308	6	2011.108822
past	-0.5598	-0.1029	4	247	670	9	2012.316703
patagonia	0.3691	1.0245	1	221	656	7	2012.485294
patches	0.2428	0.2647	1	245	742	10	2011.337979
pathogens	-0.354	-0.8151	4	239	692	9	2014.164835
pathways	-0.2697	-0.1968	3	383	1328	15	2013.213274
patterns	0.1689	0.3518	1	1193	11574	129	2011.236066
pearlwort	1.1004	0.1645	2	294	1072	13	2012.384615
peat	0.2783	-0.5943	5	296	900	11	2013.503205
penguin colonies	-0.0325	-0.5052	4	241	620	7	2012.526316
penguins	-0.0313	-0.1842	4	397	1276	16	2011.289157
peninsula	0.36	0.1922	2	1060	9746	103	2011.596904
perceptions	-0.9491	0.2837	3	130	358	5	2013.0625
performance	1.047	-0.4492	2	464	2268	27	2013.489921
period	0.1559	-0.2041	2	950	5154	67	2011.210316
permafrost	0.6184	-0.4134	5	188	568	6	2012.799678
persistence	-0.4046	0.1082	1	491	1894	22	2012.073254
perspective	-0.6727	0.5339	3	310	938	9	2012.901235
perturbations	0.2309	-0.5998	5	157	388	5	2010.583086
pest species	-0.701	-0.6151	4	162	412	5	2012
pests	-0.7809	-0.6332	4	386	1434	17	2013.535714
petrels	-0.5297	-1.0131	4	218	696	9	2009.526316
ph	0.8713	-0.3292	2	252	698	8	2013.361345
phanerogams	0.718	-0.1284	2	244	698	7	2000
phase	-0.3242	-0.1902	1	276	760	9	2011.300144
phenology	0.0133	-0.3484	4	238	628	7	2014.085938
phenotypic	0.7257	0.2108	2	343	1166	13	2013.529412
phenotypic plasticity	0.8572	-0.0367	2	358	1288	15	2013.916667
photoperiod	1.0772	-0.5886	2	143	382	6	2009.826087
photosynthesis	1.2175	-0.4182	2	367	1766	23	2012.442424
photosynthetic	1.1863	-0.4259	2	187	502	7	2011.542857
photosynthetic performance	1.3723	-0.4133	2	156	492	5	2014.454545
photosynthetic rate	1.1578	-0.5225	2	147	388	6	2009.5625
phylogenetic	-0.1291	1.0518	1	300	1026	14	2012.713235
phylogenetic analysis	0.0482	0.967	1	157	378	5	2012.784615
phylogenetic relationships	0.2277	1.0835	1	183	558	8	2011.2
phylogeny	0.1677	0.8372	1	429	1686	20	2012.637037
phylogeography	-0.1611	1	1	304	972	11	2012.5
physiological adaptations	0.9371	-0.0547	2	179	438	5	2012.409091
physiology	0.9208	0.2021	2	237	660	8	2013.727273
place	-0.5264	-0.347	3	632	2606	30	2009.958042
placement	-0.0865	1.1822	1	197	570	7	2011.75
planet	-0.6647	-0.1506	3	202	516	7	2012.158537
planning	-1.0265	-0.1574	3	367	1282	15	2013.468421
plant	0.5689	-0.2569	2	1351	24708	305	2012.538334
plant communities	0.1044	-0.4677	5	571	2472	29	2013.503125
plant growth	0.9395	-0.5089	2	231	662	8	2013.3125
plant material	-0.2583	-0.6688	4	268	756	8	2011.580645
plant species	0.4218	-0.2837	2	915	6580	77	2013.049822
plasticity	0.8165	-0.0278	2	448	1818	21	2014.345794
plastid	0.9792	0.2895	2	204	560	6	2013.6875
plateau	0.0238	0.3863	1	332	968	15	2012.169659
pleistocene	0.1287	1.1281	1	301	1166	12	2009.611702
plot	0.1603	-0.2746	5	188	536	7	2011.591837
poa	0.5948	-0.4281	2	723	4540	54	2011.628571
poa annua	0.6902	-0.3896	2	544	2998	35	2012.714286
poaceae	0.9695	0.0537	2	564	2820	36	2011.285714
poison	-0.7158	-1.1884	4	75	218	5	2004.166667
poisoning	-0.7751	-1.0843	4	146	480	8	2007.636364
poland	1.0971	-0.0622	2	215	732	9	2013.053571
polar	-0.2727	0.071	3	576	2406	30	2011.082686
polar desert	0.3205	-0.4671	5	137	390	5	2011.409836
polar front	-0.0063	0.4339	5	176	438	5	2009.072327
polar regions	0.1823	0.0212	2	412	1426	17	2011.606775
pole	-0.3797	-0.2525	3	82	200	5	2010.226221
policy	-1.1173	-0.0972	3	505	2484	30	2014.121693
policy makers	-1.2724	-0.0973	3	168	504	5	2013.974359
pollen	0.6967	-0.1083	2	359	1236	17	2011.027027
pollen grains	0.9021	-0.1651	2	202	714	10	2007.272727
pollution	-1.2073	-0.0861	3	244	774	8	2012.161202
polymorphism	0.8389	0.7677	1	230	932	12	2011.742574
polytrichum	0.6104	0.191	5	153	404	5	2010.6
pools	0.1139	-0.2025	5	189	448	5	2013.203252
population	0.0453	0.0019	4	1366	20548	265	2011.362024
population density	-0.166	-0.7711	4	223	660	8	2010.9
population differentiation	0.2839	0.9612	1	185	532	6	2007.444444
population dynamics	-0.0862	-0.7373	4	346	1194	14	2011.758929
population genetic structure	0.0707	1.359	1	170	544	6	2014.2
population genetics	0.2084	1.1455	1	379	1708	19	2013.705882
population increase	0.2397	-0.8608	5	188	476	5	2009.230769
population size	-0.3764	-0.6015	4	315	1012	12	2010.705882
population structure	0.1184	1.0278	1	338	1286	16	2011.321429
position	-0.2705	0.4815	1	456	1614	22	2010.689373
potential	-0.3493	-0.2327	3	645	3032	35	2012.784435
power	-0.7621	0.4208	3	184	420	5	2011.834034
practice	-1.1135	-0.1926	3	210	578	7	2013.25
precipitation	0.4605	-0.3953	5	489	2036	24	2012.247478
predation	-0.4883	-0.9317	4	449	2284	27	2008.722222
predator-prey	-0.3635	-1.0765	4	129	342	5	2010.960784
predators	-0.5519	-0.8363	4	513	2602	35	2010.345515
predatory	-0.4307	-0.5173	4	191	482	5	2011.481481
prediction	-0.4765	-0.0873	3	401	1430	17	2012.073267
preference	-0.2268	-0.2443	4	343	1020	11	2012.214286
present	-0.2265	-0.2322	4	316	826	11	2011.176606
preservation	-0.103	-0.1502	3	187	454	6	2011.649533
pressure	-0.2099	-0.1658	3	789	4358	50	2010.477108
prevalence	-0.0581	-0.5957	4	222	586	8	2013.013245
prevention	-1.0044	-0.0298	3	313	1092	12	2014.5
prey	-0.4124	-1.0521	4	358	1750	24	2009.116992
prey species	-0.3524	-1.1094	4	171	492	6	2009.090909
primary	0.8882	-0.4172	2	233	600	7	2011.961353
primers	0.7254	0.7994	1	138	424	6	2012.84
prince edward islands	-0.2586	0.2707	4	488	2242	30	2006.197368
principal components	0.3426	-0.0799	5	186	452	5	2010.402597
pringlea antiscorbutica	0.7493	-0.5827	2	178	510	9	2004.3
pringleophaga marioni	-0.0013	-0.7387	4	126	416	6	2009.833333
priority	-0.912	-0.2443	3	456	1648	17	2014
probability	-0.3575	-0.2921	4	392	1382	18	2011.876866
procedures	-0.776	0.1494	3	314	968	11	2010.315476
processes	-0.2113	0.0681	3	1112	9130	113	2011.967406
production	0.6654	-0.1683	2	527	2246	26	2011.637878
productivity	0.2182	-0.5054	2	406	1422	17	2012.484007
profiles	0.0326	0.6917	1	245	622	8	2010.526606
programme	-0.7814	-0.4728	4	600	2818	37	2009.044118
progress	-0.8072	0.1603	3	378	1198	14	2012.411765
project	-0.5688	-0.5466	3	488	1860	23	2012.453668
proline	1.2727	-0.4941	2	147	522	7	2013.214286
propagation	0.9749	-0.2657	2	160	386	5	2010.734739
propagule banks	0.2358	-0.365	5	172	476	5	2003.4
propagule pressure	-0.6802	-0.0442	3	442	1988	20	2010.47619
propagules	-0.1871	-0.0661	3	681	3966	44	2008.666667
properties	0.7533	-0.2139	2	458	1632	19	2011.071907
proportion	-0.1822	-0.2839	4	603	2492	33	2011.055556
protected areas	-1.1833	0.0828	3	426	2380	30	2015.55102
protection	-1.1134	-0.0558	3	569	3574	42	2013.352941
protein	0.9864	0.0754	2	297	946	13	2012.85274
protocol	-1.1761	-0.0287	3	496	2880	31	2014.140541
province	-0.0975	0.4152	4	405	1616	19	2010.882653
proximity	0.182	0.1786	1	316	908	11	2011.075099
proxy	0.5962	-0.4974	5	187	490	5	2013.127907
psii	1.2344	-0.4507	2	132	358	5	2012.941176
publications	-0.2941	-0.0227	3	238	722	11	2012.247619
quality	0.027	-0.4696	3	304	896	11	2012.741898
quantification	-0.7494	-0.515	3	235	638	7	2013.40625
quarantine	-0.6792	-0.2479	4	209	666	8	2007.625
rabbit eradication	-0.5883	-1.1698	4	154	404	5	2009.2
rabbit grazing	-0.1638	-1.0427	4	177	588	8	2009.5
rabbit haemorrhagic disease	-0.6277	-1.1857	4	112	362	6	2010.833333
rabbit haemorrhagic disease virus	-0.636	-1.1883	4	101	310	5	2013
rabbits	-0.5129	-1.0409	4	498	3068	42	2007.909091
radiation	0.7938	-0.1972	2	415	1432	15	2011.331925
rain	0.4976	-0.3349	2	166	396	6	2011.945455
rainfall	0.2256	-0.3326	2	250	766	10	2011.97561
random	0.4485	0.6904	1	260	1078	15	2011.403974
random amplified polymorphic dna	0.5067	1.0211	1	103	474	7	1998.555556
range	-0.0984	0.1186	1	1230	11210	135	2011.410547
range expansion	-0.0247	0.3915	5	292	880	10	2013.886364
rapd	0.4481	0.9921	1	168	930	14	1999.736842
rapid	0.6634	0.128	5	329	1032	12	2012.463023
rapid response	-0.8648	0.0604	3	190	492	5	2012.75
rat	-0.6465	-0.8029	4	419	1930	25	2007.818182
rates	0.3878	-0.2397	2	766	3580	45	2011.494306
ratio	0.5158	-0.3964	2	518	1858	25	2010.925387
rattus	-0.6225	-0.7794	4	343	1308	16	2007.125
rattus rattus	-0.59	-0.8622	4	246	800	9	2008.222222
rdna	0.6784	0.8046	1	203	698	9	2012.367232
reaction	0.9086	0.2271	2	220	586	7	2010.924119
rearrangement	0.7093	0.8439	1	185	604	7	2011.272727
reason	0.3484	-0.2856	2	279	788	10	2011.71371
recent	-0.347	0.4715	1	464	1618	19	2011.804991
recolonization	-0.1218	0.2768	5	336	1030	11	2010.666667
recommendations	-0.8435	-0.2915	3	316	1004	13	2012.785714
reconstruction	-0.2043	0.8997	1	243	678	8	2012.728025
record	-0.3349	0.1806	1	523	1980	28	2011.508365
recovery	-0.1433	-0.8942	4	319	976	13	2012.7654
recruitment	0.2295	-0.8895	4	245	692	8	2009.700704
redescription	-0.2759	1.1354	1	99	288	5	2013.4
reduction	0.0277	-0.6221	4	611	2552	29	2012.202875
refuge	-0.4691	0.1808	1	199	494	6	2009.78
refugia	-0.0583	1.0411	1	493	2422	26	2013.741935
regime	0.211	-0.397	2	437	1450	16	2010.768478
region	-0.1709	0.3418	3	1380	20816	248	2011.608772
regional	-0.2305	-0.041	3	168	400	5	2012.480198
regional climate	0.6252	-0.5649	2	269	872	8	2013.123404
regional scale	-0.0464	0.6368	5	214	598	6	2012.592334
regression	0.2922	-0.1536	5	343	1152	14	2011.924945
regulation	0.2112	-0.4337	2	318	950	12	2011.631579
relatedness	0.636	0.5245	1	130	346	5	2011.111111
relationship	0.1376	0.518	1	921	5664	73	2011.52721
release	-0.3788	-0.9095	4	342	1136	15	2012.712924
relict	-0.1642	0.8913	1	214	588	9	2011.614754
remote	-0.3792	0.0663	3	375	1258	15	2012.899032
remote areas	-0.5303	-0.7005	3	152	370	5	2011.432432
remote islands	-0.5969	0.0508	4	247	656	8	2010.6
remote sensing	-0.9362	-0.0428	3	148	438	5	2012.958159
removal	-0.2424	-0.7167	4	411	1464	18	2011.470833
repeat	0.8893	0.5785	1	158	504	7	2011.037288
reproduction	0.6762	-0.0142	2	500	2222	29	2010.931818
requirements	-0.3679	-0.0024	3	454	1562	19	2011.322368
research	-0.6166	-0.151	3	1089	10102	128	2012.25614
research station	-0.6333	-0.0978	3	535	2354	27	2013.45082
reserves	0.0689	-0.1617	2	380	1066	13	2012.715328
resilience	-1.0962	-0.0391	3	154	432	6	2014.867816
resistance	0.7524	-0.3791	2	429	1556	17	2013.068966
resolution	-0.5089	0.2866	1	373	1172	14	2011.918993
resources	-0.661	-0.1432	3	778	4348	52	2013.251701
respiration	0.9032	-0.5606	2	236	714	9	2013.448352
respiration rates	1.052	-0.6025	2	131	368	5	2012.580247
response	0.4365	-0.3696	2	1032	7678	91	2012.161066
rest	0.0561	-0.5918	4	147	346	5	2011.1893
restoration	-0.3537	-0.7276	4	338	1180	14	2013.414634
retreat	0.1799	0.3297	1	214	602	7	2012.69985
revision	-0.5651	0.8035	1	133	318	5	2011.627451
rhdv	-0.5789	-1.1831	4	81	262	5	2012.8
richness	-0.0787	0.1444	5	721	4490	51	2013.813953
risk	-0.7358	-0.2542	3	847	6932	77	2014.229167
risk assessment	-0.7446	-0.2689	3	338	1284	15	2014.288136
river	-0.1064	-0.2642	4	210	568	8	2011.920886
rna	0.4917	0.839	1	174	472	7	2012.641379
robert island	1.4011	-0.3018	2	121	360	5	2004.833333
rocks	-0.0831	0.3214	1	314	850	11	2010.835085
rodents	-0.6071	-0.8399	4	365	1488	19	2010.5
role	-0.0544	-0.0566	3	996	5922	69	2012.568357
root	0.9642	-0.3909	2	373	1384	19	2012.083538
ross	-0.3291	0.7561	1	531	2392	28	2011.009202
ross dependency	-0.1101	1.2082	1	150	430	5	2009.333333
ross island	0.2828	1.0788	1	151	560	7	2009.922078
ross sea	-0.5826	0.6294	3	365	1334	17	2010.810256
ross sea region	-0.3885	0.9051	1	259	842	10	2011.30303
rothera	-0.9245	-0.2946	3	209	676	7	2010.565217
routes	-0.2168	0.3044	3	252	698	8	2011.930769
salinity	0.8194	-0.0624	2	295	862	11	2009.248247
salt	0.7745	-0.4073	2	235	666	9	2008.72546
sample	0.5282	-0.0075	2	220	572	8	2011.599617
sampling	0.1693	0.5209	1	374	1176	14	2012.100775
sanionia	0.5836	-0.0486	5	259	768	8	2013.642857
sanionia uncinata	0.56	-0.1406	5	217	598	7	2013.307692
satellite	-0.4788	0.3453	1	150	378	5	2011.755822
scale	-0.1409	0.4451	5	891	5550	63	2011.804989
scaling	-0.2165	0.1895	5	183	424	5	2011.411765
scar	-0.7482	-0.1269	3	227	684	7	2011.202899
scats	-0.9021	-0.8219	4	158	476	7	2010.888889
scenarios	-0.0596	-0.2767	3	615	3054	32	2012.882212
schirmacher	0.0829	0.6691	1	91	238	6	2009.230769
science	-0.8564	-0.1343	3	547	2830	40	2005.441336
scientific output	-0.8571	-0.0551	3	158	504	8	2013.125
scientific research	-1.134	-0.0436	3	190	584	8	2013.702703
scotia	-0.449	0.6247	5	278	850	8	2008.903448
scotia arc	-0.4506	0.6242	5	278	850	8	2011.538462
sea	-0.3658	0.2497	3	862	4744	60	2010.929745
sea ice	-0.7611	0.0784	3	216	646	8	2012.341204
sea level	0.005	-0.2442	4	400	1346	15	2011.153319
sea spray	1.1609	-0.1642	2	130	358	5	2014.241935
seabird populations	-0.6807	-1.1969	4	138	410	6	2011.545455
seabirds	-0.2702	-0.7871	4	562	2874	35	2010.981707
sealers	-0.3311	-0.0975	4	165	396	7	2006.875
seals	0.2166	-0.6571	5	391	1416	18	2012.111111
search	0.6717	0.376	1	184	454	6	2011.96
season	0.228	-0.5916	4	768	4428	54	2012.178114
sediments	-0.1629	0.3545	1	270	766	12	2011.206075
seed	0.2607	-0.5253	2	723	4338	53	2011.58
seed bank	0.0161	-0.6721	2	270	978	10	2015
seed germination	0.8283	-0.5917	2	178	580	8	2015.214286
seedlings	0.9228	-0.5907	2	233	832	10	2011.917647
selection	-0.0782	0.2373	3	507	1780	19	2012.335938
sensitivity	0.5158	-0.3765	5	349	1118	15	2012.152936
separation	-0.0699	0.9345	1	198	490	6	2009.887195
sequence	0.2631	0.948	1	678	4106	52	2012.290017
sequence divergence	0.1386	1.279	1	213	758	8	2008.923077
sequencing	0.7298	0.4792	1	207	652	9	2015.158311
series	0.8458	-0.0861	2	174	412	6	2010.601012
service	-1.0232	-0.0214	3	189	554	6	2013.140288
settlement	-0.267	-0.1672	4	251	692	10	2011.937107
severity	-0.2727	-0.3098	4	206	522	7	2012.643617
sex	0.0147	-0.8424	4	236	806	12	2008.45
sex ratio	0.1086	-0.832	4	129	374	6	2005.571429
sexual reproduction	0.6846	-0.0068	2	256	766	10	2010.75
shape	0.3885	0.0113	2	287	896	12	2010.573529
shell	0.1519	0.0069	4	151	362	5	2012.617486
shetland	0.6116	0.2708	2	705	4400	50	2012.25
shetland islands	0.5772	0.3037	2	637	3486	38	2012.868613
shift	0.021	0.2234	3	350	1026	11	2012.333333
ship	-0.697	-0.4897	4	423	1568	18	2010.712
ship rats	-0.6621	-0.9071	4	196	628	7	2010.714286
shoot	0.8024	0.0381	2	218	608	8	2012.109091
shore	-0.0531	0.2472	1	259	706	11	2010.122222
short-term	0.2854	-0.6702	5	285	862	10	2012.055432
shrub	0.4445	-0.1082	5	213	522	6	2013.638182
signal	0.47	0.6501	1	310	890	9	2011.038817
significance	-0.1389	-0.2526	3	335	1016	14	2011.019928
signy island	0.4724	-0.1924	5	398	1684	19	2006.777778
similarity	0.2704	0.5872	1	355	1114	12	2011.516971
simple sequence repeat	0.9377	0.5252	1	120	340	5	2012
simulations	-0.2032	-0.4583	5	140	334	5	2012.277903
sites	0.1431	0.0609	5	1320	15710	187	2011.507274
size	0.2646	-0.3673	4	851	5444	68	2010.965923
slope	0.3223	-0.3704	5	419	1676	20	2010.341082
small islands	0.0236	0.1458	1	187	440	5	2009.333333
small-scale	-0.5218	0.6562	3	199	484	6	2011.469512
snow	0.57	-0.1377	2	418	1464	19	2012.043528
society	-0.368	0.6329	1	375	1112	14	2010.520354
sodium	0.7314	-0.8299	2	121	284	5	2011
soil	0.33	-0.3358	5	1089	9950	117	2012.887856
soil arthropods	0.4587	0.6058	5	183	494	6	2006.166667
soil fauna	-0.0647	-0.3654	5	332	1074	13	2009.25
soil invertebrates	-0.1367	-0.532	3	226	552	5	2012.4
soil moisture	0.6338	-0.3206	5	339	1062	12	2013.428315
soil nutrients	0.7572	-0.5493	2	204	610	7	2014.047619
soil properties	0.7143	-0.046	5	202	592	6	2014.284153
soil seed bank	0.3532	-0.7852	2	195	602	6	2016.4
soil surface	0.3457	-0.502	5	232	592	6	2012.076577
soil temperature	0.4173	-0.365	5	310	956	9	2013.124498
soil water	1.2219	-0.5074	2	200	582	7	2012.424242
soluble sugars	1.3834	-0.2984	2	122	338	5	2004.8
solution	-0.3556	-0.0617	3	251	654	9	2010.22668
source	0.0989	-0.0103	2	677	2614	31	2011.544715
south	0.0474	0.1738	1	1200	12506	154	2009.816077
south africa	-0.6734	0.2241	3	289	932	12	2008.43038
south america	0.1312	0.6206	1	430	1536	20	2010.900662
south american	0.3059	0.8944	1	259	856	10	2011.102041
south atlantic	-0.5589	0.1506	4	323	1024	12	2007.451691
south georgia	-0.3439	0.5567	1	563	2490	28	2008.402597
south indian ocean	-0.164	0.0719	4	358	1230	13	2006.271429
south indian ocean province	-0.0584	0.0275	4	192	610	7	2002.285714
south island	-0.2238	0.4352	1	150	400	6	2005.782609
south orkney	0.3032	-0.1199	5	357	1352	15	2008.738095
south orkney islands	0.248	-0.1502	5	316	1140	13	2009.451613
south pacific	-0.5746	0.5258	1	170	492	5	2009.295533
south sandwich	-0.0031	0.7389	5	165	496	5	2006.52
south sandwich islands	-8e-04	0.7387	5	165	496	5	2008.9
south shetland	0.5494	0.315	2	638	3560	40	2012.612903
south shetland islands	0.5707	0.3159	2	647	3696	41	2012.921429
south shetlands	0.7245	0.1662	2	224	722	9	2013.913043
southern	-0.4653	0.3271	1	876	5282	59	2011.247603
southern hemisphere	-0.2124	0.9029	1	302	932	9	2010.882466
southern indian ocean	-0.5252	-0.5315	4	126	318	5	2009.690476
southern ocean	-0.711	0.1772	3	899	6770	86	2011.310743
southern ocean islands	-0.4438	-0.0443	4	619	3330	39	2008.365854
southern victoria land	0.4535	0.7486	1	133	442	7	1999.846154
space	-0.71	0.0169	3	280	762	10	2011.281958
spatial	-0.3425	0.2898	5	392	1268	14	2011.877747
spatial distribution	-0.1258	0.074	5	312	944	11	2012.602028
spatial extent	-0.6776	0.4389	1	186	472	6	2012.475806
spatial patterns	0.1258	0.7478	1	268	828	9	2012.024523
spatial scales	-0.307	0.5207	5	462	1722	18	2012.42723
spatial variation	0.1149	0.0308	5	274	788	8	2011.835735
speciation	-0.1154	0.8695	1	391	1392	16	2010.54878
species	0.058	0.051	1	1493	44384	569	2011.629341
species abundance	0.1982	0.1047	5	172	448	5	2012.15625
species assemblages	-0.1873	0.5263	1	184	522	5	2012.928571
species change	0.3601	-0.163	5	230	648	7	2013.791667
species communities	-0.555	-0.0217	3	223	556	6	2013.757576
species composition	-0.115	0.535	5	242	722	10	2011.337662
species conservation	-0.8507	-0.2177	4	278	832	9	2011.705882
species differences	0.5586	0.4371	2	194	516	7	2012.414634
species distribution	-0.051	0.4643	5	631	2998	34	2013.282486
species distribution models	-0.5353	-0.0384	5	224	692	6	2015.268293
species diversity	0.1588	0.4032	1	461	1738	19	2011.076923
species interactions	0.1132	-0.2616	5	216	638	6	2013.433962
species introductions	-1.0036	-0.2866	3	323	1166	12	2012.307692
species numbers	-0.5997	-0.1528	3	162	376	5	2007.411765
species range	0.0645	0.2706	1	511	1816	22	2011.666667
species removal	-0.4393	-0.9234	4	169	432	5	2009.714286
species responses	0.8034	-0.3871	2	227	572	7	2014.096154
species richness	-0.1145	0.0205	5	678	3980	43	2013.089796
species structure	-0.1177	0.8352	1	206	552	6	2012.444444
species traits	0.7585	-0.2949	2	166	398	5	2015.619048
specimens	0.1019	0.7086	1	577	2418	32	2012.251232
spectrum	0.3393	-0.573	2	149	362	6	2010.348901
speed	0.4498	-0.1308	2	161	412	6	2010.795455
spider	-0.1674	-0.3208	4	261	734	9	2012.382353
spines	-0.2643	0.9153	1	129	308	5	2011.75
spit	-0.138	0.2236	1	125	308	5	2007.913043
spores	0.4011	0.2631	1	231	724	13	2009.393258
sporophytes	0.6122	0.4114	1	178	552	8	2005.125
spots	-0.2315	0.498	3	196	490	5	2012.598985
spread	-0.248	-0.3408	4	621	2910	33	2013.442623
spring	0.4102	-0.5061	4	362	1064	13	2011.445356
springtails	-0.0202	1.0009	1	653	4428	51	2011.627119
stability	0.5716	-0.0971	2	297	772	9	2011.601934
stage	-0.1081	-0.1789	3	511	1796	23	2011.432692
stakeholders	-1.2264	0.0977	3	184	548	7	2016
standard	-0.553	-0.1319	3	190	476	7	2011.405751
staphylinidae	-0.4113	0.8508	1	96	304	6	2010
starch	1.1639	-0.3953	2	122	326	6	2012.25
state	-0.3488	-0.3077	3	368	1180	16	2012.176355
stations	-0.6607	-0.1937	3	460	1716	20	2010.728667
statistics	0.046	0.4695	5	341	1100	13	2010.724252
status	-0.2593	0.1244	1	796	4426	55	2011.737569
stem	0.5517	-0.3093	2	162	396	6	2012.710526
storage	0.5297	-0.501	2	160	396	5	2013.435429
strain	0.1773	-0.6804	2	151	334	5	2011.527632
strategies	-0.2448	-0.1857	3	806	4110	47	2013.49449
stream	0.2691	0.2428	1	133	348	6	2011.208251
strength	-0.0067	-0.4094	5	256	748	10	2011.147674
stress	1.0916	-0.1936	2	629	3874	45	2010.771906
stress response	1.2595	-0.0177	2	150	406	5	2013.833333
stress tolerance	1.2237	-0.0463	2	214	688	8	2014.066667
stressors	0.4225	-0.1333	2	188	470	5	2015.157895
structure	0.2177	0.337	1	1122	9112	106	2010.587788
sub antarctic islands	-0.3858	-0.3193	4	740	4018	45	2007.313725
sub-antarctic	-0.1225	-0.3331	4	1181	12854	157	2008.713396
sub-antarctic environment	-0.0238	-0.6958	4	120	308	5	2006.8
sub-antarctic islands	-0.2716	-0.4677	4	835	5184	59	2008.042254
sub-antarctic region	0.0217	0.3033	4	266	826	10	2012.1875
subantarctic	-0.1298	-0.1156	4	573	2160	30	2008.884746
subantarctic islands	-0.2224	0.0901	1	584	2456	34	2007.333333
subdivision	0.5377	0.8744	1	183	524	5	2012.48
substitution	0.3068	1.25	1	188	548	7	2012.377358
substrate	0.5437	-0.2594	2	287	838	11	2012.694517
succession	0.2013	-0.5847	5	244	720	8	2012.128814
sucrose	1.3187	-0.347	2	133	482	7	2007.75
sugars	1.3298	-0.3181	2	193	654	9	2011.542169
suitability	-0.7343	0.0154	3	224	698	7	2012.969697
summer	0.3786	-0.4566	2	888	5900	75	2011.747886
summer temperatures	0.7247	-0.4123	2	201	588	7	2011.835484
summit	0.1521	0.2585	1	224	628	8	2012.208092
supply	0.0465	-0.0016	3	381	1182	14	2011.339312
support	-0.2945	0.1037	3	738	3284	38	2012.160714
surface	0.5898	-0.2408	2	747	3976	50	2011.274886
surface area	0.7519	0.021	2	199	494	6	2011.96
surface temperature	0.5554	-0.3262	5	235	756	8	2011.552855
surveillance	-0.8575	0.0231	3	232	720	7	2014.217391
survey	-0.3737	0.1939	3	874	5214	63	2010.854962
survival	0.4083	-0.0629	2	769	3848	45	2011.249489
svalbard	0.3813	-0.2354	2	279	850	11	2012.982836
synonymy	-0.4474	0.9096	1	163	434	6	2013.285714
synthesis	-0.1628	-0.4121	4	358	1068	12	2012.494924
system	-0.6476	-0.0953	3	920	6508	82	2012.244703
systematics	-0.593	0.8111	1	232	688	9	2010.729167
target species	-0.8587	-0.6831	4	212	542	7	2013.791667
tasmania	-0.2066	0.4412	1	126	298	5	2009.404494
taxon	-0.0899	0.8256	1	277	866	10	2012.46
taxonomic status	-0.2357	0.8778	1	144	370	5	2010.933333
taxonomy	-0.1874	0.8533	1	331	1064	14	2011.779141
taylor	0.1295	1.0342	1	136	352	5	2009.402597
techniques	-0.2238	0.1796	1	686	3506	44	2010.995925
technology	-0.599	0.4025	3	244	716	10	2013.19378
temperate	-0.0115	-0.0025	4	597	2412	28	2011.666667
temperate regions	0.2126	0.442	1	201	552	7	2011.4875
temperature	0.6858	-0.4039	2	1134	12290	149	2011.477652
temperature conditions	1.2251	-0.4355	2	138	402	6	2012.260563
temperature increase	0.7929	-0.5924	2	185	482	6	2011.880309
terms	0.17	-0.1313	2	821	3932	47	2011.105954
terrain	-0.0158	0.4467	1	283	864	10	2011.88664
terranova	0.2811	1.2565	1	142	442	5	2004.833333
terrestrial	-0.3858	0.2226	3	574	2346	27	2012.64094
terrestrial arthropods	-0.0261	0.7937	5	167	452	5	2011
terrestrial biodiversity	-0.8874	0.3969	3	332	1266	14	2015.6875
terrestrial communities	-0.2189	-0.3028	5	265	732	7	2014
terrestrial ecosystems	0.0169	0.0709	5	745	3816	39	2013.432836
terrestrial environments	-0.9299	-0.2151	3	231	650	6	2013.740741
terrestrial habitats	0.1299	0.3795	5	313	924	9	2012.828571
terrestrial invertebrates	-0.1554	0.4816	1	160	416	5	2015.5
territories	-0.4585	-0.221	3	319	928	13	2011.376997
theory	-0.5576	-0.4009	3	244	702	7	2009.714706
thickness	0.7274	-0.3229	2	231	686	8	2010.814467
threat	-0.9196	-0.2226	3	775	5468	58	2013.121076
threshold	-0.2681	-0.3369	3	216	542	7	2012.8
time	0.1261	-0.1	2	982	5708	73	2011.191579
timescales	-0.4714	0.7707	1	307	984	9	2011.525048
timing	-0.2008	-0.369	4	193	456	5	2012.348348
tissue	1.1157	-0.3285	2	323	1160	16	2011.777778
tolerance	1.0005	-0.1076	2	563	2808	33	2013.120192
tools	-1.1345	0.2009	3	241	776	9	2013.795322
topography	0.0587	-0.0222	5	201	498	6	2010.120382
total number	-0.0042	-0.486	5	290	906	10	2011.292929
tourism	-0.8794	-0.054	3	475	2094	25	2014.095238
tourists	-0.6851	-0.096	3	300	986	12	2014.65
track	-0.0336	-0.6498	4	160	390	6	2010.190476
trade-off	-0.1397	-0.0324	3	154	352	5	2013.210526
traffic	0.1903	0.1805	3	191	540	6	2014.013699
traits	0.6951	-0.0401	2	631	2994	34	2014.46
trajectories	-0.1194	-0.505	5	253	712	8	2011.384117
trampling	0.1447	-0.5382	5	213	648	8	2011.941176
transect	0.4905	0.4785	1	387	1364	17	2011.199708
transfer	0.0022	0.1413	3	484	1892	22	2010.678679
translocation	-0.5013	0.4789	1	201	516	6	2013.35
transmission	0.4282	-0.6096	4	269	796	11	2011.062827
transport	0.3702	0.0221	2	614	2570	33	2010.537155
transportation	-0.6044	-0.3403	3	238	734	8	2013.300752
trapping	-0.444	-0.8439	4	217	640	10	2007.837209
traps	-0.2858	-0.4308	4	347	1104	15	2009.907104
travel	-0.5436	0.2075	3	193	514	6	2009.673684
treatment	0.9442	-0.3778	2	423	1600	20	2012.769355
trees	-0.076	0.3966	1	360	1114	15	2012.336557
trends	-0.2677	-0.2799	5	698	3490	43	2012.269204
tundra	0.7407	-0.1146	2	368	1246	14	2013.196825
turf	0.513	-0.5286	5	128	344	5	2008.5
turnover	0.3433	-0.2081	2	251	644	6	2013.246637
tussock	-0.0211	-0.7782	4	331	1134	14	2012.65
types	0.0304	-0.3862	4	710	3226	45	2011.720352
uk	-0.9146	0.0632	3	178	504	6	2011.816794
ultrastructure	1.3811	-0.2658	2	130	376	5	2011.095238
uncertainty	-0.8204	-0.1645	3	191	528	7	2013.221957
university	-0.534	-0.1054	3	187	488	7	2010.400794
usa	-0.7445	0.0349	3	130	372	6	2010.335681
utilization	0.654	-0.0855	2	150	350	5	2011.783251
uv-b	0.6796	0.2057	2	222	590	6	2007.259259
valley	0.0238	0.917	1	351	1206	14	2011.024
values	-0.1122	-0.0687	3	967	6120	72	2010.746562
variability	0.3845	0.364	5	978	7560	90	2011.545737
variance	0.4902	0.3726	5	390	1416	16	2010.046067
variations	0.4135	0.3871	1	1055	8688	108	2010.901917
vascular	0.7799	-0.3127	2	624	3372	42	2011.532787
vascular plants	0.766	-0.1548	2	874	6992	86	2011.583643
vascular species	1.0339	-0.5793	2	164	468	6	2011.071429
vector	-0.1981	-0.4028	4	485	1996	28	2010.835404
vegetation	0.1867	-0.348	5	1055	9120	111	2012.521246
vegetation changes	-0.0614	-0.6544	5	241	722	9	2012.638655
vegetation communities	0.0297	-0.2602	5	197	524	7	2012.794521
vegetation cover	-0.0494	-0.4392	5	233	708	8	2012.287671
vegetation types	-0.1122	-0.3781	5	366	1314	16	2012.763948
vertebrate pests	-0.6622	-1.0743	4	155	468	7	2013.428571
vertebrates	-0.6474	-0.8903	4	429	1822	23	2011.898305
vessel	-0.0399	-0.2333	3	323	1082	14	2011.268293
viability	0.2693	-0.614	2	193	506	8	2012.44
vicariance	-0.1936	1.0881	1	236	708	7	2008.7
victoria	0.0998	1.046	1	613	4142	50	2009.108571
victoria land	0.1102	1.0447	1	617	4204	51	2008.485075
virus	-0.5271	-1.0178	4	341	1454	21	2010.12766
viruses	-0.6173	-1.0821	4	176	516	8	2012.909091
visitation	-1.0037	0.0474	3	211	664	9	2015.142857
volcanic	-0.3369	0.3231	1	161	380	5	2009.793103
volcano	0.1898	0.4546	1	194	544	8	2009.968254
volume	0.6147	-0.3415	2	184	446	5	2010.936662
vulnerability	-0.2969	-0.2863	5	366	1072	10	2013.925926
walls	1.0607	-0.2483	2	140	380	6	2010.364865
warming	0.4599	-0.4793	2	701	3930	43	2012.978577
water	0.5346	0.0099	2	877	5370	64	2010.775054
water availability	0.9869	-0.4791	2	359	1394	14	2013.394958
water content	0.8638	-0.2659	2	216	560	7	2011.363839
water stress	1.3087	-0.4401	2	166	488	5	2013.352941
weather	-0.0328	-0.5275	4	230	626	8	2012.202602
web	-0.2433	-0.5647	4	218	582	7	2013.376068
weed	-0.2096	-0.4417	3	259	846	9	2012.857143
weevils	0.014	0.0998	4	303	1076	15	2001.125
weight	0.6464	-0.4363	2	225	598	10	2010.632353
wilderness	-1.07	0.0336	3	204	654	9	2015.166667
wind	0.3969	0.3538	1	623	2944	38	2010.366929
wind direction	0.3414	0.4883	1	142	342	5	2009.325
wind speed	0.4701	-0.0373	2	160	412	6	2011.054286
winter	0.0646	-0.7531	4	446	1912	28	2011.016141
woody	0.506	-0.0684	2	210	494	6	2013.412698
work	-0.1483	-0.0129	3	797	3634	46	2012.585814
world	-0.5696	-0.0692	3	686	3188	42	2011.293273
world heritage	-0.6278	-0.5674	4	248	752	9	2010.066667
worldwide	-0.0112	-0.1857	2	241	648	6	2013.141414
yield	0.9701	-0.5857	2	167	422	5	2011.766667
zone	0.4331	0.1496	2	667	2928	37	2010.917256
