id	x	y	cluster	weight<Links>	weight<Total link strength>	weight<Keyword count>	score<Avg year>
16s rdna	-0.4317	-0.3061	4	120	268	3	2013.518519
18s	-0.1459	-0.8188	4	82	210	2	2017
18s rdna	0.4639	0.3382	5	83	174	2	2012.340426
20th century	-0.909	0.4131	2	64	140	2	2011.125
454 pyrosequencing	1.1999	-0.3152	1	66	154	2	2014.892857
abalone	0.8747	0.435	3	64	136	2	2010
abundance	0.179	-0.225	4	445	1702	19	2012.159769
abundance estimates	0.7069	-0.5591	1	96	250	3	2012.722222
accuracy	0.7383	-0.5225	1	231	698	7	2012.031588
addition	0.3595	-0.518	1	208	576	7	2012.072879
adna	-0.7962	-0.4143	2	83	208	3	2017.8
adult	0.7626	0.2954	1	72	168	3	2009.353846
advance	-0.1558	0.1543	3	143	404	5	2012.223684
africa	-0.2304	0.3623	3	56	128	2	2009.943515
age	-0.6675	-0.045	2	85	182	2	2010.368729
agreement	-0.602	0.2473	2	102	218	2	2010.554303
alaska	-0.2805	-0.6495	3	85	184	2	2010.597746
alnus	-1.4338	-0.1152	2	82	192	2	2014.333333
alpinus	0.7079	-0.7141	3	131	374	4	2012.8
america	-0.371	0.0523	3	104	248	4	2011.440252
ammodytes	1.1951	-0.1638	1	84	194	2	2006.731707
amphibians	-0.0233	0.2875	4	49	100	2	2012.125
amplicon	0.4066	-0.496	1	168	428	5	2016.631579
amplicon sequencing	0.5826	0.0378	1	161	392	5	2017.052632
amplification	0.4723	-0.2002	1	232	706	8	2013.330357
analysis	0.009	-0.1522	1	628	3556	44	2011.656462
ancient	-0.9736	-0.0776	2	329	1328	15	2012.618557
ancient dna	-0.9906	-0.0691	2	318	1320	15	2016.090909
ancient permafrost	-0.7301	-0.2647	2	111	272	3	2014
animals	-0.0399	-0.0545	1	269	840	10	2012.281022
antarctic	0.2741	0.2488	3	157	386	5	2010.797819
antarctic krill	0.4868	0.3369	3	76	162	2	2011
antarctica	-0.0087	0.2392	3	116	266	4	2011.220175
anthropogenic	-0.2524	0.5655	3	90	190	2	2012.98995
application	-0.2416	-0.1749	3	306	1124	14	2012.361823
approach	0.2872	-0.1604	1	588	3294	37	2013.011682
aquatic	-0.8441	-0.6121	2	74	174	2	2012.291667
aquatic ecosystems	0.0869	-0.3618	3	82	188	2	2013.963964
aquatic plants	-1.1872	-0.1962	2	102	254	3	2014.866667
archipelago	-1.2786	0.2405	2	75	162	2	2011.082609
arctic	-0.1519	-0.3119	4	441	1730	22	2012.189504
arctic char	0.6875	-0.7309	3	143	430	5	2012.777778
arctic flora	-1.3293	-0.1843	2	75	172	2	2016.142857
arctic marine	-0.0581	-0.0798	4	73	154	2	2013.75576
arctic species	-0.258	-0.806	4	99	242	3	2013.654545
arctic tundra	-0.5194	-0.2593	4	103	242	3	2013.816872
arctic vegetation	-1.1295	-0.2742	2	72	162	2	2012.662338
area	-0.2852	-0.1688	2	379	1360	17	2011.37466
arthropod	1.0281	-0.0271	1	61	156	2	2010.948276
asia	-0.3101	0.5485	3	39	84	2	2013.012594
assemblages	-0.1623	-0.1048	2	282	840	9	2012.247588
assessment	-0.1059	-0.0165	3	250	754	9	2013.024899
assignment	-0.1498	-0.8182	4	82	210	2	2013.093023
atlantic	0.5733	-0.4417	1	158	402	4	2010.236737
attention	-0.3329	0.4444	3	82	190	4	2012.917808
australia	0.4722	0.5868	5	146	358	5	2010.617438
australian	0.6992	0.5018	5	116	262	3	2010.832787
availability	0.7514	-0.1379	1	126	290	3	2012.908905
awareness	-0.3272	0.5602	3	49	120	3	2014.701754
barcode	0.2508	-0.4386	4	229	678	8	2015.521739
barcoding	0.5233	-0.2241	1	163	400	5	2013.071429
behaviour	-0.7666	0.1239	2	69	140	2	2010.943662
benefits	-0.2772	0.2075	3	99	238	3	2014.038732
bering	1.1512	0.0801	1	63	148	2	2009.747987
bering sea	1.1511	0.0814	1	63	148	2	2009.417822
beta	-0.8004	-0.491	4	105	226	2	2009.417219
beta-diversity	-0.1938	-0.0622	4	169	400	4	2016.131148
betula	-1.3471	-0.1282	2	127	372	4	2013.137255
bias	0.592	-0.3877	1	223	696	8	2013.065051
biases	0.6106	-0.2989	1	205	664	8	2013.826211
biodiversity	-0.4092	-0.0535	3	469	2274	26	2013.864286
biodiversity assessment	-0.2128	0.0554	3	116	286	3	2012.692308
biodiversity monitoring	-0.1744	0.2783	3	119	300	3	2014.6
bioinformatics	-0.2825	-0.5464	4	163	422	5	2015.727273
biological	-0.2047	1.1406	3	40	116	2	2012.548387
biological diversity	-0.288	0.8839	3	81	320	8	2011.769231
biological invasions	-0.6287	0.7139	3	62	136	2	2012.409836
biomass	0.2837	-0.164	3	204	566	6	2012.021332
biomonitoring	-0.3125	-0.6066	4	212	736	8	2014.583333
birds	-0.2019	-0.2732	4	106	234	3	2010.570776
blocking	0.5278	-0.2048	1	127	330	4	2013.430147
body	0.3323	0.1586	1	96	206	3	2011.227462
boreal	-1.061	-0.187	2	91	202	2	2012.614137
bp	-0.8662	-0.1405	2	253	824	10	2012.006369
breeding	0.2215	0.3585	3	74	154	2	2010.484848
brown trout	0.917	-0.6031	1	92	216	2	2006.666667
bryophytes	-1.0241	-0.0736	2	146	400	4	2011.075342
building	-0.0701	0.5317	3	86	176	3	2011.116071
bycatch	-0.0022	0.1272	1	70	142	2	2010.133333
capacity	-0.2597	0.4768	3	75	182	3	2013.094099
capelin	1.1942	-0.1595	1	84	194	2	2009.818182
capelin mallotus villosus	1.1962	-0.1584	1	84	194	2	2009.655172
capture	0.8313	0.6946	5	82	166	2	2012.315068
carbon	-0.1754	0.1303	3	131	308	4	2013.107259
case	0.7948	-0.1136	1	167	448	5	2010.847835
case study	0.76	-0.106	1	84	190	2	2012.678179
centrostephanus	1.3983	0.2506	1	61	162	2	2011
centrostephanus rodgersii	1.3979	0.2562	1	61	162	2	2011
century	-0.7416	0.3865	2	142	380	5	2012.205869
cephalopod	0.7046	-0.5018	1	76	160	2	2007.692308
chain	0.7522	0.267	1	190	500	6	2011.096866
challenges	-0.1799	-0.0515	3	163	478	6	2014.48237
changes	-0.5007	0.1456	2	565	2662	31	2012.206219
char	0.6896	-0.7307	3	143	430	5	2013.428571
characteristics	-0.1497	-0.2777	4	48	106	2	2010.936545
characterization	0.1709	-0.1557	1	160	382	4	2012.72969
china	-0.222	0.782	3	21	44	2	2013.948798
chloroplast	-0.9074	-0.3455	2	137	318	3	2011.481481
citizen science	-0.2705	0.1925	3	85	188	2	2018
class	0.5884	0.4644	3	54	108	2	2011.519757
climate	-0.4546	0.0873	2	339	1192	15	2012.847305
climate change	-0.405	0.0844	3	261	852	10	2013.106897
climate warming	-1.2376	-0.0931	2	71	168	2	2013.628339
clupea	1.1967	-0.1626	1	84	194	2	2010.692308
clustering	-0.1057	-0.7107	4	113	294	3	2012.80292
coast	-0.3727	0.3945	2	126	318	4	2010.134684
coastline	-0.146	-0.815	4	82	210	2	2010.273529
coi	-0.0144	-0.4042	4	108	256	3	2013.934783
collection	0.3347	0.1242	1	202	502	6	2011.129412
column	-0.1302	-0.8886	4	102	260	3	2010.224159
communication	-0.2041	1.1418	3	40	116	2	2012.524476
community	-0.4329	0.1312	3	540	2484	29	2013.620087
community changes	-0.989	0.2752	2	120	304	3	2014.790323
community composition	-0.1077	-0.8477	4	81	184	2	2014.941973
community ecology	0.1432	-0.7372	4	72	160	2	2014.384615
community structure	-0.3837	-0.8067	4	80	178	2	2013.563433
comparison	-0.3457	-0.3716	4	304	944	12	2010.70057
competition	-0.4353	-0.4018	2	74	156	2	2011.637209
complement	-1.0233	0.1164	2	80	174	2	2012.304348
composition	0.0105	-0.1112	4	497	2002	24	2012.45256
concentrations	0.0793	-0.2705	3	220	592	8	2011.643222
condition	0.6304	0.8837	5	77	174	2	2010.79798
consequences	-0.0624	0.4143	1	72	150	2	2012.275862
conservation	-0.0552	0.418	3	318	1230	21	2011.717256
conservation concern	0.6156	-0.2705	3	50	108	2	2012.5
consistency	0.7382	-0.1326	1	76	176	3	2011.881356
constraints	-0.0926	-0.7668	3	82	176	2	2011.060453
consumers	0.8579	-0.2044	1	116	276	3	2013.703297
consumption	0.6827	0.1868	1	157	372	5	2011.012232
contaminants	-0.1857	-0.5127	4	81	168	2	2011.424242
contamination	-0.4223	-0.3672	2	169	426	5	2011.920245
content	0.7393	0.6018	5	155	380	4	2011.761593
content analysis	1.0277	-0.0298	1	61	156	2	2012.25
contrast	-0.34	-0.3869	2	57	122	2	2011.509677
control	0.4503	0.1813	1	282	808	11	2012.474255
copepods	0.0978	0.5412	5	132	286	3	2009.285714
copy number	0.985	-0.3879	1	78	166	2	2015.611111
coral reefs	0.2674	0.3904	1	59	128	2	2010.852459
core	-0.8763	-0.0126	2	219	690	8	2010.446523
correction	0.9636	-0.3853	1	128	350	4	2011.927948
correction factors	0.9632	-0.3865	1	128	350	4	2013.857143
correlation	-0.0712	-0.5816	4	66	142	2	2011.333794
correspondence	0.2387	-0.3897	3	85	198	2	2010.493023
costs	0.2238	-0.2938	4	92	222	3	2013.503597
count data	0.3269	-0.3543	4	57	132	2	2014.4
counts	0.5421	-0.4006	1	165	452	5	2011.546099
cover	-0.9587	-0.1667	2	186	556	6	2011.664763
coverage	-0.0336	0.1038	3	83	180	2	2012.329283
cox1	-0.1959	-0.3454	4	78	162	2	2013.375
crisis	-0.3068	0.2764	3	81	174	2	2012.777778
criteria	-0.0688	0.1029	3	72	156	2	2010.149038
crop	-0.0758	0.4528	3	130	306	4	2012.823529
cultivation	-0.4638	0.4888	3	84	192	3	2014.139241
current	0.4433	1.0412	5	75	184	2	2008.757215
cycle	-0.8397	0.0969	2	91	206	3	2011.47296
cycling	0.2674	-0.3351	4	69	150	2	2014.035763
cyclonic eddies	0.6301	0.8836	5	77	174	2	2008.455556
cytochrome oxidase	0.1457	-0.1813	4	71	154	2	2012.454545
data	-0.0961	-0.0382	3	554	2704	32	2011.015066
data analysis	0.0388	0.066	1	98	224	3	2011.003436
data quality	1.2165	-0.3671	1	50	104	2	2013.258427
data sets	-0.0161	-0.3394	3	76	168	2	2011.63144
database	-0.2048	-0.5281	4	325	1180	13	2012.403509
date	-0.9395	-0.2879	2	103	238	3	2012.087051
decline	0.2439	0.4572	5	256	680	7	2013.254217
degradation	-0.2971	-0.1715	4	91	190	2	2013.464824
density	0.98	-0.5332	1	68	140	2	2009.879211
deposits	-0.9635	-0.0056	2	86	204	3	2011.200561
depth	0.161	0.2946	5	140	334	4	2010.672402
design	0.6225	-0.246	1	177	468	5	2013.015625
detection	0.1504	-0.2027	1	452	1820	21	2012.417625
detection rate	-0.8451	-0.6106	2	74	174	2	2014.333333
determination	0.0027	-0.1397	4	111	254	3	2010.57381
development	0.1515	0.2909	5	362	1132	16	2011.773084
diatom	-0.1911	0.4949	5	144	324	3	2012.261803
diet	0.7532	-0.0591	1	411	1782	24	2009.963303
diet analysis	0.9646	-0.1768	1	123	308	3	2016.75
diet assessment	0.3004	-0.4669	4	69	162	2	2014
diet composition	0.9229	0.1105	1	132	342	5	2013.875
diet study	0.8451	0.268	1	112	246	3	2013.25
dietary	0.5965	-0.22	1	141	380	5	2013.153846
dietary analysis	0.8538	-0.2805	1	149	404	5	2013
difference	-0.3898	-0.2555	1	69	144	2	2011.163032
digestion	1.1463	-0.1778	1	121	320	4	2009.785714
dinoflagellate	0.4061	0.7503	5	74	160	2	2012.671642
disease	-0.2776	0.9103	3	51	136	3	2013.103448
distance	-0.169	0.6395	5	86	174	2	2011.010448
distribution	-0.2455	-0.4896	3	182	510	6	2010.907306
diversity	-0.3057	0.0749	2	567	2702	35	2013.553494
diversity richness	-1.0155	-0.2352	2	103	226	2	2015.789474
dna	-0.0281	-0.2016	2	744	6302	79	2012.62578
dna analysis	1.0363	-0.146	1	83	174	2	2011.75
dna barcode	0.4507	-0.2632	4	124	322	4	2014.625
dna barcoding	0.6527	-0.4563	1	229	718	8	2014.380952
dna contamination	0.2274	-0.3164	1	78	174	2	2013.2
dna detection	1.1534	0.1115	1	87	198	2	2016.666667
dna metabarcoding	0.3585	-0.2385	1	386	1476	17	2016.681818
dna sequence	0.8631	-0.272	1	158	408	4	2010.909091
dna sequences	-0.0296	-0.4919	4	188	508	7	2011.684211
dna sequencing	-0.5067	-0.3427	4	192	514	6	2013.060606
dna-based	0.4487	-0.1724	1	280	906	12	2014.347826
dolly varden	0.4121	-0.8474	3	62	146	2	2014.8
dolphins	0.1503	-0.0193	3	67	148	3	2008.375
dominance	-0.8376	-0.1012	2	77	170	2	2012.29375
dryas	-1.1476	-0.0141	2	111	300	3	2010.77931
dynamics	-0.4476	0.126	2	193	520	6	2012.382241
early holocene	-1.0572	0.0307	2	81	196	2	2013.088889
earth	-0.748	-0.113	3	118	290	3	2012.416212
earthworms	-0.3054	-0.0353	1	63	134	2	2009.222222
ecology	0.202	0.045	3	230	708	10	2012.514768
ecosystem	-0.1994	0.2192	3	526	2530	31	2013.530062
ecosystem changes	-0.6443	0.3248	2	121	286	3	2013.350427
ecosystem dynamics	-0.921	0.5379	2	84	198	2	2012.313725
eddies	0.5757	0.9049	5	107	280	3	2009.304565
edna	-0.1111	-0.5653	3	348	1558	18	2017.125
edna metabarcoding	-0.1023	-0.5107	3	161	498	5	2017.4
effects	-0.1223	0.4629	3	336	1160	17	2011.624055
efficiency	0.2479	0.2346	3	87	198	3	2012.80663
effort	0.3543	-0.6723	3	123	294	3	2012.512579
el nino	0.1199	0.902	5	60	124	2	2011.439268
el nino-southern oscillation	0.1193	0.9019	5	60	124	2	2011.537252
electrolyte	0.041	0.5905	3	36	76	2	2014.375
emergence	-0.2454	0.9556	3	60	146	3	2012.277778
emerging	-0.2543	0.979	3	73	226	4	2015.645161
energy	0.3182	0.9713	5	147	400	5	2011.753532
energy storage	0.2667	0.9552	3	96	204	3	2014.173913
environment	-0.4327	0.3924	3	355	1298	15	2012.515563
environmental changes	-0.1701	0.4688	3	80	170	2	2013.895683
environmental conditions	-1.0023	0.0896	2	77	168	2	2013.912338
environmental dna	-0.3886	-0.1966	2	440	1924	22	2016.382353
environmental samples	-0.3742	-0.3143	2	275	890	10	2012.843137
environmental variables	-0.0457	-0.6934	3	94	214	2	2012.972376
enzyme	0.9277	0.0051	1	70	176	2	2013.452991
ericaceae	-1.1711	-0.2805	2	69	160	2	2011.133333
erosion	-1.019	0.5181	2	59	146	2	2011.871716
error	1.17	-0.2407	1	83	214	2	2011.486384
establishment	-0.921	0.3633	2	77	178	2	2011.445578
estimate	0.5665	-0.2978	1	119	268	3	2010.903093
estimation	0.3382	-0.3059	1	155	358	4	2012.012407
estuarine	-0.3031	-0.8672	4	94	222	2	2010.194444
europe	-0.231	0.3351	3	65	140	2	2011.79689
evaluation	0.529	0.2951	3	142	318	4	2013.100503
evolution	-0.1483	0.4048	2	112	252	4	2012.05694
exercise	-0.2806	0.7791	3	33	102	3	2010.7
expansion	-0.5122	0.2905	3	206	548	7	2012.969492
experimental design	1.2125	-0.2391	1	87	214	3	2013.638298
experiments	1.0306	0.1944	1	132	330	4	2011.075205
expertise	-0.2217	0.9322	3	90	236	3	2011.52381
experts	-0.0571	0.5756	3	46	98	2	2012.773585
extent	-0.632	-0.1153	2	78	164	2	2011.835219
extinction	-0.5844	-0.032	2	151	396	5	2011.243386
extracellular dna	-0.9682	0.2683	2	67	138	2	2016.4
extraction	0.016	-0.1853	3	135	328	4	2013.323651
extracts	0.3319	0.0343	1	94	218	3	2011.888889
fa	0.4464	1.0397	5	75	184	2	2010.75
faecal dna	1.2403	-0.1433	1	55	128	2	2010
faecal samples	0.8886	-0.0677	1	197	612	8	2010.7
faeces	0.9322	-0.2272	1	274	938	11	2013
family	-0.23	-0.5394	4	215	682	7	2012.315615
fatty acid profiles	0.4439	1.0399	5	75	184	2	2009.142857
fatty acids	0.4767	0.9486	5	86	218	3	2009.789855
fauna	-0.2911	-0.0956	3	150	360	4	2011.230769
fecal samples	0.1627	-0.4492	1	65	140	2	2014.4
feedback	0.2966	0.5818	3	55	120	2	2013.003957
feedback loop	0.296	0.583	3	55	120	2	2010.818182
feeding	0.7557	0.4887	5	197	520	6	2008.431111
field	0.1993	0.0639	1	347	1078	13	2010.533445
field studies	1.0519	-0.2038	1	88	194	2	2010.034286
filtering	-0.0863	-0.4502	1	155	400	4	2012.893617
fish	0.636	-0.3262	1	331	1194	15	2010.064516
fish abundance	0.4841	-0.8498	3	64	162	2	2011.666667
fish communities	0.0281	-0.6536	3	103	290	3	2012.026316
fish diet	0.9506	-0.0192	1	65	142	2	2008.2
fish populations	0.3411	-0.8131	3	120	348	4	2010.783784
fish species	0.7297	-0.4032	1	286	962	11	2011.890756
fisheries	0.698	0.2802	1	195	462	5	2010.847545
fishing	0.342	0.1689	3	81	176	2	2011.058252
flagellates	0.539	0.9988	5	84	200	2	2010.584906
flora	-1.1394	-0.2308	2	146	410	5	2011.036036
floristic diversity	-1.0982	-0.2994	2	83	188	2	2013.75
focus	-0.396	0.0624	3	125	294	4	2012.93921
food	0.672	0.1648	1	312	1124	13	2012.031915
food items	0.5047	-0.1827	1	70	156	2	2008.666667
food web	0.7498	0.3421	1	183	546	7	2013.363874
foodwebs	0.6238	0.2936	5	76	160	2	2012.625
foraging	0.2156	-0.401	1	63	134	2	2011.44385
forbs	-0.7452	-0.4029	2	112	252	3	2013.039216
forest	-0.8701	-0.0097	2	130	332	3	2011.961222
formation	-0.3467	0.0292	4	73	150	2	2010.511811
fossil	-0.7105	-0.1117	2	72	160	3	2010.893617
fragments	-0.1099	-0.2073	4	167	432	5	2010.917127
framework	0.1702	0.1968	4	55	112	2	2013.208431
frequency	0.6313	-0.1948	1	67	152	2	2011.174374
freshwater	-0.2666	-0.1469	3	187	584	7	2011.825688
frontier	-0.3096	0.6032	3	52	110	2	2011.807692
functional groups	-1.2268	-0.2386	2	83	190	2	2013.383178
funding	-0.3097	0.4877	3	65	150	3	2013.172414
fungal	-0.6608	0.2387	2	48	98	3	2013.112583
fungal communities	-0.9374	0.4258	2	54	134	2	2015.044776
fungal diversity	-0.9382	0.4244	2	54	134	2	2013.923077
fungi	-0.502	0.0598	2	121	296	4	2011.838649
future	-0.1887	0.48	3	256	862	13	2013.712684
future research	0.7198	-0.2417	1	87	180	2	2012.992857
gases	-0.8056	0.4113	2	67	138	2	2012.066763
genbank	-0.2119	-0.4087	4	55	128	2	2013.138889
gene	0.0993	-0.2501	4	217	596	8	2014.058192
genera	-0.696	-0.4204	2	84	182	2	2012.72679
generalist predator	0.8773	0.0833	1	86	222	3	2014.333333
generalists	0.9804	-0.0203	1	83	242	3	2014.914286
generation	0.2535	-0.0312	3	115	272	4	2012.050847
genome	0.1963	-0.4402	4	89	218	4	2015.25641
genus	-0.5755	-0.2878	4	79	170	2	2012.443439
glacial	-1.3942	-0.1248	2	72	164	2	2011.612378
glacial maximum	-1.3945	-0.1232	2	72	164	2	2011.882521
global	-0.2785	0.9119	3	80	282	6	2012.401509
government	0.0578	0.6327	3	66	144	4	2014.5
gradient	-0.7085	0.0967	2	99	244	3	2011.354256
grain	-0.9924	0.1695	2	74	152	2	2011.304833
graminoids	-1.2313	-0.1923	2	65	144	2	2013.931818
grass	-0.4965	-0.4722	4	86	184	2	2011.455782
grassland	-0.0525	-0.4321	4	66	138	2	2012.242424
grayling	0.289	-0.7823	3	55	134	2	2011.833333
great lakes	-0.1432	-0.8176	4	82	210	2	2008.913793
greenhouse	-0.8062	0.41	2	67	138	2	2012.619866
greenhouse gases	-0.8047	0.4106	2	67	138	2	2012.497653
greenland	-0.5644	-0.1315	2	168	432	6	2011.434214
group	-0.2064	0.1459	3	249	698	11	2011.722362
growth	-0.1517	0.1826	1	137	304	4	2011.406319
gs-flx	1.2009	-0.3139	1	66	154	2	2009.5
gut	0.5813	0.1331	1	188	480	6	2009.169811
gut content analysis	1.0294	-0.0289	1	61	156	2	2008.833333
gut contents	0.6815	0.178	1	171	450	6	2008.545455
habitat	-0.0305	0.0035	4	334	1020	12	2012.561584
haplotypes	0.1104	-0.4265	4	100	264	4	2013.452381
harbour	1.1628	-0.2698	1	159	496	5	2010.428571
harbour seal	1.1615	-0.2686	1	159	496	5	2012.666667
health	0.4148	0.3299	5	70	140	2	2014.798851
heath	-0.1604	-0.0781	1	78	168	2	2012.868687
heliocidaris erythrogramma	1.3946	0.255	1	61	162	2	2011
hemisphere	-0.2817	0.7526	3	45	90	2	2010.968158
herbivores	-0.8467	0.1806	2	70	148	2	2013.6
high arctic	-0.4358	-0.4336	4	104	238	3	2013.319239
high-resolution	-0.7001	0.308	2	116	260	3	2012.264879
high-throughput	-0.1922	0.1474	3	141	360	4	2016.133333
high-throughput sequencing	0.0422	-0.1291	4	113	282	3	2016.918367
history	-0.708	0.3183	2	205	596	7	2011.001969
holocene	-1.0102	0.1367	2	230	794	9	2010.62959
holocene climate	-0.8253	0.2912	2	67	138	2	2012.389831
holocene record	-1.2938	-0.12	2	85	210	2	2011.857143
holocene transition	-1.0296	-0.0624	2	116	290	3	2012.642857
horizon	-0.3228	0.7665	3	146	548	12	2012.354286
horizon scan	-0.2795	0.8515	3	112	466	11	2015.5
horizon scanning	-0.2691	0.9371	3	73	264	6	2014.166667
host	0.5006	0.895	5	67	150	2	2013.124
human activities	-0.8338	0.2704	2	99	224	2	2013.345725
human impact	-0.9743	0.3275	2	78	182	2	2013.236842
humans	0.2914	-0.4054	1	134	310	4	2012.412162
ice	-0.2462	0.0742	3	230	628	8	2011.721291
ice-cover	-0.6448	-0.304	4	86	192	2	2011.210019
ice-free	-1.0551	-0.2322	2	77	170	2	2013.322981
identification	-0.0812	-0.3901	4	404	1614	20	2011.944837
identity	0.2586	-0.627	4	102	248	3	2013.229508
illumina	0.0244	-0.6489	4	134	354	4	2016.958904
illumina sequencing	0.1943	-0.5351	3	79	200	2	2016.8
impact	-0.4284	0.4642	2	271	840	12	2013.206627
implications	0.2255	0.0707	5	265	664	8	2011.871583
improvement	-0.6093	-0.5355	2	85	180	2	2012.529851
incorporation	-0.6918	0.2725	2	44	88	2	2011.174419
indian ocean	0.5641	0.8128	5	92	230	3	2010.03125
indices	-0.1407	0.8555	5	99	208	2	2012.102711
individuals	0.7423	-0.0695	1	234	688	9	2011.172646
influence	-0.6164	0.5808	2	71	152	2	2011.779275
information	-0.0073	-0.1697	1	380	1304	17	2011.767792
ingestion	1.3488	0.0923	1	91	234	3	2007.818182
integration	-0.4136	0.3564	2	92	202	2	2010.47619
interactions	0.6348	0.1015	1	277	836	11	2011.626733
interface	-0.5065	0.398	3	58	118	2	2010.689655
interglacial	-1.1602	0.0733	2	84	186	2	2010.910891
international team	-0.204	1.141	3	40	116	2	2015.75
interpretation	-0.5479	-0.6327	4	92	210	2	2010.411609
introduction	-0.9291	0.3644	2	77	194	3	2010.370629
intron	-0.4551	-0.6567	4	81	178	2	2013.75
invasion	-0.5305	0.126	3	176	498	6	2013.178571
invasive species	-0.4301	0.1396	3	229	744	10	2013.369369
invertebrates	0.4616	0.0082	1	91	198	2	2011.049793
ion	1.173	-0.1871	1	106	272	3	2012.411616
ion torrent	1.1729	-0.1852	1	106	272	3	2014.714286
island	-1.0361	0.4109	2	107	274	4	2009.956692
jasus	1.3992	0.2524	1	61	162	2	2011
jasus edwardsii	1.3959	0.2565	1	61	162	2	2011
juvenile	0.5065	0.7701	5	74	154	2	2009.733918
knowledge	-0.1916	-0.1703	3	316	998	11	2012.895394
krill	0.391	0.2838	3	112	246	3	2012.106061
lake	-0.7009	-0.279	2	370	1662	19	2012.017794
lake sediments	-0.9801	0.0421	2	265	1040	12	2012.512658
lamprey	0.9279	0.33	1	49	106	2	2013
land	-0.0428	0.3671	3	58	116	2	2012.42268
landscape	-1.2043	0.2197	2	108	276	3	2013.677302
large-scale	-0.0025	-0.3286	4	188	510	5	2011.165527
larix	-1.3468	-0.1258	2	104	268	3	2012.827586
larvae	0.5413	0.6852	5	158	436	6	2007.544262
late holocene	-0.6164	0.5792	2	71	152	2	2010.923729
late quaternary	-1.0367	-0.1253	2	136	374	5	2008.162162
layer	-0.0288	0.7204	5	97	204	2	2010.321275
leeuwin current	0.4446	1.0416	5	75	184	2	2008.571429
length	0.5288	-0.3319	1	147	362	4	2010.5328
levels	0.0201	0.4346	5	202	486	6	2011.25209
library	-0.0785	-0.3515	4	122	270	3	2011.807018
life	0.3897	0.6288	5	134	308	4	2011.876747
life stages	0.3794	0.1622	3	82	184	2	2012.336842
limit	-0.5356	-0.4801	2	96	200	2	2010.544865
limitations	0.0058	-0.4644	4	243	740	8	2012.614846
links	0.9241	0.0353	1	69	152	2	2012.592814
lipid content	0.7409	0.6961	5	130	310	3	2010.925926
lipids	0.3417	0.6235	5	167	396	4	2011.738351
literature	-0.4648	0.0542	3	37	74	2	2011.726524
livestock	-0.6221	0.0663	2	71	150	2	2014.21875
lobster	0.7015	0.7398	5	206	648	8	2014.058824
lobster larvae	0.5763	0.9042	5	107	280	3	2016
location	0.4264	0.5741	5	89	184	2	2010.881081
long-term	-0.5377	0.369	2	172	474	6	2012.366366
loop	0.2973	0.5833	3	55	120	2	2010.980198
macro-organisms	-0.3887	0.0018	3	90	222	2	2014
macrofossil analyses	-1.0947	-0.3132	2	61	140	2	2016.25
macrofossils	-1.0556	-0.2085	2	173	518	6	2014.621622
magnitude	0.875	0.1581	1	125	262	3	2011.364091
mallotus	1.1939	-0.162	1	84	194	2	2010.258065
mallotus villosus	1.1969	-0.1604	1	84	194	2	2009.655172
malma	0.4112	-0.8478	3	62	146	2	2014.8
mammals	-0.5853	-0.1683	2	123	282	4	2011.107784
mammoth	-0.8444	-0.3571	2	66	142	2	2011.5
management	0.3031	-0.1224	3	249	706	9	2013.088766
marine	0.0896	0.1992	3	318	986	12	2012.020366
marine biodiversity	-0.2454	-0.7572	4	84	198	2	2014.444444
marine ecosystems	0.1206	0.0774	3	144	374	5	2013.642259
marine fish	0.1974	-0.5352	3	79	200	2	2009.474359
marine predators	1.0761	-0.3725	1	82	186	2	2011.529412
markers	0.0591	-0.1598	1	365	1178	14	2013.021898
market	0.0102	0.652	3	43	92	2	2014.62963
mass	0.9486	-0.2997	1	158	458	6	2010.941993
mass proportions	1.2008	-0.3485	1	71	168	2	2005.666667
materials	0.7548	0.2404	1	78	158	2	2011.458333
matrix	0.8717	0.3869	1	72	150	2	2011.695341
maximum	-1.2495	-0.1251	2	82	188	3	2010.287843
measurements	-0.3452	0.6147	5	97	196	2	2010.932763
mechanisms	-0.2916	0.6465	3	98	212	4	2011.610479
megafauna	-0.5617	-0.106	2	97	210	3	2014.227273
membrane	-0.5057	0.3976	3	58	118	2	2012.060241
mesoscale	0.5607	0.8233	5	80	186	2	2009.976526
mesoscale eddies	0.5595	0.822	5	80	186	2	2011.271028
metabarcoding	-0.142	-0.2816	2	595	3260	37	2016.8
metagenomics	-0.3727	-0.1614	4	114	262	3	2015.813433
metazoan	-0.2568	-0.5711	4	159	408	4	2013.666667
method	0.2667	-0.1771	1	579	3148	38	2012.144788
methodology	0.1557	0.4347	3	68	146	2	2012.912525
miseq	0.3792	-0.5788	4	67	158	2	2017.46875
mitochondrial	0.2666	-0.337	4	69	150	2	2012.75
mitochondrial genome	0.2701	-0.4825	4	81	194	3	2014.823529
mixture	1.0473	-0.2429	1	150	438	5	2010.906921
model	0.7907	0.1349	1	120	266	3	2011.651901
modification	-0.403	0.4846	2	99	212	3	2009.923977
molecular analysis	0.4452	-0.4365	4	68	146	2	2012.85
molecular diagnostic	0.6226	-0.0274	1	69	152	2	2012
molecular identification	0.0614	-0.6434	4	72	156	2	2012.25
molecular techniques	1.3986	0.2543	1	61	162	2	2012.962963
molecules	0.334	-0.533	1	114	254	3	2011.769231
monitoring	0.1012	-0.1117	3	370	1386	15	2012.828676
monitoring species	0.0899	-0.5467	3	94	210	2	2015.333333
morphological analysis	1.0758	-0.3736	1	82	186	2	2014.2
morphological identification	-0.0471	-0.8063	4	90	198	2	2014.111111
mountains	-0.4976	-0.1516	2	151	356	4	2011.617276
mtdna	1.0546	-0.476	1	74	180	3	2011.043478
negative effects	-0.2964	0.9391	3	45	108	2	2013.896552
next generation	-0.0222	-0.2727	4	129	296	4	2015.559322
next-generation sequencing	0.4125	-0.3289	1	229	656	8	2015.942308
ngs	0.1916	-0.6729	4	126	344	4	2015.695652
non invasive	0.471	-0.3885	1	171	454	5	2014.833333
non-invasive	1.0956	-0.2555	1	91	224	3	2013.4
north	-0.3284	-0.2049	3	160	394	5	2010.374238
north america	-0.397	-0.0727	3	96	206	3	2011.532207
norway	-0.9634	-0.2191	2	140	354	4	2011.264414
nutrients	0.5378	0.9987	5	84	200	2	2011.870968
nutrition	0.38	0.9901	5	85	196	2	2012
nutritional condition	0.5051	0.9412	5	103	264	3	2006.153846
nutritional status	0.3793	0.9906	5	85	196	2	2007
nutritional value	0.5588	0.8235	5	80	186	2	2012
observations	0.9999	0.0638	1	79	172	2	2011.448164
occurrence	0.0653	-0.3358	4	147	366	5	2011.803551
ocean	0.4537	0.3915	5	204	528	6	2010.965167
operation	0.0403	0.5902	3	36	76	2	2012.715909
order	0.5727	-0.1139	1	163	406	5	2010.598046
organic carbon	-0.0476	-0.6926	3	94	214	2	2012.96863
organisms	-0.0107	-0.4858	4	198	514	6	2012.67134
origin	-0.2343	0.4002	3	70	142	3	2010.187679
otus	-0.1506	-0.1844	4	105	238	3	2015.528205
overlap	-0.2422	-0.4595	4	144	346	4	2012.007874
oxidase	0.1611	0.0142	4	69	144	2	2013.341463
pacific	0.4321	-0.1156	4	149	392	5	2010.950879
pacific arctic	-0.1494	-0.8152	4	82	210	2	2014.617188
paleoecology	-0.8219	0.1991	2	132	336	3	2014.333333
paleoenvironment	-0.893	0.1222	2	70	154	2	2010.363636
parameters	0.612	-0.2486	1	112	268	4	2010.962104
part	-0.3032	-0.1367	3	127	308	4	2010.410034
past	-0.842	-0.0354	2	170	494	5	2012.316703
past vegetation	-1.3126	-0.2576	2	109	284	3	2016.444444
patterns	-0.1991	-0.1092	1	203	512	6	2011.236066
pcr	0.4156	-0.3531	1	395	1580	21	2012.768293
pcr analysis	0.4281	-0.314	1	84	184	2	2013.8
pcr primers	0.9181	-0.0072	1	138	374	5	2011.615385
peninsula	-1.0265	-0.0221	2	158	406	4	2011.596904
performance	0.5205	-0.1448	1	85	182	3	2013.489921
period	-0.6515	-0.231	2	236	660	8	2011.210316
permafrost	-0.9297	-0.1954	2	157	430	6	2012.799678
permafrost sediments	-1.3103	0.0684	2	83	192	2	2011.151515
persistence	-0.8896	0.0541	2	74	168	2	2012.073254
perspective	0.2027	0.3598	3	63	136	2	2012.901235
pgm	1.202	-0.2251	1	85	206	2	2011.5
phase	0.6436	0.6297	5	53	114	2	2011.300144
phenomena	-0.1541	0.681	3	31	64	2	2011
phoca	1.1608	-0.2716	1	159	496	5	2010.25
phoca vitulina	1.1528	-0.2464	1	142	400	4	2013
phyllosoma	0.5037	0.9263	5	135	414	5	2014.4
phytoplankton	0.4068	0.7493	5	74	160	2	2012.529026
pilot study	0.6915	0.2564	1	63	128	2	2011.5
pine	-0.9127	-0.1536	2	74	156	2	2012.13806
pinniped diet	1.193	-0.3325	1	77	178	2	2011
pinnipeds	1.1902	-0.0863	1	85	186	2	2011.8125
pinus	-0.9131	-0.1527	2	74	156	2	2012.675676
pipeline	-0.1649	-0.552	4	102	248	3	2012.5
plankton	0.4572	0.333	1	115	252	4	2010.853821
plant	-0.7996	-0.0567	2	452	2222	26	2012.538334
plant communities	-0.8968	0.0753	2	251	802	9	2013.503125
plant diversity	-0.7976	-0.4182	4	108	250	3	2014.1
plant macrofossils	-0.9278	-0.3376	2	111	262	3	2014.136364
plant species	-0.6707	0.2605	2	120	282	3	2013.049822
plateau	-0.3129	0.5309	3	52	108	2	2012.169659
platform	0.8619	-0.3829	1	72	162	2	2013.075269
pleistocene	-0.7041	-0.4084	2	117	270	3	2009.611702
pleistocene holocene	-1.1265	-0.1962	2	92	200	2	2010.096154
polar	-0.404	0.0407	3	137	324	4	2011.082686
polar urals	-0.9307	0.0772	2	61	134	2	2014.642857
policy	-0.2135	0.9931	3	63	182	4	2014.121693
pollen	-1.1348	-0.0281	2	260	1052	12	2011.027027
pollen analysis	-1.4338	-0.1131	2	82	192	2	2008.733333
pollen data	-1.3509	-0.074	2	90	202	2	2013.5
pollen record	-1.2669	0.0195	2	83	192	2	2011.071429
pollution	-0.1883	0.3975	3	55	118	2	2012.161202
polymerase chain reaction	0.9436	-0.0102	1	170	504	6	2012.270833
polymerase chain reaction pcr	1.2439	0.0689	1	63	146	2	2009.846154
pools	-0.2612	-0.835	4	62	134	2	2013.203252
population	0.4311	0.119	5	414	1596	19	2011.362024
ports	-0.2289	-0.8308	4	111	312	3	2010.5
potential	6e-04	-0.0483	3	246	724	10	2012.784435
power	-0.2351	-0.2656	4	180	470	6	2011.834034
practice	-0.1938	0.8822	3	78	202	3	2013.25
predation	1.0894	-0.1238	1	168	446	5	2008.722222
predator-prey	1.038	-0.0742	1	136	344	4	2010.960784
predator-prey interactions	1.1583	-0.0147	1	136	354	4	2011.652174
predators	0.9586	-0.0483	1	239	806	10	2010.345515
preference	0.0196	-0.4285	1	106	248	3	2012.214286
preparation	-0.3582	-0.2516	3	67	150	2	2012.196721
present	-0.5183	-0.2387	2	228	632	7	2011.176606
preservation	-0.5149	-0.3784	2	157	376	5	2011.649533
pressure	-0.0366	0.225	3	102	218	3	2010.477108
prevalence	0.6545	-0.0314	1	76	166	2	2013.013245
prey	0.9576	0.0178	1	380	1720	22	2009.116992
prey detection	1.0763	0.0628	1	94	268	4	2012
prey dna	0.9789	-0.1823	1	181	528	7	2010
prey items	0.957	-0.1408	1	168	432	6	2010.970588
prey species	1.0942	-0.2648	1	213	686	8	2009.090909
primers	0.4074	-0.2755	1	431	1946	24	2012.84
principal components	-0.6965	-0.3879	2	82	180	2	2010.402597
priority setting	-0.1814	0.795	3	32	76	2	2014.5
procedures	0.6089	-0.2121	1	74	166	2	2010.315476
processes	-0.0975	0.4638	3	340	1042	17	2011.967406
production	0.2058	0.9379	5	148	392	6	2011.637878
productivity	-0.1582	0.7042	5	156	398	4	2012.484007
profiles	0.2326	0.7785	5	98	234	3	2010.526606
programme	0.1668	0.1877	3	51	112	2	2009.044118
progress	-0.7747	-0.3086	2	52	126	2	2012.411765
project	0.4138	0.026	4	90	200	3	2012.453668
proportion	-0.1531	-0.2496	2	251	734	8	2011.055556
protein	0.5604	0.6365	5	150	364	5	2012.85274
protocol	0.6486	-0.3218	1	180	442	5	2014.140541
proxy	-0.5648	-0.0263	2	232	652	7	2013.127907
pyrosequencing	0.1979	-0.2082	1	142	354	5	2013.912698
qpcr	-0.1116	-0.5505	3	55	118	2	2015.02439
quality	0.4615	0.1008	1	237	610	7	2012.741898
quantification	0.1696	-0.737	4	131	314	4	2013.40625
quantitative	0.7206	-0.4138	3	72	156	2	2011.594059
quaternary	-1.0007	0.0177	2	92	224	3	2010.108108
rabbits	-1.0207	0.5175	2	59	146	2	2007.909091
range	0.0182	-0.1291	1	371	1294	16	2011.410547
rare species	-0.2583	-0.2814	2	75	158	2	2012.8125
rates	0.8859	-0.0158	1	161	446	5	2011.494306
rdna	-0.0926	0.0366	5	154	348	4	2012.367232
reaction	0.2883	-0.1172	1	219	610	8	2010.924119
reason	0.8426	0.1565	5	122	256	3	2011.71371
recommendations	-0.3219	-0.4122	3	89	220	3	2012.785714
reconstruction	-0.8219	-0.037	2	148	422	5	2012.728025
record	-0.9335	0.1142	2	216	702	9	2011.508365
recovery	-0.5943	0.1819	2	64	132	2	2012.7654
recruitment	0.4464	1.0415	5	75	184	2	2009.700704
reef	0.7425	0.3404	1	95	226	3	2010.637795
reference databases	-0.3949	-0.6725	4	157	386	4	2015.285714
refugia	-1.0556	-0.2304	2	77	170	2	2013.741935
regime	0.2203	0.9931	5	51	102	2	2010.768478
region	-0.285	-0.1753	4	438	1628	20	2011.608772
regional scale	-0.2895	0.6332	5	98	202	2	2012.592334
reindeer	-0.4525	-0.2288	1	74	156	2	2012
relationship	0.3621	-0.4943	4	280	856	9	2011.52721
relative abundance	0.6679	-0.3603	1	166	478	5	2013.82
relative abundance estimates	1.0228	-0.4134	1	77	186	2	2015.8
release	-0.7773	0.4305	2	73	150	2	2012.712924
remote	0.1178	-0.2566	3	91	212	2	2012.899032
removal	0.0594	0.0158	1	133	326	4	2011.470833
replicates	-0.3931	-0.7098	4	69	146	2	2013.863636
representation	-0.9929	-0.3084	2	106	282	4	2013.246886
reptiles	0.1979	-0.0897	4	59	122	2	2009.875
requirements	0.3802	-0.0081	1	92	210	3	2011.322368
research	0.2812	0.3735	3	391	1392	20	2012.25614
reserves	0.453	0.5776	5	126	272	3	2012.715328
resilience	-1.1943	0.1457	2	117	308	4	2014.867816
resolution	-0.3183	-0.2048	4	300	930	10	2011.918993
resources	0.0869	-0.4898	3	134	304	4	2013.251701
response	-0.5612	0.3282	2	116	278	4	2012.161066
retreat	-0.4988	0.5466	3	65	134	2	2012.69985
retrieval	-0.619	-0.0861	2	81	172	2	2011.428846
ribosomal dna	-0.1783	-0.5316	4	122	286	3	2011.052632
richness	-0.7574	-0.297	2	291	990	11	2013.813953
risk	-0.4196	0.8663	3	79	180	3	2014.229167
river	-0.0586	-0.4954	3	133	358	5	2011.920886
rna	0.0232	-0.5453	1	55	116	2	2012.641379
rock lobster	0.7007	0.7405	5	206	648	8	2013
rocks	0.7136	0.6744	5	232	748	9	2010.835085
role	0.2007	0.657	5	126	266	4	2012.568357
salix	-0.9954	-0.2649	2	134	360	4	2013.282609
salmo	0.9151	-0.6032	1	92	216	2	2007.285714
salmo trutta	0.914	-0.605	1	92	216	2	2007.666667
salmon	1.1374	-0.2522	1	75	186	2	2009.740525
salmonids	0.9064	-0.5201	1	77	166	2	2008.653846
salvelinus	0.689	-0.7291	3	143	430	5	2012.416667
salvelinus alpinus	0.7091	-0.7134	3	131	374	4	2012.625
sample	0.0315	-0.1725	1	316	1072	13	2011.599617
sampling	-0.3651	-0.4949	4	286	970	11	2012.100775
sand	0.4853	0.7045	3	65	134	2	2010.211726
scale	-0.278	0.1029	5	228	586	6	2011.804989
scanning	-0.2614	1.0372	3	52	162	3	2012.580808
scat samples	1.0183	-0.2579	1	87	196	2	2016.333333
scats	0.7735	-0.0787	1	175	542	6	2010.888889
science	-0.3008	0.7145	3	157	494	7	2005.441336
science communication	-0.2056	1.141	3	40	116	2	2018.5
screening	-7e-04	-0.5561	3	87	196	3	2013.2
sea	1.1008	0.1891	1	146	408	6	2010.929745
sea lions	1.2407	-0.1448	1	55	128	2	2006.8
sea urchin	1.3964	0.2515	1	61	162	2	2012.805556
seal diet	1.2376	-0.3714	1	105	256	3	2012.25
seals	1.0856	-0.238	1	208	686	8	2012.111111
season	0.4364	0.2431	5	268	760	8	2012.178114
seasonal variation	0.2419	0.713	5	87	186	2	2011.013917
seawater	0.1965	-0.5321	3	79	200	2	2011.626116
sedadna	-1.1959	0.0267	2	197	664	7	2017.666667
sediment cores	-0.9964	0.285	2	127	338	4	2012.336207
sedimentary	-1.214	0.1158	2	159	478	5	2010.557143
sedimentary dna	-0.9611	0.0594	2	243	838	9	2016.9
sediments	-0.8129	-0.0354	2	433	2156	24	2011.206075
selection	0.0884	-0.3908	1	58	120	2	2012.335938
sensitivity	0.1947	-0.3063	3	142	348	4	2012.152936
sequence	0.2763	-0.4092	1	521	3018	36	2012.290017
sequencing	0.168	-0.3073	4	476	2218	25	2015.158311
service	-0.0614	0.8732	3	53	106	2	2013.140288
settlement	0.445	1.0388	5	75	184	2	2011.937107
shark	0.5048	-0.3672	3	79	168	2	2011.3
shelf	0.1792	0.7182	5	97	198	2	2010.587376
shift	-0.1725	-0.1001	3	182	438	5	2012.333333
shotgun sequencing	-0.3896	-0.2197	4	135	332	4	2016.6
shrub	-1.1071	-0.0575	2	140	350	4	2013.638182
shrub tundra	-1.2114	0.0313	2	88	202	2	2012.731183
siberia	-0.9215	-0.1988	2	142	386	4	2012.538153
siberian	-1.1789	-0.2078	2	114	284	3	2012.301282
signal	0.8253	-0.1368	1	116	252	3	2011.038817
signatures	0.2665	0.6302	5	104	214	2	2011.86758
similarity	0.0356	-0.6145	4	99	214	3	2011.516971
sites	-0.1723	-0.0386	2	458	1780	21	2011.507274
size	0.5223	-0.1178	1	243	682	8	2010.965923
slope	0.3119	-0.706	3	86	194	2	2010.341082
soil	-0.7238	-0.0194	2	313	1128	13	2012.887856
soil communities	-0.9363	0.427	2	54	134	2	2014.835714
soil diversity	-0.937	0.4239	2	54	134	2	2014.793103
soil fungal communities	-0.9362	0.4249	2	54	134	2	2015.75
soil surface	-0.627	-0.538	2	80	174	2	2012.076577
source	0.258	-0.0607	1	273	826	10	2011.544715
south	-0.2356	0.4485	3	73	162	3	2009.816077
south america	-0.2291	0.3621	3	56	128	2	2010.900662
southern hemisphere	0.0893	0.61	3	52	106	2	2010.882466
southern ocean	0.0605	0.1042	4	83	192	2	2011.310743
space	-0.9318	-0.2728	2	141	362	4	2011.281958
spatial	0.1151	0.7538	5	87	176	2	2011.877747
species	0.081	-0.1102	1	753	5448	68	2011.629341
species abundance	0.504	-0.5475	4	142	356	4	2012.15625
species assemblages	0.081	0.1055	2	104	222	2	2012.928571
species biodiversity	-0.5255	-0.6285	4	87	184	2	2014.818182
species communities	-0.5664	0.2938	2	87	188	2	2013.757576
species composition	0.01	-0.6538	4	74	152	2	2011.337662
species detection	0.0852	-0.2021	3	161	454	5	2017.5
species diversity	0.6274	-0.2424	1	191	488	5	2011.076923
species identification	-0.3751	-0.5533	4	81	170	2	2012.884615
species richness	-0.583	-0.3571	4	186	520	6	2013.089796
specificity	0.2911	-0.536	3	138	364	5	2012.857143
spiny lobster	0.5968	0.9736	5	60	138	2	2014.5
spring	1.0793	0.0348	1	62	140	2	2011.445356
stage	0.2072	0.3026	5	241	634	8	2011.432692
status	0.1119	0.5685	5	213	512	6	2011.737569
steps	-0.3442	0.096	3	103	240	3	2012.015873
stomach	0.8444	-0.2362	1	155	432	6	2008.825581
stomach contents	0.8807	-0.2665	1	130	342	5	2009.135593
stomach samples	0.7068	-0.1306	1	69	154	2	2005.666667
storage	0.2769	1.0988	5	75	156	2	2013.435429
strait	0.5888	0.4133	3	66	136	2	2008.864542
strategies	0.4089	0.0726	1	201	592	8	2013.49449
structure	0.291	-0.069	4	219	594	7	2010.587788
sub-antarctic	-1.0193	0.5194	2	59	146	2	2008.713396
sub-antarctic islands	-1.0209	0.519	2	59	146	2	2008.042254
subsistence	0.197	-0.6731	3	59	122	2	2013.259259
suitability	-0.0029	-0.2273	1	71	154	2	2012.969697
support	-0.0295	0.0721	3	56	120	2	2012.160714
surface	-0.1364	0.1614	5	200	532	6	2011.274886
survey	-0.3232	-0.3842	4	380	1646	17	2010.854962
survey methods	-0.2334	-0.4063	4	85	198	2	2014.384615
survival	0.239	0.0652	5	168	404	6	2011.249489
svalbard	-0.7583	-0.4035	2	113	270	3	2012.982836
system	0.1499	-0.0302	1	248	680	9	2012.244703
taphonomy	-0.8099	-0.184	2	72	186	3	2015
target species	0.5766	-0.6661	3	103	238	3	2013.791667
taxon	-0.0218	-0.496	4	159	388	5	2012.46
taxonomic	-0.3074	-0.1628	4	165	406	5	2014.826087
taxonomic composition	-0.4968	-0.1637	2	126	288	3	2013.044776
taxonomic coverage	-0.0337	0.1057	3	83	180	2	2017.666667
taxonomic diversity	-0.5878	-0.4108	4	94	208	2	2014.884615
taxonomic groups	-0.1171	-0.486	4	152	402	4	2013.491228
taxonomic resolution	-0.463	-0.5065	4	156	416	5	2015.631579
taxonomy	-0.0297	-0.1034	4	138	344	5	2011.779141
techniques	0.667	-0.0613	1	267	896	11	2010.995925
technology	0.1637	0.2139	3	277	944	13	2013.19378
teleost	0.6811	0.3565	1	48	104	2	2010.588235
teleost fish	0.6813	0.3562	1	48	104	2	2012.8
temperate	-0.1438	0.0023	4	141	362	4	2011.666667
temperature	-0.1288	0.2392	5	241	622	7	2011.477652
template	0.7827	-0.0322	1	75	176	2	2013.866667
temporal changes	-0.5469	3e-04	2	91	194	2	2011.742138
terms	-0.1551	-0.5128	4	118	278	3	2011.105954
terrestrial	-0.6495	0.1989	2	102	224	3	2012.64094
terrestrial vegetation	-1.1294	-0.0692	2	109	286	3	2012.354839
threat	-0.2	-0.1935	3	188	496	6	2013.121076
threshold	0.1917	-0.6115	4	61	130	2	2012.8
thymallus	0.2885	-0.784	3	55	134	2	2011.818182
thymallus arcticus	0.2899	-0.7834	3	55	134	2	2011.625
time	-0.2759	0.1645	2	408	1404	16	2011.191579
tissue	0.9568	-0.0183	1	185	518	7	2011.777778
tools	-0.0329	0.2961	3	297	912	11	2013.795322
tracking	0.441	0.3186	3	55	112	2	2012.732026
trade	-0.2254	0.8264	3	41	92	2	2011.285714
trajectories	-0.0471	0.7714	5	120	260	3	2011.384117
transition	-1.0872	-0.1467	2	189	610	6	2011.648928
transport	0.1312	0.8697	5	58	118	2	2010.537155
trawling	0.018	0.1136	3	66	136	2	2010.0625
tree species	-0.8095	-0.1753	2	60	126	2	2012.833333
treeline	-1.215	-0.2017	2	117	312	3	2011.975
trees	-0.9305	-0.2351	2	137	312	4	2012.336557
trends	0.1105	-0.0443	4	103	218	3	2012.269204
trnl	-0.8249	-0.4534	4	122	274	3	2013.5
trnl intron	-0.4561	-0.6552	4	81	178	2	2014.5
trophic interactions	0.6985	-0.001	1	97	226	3	2013.454545
trophic levels	0.4993	0.8954	5	67	150	2	2012.898374
tropics	-0.4055	0.0655	3	51	104	2	2010.699313
trout	0.8448	-0.6511	1	110	272	3	2008.181818
trutta	0.9165	-0.6053	1	92	216	2	2010.25
tundra	-0.9257	-0.2091	2	193	584	7	2013.196825
turnover	-0.787	-0.3455	2	167	430	4	2013.246637
types	-0.1605	0.2418	3	245	682	7	2011.720352
uk	0.644	-0.0677	1	59	128	2	2011.816794
uncertainty	1.0139	-0.4051	1	80	172	2	2013.221957
universal primers	0.3655	-0.3336	1	196	592	8	2013.8125
urals	-0.9309	0.0787	2	61	134	2	2015.346535
urchins	1.3954	0.2529	1	61	162	2	2013.571429
utility	0.3132	-0.4867	1	123	274	3	2012.942222
validation	-0.1339	-0.6483	4	88	210	3	2012.727575
values	0.5512	0.1904	5	293	818	9	2010.746562
variability	0.6241	0.0055	1	224	568	7	2011.545737
variance	0.1779	0.3512	5	95	200	2	2010.046067
variations	-0.0448	0.3855	5	322	1054	12	2010.901917
vascular	-1.1307	-0.3459	2	80	186	2	2011.532787
vascular plants	-1.1409	-0.1624	2	193	682	8	2011.583643
vegetation	-1.1039	-0.1198	2	295	1242	14	2012.521246
vegetation changes	-1.3245	-0.0787	2	124	356	4	2012.638655
vegetation history	-1.0287	-0.0783	2	108	260	3	2014.6
vegetation types	-0.9473	-0.2982	2	83	190	2	2012.763948
vertebrates	-0.1965	-0.1423	2	180	442	6	2011.898305
walrus	0.7552	-0.0996	1	50	108	2	2012.9
water	-0.1174	-0.2446	3	359	1378	15	2010.775054
water column	-0.1324	-0.8884	4	102	260	3	2010.123234
water samples	0.0402	-0.7327	3	169	484	5	2012.208738
water temperature	-0.0096	0.4885	5	81	170	2	2010.526448
woody	-1.088	0.0856	2	93	228	3	2013.412698
work	-0.1081	-0.3304	3	135	282	3	2012.585814
world	0.076	0.2431	1	124	282	4	2011.293273
worms	-0.3049	-0.0342	1	63	134	2	2011.4
zone	-0.4354	0.3253	5	146	342	4	2010.917256
zooplankton	0.3117	0.2673	5	211	626	7	2009.773438
