id	x	y	cluster	weight<Links>	weight<Total link strength>	weight<Keyword count>	score<Avg year>
20th century	0.391	-0.5335	1	505	1978	25	2011.125
abisko	0.587	0.4425	1	270	920	12	2011.45098
ablation	0.2908	-0.3948	1	491	1992	22	2012.339583
abundance	0.5261	0.0864	1	582	2420	25	2012.159769
acceleration	-0.5223	-0.6227	2	505	2432	23	2012.217042
access	-0.5755	-0.5411	2	351	1302	14	2013.769679
accumulation	0.4187	0.1238	1	1005	7622	86	2011.1675
accuracy	-0.6082	-0.7008	2	672	4000	44	2012.031588
acquisition	-0.7839	0.0011	3	519	2308	25	2012.112069
action	0.233	0.9311	4	665	3704	41	2009.595808
active layer	-0.6944	0.5142	3	1072	12796	137	2012.332634
active layer depth	-0.6529	0.7647	3	340	1130	12	2011.505882
active layer thickness	-1.0142	0.2878	3	460	2104	22	2013.05
active rock glaciers	-0.1726	-0.6886	2	838	7256	77	2009.285714
activity	0.3901	-0.4647	1	1247	21290	237	2011.741747
adaptation	-0.5029	-0.5958	2	408	1576	18	2013.458029
addition	0.0807	0.3114	1	992	7044	81	2012.072879
adjustment	0.826	-0.4298	1	472	1964	19	2011.543956
advance	0.3063	-0.358	1	915	6424	71	2012.223684
aerial photographs	0.3277	-0.9676	2	349	1240	15	2010.535714
africa	0.3867	0.811	1	177	486	9	2009.943515
age	0.7561	-0.2007	1	1160	15698	177	2010.368729
age dating	1.0591	-0.0274	1	357	1534	16	2013.111111
aggradation	0.5144	0.0159	1	503	2000	21	2012.058824
agreement	-0.4424	0.1117	3	559	2382	28	2010.554303
air	-0.5272	0.2317	3	1243	20988	220	2011.976061
air circulation	-0.8083	0.751	3	268	1044	13	2010.5
air temperature	-0.4651	0.1448	3	1175	16360	169	2012.218924
al	0.6622	0.7907	1	346	1190	20	2010.555118
alaska	0.1223	-0.0729	4	595	2680	32	2010.597746
albedo	-0.7677	0.5815	3	332	1122	12	2012.060567
algorithm	-0.7946	-0.5767	2	492	2152	24	2011.916828
alluvial fan	0.8675	-0.3665	1	513	2228	20	2013.233333
alpine	-0.1529	-0.0293	3	1295	22286	244	2012.280161
alpine environments	0.4259	0.3927	1	792	4770	54	2010.582418
alpine glaciers	0.4632	-0.4493	1	398	1400	14	2012.819277
alpine landscapes	0.5451	0.2386	1	297	888	9	2012.47619
alpine permafrost	-0.8407	-0.1759	3	839	6434	71	2011.692308
alpine regions	-0.4466	-0.6443	2	521	2364	25	2012.662791
alpine zone	0.9306	0.3774	1	264	774	11	2010.84375
alps	-0.5255	-0.31	2	1286	32218	354	2011.372549
altitude	0.0549	-0.1788	2	912	6618	74	2011.218807
altitudinal limit	-1.028	-0.054	3	269	832	9	2011.111111
america	0.2718	-0.3111	2	335	1108	13	2011.440252
amplitude	-0.5269	0.0759	4	503	2102	23	2010.372165
analysis	0.0602	-0.2158	2	1368	33874	375	2011.656462
andean	-0.1715	-0.7633	2	277	884	11	2013.395349
andes	-0.1899	-0.9041	2	640	4318	53	2012.5
angle	0.4221	0.3043	1	582	2568	28	2010.915493
annual	0.5489	0.1195	1	401	1494	17	2010.264808
annual cycle	-0.4778	0.7478	4	353	1158	12	2009.189944
annual precipitation	0.6554	0.0015	1	327	1184	13	2011.851852
annual temperature	-0.4431	-0.1082	2	401	1428	16	2010.649254
anomaly	-0.4798	0.3861	3	485	2008	24	2010.997204
antarctic	0.2582	0.7857	1	539	2456	29	2010.797819
antarctica	0.4096	0.771	1	672	3992	56	2011.220175
application	-0.653	-0.3566	2	995	9586	111	2012.361823
approach	-0.5382	-0.3314	3	1209	16328	178	2013.011682
archives	0.3938	-0.3964	1	410	1438	16	2012.62249
arctic	0.4739	0.5119	1	937	7586	89	2012.189504
arctic environments	0.8985	0.553	1	418	1594	18	2012.708108
arctic-alpine	0.9688	0.7556	1	342	1486	19	2010.826446
area	-0.0527	-0.2426	2	1390	52568	593	2011.37466
argentina	-0.2278	-0.9563	2	316	1282	16	2013.052632
aridity	0.2027	0.2839	1	228	708	9	2011.457143
array	-0.8079	0.2413	3	413	1686	20	2011.101235
asia	-0.5862	-0.435	2	328	1134	15	2013.012594
asl	-0.5804	-0.059	3	717	4202	49	2011.607477
aspect	-0.2898	-0.3953	2	781	5492	57	2011.749104
assemblages	0.6392	0.08	1	397	1388	16	2012.247588
assessment	-0.3486	-0.5023	2	1075	10824	112	2013.024899
association	0.7181	-0.1117	1	492	1868	22	2011.081886
atlantic	0.5902	-0.3511	1	386	1466	16	2010.236737
atmosphere	-0.2063	0.5803	3	462	1654	17	2011.581199
atmospheric temperature	0.0206	-0.6676	2	332	1086	11	2010.509554
attention	0.0952	-0.3031	2	669	3390	39	2012.917808
austria	-0.5102	-0.2147	2	799	5632	57	2011.948718
austrian alps	-0.7437	-0.3153	2	449	1736	16	2011.727273
autumn	-0.0802	0.4796	4	656	3344	33	2011.726708
availability	0.2658	0.5289	4	759	3924	40	2012.908905
avalanche	0.4601	-0.5512	1	1089	13168	152	2010.643275
avalanche activity	0.71	-0.5557	1	494	2426	27	2010.962963
avalanche frequency	0.8389	-0.619	1	241	802	10	2008.3
balance	-0.3923	0.2119	3	876	6116	65	2011.539286
bands	0.287	-0.0884	1	255	698	9	2010.501538
basal	0.2141	0.4417	1	645	3076	37	2012.568254
basalts	0.4298	0.8225	1	235	640	11	2010.666667
baseline	-0.6226	-0.573	2	364	1136	11	2012.74934
basin	0.887	-0.1144	1	913	7892	83	2010.09645
bay	0.5356	0.5897	1	229	652	10	2010.11814
be-10	1.1192	-0.4189	1	263	840	9	2010.8
bed	0.5249	-0.2205	1	436	1614	17	2012.649281
bedload	1.0916	0.0317	1	418	2140	24	2008.892857
bedload transport	1.0254	0.0548	1	311	1334	14	2013.0625
bedrock	-0.0101	0.4988	4	1252	17314	191	2011.093588
bedrock permafrost	-0.8533	0.445	3	398	1612	17	2012.352941
behavior	-0.4295	-0.274	2	455	1660	17	2011.103784
behaviour	-0.5086	-0.1733	2	697	3564	40	2010.943662
belt	0.3503	-0.5171	1	570	2832	29	2010.458182
blockfields	0.3335	0.4078	1	349	1264	17	2011.764706
body	-0.2962	-0.2253	2	979	8142	92	2011.227462
border	0.4372	0.2141	1	304	846	13	2011.672897
borehole	-1.1316	0.2524	3	837	7356	77	2012.604563
borehole temperatures	-1.2405	0.4136	3	465	2320	23	2011.555556
bottom temperature	-1.2335	0.0203	3	472	2742	30	2010.236559
boulders	0.742	0.32	1	922	7178	85	2007.94958
boundary	-0.0721	0.0062	3	744	4010	45	2008.420868
boundary conditions	-0.4949	0.2634	3	390	1384	13	2010.430736
bp	0.9771	0.0619	1	614	3520	43	2012.006369
breakdown	0.5066	1.0123	1	241	744	9	2010.515152
british columbia	0.465	-0.3375	1	253	750	9	2010.564356
bts	-1.0751	-0.1004	3	540	3506	40	2006.477273
bts measurements	-1.2258	-0.003	3	292	1268	15	2004.1875
budget	0.7664	-0.0048	1	739	4620	48	2011.153068
building	-0.2398	0.2693	2	445	1470	17	2011.116071
c-14	0.8818	0.2861	1	390	1506	17	2010.938406
ca	0.8415	0.8393	1	213	704	9	2010.753333
calibration	-0.1854	-0.2935	3	516	2188	24	2011.99511
california	0.6679	0.3753	1	276	882	10	2009.673387
camera	-0.3869	-0.1601	2	358	1160	11	2013.671756
canada	0.0654	0.3516	1	725	4174	53	2011.058788
canadian	0.0178	0.456	1	240	634	9	2010.480463
capacity	0.0126	0.2669	2	524	2150	24	2013.094099
carbon	0.4913	0.5366	1	348	1138	12	2013.107259
carbonate	0.6915	0.6808	1	331	994	12	2011.940552
carpathians	-0.9474	0.318	3	296	1152	12	2013.52381
cascade	0.6486	-0.7561	1	370	1210	12	2012.034783
case	0.0043	-0.2697	2	1172	13570	150	2010.847835
case study	-0.0656	-0.5283	2	896	6340	69	2012.678179
catchment	0.7876	-0.0787	1	876	7350	76	2013.188825
cause	0.0962	0.0656	1	708	3452	37	2011.675244
cave	-0.0407	0.6035	1	453	2146	29	2012.349206
cell	-0.8673	-0.4661	2	296	1074	13	2011.359784
century	0.1399	-0.591	2	944	8344	95	2012.205869
chain	-0.4906	-0.804	2	454	1804	17	2011.096866
challenges	-0.7291	-0.601	2	542	2312	24	2014.48237
change detection	-0.6118	-0.9519	2	260	882	9	2012.679612
changes	-0.1613	-0.1792	2	1373	43994	478	2012.206219
channel	0.9574	-0.1593	1	810	6692	68	2009.903036
characterisation	-0.5385	0.0312	4	317	950	9	2012.422535
characteristics	-0.2291	-0.0999	3	1260	17514	198	2010.936545
characterization	-0.4881	-0.0291	3	459	1682	18	2012.72969
chemical	0.9102	0.804	1	614	4352	53	2011.607029
chemical denudation	1.2116	0.6932	1	261	1336	14	2007.647059
chemical denudation rates	1.1838	0.7453	1	208	956	10	2007
chemical weathering	0.9062	0.8819	1	415	2280	30	2008.5
chemistry	0.9357	0.7483	1	390	1958	22	2012.465976
chile	-0.369	-0.9199	2	395	1860	22	2012.697531
china	0.0636	0.37	1	435	1678	22	2013.948798
chronology	0.88	-0.3638	1	461	2120	26	2010.47
circulation	-0.6554	0.3218	3	557	2838	31	2010.44219
cirque	0.5219	-0.3765	1	798	5584	59	2010.631579
cirque glacier	0.5144	-0.5723	1	380	1342	14	2010.952381
classification	-0.2819	-0.9251	2	666	4022	46	2011.561043
clast	0.5269	0.5166	1	662	3340	40	2007.057692
clay	0.549	0.8754	1	486	2068	26	2009.622093
clay minerals	0.8021	0.9748	1	196	676	9	2008.6
cliffs	0.8214	0.4761	1	453	1668	18	2010.535714
climate	-0.0395	-0.1756	2	1367	34168	375	2012.847305
climate change	-0.1589	-0.4779	2	1256	20364	214	2013.106897
climate change impacts	-0.3231	-0.8714	2	362	1422	16	2013.417178
climate data	-0.6298	-0.1445	2	431	1592	15	2012.201878
climate model	-0.9469	-0.3642	3	502	2698	28	2013.16224
climate scenarios	-1.1599	-0.1323	3	368	1472	14	2013.937824
climate variability	0.1905	0.1992	1	433	1714	18	2012.20898
climate variations	0.0048	-0.3054	1	428	1430	15	2011.1875
climate warming	-0.1934	-0.2843	2	712	3686	37	2013.628339
climatic conditions	-0.0138	0.07	3	869	5294	59	2011.992424
climatic factors	-0.0269	-0.2597	2	323	954	11	2013.463415
cloud	-0.5557	-0.6807	2	378	1328	14	2010.976891
cluster	0.9372	-0.3557	1	374	1266	13	2011.949896
coarse debris	0.7716	0.321	1	374	1282	13	2005.642857
coast	0.1838	0.3331	1	424	1472	18	2010.134684
coatings	0.8401	0.9031	1	283	1054	14	2011.814815
cold	0.3425	0.5706	1	641	3036	33	2011.824903
cold air	-0.5374	0.8149	3	292	978	11	2012.833333
cold climate	0.9784	0.3538	1	502	2208	27	2010.489583
cold environments	0.6867	0.5737	1	469	2026	23	2013.16
cold regions	0.3351	0.7311	1	472	1952	24	2013.059524
collapse	0.2614	-0.6359	2	523	2034	21	2012.51938
collection	-0.2274	-0.4498	2	497	1866	20	2011.129412
colluvium	0.8332	0.0817	1	321	942	12	2008.764706
colorado	0.0934	-0.4851	2	491	2512	28	2008.112676
columbia	0.3223	-0.4029	1	327	1086	13	2010.481081
community	0.4386	0.0462	1	532	2212	28	2013.620087
comparison	-0.2008	-0.1441	2	1106	10084	113	2010.70057
complex	0.0986	-0.2618	2	753	3990	42	2011.908387
composition	0.3878	0.5977	1	692	3784	44	2012.45256
compression	-0.4482	0.3051	4	333	1216	14	2010.681818
computer	-0.6484	-0.8364	2	284	818	9	2010.773109
concentrations	0.7493	0.5447	1	680	4152	48	2011.643222
concept	0.1818	-0.1296	1	427	1506	20	2011.306773
conceptual model	0.2081	0.5799	4	474	1782	19	2011.796178
concerns	-0.4603	-0.4261	2	260	740	9	2012.89313
condition	-0.3125	0.3905	4	513	1856	20	2010.79798
conduction	-1.1679	0.2969	3	421	1752	16	2010.1
conductivity	-0.4006	0.6756	3	683	3700	40	2011.544304
cone	0.7559	-0.1899	1	484	1774	19	2010.545455
configuration	-0.1593	0.0151	4	336	988	12	2012.603053
consequences	-0.0813	-0.6611	2	666	3468	34	2012.275862
consistency	0.009	-0.0674	1	278	752	9	2011.881356
constraints	0.4731	0.0254	1	433	1458	18	2011.060453
construction	-0.5191	-0.0212	3	449	1618	17	2011.684729
contact	-0.026	0.3724	3	644	2840	29	2011.307692
content	-0.5354	0.6253	4	988	9736	108	2011.761593
continuous	-0.3586	0.893	4	270	796	9	2011.574468
continuous permafrost	-0.6742	0.3787	3	396	1462	17	2013.076923
contraction	-0.1191	0.8361	4	276	832	9	2011.387387
contrast	0.1035	0.1909	1	975	6908	71	2011.509677
control	0.3613	0.0729	1	1121	11196	120	2012.474255
cooling	-0.1764	0.6017	3	608	2968	31	2010.829787
cordillera	0.0707	-0.811	2	349	1194	15	2012.5
core	0.5231	0.1672	1	794	5066	59	2010.446523
correlation	-0.3581	0.3828	4	751	4216	48	2011.333794
coupling	0.1438	-0.3184	3	487	1986	20	2011.935532
cover	-0.4224	0.3428	3	1238	20650	219	2011.664763
coverage	0.1611	-0.8392	2	378	1274	14	2012.329283
cracking	-0.1147	1.0321	4	333	1184	13	2010.727273
cracks	0.1009	0.8059	4	553	2442	28	2011
crater	0.2287	0.5726	1	292	846	11	2010.333333
creek	0.6185	0.0161	1	410	1500	19	2010.423077
creep	-0.2591	0.2416	4	984	9170	100	2007.890511
crest	0.5133	0.5369	1	392	1276	15	2006.581081
criteria	-0.3547	3e-04	2	299	822	10	2010.149038
cross-section	0.8926	-0.1609	1	247	898	11	2010.444444
cryoplanation	0.5588	0.8239	1	242	746	10	2004.7
cryoplanation terraces	0.5521	0.8333	1	235	710	9	2003.444444
cryosphere	0.0911	-0.8458	2	589	3284	39	2014.539877
current	-0.6319	0.3316	3	273	772	9	2008.757215
curvature	-0.2178	-0.6388	2	296	946	10	2009.535714
cycle	0.0654	0.7924	4	1001	9274	103	2011.47296
czech republic	0.1629	0.4424	1	225	700	11	2012.59375
dam	0.4749	-0.6753	2	392	1444	15	2011.672131
damage	0.1198	-0.3914	2	560	2750	32	2013.018116
data	-0.3969	-0.0572	3	1376	47268	532	2011.015066
data acquisition	-0.9989	0.3751	3	270	908	10	2011.212766
data analysis	0.0123	-0.4545	2	509	1892	20	2011.003436
data collection	-0.414	-0.6365	2	365	1206	12	2013.059524
data loggers	-0.7838	0.6911	4	340	1172	11	2007.918919
data processing	-1.0009	0.1609	3	298	1064	10	2011.672727
data quality	-0.9596	-0.2316	3	310	1002	10	2013.258427
data set	-0.7133	-0.2758	3	540	2424	26	2010.433246
data sets	-1.0159	-0.5049	2	445	2108	22	2011.63144
database	-0.6175	-0.6545	2	440	1608	19	2012.403509
dataset	-0.476	-0.6747	2	483	1920	22	2012.68054
date	0.5215	-0.3645	1	649	3190	38	2012.087051
dating	0.9805	-0.102	1	779	5814	68	2010.925926
dc resistivity	-1.1387	0.3473	3	494	2806	33	2006.371429
debris	0.5153	-0.2203	1	1312	26298	291	2009.221983
debris avalanches	0.1081	-0.7531	2	227	670	9	2012.888889
debris cover	0.104	-0.4826	1	425	1702	15	2012.407407
debris flow	0.7316	-0.4312	1	1013	10906	116	2007.544715
debris flow activity	0.8553	-0.5165	1	442	1910	20	2009.15
debris layer	-0.2714	0.0944	4	365	1460	16	2008.809524
debris slopes	-0.298	0.489	4	299	882	9	2009.888889
debris transport	0.8172	0.0367	1	271	820	11	2003.230769
debris-covered glacier	0.0803	-0.8809	2	453	1964	21	2014.296296
debuttressing	1.0895	-0.3336	1	249	914	9	2015.090909
decay	0.1428	0.7484	1	290	864	11	2010.074434
decision-making	-0.4342	-0.8169	2	298	868	9	2015.4
decline	0.3383	-0.1255	1	358	1114	11	2013.254217
deep seasonal frost	-0.6042	0.8951	4	257	826	9	2010
definition	0.0695	-0.5961	2	354	1136	15	2010.611111
deformation	-0.4201	-0.2415	2	852	6824	79	2010.55336
deglaciation	0.9935	-0.316	1	812	6466	67	2010.986813
degradation	-0.3701	-0.3812	3	1172	15514	159	2013.464824
delineation	-0.4391	-0.4282	3	290	916	10	2012.196721
delta	1.0959	0.1016	1	335	998	11	2010.255844
density	-0.064	-0.307	2	766	4044	46	2009.879211
denudation	1.053	0.3799	1	605	3606	39	2008.9
denudation rates	1.0742	0.4519	1	420	1962	21	2006.782609
dependence	-0.6571	0.4518	4	403	1508	18	2010.591411
deposition	0.7864	-0.2695	1	718	4028	44	2012.094256
deposits	0.6221	-0.0133	1	1165	14384	165	2011.200561
depression	0.6644	-0.2522	1	522	2066	23	2010.355769
depth	-0.5464	0.6039	3	1222	19300	212	2010.672402
description	-0.3759	-0.3967	2	502	2060	23	2009.996622
desert	0.4698	0.6474	1	395	1478	19	2011.209622
design	-0.8645	-0.1544	3	461	2054	26	2013.015625
detachment	0.111	0.3836	4	524	2274	23	2012.828947
detail	-0.1385	-0.1381	2	509	2088	21	2011.078886
detection	-0.7691	-0.3769	2	757	4936	52	2012.417625
determination	0.4154	0.2192	1	467	1772	23	2010.57381
development	0.3463	0.0828	1	1304	20124	223	2011.773084
diameter	0.5102	0.6182	1	306	916	11	2010.091346
diamicton	0.9892	0.2912	1	205	604	9	2005.944444
difference	0.0148	-0.0117	2	818	4586	57	2011.163032
differentiation	0.4923	-0.3815	1	366	1188	11	2012.476471
digital	-0.6506	-0.8275	2	342	1288	14	2011.621359
digital elevation model	-0.0615	-0.9911	2	758	5278	56	2012.770142
digital photogrammetry	-0.2275	-1.2138	2	203	736	9	2008.214286
direct	-0.4384	0.6539	3	297	902	10	2011.421384
discharge	0.7298	-0.0816	1	676	4516	47	2012.354474
discontinuities	-0.6242	-0.1596	3	382	1240	14	2007.817204
discontinuous permafrost	-0.3236	-0.3003	3	635	3372	37	2012.089494
disintegration	0.5272	0.662	1	346	1234	15	2011.467105
displacement	-0.4384	-0.2881	2	882	7838	92	2010.607877
dissolution	0.7881	0.8283	1	251	780	9	2010.989744
distance	0.4567	-0.0926	1	631	2836	34	2011.010448
distribution	-0.3276	-0.2675	3	1327	30386	340	2010.907306
distribution characteristics	-0.0852	-0.9017	2	322	1110	12	2011.92
distribution modelling	-1.0011	-0.5223	3	275	966	10	2011.318182
distribution models	-0.8588	-0.6376	3	335	1406	17	2011.931624
distribution patterns	-0.8896	-0.3232	3	351	1232	14	2010.866972
disturbance	0.2371	-0.1709	1	464	1700	21	2011.750678
diurnal frost	-0.1988	1.2216	4	261	1156	12	2002.846154
diversity	0.7632	0.483	1	322	1030	14	2013.553494
dolomite	0.7633	0.5004	1	415	1554	19	2009.181818
dominance	0.6761	-0.4155	1	329	1086	10	2012.29375
drainage	0.9618	0.2595	1	737	4722	49	2012.254459
drainage basin	1.1798	0.2622	1	432	2592	26	2010.668367
drilling	-0.9104	0.0413	3	408	1624	18	2011.883459
dry andes	-0.5711	-1.0094	2	204	666	9	2013.111111
dryas	1.0828	0.0095	1	528	3032	33	2010.77931
duration	-0.2171	0.5277	3	836	5630	57	2012.189258
dynamics	-0.0432	-0.317	2	1160	13032	135	2012.382241
earth	0.0285	-0.6143	2	754	4056	46	2012.416212
earthquakes	0.7565	-0.5403	1	359	1292	15	2011.096774
east	0.3037	-0.4989	1	483	2002	26	2011.088561
eastern	0.1684	-0.0406	1	645	3100	32	2011.347648
eastern alps	-0.5932	0.2109	4	366	1240	12	2015.1875
ecosystem	0.1237	-0.4546	2	399	1494	17	2013.530062
effects	-0.132	0.2062	3	1323	23360	256	2011.624055
electrical conductivity	0.1277	0.6897	1	338	1230	14	2010.933333
electrical resistivity	-0.9526	0.3878	3	860	8786	91	2013.704918
electrical resistivity tomography	-0.9117	0.3436	3	828	7108	72	2014.395349
electrical resistivity tomography (ert)	-1.084	0.41	3	343	1332	13	2015.384615
electromagnetic	-1.1412	0.1002	3	198	670	9	2009.9375
electron	0.5597	0.8457	1	232	728	11	2011.572917
elements	0.3786	0.2851	1	721	3812	44	2011.89258
elevation	-0.1724	-0.5441	2	1185	16872	183	2012.227186
elevation changes	-0.1907	-1.1422	2	266	946	10	2012.632107
elevation model	-0.1681	-0.9628	2	557	2890	32	2012.230435
emissions	-0.7771	0.2421	4	419	1758	22	2013.550741
energy	-0.6984	0.2482	3	750	4428	50	2011.753532
energy balance	-1.2126	0.1055	3	433	2318	23	2012.273256
energy balance model	-1.4085	0.3123	3	242	980	9	2012.070588
engineering	-0.4703	-0.0393	3	457	1856	19	2012.982353
environment	0.3211	0.1796	1	1349	29604	338	2012.515563
environmental	0.6931	0.4131	1	310	900	12	2010.845217
environmental changes	0.4944	-0.7905	2	245	770	11	2013.895683
environmental conditions	0.253	0.2631	1	663	2776	33	2013.912338
environmental factors	-0.1318	0.279	3	429	1512	15	2013.842444
equilibrium	0.1165	-0.247	1	601	2754	26	2010.171186
equilibrium line	0.9488	-0.491	1	302	1182	12	2011.57732
equilibrium line altitude	0.9907	-0.5312	1	269	968	9	2012.833333
erosion	0.8274	-0.1436	1	1005	9446	101	2011.871716
erosion rates	0.9867	-0.4523	1	531	2440	25	2010.701299
error	-0.8045	-0.168	2	582	2852	31	2011.486384
ert	-0.7755	0.3803	3	628	4084	41	2014.2
establishment	0.1785	0.1812	1	402	1356	14	2011.445578
estimate	-0.6512	0.1711	3	453	1552	16	2010.903093
estimation	-0.4884	-0.3228	2	605	2730	32	2012.012407
europe	-0.4495	-0.1249	3	664	3570	41	2011.79689
european	-0.4024	-0.5508	2	840	5910	58	2011.362949
european alps	-0.2876	-0.5732	2	794	5268	52	2012.633333
evaluation	-0.1168	-0.289	2	777	4168	47	2013.100503
events	0.4289	-0.1604	1	1225	19062	205	2012.030986
evolution	0.0647	-0.2499	2	1251	18542	192	2012.05694
exchange	-0.4756	0.778	3	448	1774	18	2010.706601
expansion	0.1246	0.538	4	668	3124	33	2012.969492
experiments	-0.253	0.661	4	908	6892	80	2011.075205
explanation	0.5197	0.3841	1	363	1180	14	2009.867769
exposure	0.7453	0.2515	1	819	5306	58	2012.977505
exposure ages	1.0203	-0.0279	1	475	2446	25	2013.526316
exposure dating	1.2052	-0.3489	1	219	840	9	2015.166667
expression	-0.1999	-0.4632	2	296	902	10	2012.171315
extension	-0.2724	0.0685	3	572	2382	25	2010.251641
extent	0.0879	-0.284	1	1109	10386	110	2011.835219
extreme	0.4239	-0.1039	1	448	1672	20	2013.461538
extreme events	0.8435	-0.2813	1	305	1006	11	2013.8
fabric	0.5155	0.3487	1	225	656	10	2009.649123
face	-0.1824	0.2452	3	548	2496	30	2012.258278
facies	1.0639	0.1918	1	305	992	13	2007.653061
failure	0.3835	-0.2918	1	1011	10662	114	2011.859477
fall	0.178	-0.334	2	860	6084	65	2011.228402
fan	0.893	-0.3066	1	692	4046	41	2010.271845
fatigue	0.1651	0.9864	1	267	956	11	2008.692308
fault	0.5006	-0.0879	1	388	1350	17	2011.869565
fe	0.8674	0.8826	1	248	1046	16	2012.054167
features	0.2709	-0.129	1	1185	14300	168	2010.384646
feedback	0.116	-0.666	2	468	1880	19	2013.003957
field	-0.107	0.0436	2	1348	26246	291	2010.533445
field data	-0.6688	0.087	3	597	2746	28	2011.688136
field mapping	0.0751	-0.545	2	320	980	10	2013.315789
field measurements	-0.3828	0.4939	4	613	2914	31	2011.524345
field monitoring	-0.4265	1.023	4	304	1018	10	2010.833333
field observations	0.4801	-0.0374	1	729	3876	45	2011.242424
field studies	0.0483	0.3039	4	428	1446	16	2010.034286
field surveys	0.4579	-0.8398	2	391	1494	16	2011.5
finite element	-0.8776	0.3979	3	321	1004	11	2011.713675
firn	0.239	-0.2196	1	360	1218	14	2012.838298
fjord	0.9621	0.0994	1	389	1456	15	2013.427767
flood	0.3572	-0.7675	2	720	4590	49	2013.016026
floodplain	0.8677	-0.2634	1	300	970	9	2013.242857
flow	0.2962	-0.289	1	1273	22504	235	2010.017411
flow velocity	-0.2138	-0.4553	2	433	2004	21	2010.773585
fluctuations	-0.0591	0.5828	4	784	4386	47	2009.816514
fluvial transport	1.2992	0.2234	1	243	1000	9	2014.75
flux	-0.0263	0.171	3	807	5440	57	2010.974387
focus	0.0558	-0.3483	2	526	2002	23	2012.93921
force	0.0469	0.2372	2	454	1504	15	2011.140909
forcing	-0.5553	-0.2241	2	559	2510	25	2011.371506
forefield	-0.3103	-0.465	3	299	1090	12	2013.028571
foreland	0.9184	0.0343	1	375	1344	16	2012
forest	0.4037	0.1888	1	480	1864	23	2011.961222
formation	0.3838	0.1769	1	1248	15832	186	2010.511811
fossil	0.3101	-0.5304	2	220	668	10	2010.893617
foundation	-0.5354	-0.0094	2	393	1382	14	2011.355072
fraction	-0.0114	0.482	1	501	1944	23	2011.553026
fracture	-0.4616	0.7128	4	618	3514	38	2011.127273
fracturing	0.0675	0.7382	1	309	974	12	2012.76087
fragments	0.4366	0.4995	1	390	1236	16	2010.917127
framework	0.2159	-0.3945	2	619	2878	32	2013.208431
france	-0.57	0.0253	3	451	1614	17	2010.519481
freeze-thaw	-0.0774	1.0057	4	818	6718	76	2012.06015
freeze-thaw cycles	-0.2007	1.0699	4	516	2538	27	2011.712329
freezing	-0.4172	0.9163	4	862	7030	73	2009.881557
french	-0.5365	-0.2153	3	503	2244	26	2009.685714
french alps	-0.5792	-0.3995	3	550	2708	31	2011.545455
frequency	0.3736	-0.2089	1	1089	11788	129	2011.174374
friction	-0.2519	-0.195	2	336	1290	14	2009.340824
front	0.1652	-0.2232	2	939	7000	76	2009.508357
front range	-0.0316	-0.5401	2	362	1656	17	2007.666667
frost	-0.0827	0.9222	4	992	9880	113	2010.311258
frost action	0.29	0.9117	4	471	2034	24	2005.09375
frost creep	-0.1591	1.2066	4	349	2006	24	2003.346154
frost heave	-0.4114	1.1135	4	430	2532	28	2007.385965
frost penetration	-0.3005	1.1093	4	261	868	9	2005.15
frost shattering	0.1244	1.0105	4	268	840	9	2001.444444
frost weathering	0.1758	0.9693	4	474	2134	23	2008.625
frozen	-0.7787	0.6566	3	426	1710	20	2012.65625
frozen ground	-0.625	0.6065	3	783	5196	56	2011.96063
frozen rock	-0.8869	0.72	3	287	926	10	2008.333333
frozen soil	-0.7305	0.7225	4	348	1366	16	2013.244318
function	-0.0885	-0.0277	2	604	2682	31	2010.972155
furrows	-0.2189	-0.6688	2	345	1248	12	2013.157895
future	-0.4713	-0.555	2	803	5512	55	2013.712684
future climate	-0.5981	-0.1011	3	558	2552	24	2013.848387
future research	-0.1503	-0.3805	2	411	1402	14	2012.992857
gap	-0.0323	0.1506	4	533	2070	22	2012.915572
gelifluction	8e-04	1.0025	4	513	2788	34	2004.361111
generation	0.464	-0.5235	2	568	2270	25	2012.050847
genesis	0.3353	0.2177	1	513	2208	27	2010.829268
geographic	-0.1329	-1.0619	2	314	1086	12	2010
geographic information	-0.2945	-0.9964	2	442	1864	19	2010.649351
geographic information system	-0.3196	-0.9514	2	443	1898	20	2010.188889
geohazard	0.0951	-0.6228	2	354	1090	11	2014.407407
geology	0.6053	0.2279	1	572	2466	29	2011.073333
geometry	-0.5958	-0.3054	2	713	3822	44	2011.419355
geomorphic	0.6153	-0.3918	1	386	1408	14	2010.923077
geomorphic processes	0.5044	-0.2791	1	638	3222	33	2012.104167
geomorphological mapping	0.2991	-0.7313	2	284	912	12	2015
geomorphology	0.3362	-0.1822	1	918	6984	84	2011.886878
geophysical	-0.9481	0.1558	3	687	4650	49	2010.732794
geophysical investigations	-0.5085	0.2781	3	418	1512	16	2010.518519
geophysical measurements	-0.3728	-0.1282	3	288	888	9	2011.7
geophysical methods	-0.8186	0.1847	3	622	3744	40	2011.491525
geophysical soundings	-0.9971	0.1392	3	324	1036	10	2010.4
geophysical surveys	-0.8434	0.1695	3	409	1780	20	2012.325
geophysical techniques	-0.1457	0.6218	3	266	974	10	2010
gis	-0.3163	-0.8087	2	700	4310	47	2011.154589
glacial	0.8182	-0.3214	1	798	5248	59	2011.612378
glacial cirques	0.4844	-0.2292	1	243	746	9	2013
glacial deposits	0.9637	-0.4304	1	254	810	9	2012.352941
glacial environments	0.1429	-0.9127	2	394	1428	15	2012.285714
glacial erosion	1.0508	-0.3771	1	262	804	9	2013.302326
glacial ice	0.0198	-0.979	2	249	746	9	2010.732394
glacial lakes	0.0685	-1.1764	2	322	1308	14	2012.032787
glacial maximum	1.0203	-0.2523	1	453	2030	21	2011.882521
glacial processes	0.4684	-0.5744	1	275	760	9	2013.263158
glacial retreat	0.381	-0.9306	2	291	936	10	2012.927273
glacial sediments	0.7812	-0.6205	1	300	920	9	2012.1875
glaciation	0.9594	-0.172	1	686	4176	48	2009.656667
glacier	0.1578	-0.5849	2	1362	49264	561	2012.551157
glacier activity	-0.0657	-0.9566	2	400	1654	18	2011.272727
glacier advance	0.7907	-0.3581	1	326	1098	11	2010.333333
glacier area	0.1566	-0.9991	2	306	1022	10	2013.351648
glacier distribution	-0.246	-0.9956	2	409	1762	19	2011.888889
glacier dynamics	-0.429	-0.7019	2	453	1942	19	2013.513661
glacier flow	-0.5946	-0.8252	2	334	1344	16	2013.614907
glacier forefield	-0.6495	-0.5826	3	325	1214	13	2011.705882
glacier foreland	0.9799	-0.0543	1	341	1188	14	2011.885714
glacier front	0.3601	-0.7555	2	355	1250	13	2013.548673
glacier ice	0.4269	-0.4607	1	861	5974	63	2011.885196
glacier inventory	-0.1597	-1.1924	2	390	1996	24	2012.347222
glacier lakes	-0.2267	-1.1342	2	264	968	10	2013.666667
glacier mass	-0.0661	-0.9261	2	320	1136	12	2013.400862
glacier recession	0.3899	-0.8562	2	413	1438	14	2012.588235
glacier retreat	0.4884	-0.7492	2	679	3662	38	2014.020513
glacier shrinkage	0.1349	-1.1541	2	267	938	9	2013.4375
glacier tongue	0.0754	-0.8894	2	353	1260	12	2011.648936
glacier velocity	-0.5445	-0.8559	2	278	970	11	2012.741573
glacier-permafrost interaction	0.3431	-0.7589	3	329	1120	10	2013.5
global	-0.3254	-0.5306	2	405	1438	17	2012.401509
global climate	-0.5396	-0.6453	2	368	1248	14	2012.960148
gneisses	0.9487	0.5171	1	301	1024	13	2011.826087
google earth	0.1171	-0.9104	2	238	838	10	2016.772727
gpr	-0.5838	-0.0767	3	596	4066	46	2012.49359
gps	-0.1739	-0.6801	2	362	1398	17	2011.867769
gradient	0.04	0.4658	4	935	6892	79	2011.354256
grain	0.4498	0.7052	1	687	3824	46	2011.304833
grain size	0.3362	0.4885	1	579	2810	31	2011.854054
granite	0.5005	0.8324	1	398	1578	21	2008.243902
gravel	0.4434	0.4568	1	353	1174	14	2010.547619
gravity	-0.3714	0.3972	2	321	1002	12	2010.857664
greenland	0.3013	0.3037	1	464	1660	24	2011.434214
grid	-0.8542	-0.5375	2	380	1454	16	2011.079167
ground ice	-0.7685	0.0834	3	749	4910	51	2012.7
ground surface	-0.961	0.4477	3	869	8062	84	2011.28777
ground surface temperature	-1.1385	0.4007	3	706	5856	61	2012.191176
ground temperature	-0.9791	0.4275	3	943	10336	115	2011.918635
ground temperature monitoring	-1.0513	0.4658	3	253	916	9	2007.75
ground thermal regime	-0.9736	0.3945	3	570	3312	33	2012.03125
ground-penetrating radar	-0.6141	0.0039	3	559	3498	38	2012.766917
groundwater	0.0193	0.5587	4	595	2792	31	2013.564784
group	0.3228	0.168	1	480	1694	20	2011.722362
growth	0.4	0.2152	1	861	5034	59	2011.406319
gst	-1.1886	0.358	3	335	1350	14	2013.742857
gullies	1.0519	-0.2835	1	340	1114	11	2010.666667
habitat	0.5583	0.2558	1	269	846	11	2012.561584
hand	0.028	0.2249	2	490	1836	19	2010.96875
hardness	0.4816	0.609	1	267	844	11	2011.625
hazard	-0.3406	-0.798	2	1022	11964	128	2012.855072
hazard assessment	-0.4531	-0.8764	2	489	2422	26	2010.5
head	0.6854	0.2299	1	299	878	11	2010.621429
headwall	0.4732	-0.4285	1	332	968	9	2013
headwater	0.8763	-0.2002	1	344	1202	11	2014.318182
heat	-0.9349	0.5553	3	872	7994	83	2011.129975
heat conduction	-1.2962	0.2835	3	340	1340	12	2009.75
heat exchange	-0.8994	0.8814	3	256	900	9	2010.714286
heat flow	-1.3015	0.3471	3	295	1184	12	2010.268293
heat flux	-1.2397	0.4731	3	308	1252	13	2010.709804
heat transfer	-0.9676	0.6741	3	438	1966	20	2009.898058
heating	-0.4741	0.9679	3	259	790	10	2011.378428
heave	-0.5039	1.0408	4	469	2856	31	2007.80597
heavy rainfall	1.0634	0.1276	1	312	1086	11	2013.810811
height	0.2338	0.4443	1	584	2398	28	2010.601343
hemisphere	0.667	0.2069	1	300	850	9	2010.968158
heterogeneity	-0.9319	-0.1529	3	482	2044	20	2014.002481
high alpine environments	-0.3648	-0.8444	2	293	968	11	2012.333333
high altitude	-0.3522	-0.3863	2	735	4392	45	2012.481308
high arctic	0.5678	0.2471	1	465	1892	20	2013.319239
high latitudes	-0.4172	-0.1301	3	559	2398	22	2011.932029
high mountain environments	-0.3331	-0.7337	2	436	1850	19	2011.043478
high mountain regions	-0.4068	-0.9455	2	287	976	10	2009.666667
high mountains	-0.5756	-0.431	2	1056	11806	127	2010.625
high-frequency	0.1465	0.6832	1	403	1444	17	2011.689759
high-resolution	-0.1092	-0.6058	2	956	7528	79	2012.264879
highlands	0.7755	-0.1158	1	343	1188	13	2011.355932
highway	0.1805	-0.4644	4	305	1016	12	2012.597015
hillslope	0.7627	-0.3421	1	646	3324	33	2013.76
himalaya	0.2461	-0.7608	2	366	1394	20	2012.563107
history	0.5038	-0.1336	1	855	4920	56	2011.001969
hohe tauern	-1.1032	-0.1839	3	299	1080	9	2012.111111
holocene	0.893	-0.0375	1	1027	11730	132	2010.62959
holocene climate	1.0739	-0.0834	1	270	826	9	2012.389831
horizon	0.1762	0.7763	1	289	844	10	2012.354286
human activities	-0.1193	-0.6169	2	316	1070	14	2013.345725
humidity	-0.1377	0.7897	1	282	914	12	2011.561033
hydrology	-0.0048	-0.5785	2	603	3008	34	2013.474126
hypotheses	-0.1024	0.3647	1	312	944	11	2011.496
hypothesis	0.5033	0.3684	1	581	2298	27	2011.082126
ice	-0.0135	-0.0025	1	1380	46052	508	2011.721291
ice age	0.6779	-0.4526	1	988	10148	111	2011.186842
ice avalanches	0.2246	-1.0263	2	373	1798	18	2011.45
ice cap	1.1087	-0.0681	1	325	1054	11	2011.954907
ice cave	-0.2204	0.572	1	364	1672	23	2012.842105
ice conditions	-0.6089	0.1573	3	308	892	11	2011.713198
ice content	-0.9004	0.0225	3	736	5226	56	2012.394444
ice cores	0.4222	-0.0358	1	498	2288	27	2010.322795
ice formation	-0.6426	0.5081	3	462	1844	19	2009.892857
ice layers	-0.2638	0.3094	4	457	1674	19	2011.030928
ice lenses	-0.3891	0.7995	4	410	1674	16	2008.6
ice loss	-0.7118	0.0416	2	295	1004	12	2014.762324
ice melt	0.0509	0.0603	2	338	1106	10	2012.747368
ice patches	0.7122	-0.0365	1	300	1042	11	2012.888889
ice segregation	-0.2772	1.0149	4	579	3170	32	2008.512195
ice sheet	0.8308	-0.034	1	474	1992	23	2012.194459
ice surface	-0.2867	0.1491	2	611	2798	30	2011.816258
ice volume	-0.4062	-0.4878	2	316	1046	14	2012.008571
ice wedges	-0.1313	0.3816	3	343	1098	11	2013.063291
ice-cover	0.3071	-0.1028	1	320	990	10	2011.210019
ice-free	0.7435	0.157	1	498	1900	20	2013.322981
ice-rich permafrost	-0.8262	-0.1165	3	462	1988	21	2013.715328
iceland	0.1323	-0.1536	3	563	2530	32	2009.361905
identification	0.1193	-0.3378	2	762	4050	43	2011.944837
image analysis	-0.0045	-1.0486	2	279	936	9	2011.573171
imagery	-0.0416	-0.7427	2	671	3616	40	2011.982143
images	-0.3729	-0.7164	2	952	8258	90	2011.32506
imaging	-0.9042	-0.0155	3	558	2858	30	2012.991398
impact	-0.029	-0.2701	2	1156	13892	155	2013.206627
implications	0.5777	0.0847	1	993	7294	85	2011.871583
improvement	-0.6914	-0.6227	2	365	1208	13	2012.529851
incidence	0.3887	-0.4112	1	319	988	10	2011.204819
incision	1.019	-0.3487	1	383	1502	15	2013.361111
incoming radiation	-1.0784	-0.502	3	286	1156	12	2012.071429
index	-0.5521	-0.3495	3	621	3390	39	2011.380952
indices	-0.1302	-0.076	2	950	7038	81	2012.102711
infiltration	-0.4703	0.7745	4	477	1928	20	2011.933884
influence	-0.2731	0.2289	3	1191	13074	145	2011.779275
information	-0.2544	-0.422	2	1178	15240	167	2011.767792
information system	-0.3837	-0.9193	2	385	1580	17	2009.909091
infrastructure	-0.6248	-0.5238	2	755	4958	52	2014.216606
initiation	0.4996	-0.0371	1	574	2518	30	2010.927536
insight	-0.6596	-0.1277	3	448	1592	15	2012.936061
insolation	-0.4255	0.4264	4	436	1506	16	2010.586826
instability	-0.2528	-0.3246	2	892	7460	81	2009.776848
instrument	-0.5947	-0.3836	2	327	1134	15	2011.288956
instrumentation	-0.6255	0.5258	4	332	1026	12	2011.546875
insulation	-1.0012	0.7544	3	256	922	9	2012.403226
integration	-0.2319	-0.3899	2	477	1706	18	2010.47619
intensity	0.6846	0.4657	1	780	5124	56	2011.663823
interactions	0.0801	-0.3417	2	925	6698	70	2011.626733
interface	-0.6097	0.5549	4	435	1688	20	2010.689655
interferometry	-0.415	-0.9736	2	242	828	9	2010
interior	-0.011	0.7649	4	376	1264	15	2010.221733
internal structure	-0.546	0.0106	3	767	6614	69	2011.160714
interpolation	-0.768	-0.3159	3	303	924	10	2012.42515
interpretation	-0.2233	-0.2998	3	1001	9076	107	2010.411609
inventory	-0.0997	-0.9618	2	832	6906	79	2012.165029
inversion	-0.9555	0.2655	3	638	4066	46	2010.501809
ion	0.2288	0.7485	1	326	1122	12	2012.411616
iron	0.7382	0.9524	1	199	640	10	2012.176678
island	0.4449	0.5499	1	753	4526	64	2009.956692
isotherm	-0.4736	-0.6194	2	272	812	10	2007.642857
isotope	0.7757	0.3579	1	407	1654	19	2011.966793
italian alps	0.3063	-0.7601	2	518	2332	24	2012.117647
italy	0.2592	-0.6504	2	604	3050	36	2009.814433
japan	-0.3902	1.0804	4	312	1278	17	2010.171958
john	-0.2406	0.4185	4	1316	24768	306	2008.988287
joint	0.1863	0.4774	4	583	2634	26	2010.586957
jostedalsbreen	1.2613	-0.1844	1	301	1162	14	2009.6875
jotunheimen	0.6307	0.4655	1	417	1668	20	2008.095238
karkevagge	0.8755	0.7197	1	419	2468	32	2004.375
key	-0.1067	0.3976	3	391	1360	16	2013.075472
kinematics	-0.6686	-0.3591	2	557	2948	29	2012.092105
king	0.7058	0.5868	1	175	534	9	2013.07113
knowledge	-0.094	-0.3682	2	1004	8268	85	2012.895394
laboratory	-0.0331	0.762	4	770	4816	56	2010.526248
laboratory experiments	-0.2753	0.5933	4	388	1420	16	2009.102804
lag	-0.0139	-0.2261	4	373	1214	12	2010.653179
lake	0.5121	-0.5441	2	941	8566	96	2012.017794
lake outburst	0.0567	-1.1948	2	337	1518	16	2013.37037
land	0.1056	-0.414	2	850	5626	63	2012.42268
land surface	0.2058	-0.677	2	382	1336	14	2013.553603
land use	0.2309	-0.8176	2	291	874	9	2012.561111
landform development	0.8938	0.2947	1	297	904	9	2010.692308
landforms	0.3938	-0.2502	1	1231	19290	217	2011.537572
landscape	0.7171	-0.0073	1	1097	11334	122	2013.677302
landscape changes	0.9411	-0.5401	1	269	862	10	2013.785714
landscape evolution	0.7668	-0.0462	1	628	3102	31	2013.104478
landslides	0.1087	-0.7422	2	919	7862	87	2012.839695
lapland	0.9862	0.775	1	433	2848	38	2008.528302
lapse rate	-0.4908	-0.1677	2	314	1194	13	2012.04
large	-0.0587	-0.5542	2	450	1666	19	2011.479452
large-scale	0.0829	0.1585	4	519	1932	23	2011.165527
laser	-0.4725	-0.6944	2	694	4094	42	2011.969194
laser scanning	-0.5167	-0.7583	2	613	3328	33	2014.952381
late	0.8577	0.1991	1	361	1356	16	2009.495327
late glacial	0.931	0.0085	1	302	968	11	2009.423077
late holocene	0.8381	-0.2141	1	361	1340	14	2010.923729
late pleistocene	0.9742	-0.2184	1	420	1740	17	2008.182609
late summer	-0.2587	0.4039	4	368	1294	14	2011.54902
lateglacial	1.1224	-0.3984	1	411	1896	18	2011.5
latent heat	-0.9093	0.692	3	375	1454	14	2010.158824
latitude	-0.5958	0.1655	3	483	1894	19	2011.054819
law	-0.4822	-0.5153	2	258	724	10	2012.057895
layer	-0.459	0.4877	3	1264	23044	254	2010.321275
lead	0.2308	0.6663	4	373	1078	11	2010.716069
length	0.1039	0.0474	1	737	3780	42	2010.5328
lenses	-0.3164	0.7382	4	500	2154	22	2007.342466
levels	0.1751	0.3858	1	707	3092	39	2011.25209
lia	0.4905	-0.5644	1	512	2464	25	2013.264368
lichenometry	1.1006	-0.0898	1	278	882	11	2003.181818
lichens	1.1204	0.1155	1	280	1108	16	2010.846457
lidar	-0.0505	-1.1158	2	279	990	12	2012.729064
life	-0.1251	-0.5506	2	322	1038	12	2011.876747
light	0.4851	0.1588	1	340	1090	15	2011.753582
limestone	0.1226	0.7227	1	550	2222	28	2006.816327
limit	-0.1542	-0.1308	3	1023	9564	105	2010.544865
limitations	-0.6678	-0.0491	3	506	1952	22	2012.614846
line	0.1969	0.1657	1	800	4422	49	2011.363128
linear regression	-1.2336	-0.0971	3	311	1190	12	2012.840304
links	0.5163	-0.1128	1	276	796	9	2012.592814
liquid water	-0.992	0.5189	3	364	1442	16	2011.138528
literature	-0.0753	0.1874	4	650	3050	34	2011.726524
lithology	0.391	0.3148	1	620	2974	35	2011.018868
little ice age	0.6494	-0.552	1	941	8916	97	2011.269784
lobe	-0.1345	0.774	4	466	2272	26	2009.680851
location	-0.3154	0.1856	3	837	5262	57	2010.881081
logging	-0.4044	0.7029	4	322	940	9	2010.851064
logistic regression	-0.7535	-0.8578	2	348	1692	19	2012.340909
long-term	-0.3712	-0.0708	2	1033	8794	94	2012.366366
longyearbyen	0.0363	-0.0764	1	259	920	10	2013
loss	-0.1168	0.1344	2	884	6242	69	2013.251087
low altitude	-0.5736	0.4284	3	279	878	10	2012.714286
lowlands	0.1376	-0.0111	1	311	872	9	2013.427273
magnitude	0.3293	0.0149	1	1106	10240	110	2011.364091
management	-0.1511	-0.7459	2	570	2948	33	2013.088766
mantle	0.3712	0.2035	1	293	878	11	2007.089202
map	-0.3513	-0.6587	2	923	7998	94	2011.727201
mapping	-0.2333	-0.5564	2	1071	10582	118	2012.226667
margin	0.5027	-0.1958	1	675	3266	37	2010.972504
marine	0.7135	0.3438	1	296	856	10	2012.020366
maritime	0.2462	0.4222	1	495	1992	22	2011.981865
mars	-0.179	0.1008	2	268	778	10	2011.096154
mass	0.2868	-0.0689	1	1280	20158	213	2010.941993
mass balance	0.1484	-0.4565	1	598	2932	31	2012.104996
mass loss	0.309	0.3205	1	343	1150	13	2014.261119
mass movements	0.1841	-0.452	2	896	7036	72	2010.563107
mass transfers	0.9308	0.3674	1	296	1110	11	2009.44898
mass transport	0.66	-0.2976	1	311	1002	10	2010.308176
mass wasting	0.5326	0.0975	1	586	2596	25	2009.394737
materials	0.0512	0.6832	1	688	3248	35	2011.458333
matrix	-0.2678	0.4421	4	536	2110	25	2011.695341
maximum	0.7444	0.0203	1	877	5460	60	2010.287843
meadow	0.8734	0.5972	1	229	748	9	2013.697674
mean	-0.1806	0.0386	2	914	6184	65	2010.953636
measurements	-0.4884	0.1824	3	1340	32430	361	2010.932763
mechanisms	0.1156	0.2411	4	1036	9412	109	2011.610479
media	-0.4422	0.5653	3	351	1134	13	2012.027933
mediterranean	0.2658	-0.0163	1	374	1244	11	2009.594488
melt	0.3324	0.0787	1	840	5810	57	2013.146853
melt season	0.8545	-0.0455	1	307	1212	12	2013.926984
melting	0.0032	-0.1464	2	747	3890	41	2012.110283
meltwater	0.2174	0.0539	1	796	4556	47	2012.781925
meteorological	-0.1547	0.2939	1	393	1440	17	2009.80117
meteorological conditions	0.1308	-0.187	1	526	2288	22	2012.825
meteorological data	0.1421	-0.1106	1	531	2266	24	2010.80814
method	-0.4783	-0.2372	3	1248	19474	226	2012.144788
methodology	-0.7085	-0.4918	2	634	3176	36	2012.912525
mg	0.881	0.8284	1	303	1094	13	2010.971279
microclimate	0.2517	0.7483	1	261	832	13	2011.987179
mid-latitudes	0.315	0.206	1	272	784	9	2012.022549
mineralogy	0.8438	0.9241	1	194	612	9	2011.014925
minerals	0.6975	0.9137	1	431	2226	31	2012.390313
minimum	0.1851	-0.3927	2	308	918	11	2009.779051
mitigation	-0.113	-0.8668	2	291	942	10	2014.985849
mixture	-0.1687	0.1575	4	535	2424	26	2010.906921
mobility	0.2313	-0.63	2	348	1152	12	2011.8625
mode	0.4443	0.216	1	404	1308	15	2010.915266
model	-0.5554	-0.2474	3	1340	35396	393	2011.651901
modeling	-0.8503	-0.1587	3	1140	15488	163	2012.080047
modelling approach	-0.911	-0.4047	3	271	908	10	2011.419355
modification	0.8941	0.1492	1	503	2076	23	2009.923977
moisture	-0.0234	1.0056	4	797	5918	64	2012.602086
moisture availability	0.3884	1.0376	4	269	902	9	2011.363636
moisture conditions	0.1601	1.1079	4	224	692	9	2011.619718
moisture content	-0.0088	1.0276	4	356	1190	12	2012.463768
mongolia	-0.4113	0.3145	3	283	948	11	2012.970149
monitoring	-0.5846	0.2054	4	1230	18956	198	2012.828676
monitoring network	-0.7849	-0.0711	3	271	792	9	2013.4
monitoring system	-0.853	0.5619	4	305	1046	10	2010.62069
mont	-0.6413	-0.5131	3	504	2624	28	2012.685714
mont blanc	-0.7346	-0.6206	3	455	2440	27	2012.909091
mont blanc massif	-0.6739	-0.7365	3	381	1952	21	2013.130435
moraines	0.6642	-0.4559	1	963	8620	94	2010.095
morphodynamics	-0.2629	-0.5949	3	321	1098	13	2013.318182
morphology	0.571	-0.3405	1	945	7498	85	2011.797508
morphometry	0.8326	-0.0107	1	422	1524	18	2012.868421
motion	-0.317	-0.6779	2	495	2118	24	2009.832335
mountain area	0.3518	0.3026	1	376	1310	15	2011.5
mountain cryosphere	-0.3376	-0.8628	2	271	844	10	2016.230769
mountain environment	0.0352	0.1228	2	310	1006	12	2010.769231
mountain glaciers	0.0764	-0.9811	2	300	1018	13	2013.183099
mountain landscapes	0.6837	-0.8067	2	263	830	10	2013.928571
mountain permafrost	-1.0077	-0.167	3	1111	17428	185	2011.130802
mountain ranges	-0.2344	-0.5089	2	547	2332	23	2013.368421
mountain slopes	0.0415	-0.0272	4	428	1510	16	2008.421053
mountainous regions	-0.3195	-0.8822	2	712	4296	45	2012.588785
mountains	-0.2205	-0.1999	2	1376	46690	519	2011.617276
movement	-0.0746	0.0959	4	1189	17330	191	2009.813333
movement rates	-0.2322	0.0936	4	350	1272	12	2009.75
mt	-0.1613	0.7376	4	377	1282	15	2009.927928
murtel	-0.958	0.2022	3	285	944	11	2006.727273
national	0.1691	-0.3616	2	390	1382	16	2010.195652
national park	0.1069	-0.685	2	418	1496	17	2011.242718
natural hazards	-0.4581	-0.768	2	716	4466	49	2012.30303
nature	0.3231	0.1325	1	863	5082	60	2010.788145
near-surface	-0.8351	0.6416	3	820	6052	64	2011.177419
needle ice	-0.0314	1.0243	4	253	940	9	2008.666667
neoglacial	1.0888	-0.0516	1	224	714	9	2007.965517
network	-0.1406	-0.2183	2	859	5670	63	2012.964962
nevada	0.4657	-0.0687	1	448	2062	23	2009.893617
new zealand	0.1777	-0.7528	2	349	1176	13	2009.724138
noise	-1.0678	0.2204	3	211	612	9	2011.653631
nordfjord	1.2954	0.0739	1	244	920	10	2012.4
north	0.2635	-0.0396	1	829	4706	56	2010.374238
north atlantic	0.6814	-0.2969	1	292	1020	12	2010.017846
northern	-0.015	0.3549	1	803	4792	59	2011.106605
northwest	0.6402	0.3802	1	291	872	10	2011.701835
norway	0.6736	0.0594	1	994	9456	110	2011.264414
norwegian	1.1009	-0.2402	1	228	696	9	2008.200426
numerical	-0.8238	-0.0808	3	392	1364	15	2009.72
numerical model	-0.7453	-0.0566	3	473	1956	21	2009.365706
numerical simulations	-0.6831	0.0168	3	346	1126	12	2012.214493
nunataks	0.2884	0.9315	1	288	882	11	2009.06383
objective	-0.0552	-0.3739	2	452	1634	20	2011.917647
observations	-0.0593	0.2221	1	1284	17636	198	2011.448164
occurrence	-0.4104	-0.1555	3	1196	15842	172	2011.803551
offset	-1.1107	-0.1462	3	304	1106	11	2010.854749
omega	-0.9294	0.3379	3	352	1266	13	2010.990099
one dimensional	-1.3065	0.5264	3	309	1284	13	2007.160622
onset	0.1881	0.3539	4	675	3170	32	2011.400894
operation	-0.3066	0.103	2	381	1312	15	2012.715909
order	-0.2971	-0.2384	2	1219	15660	176	2010.598046
orientation	0.2297	0.2348	1	595	2672	30	2010.063415
origin	0.6505	0.0904	1	947	7390	90	2010.187679
orthophotos	0.2084	-1.0547	2	394	1664	19	2012.37931
oscillation	0.7699	0.0945	1	407	1496	16	2010.801829
otztal alps	-0.0559	-0.6095	2	263	828	9	2010.153846
outburst floods	0.0487	-1.127	2	423	2020	21	2012.755556
outcomes	0.2657	-0.8107	2	249	720	9	2014.259036
outlet glaciers	1.272	-0.1039	1	267	970	11	2012.713287
outlines	-0.2805	-0.9034	2	303	944	11	2011.971014
oxidation	0.8852	0.9772	1	257	914	11	2011.836614
pace	-0.7991	-0.4217	3	344	1324	14	2013.111111
paleo-climate	1.0014	-0.209	1	252	820	9	2011.35
paleoclimate	0.1726	0.2179	1	278	830	10	2013.189349
paraglacial	1.0245	-0.3827	1	576	3602	38	2011.711111
paraglacial processes	0.8898	-0.538	1	352	1284	13	2013.769231
parallel	0.5353	0.2507	1	338	962	12	2010.6875
parameters	-0.4621	-0.0169	2	1095	10690	120	2010.962104
part	0.082	-0.0243	1	1268	16498	189	2010.410034
particles	0.4195	0.8162	1	530	2204	26	2011.108822
past	-0.2067	-0.3686	2	627	3082	34	2012.316703
patches	0.1359	0.387	4	563	2594	28	2011.337979
patterns	0.1934	-0.1592	1	1249	15290	167	2011.236066
peat	-0.4178	0.4889	3	259	786	10	2013.503205
penetrating radar	-0.7514	-0.0357	3	480	2424	26	2012.703704
penetration	-0.4432	0.9995	4	414	1636	18	2009.4875
peninsula	0.6311	-0.165	1	556	2596	32	2011.596904
percolation	-0.5019	0.6333	3	326	1012	10	2011.740741
perennial ice	-0.265	0.7177	4	230	752	9	2011.115385
performance	-0.7994	-0.5342	2	478	2178	26	2013.489921
periglacial	0.4246	0.3293	1	1023	8504	97	2008.767241
periglacial conditions	0.6536	-0.0444	1	319	1014	13	2007.2
periglacial environments	0.3261	-0.0557	1	860	6016	68	2010.75641
periglacial geomorphology	0.6468	0.245	1	311	1118	16	2006.9
periglacial landforms	0.1478	-0.1519	1	642	3226	38	2011.604651
periglacial landscapes	0.7094	-0.1486	1	279	838	11	2012.692308
periglacial processes	0.3664	-0.1687	2	648	3462	40	2010.469388
periglacial slope	-0.0037	0.7454	4	430	1694	16	2008
period	0.1806	0.1093	1	1303	21586	234	2011.210316
permafrost	-0.5282	-0.111	3	1367	65162	726	2012.799678
permafrost area	-0.699	-0.2868	3	439	1812	22	2013.553846
permafrost changes	-0.769	-0.3518	3	488	2106	21	2013.75
permafrost conditions	-0.6288	-0.0342	3	854	5984	59	2012.988701
permafrost creep	-0.4917	-0.6407	2	551	2570	26	2008.615385
permafrost degradation	-0.3924	-0.4706	3	1026	10292	106	2013.978261
permafrost depth	-0.8062	0.155	3	384	1296	12	2011.957447
permafrost distribution	-0.9984	-0.4147	3	887	9888	108	2011.981481
permafrost environments	-0.3348	-0.4126	3	604	3238	35	2012.883929
permafrost evolution	-0.9402	-0.1132	3	453	1844	18	2012.970588
permafrost extent	-0.9246	-0.3035	3	292	1012	10	2014.623377
permafrost features	-0.0081	-0.3755	4	336	1032	12	2011.576923
permafrost ground	-1.0422	0.0897	3	490	2398	25	2012.729508
permafrost landforms	-0.4852	-0.6225	2	370	1322	14	2013.6
permafrost limit	-0.512	-0.4921	3	270	868	10	2011.47619
permafrost model	-1.1533	0.0885	3	427	1906	20	2012.323944
permafrost modeling	-1.0326	-0.1587	3	505	2514	25	2012.041667
permafrost monitoring	-1.2327	0.3134	3	421	1946	20	2010.210526
permafrost occurrence	-1.048	-0.2847	3	651	4148	42	2011.557377
permafrost regions	-0.3776	0.1494	3	566	2344	25	2014.282051
permafrost rock	-0.7007	-0.0236	3	865	6632	66	2011.9
permafrost rocks	-0.7844	0.356	4	338	1340	13	2013.25
permafrost slope	-0.4885	0.1268	3	309	980	11	2011.25
permafrost table	-0.6363	0.715	4	420	1644	17	2011.540816
permafrost temperatures	-1.1875	0.1634	3	584	3338	36	2010.320988
permafrost thaw	-0.5785	-0.2914	2	564	2302	23	2014.917369
permafrost thickness	-1.2229	0.2715	3	322	1274	14	2009.953488
permafrost zone	-0.7556	0.1427	3	551	2716	29	2013.321586
persistence	-0.3217	-0.0712	3	276	760	9	2012.073254
ph	0.7785	0.8218	1	296	1096	13	2013.361345
phase	-0.1063	0.4138	4	849	5180	58	2011.300144
phase changes	-1.074	0.5644	3	328	1116	11	2010.18705
phenomena	-0.351	-0.193	2	700	3498	39	2011
photogrammetry	-0.3284	-0.9235	2	600	3474	37	2012.606742
photographs	0.0842	-0.7295	2	577	2558	29	2010.319372
photography	-0.1712	-0.4651	2	456	1598	16	2011.617391
physical properties	-0.6026	0.6198	3	266	810	10	2011.051724
pits	0.3095	0.768	1	517	2036	24	2010.815789
place	0.1323	0.5533	4	677	3102	37	2009.958042
planning	-0.3327	-0.8333	2	438	1918	22	2013.468421
plant	0.6564	0.5306	1	446	1706	19	2012.538334
plateau	0.1734	0.2733	1	641	3034	35	2012.169659
pleistocene	0.8656	0.1601	1	702	4270	54	2009.611702
poland	0.0919	0.5924	3	358	1288	17	2013.053571
population	0.3784	-0.7458	2	472	1966	22	2011.362024
pore	-0.5681	1.0285	4	444	1992	22	2011.924837
pore water	-0.6413	0.9043	4	358	1428	14	2012.637306
porosity	-0.0439	0.8304	3	591	2870	33	2011.607843
position	0.5151	0.0672	1	597	2658	33	2010.689373
positioning	-0.1944	-0.646	2	416	1570	17	2010.764957
postglacial	1.0728	0.292	1	303	1108	11	2003.471698
potential	-0.0405	-0.268	2	991	7322	82	2012.784435
power	-0.1189	0.0316	2	427	1542	18	2011.834034
precipitation	0.3257	-0.1196	1	1136	12720	135	2012.247478
precipitation events	0.4379	-0.7205	2	348	1294	12	2012.820513
precision	-0.2864	-0.7826	2	339	1178	14	2011.580524
prediction	-0.775	0.0171	3	567	2610	29	2012.073267
present	0.4002	-0.1972	1	324	1044	12	2011.176606
present day	0.5948	0.127	1	779	4576	50	2011.295673
preservation	0.0078	0.4895	1	457	1714	20	2011.649533
pressure	0.0306	0.6248	4	675	3726	44	2010.477108
probability	-0.4931	-0.6937	2	673	4446	48	2011.876866
procedures	-0.0765	-0.3436	2	330	988	11	2010.315476
process understanding	0.0594	-0.555	2	364	1290	12	2012.5
processes	0.1939	0.1235	1	1390	43912	493	2011.967406
processing	-0.7773	-0.5095	2	468	1964	21	2012.577495
production	0.556	0.2114	1	736	3834	40	2011.637878
profiles	-0.3227	0.6233	3	1004	9228	104	2010.526606
proglacial lakes	0.9721	-0.5797	1	321	1152	12	2012.272727
programme	-0.1759	0.0778	3	370	1316	14	2009.044118
progress	-0.4162	-0.2616	2	340	1164	14	2012.411765
project	-0.6773	-0.3637	2	689	3796	43	2012.453668
projection	-0.7276	-0.6122	2	419	1964	19	2014.197635
propagation	-0.434	0.2767	4	492	2198	25	2010.734739
properties	-0.3203	0.585	3	1000	9156	106	2011.071907
proportion	0.5891	-0.12	1	435	1416	16	2011.055556
protalus	0.9845	-0.1879	1	377	1634	22	2006.318182
protalus (pronival) rampart	1.0626	-0.1453	1	447	2134	27	2007.222222
protalus lobes	0.8777	-0.5052	1	284	1046	11	2010.636364
province	0.1175	-0.5217	2	327	1050	12	2010.882653
proximity	0.2099	-0.3533	3	278	802	9	2011.075099
proxy	-0.0125	-0.1041	1	500	1862	20	2013.127907
pyrenees	0.4207	-0.5311	1	376	1546	20	2010.454545
quality	-0.3617	-0.2014	2	714	4016	43	2012.741898
quantification	-0.3529	-0.4519	2	608	2888	29	2013.40625
quartz	0.6952	0.845	1	340	1358	20	2010.21875
quaternary	1.0037	0.0812	1	582	2862	33	2010.108108
quebec	0.525	0.3108	1	300	920	11	2011.605769
r-value	0.9973	0.0649	1	189	666	9	2014.111111
radar	-0.6654	-0.3829	2	822	7256	78	2011.711931
radiation	-0.6812	0.3245	3	837	6890	71	2011.331925
radiocarbon	0.8129	0.4534	1	392	1448	18	2012.205298
rain	0.6029	0.1367	1	514	2092	22	2011.945455
rainfall	0.7596	0.1382	1	718	4446	45	2011.97561
rampart	1.1168	-0.0405	1	341	1352	18	2006.263158
range	0.0085	-0.0176	2	1313	20718	225	2011.410547
rapid	-0.1439	0.2349	4	305	844	10	2012.463023
rates	0.492	0.2694	1	1259	20228	221	2011.494306
ratio	0.0333	-0.2592	2	680	3080	36	2010.925387
reaction	0.2303	-0.2577	2	448	1756	19	2010.924119
rebound	0.6379	0.5081	1	296	938	11	2005.385787
recent	-0.0372	-0.3496	2	692	3438	39	2011.804991
recession	0.5095	-0.5594	2	682	3258	35	2011.610063
recognition	0.0465	-0.1585	2	299	872	11	2011.880342
reconstruction	0.5723	-0.3742	1	769	4560	53	2012.728025
record	0.4961	0.1407	1	947	6314	73	2011.508365
recording	-0.2705	0.5944	4	269	848	9	2009.806452
recurrence	1.1097	-0.1015	1	285	1028	11	2009.921569
recurrence intervals	1.1071	-0.0403	1	291	1024	11	2009.722222
redistribution	-0.3369	-0.6066	3	412	1548	17	2011.996795
reduction	-0.3997	-0.321	2	733	4118	42	2012.202875
reflection	-0.5642	0.2643	3	300	1172	14	2010.990196
refraction	-0.8332	0.283	3	565	3462	35	2009.336842
refreezing	-0.8366	0.6224	3	265	890	9	2011.181818
regime	-0.339	0.5224	3	1168	14686	155	2010.768478
region	-0.005	-0.2887	2	1333	25780	292	2011.608772
regional climate	-0.9735	-0.2769	3	466	2086	21	2013.123404
regional climate model	-1.1072	-0.2877	3	347	1478	14	2013.665714
regional scale	-0.1516	-0.7926	2	554	2716	30	2012.592334
regolith	0.554	0.9018	1	352	1304	15	2009.55
regression	-0.7403	-0.4069	3	717	4518	50	2011.924945
regression analysis	-0.5843	0.0668	3	308	1002	10	2012.005714
regression model	-0.8081	-0.6283	2	327	1286	14	2012.350785
relationship	0.1756	0.0184	1	1126	10552	114	2011.52721
relative importance	0.9948	-0.0095	1	354	1400	14	2010.879562
relaxation	0.6931	0.3516	1	280	828	9	2009.702128
release	0.6866	0.3456	1	657	3544	39	2012.712924
reliability	-0.9552	-0.1821	3	386	1556	19	2012.402116
relict	0.5912	-0.4921	1	712	4816	58	2011.614754
relict rock glaciers	0.5089	-0.6702	1	540	2898	32	2010.1875
relief	0.5895	-0.0939	1	642	3028	31	2010.812081
remote	-0.4643	-0.8071	2	532	2416	25	2012.899032
remote sensing	-0.3351	-0.9214	2	598	3052	34	2012.958159
removal	0.8129	-0.0126	1	468	1692	21	2011.470833
repeat	0.0076	-0.7206	2	344	1188	12	2011.037288
research	0.0228	-0.1996	2	1216	14718	170	2012.25614
reserves	0.1352	-0.6489	2	238	776	10	2012.715328
reservoir	0.0579	-0.5215	2	461	1814	18	2012.909879
resistance	0.0449	0.6619	1	472	1718	19	2013.068966
resistivity	-0.9069	0.319	3	1015	13714	152	2011.708696
resistivity imaging	-1.0426	0.1034	3	357	1498	16	2011.166667
resolution	-0.4512	-0.4112	2	998	8544	89	2011.918993
resources	-0.2358	-0.6793	2	575	2962	34	2013.251701
response	0.3191	-0.3423	1	1060	9556	100	2012.161066
retreat	0.6111	-0.5482	1	1019	9444	98	2012.69985
retreat rates	0.8253	0.0171	1	332	1174	12	2011.844444
reworking	1.0261	-0.2657	1	348	1194	11	2008.418605
rheology	-0.663	-0.1985	2	282	960	10	2009.785276
ridge	0.2917	0.0128	1	960	7566	83	2008.953586
rinds	0.7819	0.8929	1	238	760	9	2004.333333
risk	-0.1221	-0.8106	2	764	5140	58	2014.229167
risk assessment	-0.089	-0.75	2	289	886	9	2014.288136
river	0.6965	-0.1828	1	870	6276	72	2011.920886
road	-0.1243	0.0463	3	311	950	11	2013.096774
rock avalanche	0.5253	-0.6324	1	676	4094	47	2012.041667
rock fall	0.0628	-0.6605	2	611	3350	35	2011.176471
rock glacier distribution	-0.2662	-1.0027	2	360	1544	17	2011.058824
rock glacier dynamics	-0.7282	-0.6492	2	350	1422	14	2010.642857
rock glacier formation	0.5496	-0.4881	1	333	1190	14	2004.5
rock glacier inventory	-0.2061	-1.1481	2	390	2002	24	2013.28
rock glaciers	-0.1038	-0.5491	2	1282	31854	362	2010.042667
rock mass	0.0876	-0.1893	4	547	2672	26	2012.689655
rock moisture	0.1135	1.1036	4	293	1166	13	2006
rock properties	-0.0191	0.9397	4	266	812	9	2013.294118
rock slope failure	0.8001	-0.3357	1	638	4302	44	2013.636364
rock slope stability	-0.8059	0.3158	4	303	1042	10	2015.2
rock surfaces	0.8241	0.8303	1	208	628	10	2010.777778
rock temperature	-0.3588	0.917	4	638	4056	44	2009.111111
rock types	0.597	0.6821	1	386	1270	16	2009.75
rock varnish	0.691	0.752	1	216	696	13	2000.769231
rock wall permafrost	-1.1209	0.0604	3	280	984	9	2014.333333
rock walls	-0.7895	0.0772	3	801	6226	64	2012.276923
rock weathering	0.1674	0.9495	4	538	2462	26	2009.545455
rock-ice avalanches	0.1262	-0.9034	2	240	852	9	2010.555556
rockfall	0.2122	-0.0396	1	974	8260	88	2009.784091
rockfall activity	0.2959	0.0991	4	365	1298	14	2007.142857
rockglacier	-0.7576	-0.7059	2	372	1388	17	2010
rocks	0.0426	0.0834	1	1382	58904	680	2010.835085
rockslides	0.3708	-0.3327	1	520	2426	26	2011.571429
rockwall	0.5918	0.3037	1	515	2322	23	2007.130435
rockwall retreat	0.8819	0.2141	1	345	1238	12	2006.916667
rocky	0.4167	-0.4093	2	373	1416	16	2009.866667
rocky mountains	0.4663	-0.4876	2	322	1166	14	2009.137931
role	0.2419	0.3857	1	1113	10880	124	2012.568357
romania	-0.7306	0.2832	3	331	1194	12	2014.4375
root	0.2687	-0.0513	1	375	1328	15	2012.083538
roughness	-0.7581	0.3663	3	344	1116	11	2012.54023
rsf	1.118	-0.3399	1	211	870	9	2015.444444
runoff	0.7946	0.1313	1	648	3712	40	2012.212743
runout	0.5941	-0.5829	1	495	2310	29	2009.793103
safety	-0.5219	0.0558	4	287	816	10	2012.880435
salt	0.3858	1.0044	1	366	1522	19	2008.72546
sample	-0.1119	0.4957	1	410	1294	15	2011.599617
sampling	0.5441	0.4262	1	300	824	10	2012.100775
sand	0.3716	0.7329	1	493	2050	27	2010.211726
sandstone	0.5302	0.7941	1	402	1402	20	2010.19697
sar	-0.457	-0.9115	2	408	1848	19	2011.141707
satellite	-0.2067	-0.9711	2	710	4452	47	2011.755822
satellite data	-0.3259	-1.065	2	289	968	11	2011.686028
satellite imagery	-0.0121	-0.8254	2	384	1290	14	2012.772222
satellite images	-0.0275	-1.0255	2	523	2470	26	2011.587189
saturation	0.3952	0.888	1	478	1990	25	2011.875
scale	-0.2128	-0.1925	2	1164	12922	142	2011.804989
scandinavia	0.2885	0.4696	1	333	1136	14	2009.753425
scanning	-0.4247	-0.5001	2	606	3060	31	2012.580808
scar	0.6514	-0.6233	1	403	1592	19	2011.202899
scenarios	-0.8165	-0.2465	3	786	5822	58	2012.882212
schmidt-hammer exposure-age dating	0.8905	0.2551	1	532	2876	34	2011.6
science	0.5319	0.3904	1	733	3670	40	2005.441336
scotland	1.1803	-0.1117	1	313	1288	16	2008.991304
scree	0.079	0.4753	1	348	1166	15	2007.3125
scree slopes	-0.1	0.521	3	447	1814	22	2008.416667
se	0.5353	-0.6129	2	320	996	12	2011.945205
sea	-0.0521	0.3889	3	686	3296	37	2010.929745
sea ice	-0.4837	0.3142	3	238	656	9	2012.341204
sea level	0.0253	0.4094	3	546	2218	25	2011.153319
season	0.1709	0.3175	1	1049	10350	109	2012.178114
seasonal frost	-0.3605	0.9292	4	544	3016	33	2009.096154
seasonal snow	-0.6312	0.6594	4	387	1402	13	2012.125
seasonal variation	0.3364	0.5225	1	327	1066	10	2011.013917
sections	0.4453	0.1079	1	581	2414	31	2007.846599
sediment budgets	0.9359	-0.1465	1	576	3438	36	2008.555556
sediment fluxes	0.7261	-0.5004	1	464	2046	21	2011.855072
sediment sources	1.0358	-0.2158	1	357	1436	13	2012.460317
sediment transfer	0.7528	-0.4028	1	440	1788	17	2012.96
sediment transport	1.0218	-0.0132	1	594	3504	37	2009.963768
sediment yield	1.1787	-0.2493	1	378	1712	19	2011.354839
sedimentation	1.0317	-0.155	1	405	1606	18	2009.867797
sedimentology	1.0765	-0.1423	1	271	940	12	2010.027778
sediments	0.6822	-0.0052	1	1250	20308	223	2011.206075
seepage	-0.1994	0.6347	4	346	1154	11	2012.78481
segments	0.7289	-0.0942	1	365	1090	12	2010.556701
segregation	-0.2858	1.0365	4	571	3094	31	2010.484848
seismic	-0.8764	0.1002	3	437	1964	24	2011.044586
seismic activity	0.6564	-0.503	1	315	1166	13	2011.689655
seismic refraction	-0.827	0.2972	3	561	3446	35	2010.525
selection	-0.1448	-0.1743	2	288	750	9	2012.335938
sensing	-0.3411	-0.7375	2	581	2596	26	2012.945017
sensitivity	-0.8938	-0.1028	3	781	5168	53	2012.152936
sensors	-0.808	0.0997	4	644	3398	38	2011.517949
sequence	0.8817	-0.0624	1	647	3068	34	2012.290017
series	-0.5137	0.185	3	966	7446	83	2010.601012
settlement	-0.5612	0.6632	4	528	2668	29	2011.937107
shape	-0.0255	-0.0492	1	628	2842	35	2010.573529
shattering	0.2126	1.0263	4	353	1298	14	2003.842105
shear	0.1227	0.6282	4	289	914	10	2009.478827
shear strength	-0.6578	0.6227	4	244	820	9	2011.433333
shear stress	0.3679	0.384	1	299	874	10	2011.142857
shear zone	-0.6872	-0.2335	4	244	836	9	2010.829268
shift	0.1374	-0.5306	2	652	3024	32	2012.333333
short-term	-0.1306	-0.039	2	665	3356	37	2012.055432
shrinkage	0.2443	-1.0153	2	379	1478	15	2011.412698
sierra nevada	0.397	-0.1224	1	418	1904	21	2010.675676
signal	-0.551	0.1634	3	724	3982	45	2011.038817
significance	0.4197	-0.2391	1	821	4868	58	2011.019928
silt	0.521	0.7789	1	359	1266	17	2009.536232
similarity	0.1718	0.054	1	286	814	9	2011.516971
simulations	-0.7924	0.1233	3	847	5946	63	2012.277903
sites	-0.1242	0.3719	3	1343	28056	310	2011.507274
size	0.3771	0.2912	1	1099	10532	122	2010.965923
size distribution	0.576	-0.0202	1	371	1144	12	2010.853862
slides	0.5361	-0.2733	1	585	2768	31	2009.130435
sliding	0.3569	-0.413	2	413	1446	17	2011.945578
slope	0.1779	0.0021	1	1369	42634	470	2010.341082
slope angle	0.653	0.328	1	376	1258	12	2009.71875
slope deposits	0.8287	0.3685	1	391	1636	22	2004.681818
slope evolution	0.7239	0.3791	1	299	952	9	2010
slope failure	0.6029	-0.3848	1	808	6746	71	2012.771739
slope gradient	0.2686	0.4301	4	305	1046	11	2010
slope instability	-0.1123	-0.812	2	642	3928	40	2010.78
slope movement	-0.2455	0.2881	4	318	962	11	2011.454545
slope processes	0.7432	0.2352	1	597	2964	32	2008.095238
slope stability	-0.5618	-0.0478	4	657	3780	38	2010.909091
small-scale	-0.6204	0.2382	3	599	2944	32	2011.469512
snout	0.5422	-0.6618	2	252	744	9	2007.761905
snow	-0.3422	0.2392	3	1210	18688	202	2012.043528
snow accumulation	-0.2017	0.3733	3	408	1440	16	2012.351145
snow avalanche activity	1.0546	-0.4039	1	274	930	11	2012.545455
snow avalanches	0.7136	-0.4266	1	735	5270	64	2009.552239
snow conditions	-0.9117	0.5455	3	333	1138	11	2012.128205
snow cover	-0.9474	0.4947	3	819	7180	75	2011.871212
snow depth	-1.0658	0.3308	3	470	2434	27	2013.175439
snow patches	-0.2828	0.7772	4	300	910	9	2013.526316
snow surface	-0.589	0.5838	3	318	1074	12	2011.761905
snow/ice	-0.0774	-0.4986	2	376	1228	12	2012.216867
snowfall	0.1708	0.1676	1	502	2172	23	2012.353474
snowmelt	0.4228	0.3555	1	731	4664	47	2012.207317
snowpack	-0.6295	0.0926	3	559	2712	29	2013.287234
society	-0.5727	-0.489	2	318	1102	13	2010.520354
software	-0.5823	-0.5597	2	357	1264	15	2012.686047
soil	0.0017	0.8027	4	1129	14198	166	2012.887856
soil moisture	-0.3177	1.0451	4	422	1906	20	2013.428315
soil movement	-0.3194	1.1652	4	287	1210	11	2006.214286
soil surface	-0.2924	1.0262	4	395	1674	18	2012.076577
soil temperature	-0.4025	0.9161	4	528	2722	30	2013.124498
solar radiation	-0.7472	0.1191	3	679	4200	43	2011.997753
solifluction	0.1776	0.7316	4	796	5886	66	2008.511628
solifluction lobes	-0.2064	1.1174	4	398	1924	21	2007.5
solutes	1.0417	0.5079	1	398	2060	21	2011.511628
solution	0.1329	0.6571	1	530	2010	25	2010.22668
sounding	-0.927	0.0863	3	629	3746	44	2009.43314
source	0.3345	-0.3247	1	1190	14200	148	2011.544715
source areas	0.4281	-0.5918	2	579	2564	25	2011.964602
source waters	0.4016	-0.7143	2	249	826	9	2008.57967
south	0.2122	0.2749	1	661	3430	41	2009.816077
southern	-0.0315	-0.1017	3	699	4154	46	2011.247603
southern norway	0.3256	0.2417	3	348	1396	17	2008.947368
southwest	0.3252	0.3891	1	272	802	9	2010.224324
space	-0.3127	-0.2129	2	630	2940	35	2011.281958
spain	0.1341	-0.0524	1	515	2412	29	2011.4375
spatial	0.2428	0.1507	1	676	3378	36	2011.877747
spatial distribution	-0.1806	-0.6276	2	821	5708	61	2012.602028
spatial models	-0.9793	-0.4674	3	305	1072	11	2011.833333
spatial patterns	0.6218	0.0787	1	463	1654	18	2012.024523
spatial resolution	-0.5673	-0.6517	2	496	2074	23	2012.877034
spatial scales	0.1888	0.082	1	438	1444	15	2012.42723
spatial variability	0.2804	0.6188	1	646	3266	32	2011.858628
spatial variation	0.2362	0.8807	4	419	1462	15	2011.835735
species	0.6199	0.4393	1	413	1510	19	2011.629341
speed	-0.1707	0.3973	2	442	1710	20	2010.795455
spitsbergen	0.7157	-0.1462	1	560	3062	36	2012.274752
sporadic permafrost	-0.6823	0.4082	3	473	2222	23	2012.694915
spring	0.0052	0.3749	4	985	8138	84	2011.445356
st	-0.6105	-0.0964	3	331	1006	11	2011.204819
stability	-0.4798	-0.1402	4	968	8736	95	2011.601934
stable isotopes	0.4397	0.4749	1	218	704	9	2012.393939
stadial	1.2251	-0.3292	1	261	1014	13	2011.6
stage	0.6157	-0.0461	1	801	4608	55	2011.432692
standard	0.3904	0.4283	1	290	780	11	2011.405751
state	-0.3306	-0.0394	2	820	4826	52	2012.176355
stations	-0.5801	-0.3506	2	609	3118	34	2010.728667
statistical analysis	-0.0955	-7e-04	3	371	1248	15	2011.880795
statistical model	-0.9499	-0.4838	3	390	1610	17	2011.85
statistics	-0.6065	-0.0914	3	574	2576	27	2010.724252
status	-0.2743	-0.5591	2	299	942	10	2011.737569
steep slopes	0.043	-0.4371	2	460	1700	16	2011.378378
stereo	-0.514	-1.0231	2	307	1266	14	2013.297872
storage	0.5749	-0.4455	1	684	4074	39	2013.435429
storm	0.5411	-0.1913	1	460	1864	18	2010.368357
strain	-0.3878	0.6365	4	488	2364	28	2011.527632
strain rate	-0.4659	0.153	4	217	750	10	2011.218182
strategies	-0.5679	-0.5851	2	704	3944	44	2013.49449
stratigraphy	-0.0427	0.2583	3	552	2694	32	2010.59887
stream	0.8278	0.2076	1	793	5654	60	2011.208251
streamflow	0.6127	-0.2041	1	246	784	9	2012.533784
strength	-0.1887	0.6833	4	652	3650	41	2011.147674
stress	0.2626	0.6188	1	789	5528	63	2010.771906
structure	-0.1844	0.0281	3	1183	15268	170	2010.587788
subsidence	-0.8637	-0.3789	2	467	1912	19	2011.801303
substrate	-0.1534	0.7598	3	407	1442	16	2012.694517
subsurface	-0.698	0.3546	3	1016	10374	107	2011.621895
subsurface ice	-0.4329	0.0625	3	434	1624	16	2014.028571
subsurface temperature	-1.1384	0.5323	3	359	1378	12	2011.053571
succession	1.1101	0.1153	1	267	818	10	2012.128814
summer	-0.2017	0.4137	4	1203	15188	163	2011.747886
summer temperatures	-0.3227	-0.0209	4	328	1122	11	2011.835484
summit	-0.0392	0.3201	1	642	3008	30	2012.208092
supply	0.6383	-0.1833	1	882	5432	59	2011.339312
support	0.2614	0.181	1	609	2564	30	2012.160714
surface	-0.1301	0.3013	3	1384	50062	556	2011.274886
surface area	0.4967	-0.3142	1	525	2226	23	2011.96
surface characteristics	-0.7138	-0.7858	3	307	1032	10	2010.392857
surface conditions	-0.797	0.6405	3	368	1328	13	2010.87907
surface displacement	-0.6059	-0.4588	2	500	2468	27	2011.277778
surface elevation	-0.2661	-1.1443	2	250	906	9	2011.86618
surface energy	-1.2092	0.4085	3	286	1082	10	2012.765396
surface flow	-0.6564	-0.5276	2	291	1042	10	2009.817073
surface layer	-0.8281	0.4616	3	390	1574	17	2009.563452
surface lowering	0.3452	-0.3091	2	371	1274	14	2011.02439
surface morphology	0.6256	-0.6267	1	409	1632	17	2010.851852
surface processes	0.691	-0.4018	1	365	1200	12	2013.341085
surface roughness	-0.8688	0.3372	3	327	1064	10	2013.011905
surface temperature	-0.9461	0.5018	3	942	10372	109	2011.552855
surface topography	-0.3572	-0.1151	3	294	990	10	2010.560284
surface velocities	-0.4096	0.1688	4	563	3312	37	2011.325373
surface waters	0.6602	0.7464	1	449	2032	21	2010.917469
survey	-0.291	-0.4165	2	1119	13930	155	2010.854962
surveying	-0.676	-0.2515	3	335	1154	13	2011.722222
susceptibility	0.0055	-0.3391	2	457	1638	19	2013.078125
svalbard	0.1637	0.1102	1	793	6022	70	2012.982836
sweden	0.6013	0.6133	1	497	2506	32	2011.298755
swedish lapland	0.9756	0.7579	1	421	2624	35	2005.97561
swiss alps	-0.8033	-0.2331	3	1037	13258	147	2010.264045
switzerland	-0.7046	-0.1095	3	826	5674	64	2011.672414
system	-0.0609	-0.1156	2	1171	12328	134	2012.244703
table	-0.508	0.7027	4	529	2354	25	2011.75
tafoni	0.4542	1.0026	1	217	666	10	2010.1
talus	0.6025	0.1517	1	843	6594	74	2008.386667
talus cones	0.9304	0.2351	1	355	1176	11	2008.545455
talus rock glaciers	0.5479	-0.7423	2	252	846	10	2004.6
talus slopes	0.1408	0.1719	3	773	5324	56	2011.192982
tatra	-0.0227	0.618	3	260	908	12	2011.222222
tatra mountains	-0.025	0.6177	3	260	908	12	2010.6875
techniques	-0.2785	-0.3502	2	1065	11062	123	2010.995925
technology	-0.691	-0.2126	2	427	1614	17	2013.19378
temperate	0.6786	0.201	1	448	1614	18	2011.666667
temperature	-0.5621	0.3463	3	1367	50158	544	2011.477652
temperature changes	-0.5821	0.5227	3	587	2792	30	2012.055092
temperature conditions	-0.6061	0.6842	4	398	1344	14	2012.260563
temperature data	-0.8306	0.4161	3	753	4860	50	2009.906752
temperature gradient	-0.276	1.0468	4	295	1076	13	2011
temperature increase	-0.5731	0.3159	4	504	2078	20	2011.880309
temperature measurements	-0.8908	0.4679	3	732	4774	50	2010.47644
temperature monitoring	-0.9449	0.6456	3	523	2454	22	2010.684211
temperature precipitation	-0.0134	-0.4774	2	525	2410	25	2012.677122
temperature profiles	-1.1375	0.4498	3	319	1230	14	2010
temperature records	-0.9962	0.46	3	323	1076	11	2010.766839
temperature regime	-0.943	0.4263	3	284	972	13	2009.314815
temperature variations	-0.3334	0.7392	3	481	1970	20	2010.665354
temporal	-0.4297	0.5582	4	333	1122	12	2010.883534
temporal changes	-1.1246	0.1348	3	303	942	9	2011.742138
temporal distribution	0.0112	-0.6256	2	249	822	10	2011.0125
temporal evolution	-0.8255	-0.0937	3	305	918	9	2012.72561
temporal patterns	1.0023	-0.0981	1	358	1330	13	2011.927711
temporal variability	-0.0167	0.5811	3	512	2224	23	2011.288462
temporal variations	0.0225	0.5254	4	397	1348	14	2011.722063
terminal moraine	0.7804	-0.6086	1	303	938	9	2007.48
terminus	0.6311	-0.7438	1	393	1368	13	2013.057143
terms	-0.0878	-0.2777	2	1034	8280	89	2011.105954
terraces	0.6862	0.5212	1	521	2232	25	2008
terrain	-0.3506	-0.5397	2	1045	9994	109	2011.88664
terrain analysis	-0.4831	-1.0808	2	267	902	9	2009.117647
terrestrial	-0.1249	-0.7088	2	437	1738	17	2012.64094
terrestrial laser scanning	-0.2127	-0.8622	2	391	1512	14	2015.73913
territories	0.0075	0.3478	4	373	1428	19	2011.376997
texture	0.1228	0.5718	1	476	1780	21	2010.495238
thaw	-0.2464	0.5841	4	866	6302	67	2013.405618
thaw settlement	-0.6311	0.9601	4	290	1166	12	2010.078947
thawing	-0.4932	0.7128	4	837	5978	62	2013.173362
theory	-0.4577	0.4692	3	415	1418	17	2009.714706
thermal	-0.5234	0.7066	3	846	6022	62	2011.557652
thermal characteristics	-0.8545	0.5103	3	284	1006	12	2009.709677
thermal conditions	-0.6919	0.5808	3	675	3744	38	2011.526316
thermal conductivity	-1.0808	0.5761	3	348	1186	12	2011.716981
thermal data	-0.3319	0.8858	3	347	1338	15	2007.730769
thermal processes	-0.6805	0.7828	3	316	1036	10	2013.903226
thermal properties	-1.0847	0.2922	3	291	952	9	2010.989691
thermal regime	-0.7451	0.5769	3	919	8688	90	2011.654434
thermal shock	0.2482	1.0536	1	235	866	10	2006.5
thermal state	-0.9013	0.2458	3	280	900	10	2014.230769
thermal stress	0.1575	1.0468	1	341	1656	19	2010.484848
thickness	-0.4598	0.4163	3	1103	12246	135	2010.814467
thinning	0.2994	-0.5699	2	301	938	11	2011.906393
threat	-0.1295	-0.7406	2	477	1812	20	2013.121076
three dimensional	-0.901	-0.4551	2	441	1732	17	2009.329939
threshold	0.2072	0.4059	4	670	3292	35	2012.8
tien shan	0.0411	-1.1126	2	310	1104	13	2011.28
till	0.6352	-0.0449	1	590	2650	29	2011.048544
timberline	-0.5316	0.6596	3	269	856	10	2007.571429
time	-0.0495	0.0479	2	1327	22772	245	2011.191579
time scales	-0.0011	0.1968	4	399	1420	15	2011.351464
time-lapse	-0.6385	0.4472	4	504	2298	22	2014.809524
time-series analysis	-0.9882	0.1417	3	647	3884	39	2010.95228
timescales	0.6649	-0.4713	1	527	2228	22	2011.525048
timing	0.2403	0.0737	1	788	4920	48	2012.348348
tls	0.0355	-0.9135	2	321	1158	11	2015.409091
tomography	-0.8939	0.3734	3	865	8398	88	2012.146341
tongue	0.3575	-0.9021	2	284	924	10	2010.029167
tools	-0.5202	-0.5568	2	371	1298	15	2013.795322
topographic	-0.0082	-1.0769	2	343	1174	12	2010.856061
topography	-0.5448	-0.3998	3	1009	8830	88	2010.120382
tourism	-0.55	-0.731	2	214	640	9	2014.095238
trace	0.4468	0.4813	1	387	1206	14	2011.307692
tracer	0.5744	0.1134	1	365	1138	11	2009.231405
track	0.7466	-0.5005	1	308	998	12	2010.190476
transect	-0.4011	0.2968	3	516	2202	24	2011.199708
transfer	-0.2452	0.3644	3	800	4880	49	2010.678679
transformation	0.5392	-0.4786	1	325	992	14	2011.951786
transient	-1.1391	0.1708	3	432	1764	17	2011.104545
transition	-0.0841	0.1441	3	902	6326	65	2011.648928
transition zone	-0.4865	0.5629	3	265	794	9	2010.954545
transport	0.762	0.1722	1	990	9416	102	2010.537155
transport processes	0.4689	-0.4056	2	339	1234	13	2009.745098
transverse ridges	0.6412	-0.1193	1	251	884	10	2009.6
traps	0.8301	0.0477	1	330	1026	12	2009.907104
tree rings	0.4623	-0.7158	1	374	1538	18	2011.553398
trees	0.4914	-0.5193	1	404	1778	24	2012.336557
trends	-0.0946	-0.19	2	1039	9006	93	2012.269204
tributaries	0.92	-0.3931	1	373	1308	13	2012.627586
trigger	0.5596	-0.2174	1	387	1456	15	2013.735632
triggering	0.0101	-0.7591	2	409	1686	18	2012.607143
trough	0.7628	0.3012	1	354	1088	14	2010.984962
tundra	0.1248	0.7383	1	427	1600	19	2013.196825
twentieth century	0.2536	-0.4993	1	298	892	9	2012.145055
types	0.284	0.2706	1	1086	8924	106	2011.720352
tyrol	0.0228	-0.7329	2	356	1358	15	2010.210526
uncertainty	-0.8013	-0.4755	2	722	4280	46	2013.221957
unfrozen water	-1.0618	0.599	3	413	1774	18	2009.954545
unfrozen water content	-1.1263	0.7316	3	277	944	10	2009.857143
university	0.382	0.0221	1	271	772	10	2010.400794
uplift	0.7472	-0.6407	1	305	1040	11	2010.481605
usa	0.3314	-0.1128	1	670	3720	46	2010.335681
valais	0.2998	-0.7762	2	384	1506	16	2009
valais alps	0.3413	-0.8098	2	311	1082	11	2009.545455
validation	-0.778	-0.3654	3	545	2566	29	2012.727575
valley	0.6093	-0.099	1	1254	18918	211	2011.024
valley bottom	0.6781	0.452	1	328	1020	11	2006.1875
valley glaciers	0.5616	-0.6877	2	472	1892	18	2012.022222
values	0.0292	0.3981	1	1239	16194	191	2010.746562
variability	-0.2306	0.1174	3	1242	17922	187	2011.545737
variations	-0.0854	0.3687	4	1228	15114	165	2010.901917
varnish	0.6634	0.7998	1	244	792	14	2001.142857
vector	-0.456	-0.7133	2	375	1348	14	2010.835404
vegetation	0.4377	0.2731	1	950	7494	82	2012.521246
vegetation cover	0.7842	0.437	1	500	2234	25	2012.287671
velocity	-0.3042	-0.1795	2	1040	11904	134	2010.066944
volcano	0.067	0.5858	1	355	1230	19	2009.968254
volume	0.2171	-0.557	2	1125	12736	143	2010.936662
volumetric expansion	-0.0513	1.1677	4	278	1020	10	2010.5
vulnerability	-0.1125	-0.978	2	289	1036	12	2013.925926
walls	-0.5183	0.2258	3	854	6458	67	2010.364865
warm	-0.4146	0.3999	3	370	1234	13	2011.29985
warm permafrost	-0.7705	-0.1642	3	579	2966	29	2013.175
warming	-0.4416	-0.4978	2	1123	13156	135	2012.978577
washington	0.4368	-0.1894	1	288	786	10	2008.381818
water	-0.105	0.324	4	1325	29064	320	2010.775054
water availability	-0.2072	0.1386	4	292	916	9	2013.394958
water chemistry	0.9768	0.6826	1	293	1256	13	2013.770833
water content	-0.908	0.5689	3	601	3314	37	2011.363839
water equivalent	-0.5475	-0.6601	2	334	1186	14	2012.877005
water flow	-0.0052	0.6722	4	369	1210	11	2010.588745
water ice	-0.6173	0.5182	4	426	1766	18	2010.074941
water quality	0.5583	0.2203	1	279	910	10	2012.568966
water resources	-0.1368	-0.8006	2	443	2070	23	2014.535912
water storage	-0.1959	-0.7663	2	324	1146	11	2013.488152
water supplies	-0.0282	0.0068	4	344	1040	10	2012.73494
watersheds	0.5647	-0.3319	1	428	1584	17	2012.420863
wave	-0.8265	0.1935	3	558	2552	27	2010.934812
wave velocity	-1.0147	0.237	3	276	1104	12	2011.396825
weather	0.0311	0.0393	1	731	3816	44	2012.202602
weather conditions	0.5798	-0.4174	1	281	884	11	2012.712
weather stations	-0.6142	-0.3593	2	319	1112	12	2012.035461
weathering	0.5002	0.8417	1	1028	12148	152	2009.277372
western alps	-0.0434	-0.6963	2	336	1128	13	2016.142857
western norway	1.2965	-0.1084	1	273	1064	12	2011.538462
wind	0.1891	0.6082	1	688	3920	43	2010.366929
wind speed	0.3267	0.6318	1	279	882	10	2011.054286
window	-0.3931	0.8496	4	296	950	9	2011.107914
winter	-0.4917	0.3768	3	1173	15606	169	2011.016141
winter season	-0.5205	0.5012	3	323	1066	12	2011.059908
work	-0.0527	-0.3392	2	969	6922	76	2012.585814
world	-0.0721	-0.1883	2	702	3404	39	2011.293273
x-ray	0.7083	0.9616	1	222	744	12	2012.042017
yield	1.0407	0.1176	1	454	2100	24	2011.766667
younger dryas	1.128	-0.1822	1	481	2618	27	2011.101124
yukon	-0.1485	0.5109	4	381	1602	20	2011.735915
yukon territory	-0.2096	0.6791	4	213	746	10	2007.943396
zone	-0.1128	0.0575	3	1252	17766	199	2010.917256
