id	x	y	cluster	weight<Links>	weight<Total link strength>	weight<Keyword count>	score<Avg year>
26s rdna	0.7782	0.4234	2	176	506	8	2011.625
abiotic factors	-0.7134	-0.5247	1	186	476	6	2013.777778
abundance	-0.4176	-0.2494	1	644	3200	41	2012.159769
accumulation	0.7514	-0.6468	2	307	1216	20	2011.1675
acids	0.9138	-0.2672	2	405	1924	30	2009.964637
acquisition	-0.7822	-0.6291	1	293	982	12	2012.112069
acremonium	0.2658	0.589	3	284	948	14	2012.076923
action	0.645	-0.2939	2	166	422	6	2009.595808
active compounds	1.0797	-0.39	2	131	376	7	2013
activity	0.7969	-0.0281	2	892	8200	122	2011.741747
adaptation	0.4601	-0.2705	2	689	3902	54	2013.458029
adaptation strategies	1.1312	-0.2531	2	177	512	7	2014.355556
addition	0.2572	-0.1103	2	726	3524	52	2012.072879
admiralty bay	0.6618	0.7142	3	159	478	5	2013.441176
agar	0.5672	0.3821	3	239	728	11	2011.695652
agaricales	-0.9155	0.248	1	309	1078	17	2010.588235
age	-0.0589	-0.4207	1	242	698	10	2010.368729
agriculture	0.1461	-0.0166	3	160	368	5	2013.323232
air	-0.534	0.2023	1	367	1210	16	2011.976061
air temperature	-1.115	-0.0385	1	170	488	6	2012.218924
al	1.2602	-0.6867	2	177	924	17	2010.555118
alaska	-1.0139	-0.4001	1	310	1266	15	2010.597746
alaskan	-1.0217	-0.4383	1	161	440	6	2011.071579
algae	0.6429	0.3632	3	333	1132	16	2012.039501
alkaloids	0.902	-0.7203	2	106	556	15	2009.333333
alpha	-0.0989	0.1187	2	163	400	6	2010.514493
alpine	-1.0063	-0.0157	1	497	2622	37	2012.280161
alpine habitats	-1.0316	0.1627	1	271	1040	15	2011.833333
alpine plants	-1.393	-0.2692	1	137	394	5	2013.9
alpine regions	-1.1403	0.1675	1	138	376	5	2012.662791
alpine tundra	-1.2784	-0.1653	1	178	546	7	2012.213333
alpine zone	-1.2406	0.2415	1	151	562	8	2010.84375
alps	-0.7291	0.3148	4	245	764	12	2011.372549
alternaria	0.3435	0.3675	3	328	1126	18	2011.111111
altitude	-0.7767	-0.4856	1	233	704	9	2011.218807
altitudinal gradient	-0.8465	-0.4912	1	182	592	8	2012.851064
america	-0.9244	0.383	1	235	786	12	2011.440252
amino acids	0.3972	-0.0393	2	241	804	15	2012.884393
amplification	-0.5511	0.3546	1	220	620	8	2013.330357
amylase	1.1667	0.149	2	301	1332	17	2012.9
analogue	0.1909	-0.3074	1	117	260	5	2011.282609
analysis	0.0864	0.1507	4	1079	12490	187	2011.656462
anamorph	-0.3412	0.375	4	152	364	6	2006.333333
ancient	-0.0032	-0.5106	1	158	428	8	2012.618557
ancient permafrost	0.8845	-0.783	2	54	184	5	2014
angiosperms	-0.4094	0.6228	3	180	508	6	2010.925926
animals	0.1422	0.1866	3	287	904	13	2012.281022
antarctic	0.5325	0.1043	2	1068	16944	259	2010.797819
antarctic continent	0.2715	0.5839	4	217	582	7	2010.136364
antarctic ecosystems	-0.2631	0.7748	3	216	598	6	2012.855072
antarctic environments	0.5194	0.5166	3	342	1324	16	2011.771084
antarctic expedition	-0.0091	0.4884	3	175	480	7	2010.220588
antarctic fungi	0.7345	0.1422	3	420	1870	28	2011.107143
antarctic fungus	0.8342	-0.2146	2	190	612	12	2012.785714
antarctic islands	-0.3212	0.6142	4	127	324	5	2008.145161
antarctic marine	1.1435	0.546	3	198	780	11	2010.642105
antarctic moss	-0.1517	0.6602	4	149	504	9	2009.833333
antarctic peninsula	0.099	0.6549	3	443	1890	24	2011.82716
antarctic region	0.9119	-0.0825	2	298	1030	14	2012.628099
antarctic soil	0.4401	0.101	3	578	2928	38	2012.495868
antarctic species	-0.0826	0.4064	4	243	674	8	2011.055556
antarctic strain	1.2183	-0.4698	2	99	258	5	2014.363636
antarctic strains	0.8715	-0.3411	2	183	574	10	2010
antarctic yeasts	1.1554	-0.3529	2	454	2854	45	2011.555556
antarctica	0.3547	0.2819	3	1067	16090	247	2011.220175
antarctica peninsula	0.44	0.5762	3	210	600	7	2013.348837
antarctica soil	0.4295	0.2673	3	240	722	11	2011.09375
antarctica yeast	1.1491	0.0044	2	230	786	13	2010
antarcticus	0.2679	0.4339	4	235	734	15	2012
antarctomyces	0.2377	0.6847	3	260	816	10	2012.5
antibacterial activity	0.9248	0.3654	3	160	490	7	2015.076923
antibiotics	0.7905	0.3342	3	147	460	9	2014.666667
antifreeze	1.1037	-0.3382	2	155	452	5	2011.83871
antifreeze proteins	1.0912	-0.3214	2	162	504	6	2013.285714
antifungal	0.8386	0.479	3	182	574	8	2013.555556
antifungal activity	0.8869	0.5107	3	134	372	6	2013.909091
antimicrobial	1.1142	0.4618	3	148	422	5	2015.692308
antimicrobial activity	1.045	0.4509	3	196	706	9	2015.842105
antioxidant	1.3135	-0.0228	2	111	270	5	2013.809524
application	0.9359	-0.2029	2	589	3308	46	2012.361823
approach	0.1333	0.3217	4	474	1808	25	2013.011682
arbuscular	-1.0076	-0.571	1	264	1092	16	2007.8125
arbuscular mycorrhiza	-1.136	-0.4856	1	361	1778	25	2006.8
arbuscular mycorrhizal fungi	-0.9888	-0.4398	1	203	706	10	2009.1
arbuscules	-1.2792	-0.2873	1	141	412	6	2004.833333
archipelago	-0.5883	0.5276	1	207	628	12	2011.082609
arctic	-0.4077	-0.1705	1	958	10422	155	2012.189504
arctic antarctic	0.0421	-0.0971	2	305	932	12	2012.938182
arctic areas	-0.5375	0.0765	1	74	172	5	2012.19708
arctic ecosystems	-1.0043	-0.0391	1	332	1282	14	2014.429967
arctic environments	-0.3953	-0.0619	1	291	906	11	2012.708108
arctic fungi	-0.6122	-0.0431	1	268	916	12	2013.692308
arctic glaciers	0.8411	0.0283	2	124	340	5	2012.371134
arctic habitats	-0.6802	0.067	1	208	552	8	2012.0625
arctic ice	0.8697	0.017	2	120	332	5	2013.034188
arctic marine	-0.1887	0.539	4	119	312	6	2013.75576
arctic moss	0.2312	0.1178	2	142	362	5	2014.3
arctic plant	-1.2735	-0.477	1	199	634	7	2014.560606
arctic regions	-0.5274	-0.2702	1	319	946	13	2013.278834
arctic soils	-0.6055	-0.4486	1	303	1086	14	2013.785276
arctic svalbard	-0.8216	-0.4477	1	171	510	6	2012.8125
arctic tundra	-0.868	-0.3103	1	385	1384	17	2013.816872
arctic yeast	0.7843	0.4909	4	142	510	7	2016
arctic-alpine	-1.0243	-0.083	1	421	1840	26	2010.826446
arctica	-1.1489	0.0407	1	267	890	13	2013.177778
area	-0.1992	-0.0143	1	864	5688	85	2011.37466
argentina	-0.1903	0.452	1	234	722	11	2013.052632
artifacts	-0.0086	0.8592	3	187	660	7	2009.730769
ascomycetes	-0.5257	0.3412	4	453	1658	25	2012.066667
ascomycota	-0.2275	0.4506	4	744	4882	67	2014.52381
asia	-0.3846	0.476	1	120	278	5	2013.012594
aspergillus	0.6321	0.1965	3	477	2076	31	2010.727273
assemblages	-0.224	0.1275	3	456	1684	22	2012.247588
assessment	-0.4842	0.0488	1	329	1104	15	2013.024899
assimilation	0.6233	-0.5368	2	151	366	5	2012.629787
association	-0.6956	-0.0447	1	627	3058	42	2011.081886
asteraceae	-0.9756	-0.2845	1	138	372	5	2007.928571
attention	1.0978	0.0924	2	146	402	5	2012.917808
aureobasidium	0.8618	0.2652	2	285	992	13	2011.384615
austral summer	0.8084	0.5193	3	152	446	6	2012.0726
australia	-0.4235	0.3675	4	192	546	8	2010.617438
availability	-0.1734	-0.5791	1	431	1750	21	2012.908905
bacteria	0.6466	0.1843	3	505	2398	35	2012.900394
basidiomycetes	-0.691	0.1877	1	470	1798	24	2010.333333
basidiomycetous yeast	0.7241	0.3021	2	338	1658	27	2011.322581
basidiomycota	-0.2762	0.5061	4	720	4792	61	2014.883117
basin	0.0604	0.7566	3	212	576	7	2010.09645
bay	0.508	0.5441	3	394	1582	20	2010.11814
bayesian	-0.7053	0.4034	4	153	434	6	2013.796296
beauveria bassiana	0.1453	-0.2993	2	134	372	6	2011.5
behavior	0.7913	-0.6567	2	122	282	5	2011.103784
behaviour	1.2449	-0.547	2	137	394	6	2010.943662
belonging	-0.1005	0.597	3	351	1258	17	2014.117647
belowground	-0.8081	-0.6815	1	176	526	7	2014.25
benefits	-0.8998	-0.6165	1	165	464	6	2014.038732
beta	-0.2859	-0.1553	1	213	548	7	2009.417219
beta-carotene	1.1434	-0.6939	2	82	252	5	2010.6
beta-tubulin	0.0946	0.4705	4	154	396	6	2012.857143
betula	-1.1106	0.0035	1	354	1394	17	2013.137255
bioactive	1.0964	0.4951	3	135	394	5	2012.5
bioactive compounds	0.9739	0.3963	3	199	714	9	2014.466667
biocontrol	0.4836	-0.1861	2	140	368	6	2014.2
biodegradation	0.5447	-0.0095	2	185	528	8	2014.342466
biodiversity	0.0247	0.2456	4	729	4350	57	2013.864286
biogeography	-0.9624	0.1556	1	299	1030	13	2012.833333
biological	0.3895	-0.0042	3	146	368	6	2012.548387
biological activity	0.6789	0.3305	3	204	632	9	2012.109091
biological control	0.1396	-0.4481	2	124	328	6	2012.055556
biology	0.2964	0.4055	3	163	420	5	2011.284153
biomass	0.1492	-0.6611	2	631	3654	53	2012.021332
biomass production	1.1363	-0.6368	2	147	416	6	2012.391304
biomass yield	1.0654	-0.648	2	119	344	5	2010.875
biomes	-0.3845	0.2847	1	366	1136	14	2013.216867
biopolymers	1.4516	-0.71	2	61	222	5	2012.888889
bioprospecting	1.0098	0.4363	3	245	892	11	2014.533333
bioreactor	0.9188	-0.5522	2	110	330	5	2015.615385
bioremediation	0.8002	-0.3095	2	224	732	11	2014.269231
biosynthesis	1.0895	-0.638	2	236	1024	20	2012.25
biota	-0.3588	-0.1772	1	193	528	8	2010.887755
biotechnological applications	1.2088	-0.1241	2	244	928	12	2015.892857
biotechnological potential	1.2272	-0.2875	2	158	478	6	2015.555556
biotechnology	1.0407	-0.0519	2	325	1230	16	2014.676471
birch	-0.7486	-0.0732	1	180	450	5	2012.15
birds	-0.0933	0.5007	4	209	602	10	2010.570776
bistorta vivipara	-1.2172	-0.4842	1	169	628	7	2015.636364
black fungi	-0.1767	0.4122	4	181	558	8	2010.625
black yeasts	0.2412	0.2243	4	220	612	8	2011.125
blue	0.8665	0.2354	2	183	544	7	2012.196721
body	-0.2343	0.1833	4	222	594	9	2011.227462
boreal	-1.2095	0.1103	1	325	1478	19	2012.614137
boreal forest	-1.2361	-0.055	1	217	752	9	2011.745283
bp	0.0459	0.3379	4	157	544	12	2012.006369
bryophytes	-0.6064	0.2426	4	375	1420	19	2011.075342
building	0.0459	0.8886	3	123	340	5	2011.116071
c/n ratio	0.0734	-0.5142	3	183	452	5	2011.188679
cadophora	0.0397	0.6756	3	543	2708	31	2012.387097
cadophora species	-0.1499	0.7363	3	227	762	8	2009.875
canada	-0.7202	0.1358	1	329	1148	20	2011.058788
canadian	-0.3744	0.4968	4	151	408	6	2010.480463
canadian arctic	-0.3828	0.6102	4	125	348	5	2012.163636
cancer	0.7558	-0.0145	3	114	284	5	2014.571429
candida	0.932	0.0676	2	512	2540	38	2012.680851
candida albicans	0.9479	0.0755	2	146	436	8	2013.538462
capabilities	0.6134	0.2289	3	153	396	6	2013
capacity	0.6095	-0.4889	2	299	928	13	2013.094099
cape	0.0886	0.7588	3	167	548	8	2009.255255
capnodiales	-0.5468	0.582	4	221	690	9	2013.444444
carbohydrates	0.7719	-0.6135	2	264	930	14	2011.868852
carbon	0.2059	-0.3507	2	680	3422	46	2013.107259
carbon cycling	-0.4086	0.2299	1	209	588	6	2014.143411
carbon source	1.1252	-0.3842	2	278	1078	16	2012.515152
carotenoids	1.2489	-0.3093	2	107	282	5	2012.688889
case	-0.1855	-0.0792	1	376	1206	20	2010.847835
cassiope	-1.4386	-0.3319	1	148	446	6	2013.766667
cassiope tetragona	-1.4334	-0.3079	1	126	358	5	2013.862069
catalase	1.212	-0.349	2	158	528	7	2014.238095
cbs	0.5767	0.5469	4	248	972	17	2009.666667
ccfee	0.5388	-0.1106	2	210	630	9	2010.444444
cell	0.6242	-0.1871	2	714	4174	69	2011.359784
cell growth	0.9539	-0.4953	2	139	372	6	2012.666667
cell wall	0.5739	0.0989	2	287	874	13	2010.824561
cellulase	1.0845	0.159	2	389	1920	24	2015.392857
cellulase activity	1.2556	0.0113	2	130	418	5	2014.666667
cellulose	0.3941	0.1904	2	292	980	13	2010.195122
century	-0.7604	0.1284	1	192	488	5	2012.205869
cf	0.1257	0.4946	3	220	684	10	2011.690141
chaetothyriales	-0.749	0.3889	4	171	494	6	2012.333333
chain	0.0576	0.0793	4	213	520	8	2011.096866
challenges	-0.5429	-0.0417	4	132	338	5	2014.48237
chamber	-0.7657	-0.5298	1	198	510	7	2013.240506
changes	-0.3446	-0.3812	1	881	6852	89	2012.206219
characteristics	0.2938	0.0171	2	810	4916	76	2010.936545
characterization	0.9047	-0.0436	2	577	3100	48	2012.72969
characters	-0.3988	0.3549	4	264	874	14	2010.632353
chemical	0.4236	-0.1801	2	356	1160	17	2011.607029
chemical composition	1.1724	-0.6662	2	130	364	6	2012.512915
chemistry	0.0807	-0.1168	2	176	404	5	2012.465976
chile	-0.6544	0.3198	4	134	344	5	2012.697531
china	-0.4969	0.4585	4	229	608	8	2013.948798
chitin	0.5339	-0.198	2	210	560	7	2012.866667
chitinase	1.065	-0.0492	2	172	524	7	2012.545455
chorisodontium	-0.5395	0.8662	4	114	378	5	2015.166667
chorisodontium aciphyllum	-0.5372	0.8668	4	114	378	5	2014.714286
chromatography	1.1129	-0.1427	2	122	320	5	2010.861702
chytridiomycota	-0.7156	0.5816	4	155	528	7	2016.153846
cladosporium	0.5419	0.5007	3	633	3728	48	2012.125
class	-0.3115	0.4251	4	218	610	9	2011.519757
classification	-0.0051	-0.2469	1	216	600	10	2011.561043
clavine alkaloids	0.8525	-0.768	2	59	230	6	2007.833333
climate	-0.6677	-0.1316	1	640	3578	47	2012.847305
climate change	-0.7373	-0.217	1	523	2536	31	2013.106897
clone libraries	-0.6623	0.5735	4	169	480	6	2011.256198
clones	-0.3993	0.2844	4	261	806	10	2011.167665
cluster	-0.1808	-0.1806	2	268	782	12	2011.949896
coast	-0.1616	0.2327	3	238	734	13	2010.134684
cold	0.5657	-0.3081	2	421	1728	23	2011.824903
cold active	1.1914	-0.1272	2	263	1086	17	2013.933333
cold adaptation	0.7664	-0.3175	2	399	1582	19	2014.391304
cold environments	0.8223	-0.1916	2	513	2450	32	2013.16
cold habitats	0.6501	0.4793	4	166	446	6	2014.923077
cold stress	0.7435	-0.5722	2	182	656	9	2012.857143
cold tolerance	0.8855	-0.3794	2	193	510	7	2010.8125
cold-active enzymes	1.179	-0.148	2	270	1022	15	2013.1
cold-adapted yeast	1.1564	-0.044	2	131	338	5	2016.8
coli	1.1926	0.391	3	158	454	6	2013.538462
collection	-0.4379	0.2403	1	557	2578	39	2011.129412
colobanthus	-0.2942	0.6245	3	182	608	7	2012.325
colobanthus quitensis	-0.2947	0.6268	3	182	608	7	2012.474359
colonies	0.1397	0.0812	3	561	2474	37	2010.888235
colonisation	-0.9998	-0.2058	1	247	816	11	2009.846154
colonization	-0.8489	-0.4012	1	561	3356	45	2010.8
common species	-0.9224	0.1604	1	137	352	5	2010.521739
community	-0.5603	-0.057	1	998	12356	156	2013.620087
community composition	-0.8608	-0.4857	1	463	2702	32	2014.941973
community ecology	-0.7492	0.0883	1	136	424	6	2014.384615
community richness	-0.3391	-0.27	3	159	474	5	2014.3125
community structure	-0.9307	-0.2806	1	462	2010	21	2013.563433
comparative	0.6292	-0.3016	2	138	320	6	2012.967391
comparison	-0.06	-0.2307	2	507	1988	30	2010.70057
competition	-0.0756	-0.464	2	169	414	6	2011.637209
complex	-0.4508	-0.3058	1	370	1324	21	2011.908387
composition	-0.2515	-0.5293	1	802	6158	83	2012.45256
compounds	0.9494	0.0833	2	571	3138	46	2012.161238
concentrations	0.6709	-0.4359	2	671	3668	58	2011.643222
condition	0.425	-0.3303	2	229	652	13	2010.79798
configuration	0.3709	-0.0268	2	121	272	5	2012.603053
conidia	0.082	0.1996	4	274	904	17	2010.722222
conservation	-0.0339	0.3059	3	256	700	10	2011.717256
consumption	1.0203	-0.5409	2	161	440	7	2011.012232
contact	-0.2052	0.6517	3	215	644	8	2011.307692
contaminants	0.4991	-0.1085	2	154	398	6	2011.424242
contamination	0.1872	-0.336	2	214	652	11	2011.920245
content	0.5029	-0.5553	2	504	2420	38	2011.761593
continent	0.0566	0.3018	4	414	1408	19	2011.202884
continental	0.1174	-0.0122	2	200	556	9	2010.243993
continental antarctica	0.1747	-0.0272	2	231	674	11	2008.947368
contrast	-0.0387	-0.3505	1	547	2352	34	2011.509677
control	0.2524	-0.5177	2	454	1752	28	2012.474255
core	0.2527	-0.292	2	301	906	11	2010.446523
correlation	-0.1231	-0.5043	1	357	1130	16	2011.333794
correspondence	-0.5604	-0.0829	4	151	372	5	2010.493023
cortinariaceae	-1.1934	0.148	1	137	342	6	2003.5
cortinarius	-1.0894	-0.245	1	287	1136	15	2010.8
cosmopolitan	0.3793	0.5264	3	183	540	7	2012.333333
costs	-0.2494	-0.2604	1	150	394	6	2013.503597
counts	0.7108	0.3664	2	240	720	9	2011.546099
cover	-0.61	-0.5363	1	255	808	10	2011.664763
cr	1.2178	-0.31	2	160	488	7	2012.397059
crude	1.0223	-0.1647	2	214	656	11	2010.744681
cryopeg	0.4995	-0.4409	2	103	246	5	2014
cryophilic yeast	1.1721	-0.1914	2	94	276	5	2013.6
cryptococcus	0.9582	0.0409	2	624	4402	65	2010.235294
cryptococcus victoriae	0.7042	0.5718	3	276	958	12	2012
cultivation	0.8627	-0.4996	2	309	1102	19	2014.139241
culturable fungi	0.5712	0.2487	3	231	656	8	2015.25
culture	0.5557	-0.0498	2	817	5758	92	2011.379653
culture medium	0.9827	-0.7001	2	78	206	5	2007.75
culture-independent	-0.7451	0.2701	1	224	684	8	2013.023256
current	-0.257	-0.107	1	188	468	5	2008.757215
cycle	0.4551	0.0366	2	387	1346	18	2011.47296
cycling	-0.6378	-0.2114	1	372	1476	16	2014.035763
cystobasidium	0.5753	0.4056	3	200	520	6	2017.285714
cytotoxicity	0.9554	0.4234	3	146	418	6	2012.142857
damage	0.9457	-0.3557	2	161	472	8	2013.018116
dark	-0.6962	-0.4789	1	204	618	9	2011.352113
dark septate endophyte	-1.0503	-0.2809	1	313	1294	17	2009.882353
dark septate fungi	-1.2097	-0.4261	1	119	308	5	2000.2
dark septate root endophytes	-1.1667	-0.2989	1	131	434	6	2006.666667
data	-0.2117	-0.1064	1	926	7704	108	2011.015066
database	-0.7991	0.1681	1	234	696	10	2012.403509
dataset	-0.8814	0.1135	1	179	484	6	2012.68054
date	-0.8432	0.1676	1	247	702	10	2012.087051
davidiella	0.219	0.5459	3	147	398	5	2010.6
debaryomyces	0.9027	0.2802	2	342	1270	16	2013.9375
debris	0.0174	0.4483	3	169	398	5	2009.221983
decay	-0.0698	0.8363	3	189	698	8	2010.074434
decline	-0.9609	-0.3742	1	276	926	12	2013.254217
decomposers	-0.6507	0.2657	1	295	946	11	2014.45
decomposition	-0.0518	0.2795	3	368	1276	15	2012.585736
deep sea	0.7622	0.2248	3	184	510	7	2010.4
degradation	0.4523	0.2632	3	387	1474	20	2013.464824
density	-0.2725	-0.4081	1	336	1168	16	2009.879211
deposits	0.5248	-0.4904	2	185	602	12	2011.200561
depth	-0.4337	-0.2504	1	316	1096	14	2010.672402
deschampsia	-0.2395	0.2655	3	328	1472	20	2011.338983
deschampsia antarctica	-0.049	0.5273	3	281	1208	16	2011.343434
description	-0.2801	0.6386	4	369	1522	28	2009.996622
desert	-0.1232	0.1597	4	381	1408	21	2011.209622
detail	0.3527	0.4557	4	153	364	5	2011.078886
detection	-0.2567	0.2181	1	292	876	12	2012.417625
development	-0.0193	-0.1422	1	427	1464	21	2011.773084
difference	0.2414	-0.4017	2	392	1358	17	2011.163032
discovery	0.3889	0.3175	3	373	1362	17	2012.116822
disease	0.2948	0.1453	3	261	768	14	2013.103448
dispersal	-0.3286	0.0266	1	377	1306	16	2011.394973
distance	-0.6402	0.0353	1	344	1144	15	2011.010448
distribution	-0.6401	0.0241	1	863	6886	96	2010.907306
distribution ecology	-0.5557	0.4971	1	168	410	5	2009.666667
disturbance	-0.595	-0.582	1	228	668	8	2011.750678
divergence	-0.137	-0.1419	4	178	452	7	2010.679372
diversity	-0.0913	0.2441	3	1044	13940	185	2013.553494
diversity richness	0.6713	0.7942	3	123	430	5	2015.789474
dna	-0.6198	0.1824	1	734	4994	70	2012.62578
dna sequence	-0.8378	-0.0082	4	143	358	6	2010.909091
dna sequences	-0.7399	0.4185	4	226	802	13	2011.684211
domains	0.4365	0.6118	3	241	790	12	2011.565217
dominance	0.1444	0.3491	3	395	1624	19	2012.29375
dominant species	-0.0426	-0.1212	3	261	792	10	2010.869565
dothideomycetes	-0.5103	0.4846	4	303	968	12	2013.083333
drivers	-1.1905	-0.2768	1	219	760	8	2015.864011
drug	0.7907	0.4309	3	197	684	9	2013.435897
dry valleys	-0.0086	0.4455	4	278	948	13	2011.870229
dryas	-1.2423	-0.0576	1	378	1736	23	2010.77931
dryas integrifolia	-1.317	0.1063	1	142	408	6	2007.5
dryas octopetala	-1.2232	-0.1923	1	209	658	9	2011.285714
dse	-1.0556	-0.3011	1	278	1182	17	2007.222222
dung	-0.2482	0.6586	4	121	278	5	2008.1
dwarf shrubs	-1.3114	-0.2567	1	170	512	6	2013.289308
dynamics	-0.2927	-0.4977	1	361	1284	16	2012.382241
earth	0.3068	0.045	2	494	1978	27	2012.416212
east	0.3417	0.1794	3	342	1246	18	2011.088561
east antarctica	0.6883	0.1003	3	236	856	14	2012.024096
ecm	-1.1604	-0.523	1	359	1700	19	2011.608696
ecological niche	-0.3174	-0.0419	2	154	386	5	2013.484848
ecological role	-0.4186	-0.081	1	202	532	8	2012.583333
ecology	-0.4217	0.3777	1	649	3440	47	2012.514768
ecosystem	-0.4488	-0.0702	1	884	7156	89	2013.530062
ectomycorrhiza	-1.1532	-0.2776	1	400	1820	24	2009.961538
ectomycorrhizal	-1.1122	-0.248	1	541	3424	41	2011.837209
ectomycorrhizal fungi	-1.0578	-0.2914	1	418	1848	21	2012.272727
edaphic factors	-1.307	-0.4036	1	142	406	5	2014.190476
effects	0.0664	-0.5585	2	858	6466	94	2011.624055
efficiency	0.1228	-0.6926	2	239	748	10	2012.80663
electron	0.1511	0.262	4	247	628	8	2011.572917
electron microscopy	0.1039	0.3102	4	210	584	8	2011.367742
electrophoresis	0.0878	0.7211	3	191	544	6	2010.931507
elements	-0.133	-0.1699	1	223	642	10	2011.89258
elevation	-1.0566	-0.2652	1	147	374	5	2012.227186
ellesmere island	-0.5045	0.3609	4	176	632	11	2009.714286
endemism	-0.5185	0.4612	3	182	496	6	2011.808219
endophytes	-0.8152	-0.0339	1	634	3832	51	2010.754098
endophytic fungi	-0.5325	0.222	3	376	1506	19	2011.9
energy	0.4275	-0.4301	2	220	596	10	2011.753532
environment	0.2225	0.0625	2	1083	12702	171	2012.515563
environmental	-0.3913	0.0561	1	203	502	7	2010.845217
environmental changes	-0.5207	-0.5234	1	176	448	5	2013.895683
environmental conditions	-0.5422	-0.2287	1	476	1892	26	2013.912338
environmental gradients	-1.0402	-0.4534	1	196	598	7	2013.88
environmental samples	0.1661	0.6301	3	147	358	5	2012.843137
enzymatic activity	1.1451	0.0459	2	207	668	8	2013
enzyme	1.0434	-0.0241	2	692	5930	81	2013.452991
enzyme activity	1.0659	0.0823	2	333	1384	18	2014.026316
enzyme production	1.2731	-0.137	2	232	838	10	2015
eps	1.0592	-0.6839	2	118	390	7	2012.770492
ergosterol	0.6982	-0.481	2	159	406	6	2013.111111
ergot alkaloids	0.893	-0.7297	2	84	318	7	2009.857143
ericaceae	-1.119	-0.1782	1	232	688	10	2011.133333
ericoid	-1.0716	-0.1507	1	245	760	10	2008.8
ericoid mycorrhiza	-1.3416	-0.3196	1	278	1070	13	2009.357143
escherichia coli	1.1933	0.3897	3	158	454	6	2013.973684
establishment	-0.8127	-0.4993	1	296	1028	13	2011.445578
esterase	1.109	0.3027	2	159	470	5	2012.285714
ethanol	1.0245	-0.4949	2	166	520	10	2011.214286
eucalyptus	-0.0697	0.4863	4	100	330	5	2012.555556
europe	-0.9823	0.3273	1	324	1292	21	2011.79689
european	-0.742	-0.2617	1	168	416	5	2011.362949
evaluation	-0.085	0.0515	1	219	542	7	2013.100503
events	0.1305	-0.4171	2	242	648	9	2012.030986
evolution	-0.2322	0.2569	4	482	1922	26	2012.05694
exopolysaccharide	1.1488	-0.5601	2	202	884	16	2011.62069
expansion	-0.9081	-0.6849	1	159	522	6	2012.969492
expedition	0.0392	0.7301	3	381	1612	23	2010.922432
experiments	-0.3221	-0.429	1	467	1700	25	2011.075205
exploitation	0.9744	-0.0752	2	134	336	5	2013.328358
exploration	-0.4322	0.1857	1	300	998	12	2011.678466
explorer	0.1397	0.9679	3	137	510	6	2010.763636
exposure	0.0988	-0.2787	2	322	1008	16	2012.977505
expression	1.1718	-0.3486	2	114	312	6	2012.171315
extent	-0.2136	-0.3499	1	410	1262	16	2011.835219
extracellular enzyme activities	1.0748	0.3598	2	191	650	7	2015.777778
extracellular enzymes	1.1617	0.1729	2	384	1956	23	2014.354167
extracts	0.814	0.2278	3	392	1720	26	2011.888889
extreme	-0.0551	-0.0842	3	283	806	11	2013.461538
extreme conditions	0.1846	0.3451	3	383	1406	17	2013.919355
extreme environments	0.4698	0.1899	3	584	2790	34	2013.673913
extreme habitats	0.5599	0.2273	3	226	622	7	2014.652174
extremophiles	0.4994	0.4719	3	480	2312	27	2014.535714
extremotolerance	-0.4425	0.5642	4	142	392	5	2011.4
family	-0.5757	-0.0438	1	515	2156	32	2012.315615
fatty acids	1.1468	-0.3135	2	336	1592	25	2009.789855
features	-0.2716	-0.0127	1	463	1656	27	2010.384646
fermentation	1.0143	-0.3995	2	323	1328	23	2013.119403
festuca	-0.9112	-0.5385	1	144	438	7	2003.545455
field	-0.1492	-0.4935	1	382	1312	20	2010.533445
filamentous fungi	0.7293	0.4315	3	475	2448	33	2012.486486
filtering	-0.64	-0.1498	1	150	390	5	2012.893617
fine endophyte	-1.2048	-0.4481	1	175	636	9	2008.444444
fingerprints	0.2881	0.3809	2	172	450	7	2013.054726
fire	-0.9589	-0.5728	1	154	480	6	2011.534884
fitness	0.2823	0.1119	3	204	610	8	2014.032258
flora	-0.1543	0.1891	1	139	324	5	2011.036036
flow	0.0904	-0.6166	1	160	388	6	2010.017411
fluctuations	0.2263	-0.5173	1	199	526	7	2009.816514
fluidity	1.2226	-0.1606	2	208	688	8	2012.705882
fluorescence	-0.7068	-0.1766	1	147	358	5	2012.243386
focus	0.1859	0.1349	2	145	346	5	2012.93921
food	0.6585	-0.0196	2	444	1608	22	2012.031915
forest	-0.8358	0.1799	1	460	2116	29	2011.961222
forest soil	-0.7068	0.2795	4	138	376	5	2012.848485
formation	0.2322	-0.3791	2	334	936	14	2010.511811
fraction	-0.0155	-0.6647	1	261	740	10	2011.553026
fragments	-0.1199	0.3036	4	283	900	12	2010.917127
frequency	-0.7993	0.0345	1	373	1224	17	2011.174374
freshwater	0.3428	0.6715	3	136	344	5	2011.825688
fruit	-0.0766	0.1244	4	152	370	7	2013.2
fuel	0.6604	-0.5095	2	138	368	5	2012.496479
function	-0.4463	-0.336	1	444	1564	19	2010.972155
functional groups	-0.9213	-0.6415	1	146	434	5	2013.383178
fungal	-0.2647	0.1162	3	943	8854	115	2013.112583
fungal biodiversity	-0.476	0.3304	1	215	586	9	2011.2
fungal biomass	-0.3277	-0.5178	1	214	634	8	2014.846154
fungal communities	-0.6151	-0.0165	1	812	7550	90	2015.044776
fungal community composition	-1.067	-0.4565	1	208	762	9	2015.578947
fungal community structure	-0.8784	-0.1655	1	189	484	5	2011.444444
fungal diversity	-0.1224	0.5238	3	666	3912	48	2013.923077
fungal ecology	-0.9141	-0.5789	1	200	640	7	2015.666667
fungal endophytes	-0.617	0.4127	4	299	1116	14	2012
fungal richness	-1.0784	-0.6332	1	201	724	8	2016.5
fungi	-0.1619	-0.0286	1	1171	26634	384	2011.838649
fungus	0.1689	0.0391	2	773	4354	78	2010.053763
fusarium	0.0366	0.4794	4	293	960	13	2013.666667
gel	0.0547	0.7179	3	202	592	7	2010.823529
gel electrophoresis	0.1408	0.6726	3	214	616	7	2011.217391
gen. nov.	-0.2608	0.6742	4	184	572	10	2013.75
genbank	-0.2894	0.7959	4	237	758	11	2013.138889
gene	0.2112	0.2366	4	757	5082	80	2014.058192
genera	0.1179	0.4144	3	922	8056	106	2012.72679
generation	0.6731	-0.4706	2	153	398	6	2012.050847
genetic	0.1495	0.1022	2	262	690	9	2010.444444
genetic diversity	-0.5038	0.2304	4	112	344	5	2011.011494
genetic variation	-0.2067	-0.2503	2	157	408	6	2008.104167
genome	0.2678	0.3013	4	222	772	15	2015.25641
genotypes	-0.336	0.2999	4	269	830	11	2011.280702
genus	-0.0145	0.2017	4	862	6410	110	2012.443439
geographic regions	0.2805	-0.2951	2	136	326	5	2011.323529
geographical distribution	-0.9046	0.1642	1	224	644	9	2010.97561
geomyces	0.6378	0.4516	3	492	2562	34	2009.057143
geomyces pannorum	0.5454	0.0203	3	229	730	12	2005.769231
germany	-0.2421	0.3743	4	201	522	8	2011.132743
germination	0.0011	-0.6327	2	215	632	9	2011.465116
glacial environments	0.6079	-0.067	2	156	414	6	2012.285714
glaciation	-1.2383	0.0834	1	150	416	5	2009.656667
glacier	0.4872	0.0409	2	505	2472	35	2012.551157
glacier ice	0.8118	-0.1811	2	131	372	5	2011.885196
glaciozyma	0.8497	0.157	2	307	1052	14	2016.071429
glaciozyma antarctica	1.0296	-0.1574	2	167	486	7	2015.857143
glomales	-1.2069	-0.318	1	104	284	5	2000.8
glomeromycota	-0.9446	0.4715	4	159	524	7	2015.111111
glomus	-1.0335	-0.4136	1	261	996	15	2003.933333
glucose	1.1252	-0.5376	2	259	1014	18	2010.846154
gradient	-0.975	-0.1984	1	502	2602	31	2011.354256
grass	-0.7136	-0.2417	1	284	978	15	2011.455782
greenhouse	-0.875	-0.6876	1	108	292	5	2012.619866
greenland	-0.7075	0.1018	1	295	930	17	2011.434214
group	-0.4417	0.2347	4	716	4206	66	2011.722362
growth	0.374	-0.3312	2	1030	9828	147	2011.406319
growth conditions	0.1859	-0.6257	2	209	528	7	2011.75
growth phase	1.0984	-0.7012	2	107	308	5	2010.176471
growth rate	0.4586	-0.6489	2	307	1112	20	2010.818356
growth response	-0.4667	-0.3167	1	191	488	6	2012.671053
growth temperature	0.8433	-0.3867	2	411	1782	25	2012.071429
guehomyces pullulans	1.3711	-0.333	2	111	322	6	2013
habitat	-0.2034	0.0764	1	967	8840	121	2012.561584
hair	-0.5409	-0.241	1	106	254	5	2007.388889
hand	0.2853	-0.3915	2	300	924	14	2010.96875
harsh environment	-0.8809	-0.0963	1	240	704	9	2013.466667
health	0.3817	0.022	2	200	514	7	2014.798851
heat	0.9098	-0.6233	2	87	264	5	2011.129975
heath	-1.0871	-0.5699	1	174	548	6	2012.868687
helotiales	-0.7804	0.2339	4	432	1908	26	2013.692308
hemisphere	-0.9307	0.4419	1	206	698	12	2010.968158
herb	-1.1122	-0.5994	1	177	524	7	2012.333333
herbarium	-0.7375	0.2788	1	206	560	9	2011.111111
heritage	-0.0583	0.7423	3	152	446	5	2012.125
high arctic	-0.7978	-0.1399	1	520	2820	38	2013.319239
high latitudes	-0.8643	-0.2131	1	261	866	12	2011.932029
high-throughput sequencing	-1.1144	-0.1627	1	210	612	7	2016.918367
hills	0.558	0.4493	3	195	564	8	2010.710843
himalaya	0.1915	0.19	2	193	506	7	2012.563107
historic huts	0.1057	0.8855	3	148	556	7	2005.25
history	-0.9134	-0.0674	1	236	658	10	2011.001969
host	-0.825	-0.099	1	752	5226	70	2013.124
host plants	-1.0015	-0.4931	1	463	2234	27	2010.789474
host range	-0.6415	0.2647	4	109	302	5	2011.230769
host species	-1.1244	0.1804	1	215	662	9	2012.352941
host specificity	-1.2244	-0.1019	1	246	846	10	2013.666667
humans	0.3534	0.3264	3	178	520	8	2012.412162
humidity	0.4315	0.1871	3	149	364	5	2011.561033
huts	0.1553	0.8296	3	178	742	9	2010.944444
hydrocarbons	0.7172	-0.346	2	123	328	5	2010.627692
hydrolase	1.2273	0.0327	2	166	528	7	2014.736842
hydrolysis	0.9111	-0.453	2	103	254	5	2009.490196
hydrolytic enzymes	1.156	0.1045	2	202	658	8	2013.181818
hymenoscyphus	-1.1302	-0.0339	1	142	332	5	2003.2
hyphal coils	-1.3613	-0.0711	1	110	310	5	2009.6
hyphomycetes	-0.0114	0.4184	4	170	486	11	2007.25
hypocreales	0.2558	0.6102	4	177	490	7	2015.25
hypothesis	-0.2377	-0.0872	1	337	1010	14	2011.082126
ice	0.6247	0.2194	2	436	2120	29	2011.721291
ice-free	0.1102	-0.1243	4	248	776	11	2013.322981
ice-free areas	0.3333	-0.0611	4	127	362	5	2013.169492
iceland	-0.8877	0.1337	1	186	526	7	2009.361905
identification	0.2346	0.2025	4	579	2718	43	2011.944837
identity	-0.47	0.3814	1	568	2410	28	2013.229508
impact	-0.3349	-0.3607	1	431	1422	18	2013.206627
implications	-0.2381	-0.4117	1	352	1078	14	2011.871583
incidence	0.076	0.1538	2	251	674	8	2011.204819
incubation	0.7471	-0.3439	2	291	854	14	2012.64375
index	0.1943	-0.3299	3	290	866	12	2011.380952
indices	0.5235	0.2853	3	395	1668	22	2012.102711
individuals	-0.8216	-0.308	1	149	420	7	2011.172646
industrial applications	1.0958	-0.1096	2	197	604	8	2015.375
industry	0.9788	-0.3364	2	195	540	8	2013.271676
infection	-0.3266	-0.1146	1	207	620	12	2011.615385
influence	-0.0842	-0.3233	1	521	2088	31	2011.779275
information	-0.5174	0.2125	1	401	1440	22	2011.767792
inhibition	0.3548	-0.196	2	198	540	8	2012.85
inoculation	-0.581	-0.4281	1	290	936	15	2009.571429
inoculum	-0.696	-0.6051	1	224	704	10	2010.631579
insects	0.0282	0.1415	4	194	534	8	2009.870588
insight	0.3035	0.0622	2	180	440	6	2012.936061
integrifolia	-1.3402	0.0847	1	134	378	5	2010.8
intensity	-0.5651	-0.3876	1	230	592	8	2011.663823
interactions	-0.4948	-0.3865	1	508	2106	28	2011.626733
internal transcribed spacer	-0.95	-0.0041	1	261	822	11	2012.941176
introduction	-0.014	0.8066	3	154	446	6	2010.370629
invertebrates	0.7069	0.3828	4	135	356	5	2011.049793
ion	0.7063	-0.6996	2	228	748	12	2012.411616
island	0.2531	0.2784	3	882	8524	126	2009.956692
isolate	0.4404	0.2415	3	994	12332	180	2011.588083
isolation	0.2266	0.3377	3	583	2758	38	2010.695946
italy	0.0665	0.5888	4	139	354	6	2009.814433
its rdna	-0.2538	0.547	4	221	608	8	2012.153846
its region	-0.4558	0.296	4	535	2540	34	2012.645833
its sequence	-0.5199	0.4576	4	440	1748	24	2011.967742
its1	-0.6931	-0.1297	1	308	1034	12	2015.136364
its2	-0.3746	0.0308	1	329	1132	14	2014.888889
japan	-0.5144	0.3123	4	335	1232	21	2010.171958
key	-0.9198	0.3426	1	306	1060	15	2013.075472
key species	-1.0867	0.3601	1	154	404	5	2011.934783
killer toxin	1.185	-0.152	2	78	276	6	2014
kinetics	0.6274	-0.7058	2	183	474	7	2012.178808
king	0.6127	0.6238	3	445	2486	30	2013.07113
king george island	0.683	0.6244	3	447	2620	31	2013.25641
knowledge	0.2413	0.0692	3	604	2980	41	2012.895394
kola	-0.6071	-0.3862	1	139	422	8	2009.870968
kola peninsula	-0.607	-0.3875	1	139	422	8	2009.907407
laboratory	0.0272	-0.0756	2	286	834	13	2010.526248
lake	0.4818	0.2535	3	466	1724	23	2012.017794
lake sediments	1.1936	0.374	3	146	400	5	2012.512658
land	-0.2703	0.2991	4	467	2032	32	2012.42268
large-scale	-0.4723	-0.0943	1	237	626	7	2011.165527
larvae	-0.0333	0.3666	4	117	296	5	2007.544262
latitude	-1.0494	-0.3104	1	324	1234	14	2011.054819
latitudinal gradient	-1.074	0.0794	1	253	798	9	2012.966942
latitudinal transect	-1.2934	-0.0971	1	128	378	5	2012.088235
layer	-0.1222	-0.1278	2	338	1040	16	2010.321275
leaf	-0.3373	0.1799	4	298	842	11	2012.706667
leaves	-0.447	0.2072	4	408	1466	20	2010.861789
lecanicillium	0.6845	-0.0162	2	276	916	12	2013.083333
lecanicillium muscarium	0.7287	-0.1337	2	159	478	7	2012.857143
length	-0.4735	-0.1898	1	410	1654	25	2010.5328
leotiomycetes	-0.2669	0.4802	4	251	718	9	2015.4
leucosporidium	1.0017	0.0975	2	345	1402	18	2013.842105
levels	0.5656	-0.333	2	593	2720	41	2011.25209
lichenicolous fungi	-0.1814	0.5682	4	94	244	5	2010.4
lichens	-0.2356	0.2037	4	496	2018	30	2010.846457
life	0.0348	-0.0361	4	576	2456	33	2011.876747
life cycle	-0.3264	0.728	4	177	474	6	2011.540698
light	0.0902	-0.2108	2	358	1112	16	2011.753582
limit	-0.0653	-0.3766	1	221	596	9	2010.544865
limitations	-0.782	-0.3879	1	260	848	11	2012.614846
line	0.5741	0.1378	3	140	392	7	2011.363128
lineages	-0.5442	0.3133	4	411	1656	25	2013.392045
lipase	1.214	0.184	2	332	1592	21	2013.636364
lipids	0.9085	-0.4325	2	328	1298	19	2011.738351
list	-0.7389	0.1521	1	111	264	7	2011.824176
literature	-0.1546	-0.2942	1	161	448	7	2011.726524
litter	-0.4986	0.3074	4	193	482	5	2013.5
liverwort	-1.1251	0.2252	1	171	598	9	2006.285714
living	-0.1362	0.1588	4	295	794	10	2011.447853
livingston island	1.3048	-0.5192	2	183	700	11	2012
location	-0.6584	0.3392	3	333	1082	12	2010.881081
long-term	-0.2851	-0.6094	1	292	906	12	2012.366366
loss	0.0981	-0.2502	2	312	910	13	2013.251087
low temperature adaptation	0.8326	-0.7799	2	120	382	6	2011.545455
low temperatures	0.8266	-0.2926	2	731	5084	71	2011.076759
low water activity	0.6656	0.0809	2	139	414	5	2009.125
lsu	-0.2788	0.7147	4	325	1356	21	2013.8
macquarie	0.1845	-0.5285	2	108	288	6	2008.395604
macquarie island	0.1858	-0.5293	2	108	288	6	2008.416667
macroalgae	0.6747	0.7329	3	163	528	7	2010.678571
magnitude	-0.8387	-0.3128	1	185	482	5	2011.364091
maintenance	0.1559	-0.3869	2	143	346	5	2010.394191
marine	0.4809	0.5155	3	603	3534	52	2012.020366
marine environment	0.2213	0.7338	3	178	514	7	2012.287625
marine fungi	0.3444	0.6024	3	338	1416	23	2012.178571
marine fungus	0.2662	0.6786	4	91	238	5	2012.2
marine habitats	0.0791	0.6952	4	177	470	5	2013.294118
marine sediments	0.7873	0.346	3	256	946	14	2011.473418
marine sponges	0.5038	0.7412	4	197	652	9	2014.785714
marine yeasts	1.0373	0.0542	2	154	428	7	2012.714286
maritime	-0.2668	0.5215	3	453	2188	30	2011.981865
maritime antarctic	-0.3735	0.521	3	309	1188	17	2010.549618
maritime antarctica	-0.0211	0.6293	3	319	1172	15	2014.090909
markers	0.6178	-0.0448	2	191	548	9	2013.021898
mass	0.8556	-0.4226	2	373	1466	25	2010.941993
mass spectrometry	0.9787	-0.1972	2	185	610	11	2012.604502
mat	0.5838	0.5461	3	137	398	6	2010.666667
materials	0.1981	0.6846	3	381	1618	20	2011.458333
mats	0.4348	0.655	3	104	256	5	2011.689441
maximum	1.0557	-0.4159	2	152	430	8	2010.287843
mb	0.2974	0.6745	4	177	542	8	2007.104478
mcmurdo	0.014	0.3445	4	169	458	6	2012.070652
mcmurdo dry	-0.0809	0.2005	4	165	460	6	2012.629213
mcmurdo dry valleys	-0.0804	0.2025	4	165	460	6	2012.629213
meadow	-1.0986	-0.3807	1	142	410	6	2013.697674
mechanisms	0.2985	-0.3473	2	397	1334	18	2011.610479
media	0.461	0.3706	3	609	3098	42	2012.027933
medicine	0.9458	0.2224	3	154	422	6	2014
mediterranean	-0.7699	0.2143	4	175	436	5	2009.594488
melanin	0.5193	0.1751	3	163	396	5	2012
meltwater	0.3972	0.3646	2	153	426	6	2012.781925
membrane	1.1371	-0.3095	2	269	1032	14	2012.060241
membrane fluidity	1.2619	-0.1846	2	176	530	6	2013.3
mesophilic	1.1479	-0.2142	2	154	432	6	2014.888889
metabarcoding	-0.9433	-0.2017	1	276	1012	12	2016.8
metabolism	0.9818	-0.4726	2	281	960	14	2013.696486
metabolites	0.8695	-0.1637	2	574	3400	54	2014.232
metals	0.5671	-0.411	2	148	382	6	2012.223108
method	-0.0263	0.1036	3	798	5182	76	2012.144788
mg	0.4898	-0.3944	2	156	378	7	2010.971279
microbes	0.2877	0.0926	3	437	1646	21	2014.433213
microbial	0.1747	-0.2714	3	309	932	12	2014.133333
microbial communities	-0.2584	-0.2358	1	422	1698	22	2014.731973
microbial diversity	0.1685	0.4873	3	196	544	7	2015.01676
microbiome	0.2981	0.6201	3	163	400	5	2017.011236
microbiota	0.5909	0.1918	3	324	1240	15	2014.975
microcolonial fungi	-0.1414	0.5548	4	149	426	6	2012.666667
microfungi	0.1039	0.3656	3	339	1264	22	2006.304348
microhabitats	-0.8899	0.0307	1	244	698	9	2010.595745
micromycetes	0.0621	-0.3345	1	242	852	14	2008.142857
microorganisms	0.6654	0.0667	3	703	4168	53	2013.878151
microscopic fungi	0.405	-0.3963	2	196	622	11	2012.5
microscopy	-0.0632	0.2208	4	262	712	10	2012.438017
migration	-0.426	-0.5409	1	128	304	5	2011.023474
milk	1.2763	-0.0805	2	129	372	6	2012.5
mineralization	0.5004	-0.3641	2	178	444	5	2012.943299
mitogenome	-0.0821	0.6478	4	64	222	6	2017.25
mode	0.0039	-0.3391	2	149	346	5	2010.915266
model	0.2468	-0.3239	2	534	2342	33	2011.651901
moisture	-0.546	-0.0069	1	258	782	9	2012.602086
molecular	-0.2486	0.4195	4	476	1888	27	2012.319372
molecular analysis	0.0477	0.4775	4	231	588	7	2012.85
molecular characterization	0.7891	0.1945	2	183	516	7	2014.041667
molecular data	-0.8773	0.4925	4	135	350	5	2014.727273
molecular identification	0.5304	0.6725	3	125	300	5	2012.25
molecular methods	0.2971	0.4638	3	247	766	12	2013.15
molecular systematics	-0.9005	0.3073	1	154	440	5	2014.25
molecular techniques	-0.4702	-0.1505	1	144	362	5	2012.962963
molecular weight	1.0397	-0.3203	2	194	610	11	2011.919355
molecules	0.8994	0.2161	3	293	1070	13	2011.769231
monitoring	-0.2324	0.3161	3	173	456	6	2012.828676
montana	-0.8513	0.1172	1	126	334	6	2008.304348
morphological characteristics	0.3208	0.5869	3	311	1004	14	2011.261905
morphology	-0.3589	0.2872	4	618	2956	43	2011.797508
morphotypes	-0.5643	-0.2348	1	316	1028	13	2012.180328
mortierella	0.5156	0.3159	3	407	1800	24	2010.76
moss	-0.1136	0.2922	4	555	2796	44	2010.479651
moulds	0.2997	-0.0718	2	123	314	5	2004.666667
mountains	-0.8345	0.0481	1	493	2168	31	2011.617276
mrakia	1.0077	6e-04	2	413	2084	32	2013.411765
mrakia blollopis	1.0909	-0.1616	2	131	410	7	2014.428571
ms	0.3104	0.1114	2	127	306	5	2012.072727
mycelia	0.2697	-0.0483	3	342	1182	19	2009.238095
mycelial fungi	0.3222	-0.4261	2	136	432	8	2014.875
mycobionts	-0.9819	0.0302	1	156	386	5	2014
mycobiota	0.0021	0.1545	3	303	1134	19	2013.631579
mycoflora	-0.6848	0.1307	1	116	286	7	2000.142857
mycology	0.5831	0.3172	2	195	554	7	2013.75
mycorrhiza	-1.1092	-0.3621	1	507	3120	44	2006.791667
mycorrhizal	-1.0534	-0.4217	1	647	5218	75	2008.45
mycorrhizal colonization	-0.9434	-0.552	1	211	678	10	2001.7
mycorrhizal fungi	-1.057	-0.4174	1	457	2276	31	2008.257143
mycorrhizal fungus	-1.1308	-0.47	1	105	282	5	2000.6
mycorrhizal plants	-0.7374	-0.697	1	134	350	6	2003
mycorrhizal symbiosis	-1.1256	-0.5431	1	188	622	8	2006.25
mycosporines	1.2045	0.1446	2	125	348	5	2015
nacl	1.1018	0.0723	2	242	856	12	2012.09375
names	-0.5624	0.3455	4	150	374	8	2011.666667
national	-0.2949	0.1789	1	227	596	9	2010.195652
nature	0.0233	-0.3308	2	332	994	16	2010.788145
network	-0.8982	-0.2	1	260	708	8	2012.964962
new combination	-0.5453	0.6793	4	132	346	7	2011.8
new genus	-0.3542	0.6394	4	161	480	8	2013.542857
new records	-0.1714	0.4753	1	156	420	9	2010.707692
new species	-0.1633	0.6205	4	526	2750	47	2011.213873
new taxa	-0.5665	0.5591	4	233	658	10	2013.105263
niche	-0.4437	0.0388	1	377	1324	17	2014.209184
nitrogen	-0.0821	-0.6264	2	392	1514	22	2012.807923
nitrogen source	0.6163	-0.4806	2	151	398	6	2011.107143
nmr	0.9864	0.2904	3	200	700	12	2012.099099
nmr spectroscopy	1.0658	0.223	3	118	302	5	2013.148936
north	-0.9396	0.0205	1	354	1286	18	2010.374238
north america	-1.1195	0.3084	1	159	490	8	2011.532207
northern	-0.8465	0.3237	1	308	998	14	2011.106605
northern hemisphere	-1.038	0.3591	1	178	572	9	2010.714878
norway	-0.4787	0.1222	1	295	994	17	2011.264414
nothofagaceae	-0.8776	0.3097	1	113	332	5	2016.2
nothofagus	-0.8174	0.0396	1	181	586	9	2013.272727
novel	-0.1138	0.4675	4	273	902	15	2013.967568
novel species	0.1436	0.5959	4	342	1488	23	2013.365854
nucleotide sequences	0.6857	0.4883	4	191	546	8	2013.16
nunavut	-0.5096	0.3661	4	130	342	6	2013.447514
nutrient availability	0.0087	-0.432	1	290	1034	11	2013.783582
nutrient uptake	-0.4312	-0.3172	1	150	378	5	2013.2
nutrients	-0.1183	-0.3951	1	504	2066	26	2011.870968
ny-alesund	-0.0829	0.168	4	242	766	11	2011.961538
objective	-0.0876	-0.2745	3	173	446	6	2011.917647
observations	-0.2018	-0.2731	1	477	1810	28	2011.448164
occurrence	-0.0708	0.0909	1	662	3300	47	2011.803551
ocean	0.1743	0.4356	3	334	1108	13	2010.965167
oil	-0.0545	-0.534	1	289	862	13	2011.484241
oomycetes	0.2752	-0.2334	2	110	292	5	2012.5
optimal growth	0.9065	-0.3184	2	183	516	7	2010.411765
optimal temperature	1.0357	-0.5565	2	181	644	9	2011.722222
optimization	0.6012	-0.5583	2	139	364	6	2013.389313
optimum	0.5865	0.0358	2	176	430	6	2011.211009
order	0.0625	-0.0129	4	656	2956	44	2010.598046
ordination	-1.31	-0.1952	1	145	430	5	2011.275362
organic material	0.2067	0.7418	3	289	1054	13	2010.225
organic matter	0.0504	0.1971	3	328	1072	11	2012.485771
organisms	0.3731	0.1031	3	593	2634	34	2012.67134
origin	-0.021	-0.0123	4	400	1426	22	2010.187679
otus	-1.0462	-0.0235	1	498	2964	34	2015.528205
oxidative stress	1.0576	-0.5725	2	173	764	10	2013.083333
oxygen	0.8242	-0.3773	2	242	722	10	2009.83871
parameters	-0.2059	-0.4486	1	391	1402	18	2010.962104
parasites	-0.3402	0.5381	3	254	718	10	2012.636364
part	-0.401	0.1186	1	493	1776	26	2010.410034
patagonia	-0.0695	0.4247	1	216	688	10	2012.485294
patagonia argentina	-0.3003	0.3778	1	158	460	7	2012.1875
patagonian	-0.7165	0.4757	1	120	324	5	2013.240506
pathogenic	0.2962	-0.0386	3	265	850	12	2015.230769
pathogenic fungi	-0.4641	-0.3581	1	254	716	10	2011
pathogenicity	-0.2161	0.3848	4	243	716	10	2014
pathogens	-0.1948	0.0178	4	490	2154	31	2014.164835
pathways	0.425	-0.5351	2	137	326	5	2013.213274
patterns	-0.6284	-0.33	1	667	3868	49	2011.236066
pcr	-0.4175	0.0319	1	288	926	15	2012.768293
peat	-0.3174	0.0563	1	175	420	7	2013.503205
pectinase	1.2071	0.1773	2	138	390	5	2014
penguins	0.2709	0.7852	3	163	436	6	2011.289157
penicillium	0.5924	0.0922	3	782	6958	105	2011.365385
penicillium antarcticum	0.5492	0.5273	4	98	240	5	2011.6
penicillium chrysogenum	0.5373	0.6992	3	162	578	7	2017.5
penicillium sp	0.9789	0.1363	3	207	670	9	2011.555556
peninsula	0.0238	0.3747	3	610	3348	45	2011.596904
performance	0.1505	-0.7044	2	284	874	12	2013.489921
period	-0.0904	-0.3039	1	358	1174	17	2011.210316
permafrost	0.2744	-0.4549	2	438	1818	35	2012.799678
permafrost deposits	0.8775	-0.7273	2	60	234	6	2014.566667
permafrost sediments	0.6039	-0.6133	2	114	314	6	2011.151515
permafrost soils	0.3375	-0.2734	2	152	378	6	2014.196203
ph	0.543	-0.2105	2	579	2780	44	2013.361345
phase	0.9982	-0.6677	2	231	934	15	2011.300144
phase growth	1.0826	-0.6704	2	120	318	5	2013.1
phenotype	0.2741	-0.2227	2	114	288	5	2014.2
phenotypic	0.0874	-0.3975	2	182	532	8	2013.529412
phialocephala fortinii	-0.9008	-0.2584	1	191	552	8	2006.5
phoma	0.345	0.2268	3	417	1664	25	2008.8
phoma herbarum	0.2339	-0.1974	3	182	510	7	2010
phosphatase	0.7614	-0.0131	2	249	864	12	2012
phosphate	0.3227	-0.5858	2	114	286	5	2010.048128
phosphatidylcholine	1.0971	-0.7407	2	89	284	5	2004.5
phosphatidylethanolamine	1.2076	-0.7478	2	76	288	5	2010.333333
phospholipids	1.1109	-0.7738	2	131	518	9	2008.454545
phosphorus	-0.8105	-0.6045	1	204	592	9	2012.723926
phyla	-0.2921	0.2846	4	296	932	11	2015.469512
phylogenetic	-0.1448	0.6353	4	396	1450	23	2012.713235
phylogenetic analyses	-0.4918	0.5018	4	214	586	9	2012.447368
phylogenetic analysis	-0.2737	0.4038	4	256	760	12	2012.784615
phylogenetic studies	-0.4103	0.4179	4	172	426	7	2014.294118
phylogenetic tree	0.1574	0.4137	4	157	524	10	2014
phylogeny	-0.1587	0.5592	4	498	2236	33	2012.637037
physiological adaptations	0.8719	-0.2959	2	153	382	5	2012.409091
physiological characteristics	0.383	0.4238	4	150	448	7	2010.055556
physiology	-0.0598	-0.0381	2	212	572	8	2013.727273
picea	-0.8895	0.233	1	254	752	9	2012.274725
pigments	0.8553	0.1375	2	223	674	10	2012.420814
pinus	-0.7245	0.3772	4	237	704	9	2012.675676
place	0.005	-0.0607	3	334	986	12	2009.958042
planet	-0.439	0.5307	4	174	488	6	2012.158537
plant	-0.6831	-0.2658	1	998	12382	173	2012.538334
plant communities	-1.1256	-0.3532	1	327	1354	18	2013.503125
plant growth	-0.8179	-0.7388	1	219	754	10	2013.3125
plant nutrient	-1.0087	-0.7658	1	154	456	5	2008.444444
plant pathogens	-0.4538	-0.1807	1	166	420	6	2015.916667
plant species	-1.1394	-0.3494	1	533	3138	40	2013.049822
plate	0.8883	0.2407	3	267	942	13	2010.542683
plateau	-0.6158	-0.0301	1	183	476	6	2012.169659
poaceae	-0.7651	0.4653	4	162	424	6	2011.285714
polar	-0.0694	0.4696	3	395	1366	16	2011.082686
polar ecosystems	-0.672	0.0969	1	188	470	5	2014.410256
polar environments	0.1517	0.4102	2	233	702	9	2013.657534
polar regions	0.2594	-0.0509	2	403	1366	19	2011.606775
polaris	-1.1909	-0.3309	1	209	636	8	2011.535714
pole	-0.1075	0.4511	3	241	688	9	2010.226221
pollution	-0.5725	-0.4389	1	169	510	7	2012.161202
polyketide	0.8388	-0.2897	2	92	270	6	2016.111111
polymer	1.2319	-0.6978	2	84	296	6	2013.786667
polymorphism	-0.0877	-0.2295	2	173	480	7	2011.742574
polysaccharides	0.9665	-0.4322	2	238	738	12	2011.531915
population	-0.2586	-0.0312	1	469	1878	29	2011.362024
position	-0.0942	0.3358	4	313	1068	17	2010.689373
potential	0.5506	-0.1255	2	668	3462	48	2012.784435
precipitation	-0.3159	-0.668	1	191	522	6	2012.247478
preference	-0.3561	0.1774	4	287	884	12	2012.214286
present	0.1418	0.5562	3	379	1472	17	2011.176606
preservation	-0.397	0.1428	1	189	484	7	2011.649533
pressure	0.6178	-0.0384	3	221	612	7	2010.477108
prevalence	0.171	0.139	2	134	308	5	2013.013245
primary succession	-0.857	-0.3685	1	155	422	6	2013.529412
primers	-0.5923	0.4466	4	293	1050	14	2012.84
principal components	0.2631	-0.5652	2	116	314	5	2010.402597
pristine	0.8896	0.3926	3	239	714	7	2013.857143
processes	0.4825	-0.2826	2	573	2360	35	2011.967406
production	0.9293	-0.2208	2	768	6212	96	2011.637878
productivity	-0.0672	-0.4416	1	267	754	10	2012.484007
profiles	0.4242	-0.2927	2	537	2344	36	2010.526606
progress	-0.5139	-0.1867	1	167	424	6	2012.411765
project	-0.1457	-0.1854	1	194	500	7	2012.453668
proliferation	0.6287	0.1449	3	109	264	5	2012.868421
propagules	-0.4527	0.0094	1	215	572	8	2008.666667
properties	0.5189	-0.3379	2	607	2782	39	2011.071907
proportion	-0.6998	-0.4283	1	460	1814	23	2011.055556
protease	1.1804	0.1936	2	358	1634	21	2013.709677
protection	0.3409	-0.4005	2	166	410	6	2013.352941
protein	0.9548	-0.2706	2	489	2384	36	2012.85274
protoplasts	0.9381	-0.1293	2	110	308	5	2012.222222
pseudogymnoascus	0.598	0.487	3	461	2160	26	2017.12
pseudogymnoascus pannorum	0.382	0.5426	3	167	450	5	2017
pseudomonas	0.875	0.3825	3	204	572	7	2013.961905
psychrophila	0.7315	-0.087	2	167	482	8	2010.153846
psychrophilic	0.7986	-0.1101	2	538	2670	40	2012.121495
psychrophilic fungi	0.7866	0.1483	2	163	448	6	2015.333333
psychrophilic yeasts	1.0136	-0.1335	2	381	1936	31	2013.235294
psychrotolerant	0.9922	-0.104	2	468	2002	28	2013.020833
psychrotolerant yeast	1.2875	-0.079	2	253	1040	16	2013.8125
psychrotroph	0.6267	0.0454	2	265	858	11	2010
psychrotrophic fungi	1.0231	0.2402	2	204	636	7	2016
purification	1.1694	-0.2026	2	198	642	10	2013.851852
pyrosequencing	-0.9675	0.2115	1	142	402	6	2013.912698
pythium	-0.129	-0.1488	2	146	456	10	2011
radiation	1.014	0.0084	2	287	1086	14	2011.331925
random	0.1783	-0.1822	2	122	304	5	2011.403974
range	0.3135	-0.1552	2	808	4904	69	2011.410547
ranunculus	-1.3032	-0.5376	1	124	362	6	2007.454545
rates	0.2589	-0.4881	2	456	1778	26	2011.494306
ratio	-0.1046	-0.566	1	321	944	13	2010.925387
rdna	-0.0695	0.5043	4	669	4064	57	2012.367232
rdna its	-0.5589	0.4394	4	215	586	8	2011.545455
rdna sequences	0.3796	0.3752	4	167	562	8	2011.404762
rdna sequencing	0.7415	0.4503	2	94	288	5	2007.333333
reaction	0.5692	-0.2623	2	265	764	10	2010.924119
reason	0.0649	0.0094	4	156	396	5	2011.71371
recent	-0.5536	-0.0941	1	166	424	6	2011.804991
record	-0.0841	0.6371	4	186	512	8	2011.508365
recovery	0.3696	-0.1548	2	289	796	12	2012.7654
recycling	0.4091	0.2627	3	194	458	5	2011.354839
reduction	0.1909	-0.664	2	250	780	11	2012.202875
regime	0.0999	-0.6782	1	144	342	6	2010.768478
region	-0.059	0.1508	4	1113	14470	207	2011.608772
regulation	0.7745	-0.5935	2	122	302	5	2011.631579
relationship	-0.3316	-0.1711	1	672	3392	47	2011.52721
relative abundance	-0.4339	-0.712	1	182	502	6	2013.82
relatives	-0.1176	0.5531	4	179	508	8	2012.682927
reproduction	-0.2137	-0.1817	4	258	738	9	2010.931818
requirements	-0.0966	-0.5798	2	162	384	5	2011.322368
research	-0.0793	0.012	3	706	3436	47	2012.25614
reserves	0.4205	-0.4481	2	128	332	6	2012.715328
residues	0.1219	-0.3715	2	124	292	5	2009.701681
resistance	0.2123	-0.0864	2	336	1122	17	2013.068966
resonance	1.1933	0.2608	3	175	462	5	2012.957447
resources	0.0506	-0.0558	3	421	1470	20	2013.251701
response	0.3354	-0.5584	2	643	3444	46	2012.161066
rest	0.1757	0.0195	2	178	432	5	2011.1893
rh	0.8666	0.2833	2	155	374	5	2013.216216
rhizoids	-1.2126	0.0413	1	135	402	7	2004.888889
rhizoscyphus	-1.1615	0.1134	1	156	438	6	2010.5
rhizosphere	-0.3874	-0.3585	1	220	646	10	2011.458333
rhodosporidium	0.8997	-0.1179	2	199	582	9	2009.222222
rhodotorula	1.0206	0.0622	2	583	4046	56	2013.098361
rhodotorula mucilaginosa	0.9734	0.0866	2	401	1710	21	2014.52381
ribosomal dna	-1.1506	0.0601	1	177	532	8	2011.052632
richness	-0.6554	-0.1214	1	655	4406	49	2013.813953
river	-0.1351	0.232	4	258	682	11	2011.920886
rna	-0.3886	0.3216	4	401	1480	23	2012.641379
rna polymerase	-0.3796	0.5187	4	145	360	6	2016.714286
rock-inhabiting fungi	-0.2246	0.5722	4	115	332	6	2013.166667
rocks	-0.195	0.4153	4	396	1576	23	2010.835085
rocky	-1.1326	0.1879	1	225	780	11	2009.866667
rocky mountains	-1.2345	0.0441	1	147	396	6	2009.137931
role	0.0069	-0.2526	1	811	4772	65	2012.568357
root	-0.9949	-0.3754	1	709	6280	86	2012.083538
root endophytes	-1.1036	-0.2879	1	204	702	10	2008.818182
root length	-0.6538	-0.7361	1	145	402	6	2013.8
root systems	-1.205	-0.4881	1	229	786	9	2011.333333
root tips	-1.1257	-0.3701	1	277	994	11	2011.818182
ross	0.1386	0.8371	3	247	1158	15	2011.009202
ross island	0.1239	0.9644	3	180	726	9	2009.922078
ross sea	0.1246	0.7359	3	168	554	7	2010.810256
rot	-0.2058	0.5729	3	263	918	12	2008.473684
rpb2	-0.7893	0.5701	4	124	330	5	2015.8
rrna	0.0333	0.5394	4	485	2138	31	2013.889558
russia	-0.3505	0.0225	1	343	1230	20	2012.192015
russian	-0.433	-0.2366	1	86	218	7	2010.807018
russian arctic	-0.5855	-0.202	1	25	80	6	2011.16
russula	-0.9947	0.1209	1	222	672	10	2011.2
saccharomyces cerevisiae	0.8654	-0.5805	2	238	872	14	2011.214286
salinity	0.394	0.1343	2	279	918	13	2009.248247
salix	-1.2306	-0.1981	1	429	2228	29	2013.282609
salix herbacea	-1.1895	-0.29	1	149	380	5	2011.444444
salix polaris	-1.1919	-0.3292	1	209	636	8	2013.391304
salt	0.8883	-0.0619	2	281	958	14	2008.72546
sample	0.2117	0.0857	4	293	888	15	2011.599617
sampling	-0.671	0.5421	1	304	920	11	2012.100775
sand	-0.4108	-0.4785	1	167	448	7	2010.211726
sanionia	-0.5997	0.6167	4	148	480	6	2013.642857
sanionia uncinata	-0.5983	0.6182	4	148	480	6	2013.307692
saprotrophic fungi	-0.7297	-0.4896	1	156	408	5	2016.142857
saprotrophs	-0.6482	0.0466	1	216	558	7	2014.818182
saxifraga	-1.2076	-0.275	1	150	438	7	2011.1875
scale	-0.9405	-0.3284	1	361	1446	16	2011.804989
scanning electron microscopy	0.3698	0.4402	4	144	382	5	2010.7
science	-0.0102	0.6516	3	145	376	6	2005.441336
sclerotia	-0.4022	-0.4247	1	162	444	7	2008.428571
scopulariopsis	0.4217	0.4194	3	141	370	5	2011.6
screening	1.071	0.2179	2	339	1492	21	2013.2
sea	0.3428	0.2376	3	675	3818	55	2010.929745
sea ice	0.327	0.1426	2	191	594	8	2012.341204
sea water	0.4479	-0.0344	2	166	436	6	2008.442735
seabirds	-0.3701	0.5316	4	95	232	5	2010.981707
search	0.6928	-0.2708	2	136	312	5	2011.96
season	-0.1044	-0.1529	1	326	998	13	2012.178114
seawater	0.4178	0.3636	2	307	1008	13	2011.626116
secondary metabolites	0.7858	-0.2423	2	447	2232	37	2013.616667
secretion	1.2664	-0.0805	2	168	530	6	2013.928571
sediments	0.6817	0.1633	3	644	3946	59	2011.206075
seed	-0.533	-0.5342	1	223	676	10	2011.58
seedlings	-0.7656	-0.5473	1	276	976	14	2011.917647
segments	-0.6781	0.4616	4	148	380	5	2010.556701
selection	-0.0825	-0.2961	2	304	948	14	2012.335938
selective media	0.6014	0.6841	3	128	376	5	2011.666667
separation	0.0403	0.1102	3	195	484	7	2009.887195
septate endophyte	-1.023	-0.1605	1	200	604	8	2008.875
sequence	-0.1491	0.3973	4	939	9724	145	2012.290017
sequence analysis	0.0335	0.6127	4	243	694	9	2011.648148
sequencing	-0.4436	0.0745	1	589	2814	39	2015.158311
severity	-1.021	-0.6445	1	146	424	5	2012.643617
shetland	0.1194	0.7379	3	284	1114	15	2012.25
shetland islands	0.1461	0.7113	3	237	822	10	2012.868613
shift	-0.8094	-0.4855	1	374	1590	19	2012.333333
shock	1.0992	-0.6225	2	109	344	6	2011.131579
shoot	-0.8688	-0.732	1	194	668	9	2012.109091
shore	0.5397	0.5385	3	106	282	6	2010.122222
shrub	-1.0503	-0.508	1	366	1556	18	2013.638182
significance	-0.2544	-0.1331	1	317	952	15	2011.019928
signy island	0.1895	0.2367	3	90	232	5	2006.777778
similarity	-0.1704	0.0166	1	549	2542	37	2011.516971
sites	-0.5845	0.0038	1	882	7300	97	2011.507274
size	-0.2282	0.0932	4	448	1630	21	2010.965923
small subunit	-0.7595	-0.1096	1	169	456	7	2011.226415
snow	-0.2506	-0.1925	1	350	1276	17	2012.043528
society	-0.1966	0.1031	1	636	2922	43	2010.520354
soft rot	-0.2359	0.7045	3	217	744	8	2010.5
soil	-0.1219	-0.1331	1	1134	16560	234	2012.887856
soil c	-0.7503	-0.678	1	153	446	5	2013.963303
soil carbon	-0.8803	-0.2869	1	171	440	5	2014.460993
soil communities	-0.5451	-0.4756	1	329	1176	15	2014.835714
soil conditions	-0.5372	-0.1083	1	202	554	7	2014.0625
soil fungal communities	-0.7104	-0.1848	1	186	570	7	2015.75
soil fungi	-0.0557	0.037	4	485	2078	25	2013.25
soil microbial communities	-0.4072	-0.5246	1	194	552	7	2014.5
soil microbiota	0.8365	0.1548	3	167	506	6	2014.636364
soil micromycetes	-0.1538	-0.6441	1	91	300	6	1998.666667
soil moisture	-0.6662	-0.3237	1	157	418	5	2013.428315
soil ph	-0.8496	-0.0701	1	197	512	6	2013.036585
soil temperature	-0.7982	-0.7592	1	131	326	5	2013.124498
solar radiation	1.2977	0.1878	2	148	508	5	2011.997753
sordariomycetes	-0.4818	0.5069	4	194	562	8	2013.25
source	0.618	-0.1019	2	806	5392	74	2011.544715
south	-0.2281	0.6714	3	509	2488	35	2009.816077
south america	-0.562	0.541	1	154	436	6	2010.900662
south shetland	0.1547	0.7286	3	266	1008	13	2012.612903
south shetland islands	0.1487	0.7106	3	237	822	10	2012.921429
southern	-0.6855	0.4736	1	251	752	11	2011.247603
southern hemisphere	-0.7763	0.6177	1	104	264	5	2010.882466
sp nov.	-0.1446	0.6389	4	447	2642	48	2011.009804
spain	-0.3832	0.6058	4	148	434	6	2011.4375
species	-0.2492	0.1088	1	1174	27356	424	2011.629341
species composition	-0.6843	-0.3449	1	286	926	12	2011.337662
species distribution	-1.0975	0.1855	1	293	1066	12	2013.282486
species diversity	-0.1152	-0.0408	1	461	1820	25	2011.076923
species identification	0.1852	-0.1966	2	188	534	9	2012.884615
species richness	-0.8434	-0.0306	1	403	1556	15	2013.089796
species-specific	-0.8328	-0.3749	1	132	370	5	2014.052632
specific growth	0.8441	-0.7788	2	122	364	6	2010.724138
specificity	-0.9181	-0.1184	1	297	1078	14	2012.857143
specimens	-0.7056	0.2364	1	346	1202	20	2012.251232
spectra	0.7882	-0.4967	2	108	312	6	2010.240566
spectrometry	0.9736	-0.2225	2	179	572	10	2012.332298
spectroscopy	1.045	0.1333	3	211	636	10	2012.548387
spitsbergen	-0.2864	-0.2835	1	255	714	10	2012.274752
sponges	0.6437	0.6483	4	241	852	12	2013.619048
spores	-0.4862	0.013	1	564	2580	38	2009.393258
sporulation	0.2847	0.1553	3	123	290	5	2012
spring	0.3661	-0.5846	2	212	558	8	2011.445356
spruce	-0.9964	-0.0707	1	153	498	6	2011.285714
ssu	-0.5766	0.5175	4	221	714	11	2012.5
stability	1.1817	-0.4794	2	184	620	10	2011.601934
stage	-0.4637	-0.384	1	312	972	13	2011.432692
standard	0.2994	0.5798	3	119	326	5	2011.405751
staphylococcus	0.9471	0.4562	3	144	406	6	2014.8125
starch	0.8659	0.3019	2	160	468	5	2012.25
state	-0.2115	0.0034	1	298	896	14	2012.176355
status	-0.8105	0.0093	1	363	1256	21	2011.737569
stem	-1.0168	0.0894	1	234	650	10	2012.710526
sterols	1.1873	-0.6663	2	115	362	6	2008.367647
storage	0.1464	-0.3775	3	227	616	8	2013.435429
strain	0.6897	-0.1244	2	983	12204	205	2011.527632
strategies	0.7106	-0.321	2	440	1818	26	2013.49449
stress	0.4327	-0.467	2	578	2890	39	2010.771906
stress response	1.0141	-0.7105	2	146	590	9	2013.833333
stress tolerance	-0.1109	-0.3595	1	297	856	10	2014.066667
structure	-0.2836	-0.0314	1	917	6354	90	2010.587788
sub-antarctic	0.5482	-0.247	2	285	998	15	2008.713396
sub-antarctic region	1.365	-0.1863	2	119	378	5	2012.1875
sub-zero temperatures	-0.1142	0.6832	4	130	468	7	2014.75
subglacial environment	0.7634	0.0125	2	122	338	5	2014.25641
subglacial ice	0.7595	0.0936	2	126	400	6	2011.913043
substrate	0.1871	0.127	3	667	3066	44	2012.694517
subzero	0.5861	-0.4098	2	156	400	5	2010.16129
subzero temperatures	0.6436	-0.4251	2	179	486	6	2010.4375
succession	-0.9403	-0.4362	1	292	1022	14	2012.128814
sucrose	1.4202	-0.7121	2	73	328	7	2007.75
sugars	1.0908	-0.2072	2	183	578	10	2011.542169
summer	0.4153	0.1754	3	391	1428	18	2011.747886
superoxide dismutase	1.2383	-0.3887	2	121	382	5	2014.818182
support	-0.2856	0.2567	4	255	724	12	2012.160714
surface	-0.0327	-0.0165	4	573	2330	35	2011.274886
survey	-0.419	0.1897	1	401	1364	21	2010.854962
survival	0.2523	-0.3212	2	451	1670	21	2011.249489
svalbard	-0.4465	-0.0965	1	612	3288	44	2012.982836
symbionts	-0.9457	-0.077	1	509	2444	29	2011.865672
symbioses	-1.0813	-0.273	1	213	608	7	2011.631579
symbiosis	-0.8239	-0.1268	1	420	1658	21	2012.023256
symbiotic fungi	-1.0601	-0.737	1	154	450	5	2014.2
symptoms	-0.3747	0.0126	1	155	388	6	2010.357143
synthesis	0.8387	-0.6275	2	251	928	19	2012.494924
system	-0.0355	-0.389	1	488	1684	24	2012.244703
systematics	-0.6417	0.5124	4	268	940	14	2010.729167
taxon	-0.5311	0.0564	1	289	854	13	2012.46
taxonomic	-0.0708	0.1626	1	255	672	9	2014.826087
taxonomic groups	-0.5119	0.1851	4	140	334	5	2013.491228
taxonomic position	0.0686	0.169	4	140	346	6	2011.357143
taxonomic status	-0.8048	0.4522	4	129	336	6	2010.933333
taxonomy	0.0687	0.5247	4	601	3502	54	2011.779141
techniques	0.0285	0.1855	3	537	2138	29	2010.995925
temperate	-0.2174	0.1351	3	444	1696	24	2011.666667
temperate regions	0.1465	-0.0347	3	233	630	8	2011.4875
temperature	0.6043	-0.2328	2	1035	13464	196	2011.477652
temperature adaptation	0.8224	-0.7477	2	139	440	7	2012.083333
terms	-0.2323	-0.2623	1	384	1256	18	2011.105954
terrestrial ecosystems	-0.7082	-0.0595	1	263	862	12	2013.432836
territories	-0.1315	-0.5488	1	168	422	7	2011.376997
tetracladium	0.1077	0.2424	4	227	706	8	2014.777778
tetragona	-1.4342	-0.3069	1	126	358	5	2013.714286
thelebolus	0.5146	0.4217	3	377	1572	20	2012.043478
thelebolus microsporus	0.4513	0.3652	4	211	670	10	2009
time	0.154	-0.1375	2	706	3556	58	2011.191579
tissue	-0.491	0.2587	4	451	1742	25	2011.777778
tolerance	0.5891	-0.3862	2	525	2230	30	2013.120192
tolypocladium	0.3321	0.6322	3	196	644	10	2012.6
toolik lake	-0.7847	-0.7685	1	144	494	5	2012.833333
tools	0.2313	-0.4017	2	267	814	12	2013.795322
total number	0.189	-0.2146	1	146	358	5	2011.292929
toxicity	0.9875	0.359	3	146	380	5	2014.530612
toxins	0.9734	-0.1742	2	107	364	8	2013.193548
traits	-0.3194	-0.4419	1	420	1508	20	2014.46
transect	-1.0674	0.0548	1	258	896	11	2011.199708
transfer	0.2935	-0.0225	4	211	656	12	2010.678679
transition	0.0082	-0.6371	1	152	376	6	2011.648928
treatment	-0.243	-0.5176	1	320	1014	14	2012.769355
tree species	-0.8981	-0.1311	1	232	668	8	2012.833333
treeline	-1.1093	-0.2589	1	200	644	8	2011.975
trees	-0.5008	0.154	4	528	2312	34	2012.336557
trehalose	0.8456	-0.5776	2	246	948	14	2008.4375
tremellales	-0.0589	0.8027	4	139	406	7	2011.571429
trends	-0.1798	-0.5143	1	379	1298	16	2012.269204
trichoderma	0.3625	0.1773	2	268	748	11	2011.833333
tropics	-0.3432	-0.2178	1	131	328	5	2010.699313
tundra	-0.7875	-0.382	1	594	3288	42	2013.196825
tundra soils	0.0316	-0.4836	1	171	396	6	2013.178218
types	-0.4397	-0.2066	1	581	2556	32	2011.720352
uptake	-0.5686	-0.4558	1	216	592	7	2012.895082
usa	-0.8875	0.2471	1	253	812	12	2010.335681
utilization	0.3481	-0.2412	2	149	348	5	2011.783251
uv	0.6114	-0.0996	2	232	672	10	2011.051948
vaccinium	-1.0938	-0.1672	1	279	904	12	2012.108696
valley	-0.1337	0.3855	4	333	1212	18	2011.024
values	0.4004	-0.2322	2	551	2158	33	2010.746562
var	-0.4816	0.1786	1	302	956	20	2009.431373
variability	-0.4784	-0.2721	1	438	1656	22	2011.545737
variations	-0.4267	-0.3235	1	607	3018	40	2010.901917
vascular	-0.9895	0.0092	1	255	856	12	2011.532787
vascular plants	-0.8517	-0.135	1	402	1628	23	2011.583643
vegetation	-0.8715	-0.5019	1	521	2848	34	2012.521246
verticillium	0.7574	0.0646	2	142	380	6	2006
vesicles	-1.2359	-0.3888	1	121	350	6	2006.875
viability	0.6864	-0.1754	2	232	654	10	2012.44
victoria	-0.0617	0.5209	4	282	1082	17	2009.108571
victoria land	-0.0361	0.5224	4	290	1118	18	2008.485075
viscosity	1.2459	-0.7003	2	85	266	5	2008.10119
walls	0.1544	0.3021	4	170	422	6	2010.364865
warming	-0.8956	-0.389	1	399	1656	18	2012.978577
water	0.3209	-0.0569	2	726	3836	55	2010.775054
water activity	0.6664	0.083	2	139	414	5	2009.086957
water samples	0.8893	0.4741	2	181	496	6	2012.208738
weight	0.6625	-0.4569	2	326	1172	21	2010.632353
wheat	0.7004	-0.3502	2	125	316	5	2012
white	0.4276	0.3743	3	183	562	8	2010.307692
white sea	0.3474	0.4749	3	173	548	8	2010
wildfire	-1.0551	-0.5702	1	141	450	5	2014.10177
willow	-0.9058	-0.4522	1	212	620	8	2011.921875
windmill islands	0.7147	0.3732	3	84	246	5	2002.5
wine	0.8024	-0.7688	2	98	312	5	2015.571429
winter	-0.1515	-0.3588	1	310	1112	15	2011.016141
wood	-0.0813	0.8087	3	379	1746	22	2010.985401
wood decay	-0.0907	0.7833	3	137	426	5	2011
woody	-0.407	0.0812	1	167	416	6	2013.412698
work	0.7323	0.1299	2	598	3126	43	2012.585814
world	0.1348	0.4572	3	406	1446	19	2011.293273
xylanase	1.1893	0.2437	2	174	558	8	2012.25
xylose	1.1621	-0.391	2	96	244	5	2009.090909
yeast	0.8417	-0.0863	2	904	10692	170	2012.221675
yeast diversity	0.4975	0.2706	2	142	362	6	2014
yield	0.9616	-0.6573	2	223	786	14	2011.766667
zone	-0.4959	0.1356	1	452	1876	28	2010.917256
zygomycota	-0.3051	0.6651	4	345	1390	16	2014.411765
