id	x	y	cluster	weight<Links>	weight<Total link strength>	weight<Keyword count>	score<Avg year>
20th century	0.1556	0.5512	3	842	7166	72	2011.125
500-hpa geopotential height	-0.3073	-0.6144	1	492	2684	24	2010.190476
acc	0.486	-0.3542	4	539	3252	31	2008.705882
acceleration	0.7671	-0.2188	2	338	1224	12	2012.217042
accumulation	-0.0769	0.9611	3	693	5066	50	2011.1675
accumulation rates	-0.0986	1.0219	3	306	1114	12	2010.201613
accuracy	0.0555	-0.1106	3	354	1254	14	2012.031588
activity	-0.3472	-0.4521	1	1106	16388	160	2011.741747
acw	-0.0545	-0.1757	4	494	3254	33	2006.901961
addition	-0.1432	-0.1184	1	1079	13158	129	2012.072879
adjustment	0.2266	-0.3106	4	419	1460	13	2011.543956
advance	0.2182	0.2038	4	753	4830	48	2012.223684
advection	0.3602	0.1908	4	928	10684	100	2010.324162
aerosol	0.8121	-0.0087	2	550	3424	34	2011.217627
africa	-0.7277	-0.1744	5	794	7320	63	2009.943515
agcm	0.1588	-1.0091	2	464	2292	23	2011.12381
age	-0.2952	0.9249	3	456	2088	19	2010.368729
agreement	0.6456	-0.1132	2	842	7168	69	2010.554303
agriculture	-0.876	0.2256	5	333	1218	12	2013.323232
air	-0.053	0.4939	3	1184	23910	218	2011.976061
air masses	-0.1481	0.9088	3	525	2558	22	2011.64881
air temperature	0.1079	0.5767	3	1064	15148	135	2012.218924
air-sea	0.1976	-0.7131	4	562	3168	29	2011.236364
air-sea interaction	-0.2116	-0.9058	1	577	3744	35	2011.566667
algorithm	-0.1776	0.5982	3	419	1758	17	2011.916828
america	-0.7718	2e-04	1	1005	13760	124	2011.440252
american	-0.7626	0.1277	3	595	3712	31	2010.565574
amplification	-0.2421	-0.4061	1	438	1816	15	2013.330357
amplitude	0.3163	-0.5201	2	861	7556	76	2010.372165
amundsen	0.4818	0.9468	4	872	10902	97	2012.553846
amundsen sea	0.3967	0.9729	3	785	8284	73	2013.842105
amundsen sea low	0.5058	1.0937	3	537	3862	35	2015.255814
analysis	-0.2282	0.0287	3	1273	56272	556	2011.656462
andes	-0.835	0.6515	5	551	3642	36	2012.5
annual	-0.1893	0.7321	3	533	2440	22	2010.264808
annual cycle	-0.0123	0.2906	3	604	3326	32	2009.189944
annual precipitation	-0.5505	0.7311	3	403	1568	15	2011.851852
annual temperature	-0.1289	0.6461	3	481	2012	16	2010.649254
annual variability	-0.5344	0.2465	5	398	1482	14	2012.096045
annular mode	-0.2846	0.1496	5	1262	60466	586	2012.262136
anomaly	-0.306	-0.2111	1	1276	61006	570	2010.997204
antarctic	0.4086	0.4288	4	1281	76278	784	2010.797819
antarctic circulation	0.1227	0.5972	3	362	1288	12	2010.045455
antarctic circumpolar current	0.6881	-0.1319	4	564	4162	39	2008.485816
antarctic circumpolar wave	0.2326	0.1225	4	675	6092	63	2004.565789
antarctic climate	0.5518	0.6863	3	701	6132	61	2012.244444
antarctic climate change	0.7787	0.9009	3	285	1080	13	2011.176471
antarctic continent	0.3721	0.7809	3	591	3392	30	2010.136364
antarctic dipole	0.0992	-0.508	4	314	1348	11	2006.307692
antarctic ice	0.514	0.8987	3	896	11448	111	2012.455772
antarctic ice core	-0.1252	1.0695	3	407	1796	16	2012.8
antarctic ice sheet	0.4265	0.8761	3	634	4488	44	2012.616541
antarctic ocean	0.6325	0.5418	4	374	1376	14	2010.36
antarctic oscillation	-0.7397	-0.3042	1	1066	16328	167	2010.889381
antarctic oscillation index	-0.7472	0.2895	3	346	1320	14	2007.823529
antarctic ozone	0.7974	-0.5322	2	728	6780	64	2010.850575
antarctic ozone depletion	1.0197	-0.6428	2	388	2070	21	2012
antarctic ozone hole	0.7144	-0.4103	2	591	4234	39	2009.714286
antarctic peninsula	0.1635	0.9538	3	1011	17076	160	2011.82716
antarctic peninsula region	0.142	1.0263	4	384	1618	15	2011.944444
antarctic precipitation	0.1391	0.6644	3	304	1204	13	2010.173913
antarctic region	0.1357	0.8381	3	332	1210	11	2012.628099
antarctic sea	0.8177	0.5773	4	1045	19444	186	2013.249337
antarctic sea ice	0.8174	0.5889	4	1034	18932	180	2013.381098
antarctic sea ice extent	0.7222	0.6967	4	723	6236	57	2014.527778
antarctic sea ice trends	1.11	0.6277	4	360	1626	15	2015.941176
antarctic sea ice variability	0.7627	0.7816	4	291	1366	14	2011.333333
antarctic temperatures	0.428	0.9887	3	484	2852	28	2011.521739
antarctica	0.274	0.7173	3	1208	38372	381	2011.220175
antarctica ice	0.0222	1.1154	3	348	1456	15	2011.795666
antarctica peninsula	0.144	1.0013	3	478	2790	24	2013.348837
anthropogenic	0.6812	-0.0822	2	335	1220	13	2012.98995
anthropogenic forcings	1.0044	-0.2738	2	337	1314	14	2013.054545
anticyclone	-0.865	-0.3588	1	715	5988	57	2010.766562
anticyclonic circulation	-0.8299	-0.6376	1	392	1522	14	2009.144444
ao	-0.4548	-0.9273	1	594	3840	39	2011.098916
aogcm	0.7377	-0.631	2	358	1520	13	2010.912621
ap	0.0784	1.0744	3	323	1296	12	2012.867647
application	-0.1836	0.0192	3	755	5150	48	2012.361823
approach	-0.2834	-0.0469	1	915	7656	79	2013.011682
archives	-0.2478	0.3496	3	447	1746	15	2012.62249
arctic	0.3342	-0.5391	2	1041	15202	151	2012.189504
arctic antarctic	0.9193	0.2608	4	542	2834	28	2012.938182
arctic oscillation	-0.4025	-0.8616	1	693	5564	55	2011.24912
arctic ozone	0.5965	-1.0073	2	274	1204	13	2014.774194
arctic sea ice	0.7068	0.3437	4	604	3642	31	2014.367364
arctic seas	0.7054	0.3469	4	604	3642	31	2014.010669
arctic stratospheric ozone	0.622	-1.0674	2	261	1128	12	2015.764706
area	-0.1417	0.4551	4	1223	26778	258	2011.37466
argentina	-0.8717	0.4385	5	550	3206	31	2013.052632
asia	-0.733	-0.7604	1	732	6622	62	2013.012594
asian	-0.6377	-0.9884	1	452	2272	21	2012.876
asian monsoon	-0.5022	-0.8755	1	428	1868	16	2011.204819
asian summer monsoon	-0.7745	-0.8852	1	600	4314	37	2011.95122
asl	0.4641	1.025	3	454	2618	23	2011.607477
assessment	0.5937	0.1332	2	952	9966	97	2013.024899
assimilation	0.5814	0.1968	3	519	2604	26	2012.629787
association	-0.7317	-0.0757	5	977	10092	94	2011.081886
asymmetry	0.6672	-0.4706	2	461	2126	23	2011.45509
atlantic	-0.2081	-0.4037	1	1182	26836	234	2010.236737
atlantic ocean	-0.468	-0.5405	1	688	4880	43	2009.615463
atlantic oscillation	-0.0409	-0.7624	2	588	3654	32	2010.516074
atlantic sector	-0.0016	0.4708	4	495	2326	20	2011
atlantic southern ocean	0.169	0.4862	4	312	1212	11	2011.613208
atlantic sst	-0.2785	-0.9466	1	356	1450	13	2010.514563
atmosphere	0.2625	-0.2915	2	1248	33406	313	2011.581199
atmosphere interactions	0.2852	-0.4015	4	311	1290	13	2011.572917
atmosphere-ocean interaction	0.2203	-0.5419	4	653	4362	39	2013.489655
atmospheric anomalies	-0.5258	0.2648	4	387	1620	15	2011.785714
atmospheric circulation	-0.2572	0.0238	1	1227	32938	305	2012.002058
atmospheric circulation anomalies	-0.8127	-0.7156	1	420	1894	17	2012.641509
atmospheric circulation changes	0.7195	0.6554	3	428	2088	20	2013.019608
atmospheric circulation patterns	-0.7466	0.4342	5	488	2544	25	2012.309392
atmospheric circulation variability	0.3358	0.4754	3	402	1766	16	2010.190476
atmospheric conditions	-0.6561	0.624	5	486	2582	24	2011.328431
atmospheric dynamics	0.3959	-0.3251	2	467	1880	18	2011.504348
atmospheric gcm	0.1399	-0.8815	2	710	5394	47	2010.549091
atmospheric general circulation	0.1575	-0.8411	2	735	5718	50	2010.583333
atmospheric model	0.4963	-0.5281	2	753	5496	49	2012.346154
atmospheric oscillations	-0.9008	-0.2005	3	326	1320	14	2012.870968
atmospheric pressure	-0.0862	0.705	4	530	2528	24	2008.613793
atmospheric response	0.4896	-0.543	4	506	2332	22	2011.692308
atmospheric teleconnections	-0.5524	0.076	1	533	2860	25	2012.504587
atmospheric temperature	0.7744	0.0998	2	367	1332	15	2010.509554
atmospheric variability	-0.0108	-0.1709	1	685	4978	48	2010.788382
attention	-0.2145	0.2745	5	551	2504	26	2012.917808
attribution	0.5769	-0.0244	2	464	2056	22	2014.063636
austral	-0.1121	-0.1073	1	617	3620	33	2009.558824
austral spring	-0.1806	-0.021	5	832	8096	77	2012.488722
austral summer	0.1826	-0.2075	2	1062	15780	154	2012.0726
austral winter	-0.551	-0.0617	5	908	10080	88	2010.937853
australia	-0.9831	0.0175	5	1117	23632	223	2010.617438
australian	-1.042	0.0264	5	952	14752	148	2010.832787
australian climate	-0.7026	-0.2153	5	410	1932	18	2014.48
australian rainfall	-1.107	0.2027	5	351	1828	19	2011.238095
automatic weather stations	0.0652	1.0413	3	390	1960	19	2012.382813
autumn	-0.0774	0.2719	5	1088	15922	150	2011.726708
availability	-0.4734	0.6571	5	398	1564	17	2012.908905
balance	0.5274	0.3724	3	826	6322	55	2011.539286
bands	-0.2584	0.0914	3	395	1422	13	2010.501538
baroclinic	0.1034	-0.7368	2	420	2176	23	2009.016779
barotropic	0.3442	-0.7646	4	448	2682	29	2008.382671
barrier	-0.4403	0.4257	5	348	1232	12	2010.248366
basin	-0.5959	-0.1657	1	1028	12968	109	2010.09645
bay	-0.3921	0.2188	1	462	1936	16	2010.11814
behavior	0.2883	0.0138	2	746	5220	50	2011.103784
behaviour	-0.3974	0.3615	5	615	3474	34	2010.943662
bellingshausen	0.4021	0.9512	4	779	7402	68	2010.935252
bellingshausen sea	0.2223	0.9841	4	655	5008	47	2010.579545
belt	-0.4709	-0.1279	5	620	3564	36	2010.458182
bias	0.696	-0.4067	2	705	5120	46	2013.065051
biases	0.5812	-0.336	2	781	6428	58	2013.826211
blocking	-1.1185	-0.0971	5	506	3216	31	2013.430147
boreal	-0.3099	-1.0186	1	719	6174	58	2012.614137
boreal spring	-0.3751	-0.8785	1	486	2450	21	2011.690476
boreal summer	-0.546	-0.8995	1	488	2492	25	2012.541176
boreal winter	-0.0284	-1.0863	1	527	3244	31	2012.990698
boundary	0.1675	-0.3768	4	481	2082	21	2008.420868
boundary conditions	0.7879	-0.0291	2	381	1438	14	2010.430736
brazil	-0.6457	-0.1223	1	538	2890	23	2006.401914
breakdown	0.9512	-0.8249	2	285	1256	13	2010.515152
brewer-dobson circulation	1.1157	-0.7397	2	234	1084	12	2013.219512
bridge	-0.3733	-1.0859	1	343	1690	15	2012.680412
budget	0.8338	-0.0413	4	744	5640	50	2011.153068
calibration	-0.5367	0.298	3	402	1452	14	2011.99511
carbon	0.4182	-0.0806	2	650	4394	35	2013.107259
carbon dioxide	0.3919	-0.1398	2	543	3194	23	2013.148903
case	-0.337	-0.2288	5	934	8362	85	2010.847835
case study	-0.7769	0.0526	5	437	1698	17	2012.678179
cause	0.3166	-0.2486	2	888	7854	86	2011.675244
cell	0.3811	-0.573	2	785	6614	63	2011.359784
central pacific	-0.1049	-0.5865	1	513	2336	20	2010.894737
century	0.294	0.3671	2	1169	26204	251	2012.205869
cfsr	0.4547	-0.001	3	400	1682	14	2015.490566
cfsv2	-0.2944	-0.9543	1	317	1386	12	2016.510204
challenges	-0.1126	0.507	5	360	1204	12	2014.48237
changes	0.3597	0.1646	2	1281	83930	841	2012.206219
channel	0.2376	-0.3727	2	298	998	11	2009.903036
characteristics	-0.3953	-0.0197	1	1048	12856	130	2010.936545
chemistry	1.0622	-0.4852	2	529	3588	37	2012.465976
chemistry climate	1.1162	-0.7089	2	513	3956	39	2013.760331
chemistry-climate model	1.1237	-0.7097	2	502	3848	38	2013.826923
chile	-0.7816	0.7745	5	544	3798	40	2012.697531
china	-0.8525	-0.8027	1	733	8434	83	2013.948798
china sea	-0.9461	-0.8365	1	345	1888	18	2013.311594
chronology	-0.7934	0.7497	5	398	2222	24	2010.47
circulation	-0.0101	-0.35	2	1281	72260	694	2010.44219
circulation anomalies	-0.6519	-0.5972	1	762	6398	60	2012.122324
circulation changes	0.7502	0.2357	2	865	8662	83	2012.23125
circulation model	0.3843	-0.8103	2	937	12426	118	2009.61811
circulation patterns	-0.8924	0.2561	5	868	8640	83	2010.597956
circulation variability	0.1966	-0.0602	3	653	4172	39	2010.532995
circumpolar	0.394	0.0613	4	854	9828	96	2008.65295
circumpolar current	0.6893	-0.1269	4	564	4162	39	2008.384884
circumpolar trough	-0.2623	0.7501	3	339	1308	13	2007.9375
citation	1.0148	-0.2545	2	621	4028	49	2010.689507
classification	-0.7148	0.578	3	401	1716	17	2011.561043
climate	0.0705	0.0734	2	1283	98762	975	2012.847305
climate anomalies	-0.2739	0.4422	3	566	2932	26	2011.422414
climate change	0.4092	0.2583	2	1214	30960	306	2013.106897
climate data	-0.3441	0.6047	3	468	2000	19	2012.201878
climate drivers	-1.0161	0.4167	5	489	2870	28	2014.7375
climate extremes	-0.6918	0.3788	5	429	1990	19	2014.132743
climate forcings	0.0673	0.7904	5	451	1970	19	2012.930131
climate forecast system reanalysis	0.3639	0.0623	3	386	1758	15	2015.173913
climate impacts	0.7564	-0.5299	2	416	1892	22	2013.568493
climate indicators	-1.5272	0.2324	5	195	1618	16	2012.73913
climate indices	-0.7553	0.2177	5	570	3434	31	2013.721925
climate model	0.8346	-0.2256	2	1199	31690	313	2013.16224
climate model simulations	0.8025	-0.22	2	593	3564	35	2013.895455
climate modes	-0.79	0.4535	5	770	6242	56	2013.133929
climate patterns	-0.4861	0.5834	3	545	2960	23	2012.049383
climate prediction	-0.6656	-0.7162	1	565	3220	29	2014.380952
climate projections	0.8405	0.0716	2	367	1508	14	2014.908629
climate reconstructions	-0.4759	0.8803	3	296	1164	11	2013.666667
climate records	-0.3147	0.9495	3	338	1246	13	2011.428571
climate research	-0.2886	0.1791	5	401	1340	13	2012.00885
climate response	0.8688	-0.6555	2	457	2348	21	2012.136364
climate signals	-0.5067	0.8081	3	355	1274	11	2011.895349
climate simulations	0.8163	-0.3336	2	496	2506	26	2012.537778
climate studies	0.2696	0.2796	3	423	1474	15	2011.889908
climate system	0.367	-0.0974	2	809	6244	55	2012.717277
climate system model	0.527	-0.6544	2	384	1630	14	2011.883871
climate trends	0.725	0.4199	2	488	2314	26	2011.671053
climate variability	-0.1704	0.3525	5	1207	27212	258	2012.20898
climate variables	0.0549	-0.0297	4	495	2056	17	2013.439024
climate variations	-0.488	0.113	5	616	3214	29	2011.1875
climate warming	0.3187	0.3872	4	482	2204	22	2013.628339
climatic conditions	-0.3036	0.3596	5	516	2646	19	2011.992424
climatic factors	-0.7302	-0.4279	1	305	1072	11	2013.463415
climatic shifts	-0.6738	-0.3366	1	382	1454	13	2010.337349
climatology	0.0936	-0.1735	2	994	10886	104	2010.440048
cloud	0.5779	-0.0924	4	737	4582	45	2010.976891
cloud cover	0.5917	-0.1344	4	403	1672	15	2010.770548
cluster	-0.771	0.2807	3	397	1486	15	2011.949896
clustering	-0.9844	0.1215	5	334	1238	13	2012.80292
cmip3	0.9281	-0.57	2	483	2748	27	2012.53211
cmip3 models	1.0547	-0.7242	2	307	1262	13	2012.714286
cmip5	1.1563	-0.1942	2	794	9610	92	2015.883929
cmip5 models	1.2012	-0.1674	2	628	5502	53	2015.970588
cmip5 simulations	1.2018	-0.4448	2	272	1130	11	2015.267857
co2	0.5766	-0.1792	2	651	4000	39	2013.165022
co2 concentrations	0.571	-0.2047	2	452	1884	17	2012.696319
coast	-0.4094	0.317	3	1071	13598	130	2010.134684
coastal	0.2686	0.4612	3	575	2738	24	2010.739865
coastal regions	-0.3708	0.3236	5	420	1560	15	2011.633188
coastline	-0.1962	0.2326	3	429	1776	19	2010.273529
coefficients	-0.4617	-0.4182	1	503	2274	22	2010.617647
coherent	-0.4846	0.4884	3	628	3360	32	2010.047859
cold	-0.3553	-0.192	1	674	4006	35	2011.824903
cold air	-0.519	-0.1521	1	428	1708	16	2012.833333
collapse	0.3485	0.5953	4	335	1170	12	2012.51938
column	0.7185	0.0193	4	583	3112	28	2010.224159
column ozone	0.7049	-0.7685	2	332	1434	13	2008.209302
community	0.6216	-0.4077	2	840	7332	69	2013.620087
community earth system model	1.0148	-0.287	2	277	1070	11	2016.6
comparison	0.2459	0.2449	3	1051	12624	127	2010.70057
complex	-0.3103	0.2893	4	451	1604	14	2011.908387
composite analysis	-0.8129	-0.6495	1	408	1834	17	2012.784173
composites	-0.5011	0.2179	5	716	4710	42	2010.381974
composition	0.0062	0.9254	3	382	1366	12	2012.45256
concentrations	0.6995	0.2809	4	1173	24990	231	2011.643222
condition	-0.2881	-0.2178	1	535	2402	24	2010.79798
configuration	-0.0353	-0.4733	1	489	2096	19	2012.603053
consequences	-0.3332	0.6386	5	410	1540	16	2012.275862
consistency	0.0678	-0.1841	3	470	2150	22	2011.881356
constraints	0.5663	0.0349	2	398	1400	14	2011.060453
content	0.1547	-0.2047	4	645	4034	28	2011.761593
continent	-0.4289	0.2472	5	1062	14452	132	2011.202884
contraction	0.414	0.3048	2	360	1224	12	2011.387387
contrast	0.2258	0.2298	3	1089	15328	148	2011.509677
control	0.3635	0.2567	2	893	7292	74	2012.474255
convection	-0.3379	-0.6534	1	820	6666	60	2009.024462
convergence	-0.3529	-0.4619	1	905	8562	79	2010.408056
cool	-0.9739	0.4403	5	356	1418	13	2011.151899
cool season	-1.0108	0.4295	5	307	1214	11	2012.34375
cooling	0.8463	-0.1758	2	987	13420	133	2010.829787
core	-0.1636	0.9489	3	939	11160	106	2010.446523
correction	0.3587	-0.3277	2	351	1148	12	2011.927948
correlation	-0.6447	-0.0363	1	1215	31692	317	2011.333794
correlation analysis	-0.8734	-0.4017	1	552	3130	31	2011.104167
correlation coefficient	-0.6392	-0.8313	1	423	2098	23	2012.125
coupled	1.002	-0.4058	2	856	10278	98	2014.46932
coupled models	1.0613	-0.3382	2	851	9994	95	2015.212806
coupling	0.474	-0.544	2	734	5672	57	2011.935532
covariance	-0.3461	0.0936	1	476	2084	19	2012.039146
cover	0.3712	0.6232	4	986	11288	103	2011.664763
coverage	0.1603	0.8736	3	565	2964	28	2012.329283
cross-validation	-0.6685	-0.816	1	383	2142	22	2012.842105
current	0.608	0.0353	4	803	7766	73	2008.757215
current climate	0.6561	0.0943	2	358	1300	11	2013.02963
cycle	0.1656	0.0707	4	1113	15580	149	2011.47296
cyclogenesis	-0.6976	0.1582	1	374	1532	16	2010.246377
cyclone activity	-0.5962	-0.3429	1	657	4192	37	2010.404959
cyclone frequency	-0.5666	-0.5055	1	428	1766	16	2011.372093
cyclones	-0.6149	-0.4384	1	1013	14316	139	2011.69697
cyclonic circulation	-0.661	-0.6691	1	433	1712	15	2008.033333
data	0.0307	0.4006	3	1275	57764	580	2011.015066
data analysis	-6e-04	0.6941	3	381	1380	12	2011.003436
data assimilation	0.6357	0.1973	3	431	1876	18	2013.092251
data set	0.3063	0.4875	3	603	3338	35	2010.433246
data sets	0.1857	0.2293	3	714	4556	44	2011.63144
data variability	-0.2502	0.2437	3	418	1620	14	2009.166667
data/model	0.4006	-0.0828	2	449	1678	17	2011.4
database	-0.0329	0.6521	3	483	2104	21	2012.403509
dataset	-0.2134	0.1042	3	884	7434	69	2012.68054
date	-0.1242	-0.0114	5	690	4174	42	2012.087051
decadal	-0.4659	0.1663	5	1033	12666	111	2012.008761
decadal changes	0.2514	-0.5217	2	335	1248	12	2011.742857
decadal oscillation	-0.8143	0.1509	5	864	7750	65	2012.751979
decadal scale	-0.6001	0.6398	5	451	2028	21	2010.775758
decadal variability	-0.348	0.1829	5	721	5294	50	2011.26893
decline	-0.0549	0.5568	5	750	6128	58	2013.254217
decomposition	-0.0863	0.0274	1	625	3586	38	2012.585736
deep	0.397	0.5135	4	407	1578	12	2008.172697
deep convection	0.7193	0.1678	4	315	1262	12	2008.798561
deep water	0.5064	0.5392	4	468	2136	18	2008.094223
definition	-0.6877	-0.3816	1	354	1242	13	2010.611111
delay	0.774	-0.6657	2	427	1908	18	2011.240223
delta	-0.1222	1.1051	3	319	1296	12	2010.255844
density	-0.3213	-0.002	1	601	3562	36	2009.879211
dependence	0.4677	0.1609	2	547	2418	27	2010.591411
depletion	1.1085	-0.3834	2	896	13554	140	2011.778068
depth	0.5384	0.2894	4	863	7122	64	2010.672402
description	-0.0044	-0.6027	2	371	1280	11	2009.996622
detail	0.2583	0.149	2	430	1656	17	2011.078886
detection	0.1434	0.0712	2	441	1776	20	2012.417625
development	-0.4036	-0.263	1	912	7660	71	2011.773084
diagnosis	0.2624	-0.8019	4	317	1124	11	2012
diagnostics	0.4244	-0.3934	2	536	2338	21	2011.205405
difference	0.0224	-0.6769	1	893	7832	79	2011.163032
dipole	-0.8898	-0.2298	5	1058	17600	159	2012.531646
dipole pattern	-0.5119	-0.6529	1	443	2126	18	2012.012658
discrepancies	0.6544	-0.3988	2	591	3050	31	2011.321353
displacement	-0.1659	-0.0721	3	477	2160	21	2010.607877
distribution	-0.0174	-0.0594	1	1137	15324	152	2010.907306
disturbance	-0.4214	0.2339	5	460	1846	19	2011.750678
divergence	0.2228	-0.4694	4	602	3730	36	2010.679372
dome	-0.4248	0.971	3	367	1596	16	2009.974138
dominance	-0.2314	0.423	3	429	1574	15	2012.29375
dominant mode	0.199	-0.5664	2	499	2472	24	2008.806452
downscaling	-0.2063	-0.579	1	323	1280	12	2014.086022
drake passage	0.2459	0.2348	4	438	2180	21	2008.373887
drift	0.8275	0.6191	4	551	3520	35	2009.705986
drivers	-0.6492	0.4766	5	821	7326	70	2015.864011
drought	-0.8253	0.2684	5	849	9322	87	2012.975684
drying	-0.2115	0.1888	5	380	1706	16	2013.294737
duration	-0.1855	0.6787	5	714	5018	46	2012.189258
dynamics	0.3837	-0.1298	4	1086	14894	139	2012.382241
earth	0.5025	0.0609	2	948	9294	87	2012.416212
earth model	0.9186	-0.251	2	454	2180	20	2013.043702
earth system	0.7418	-0.2538	2	630	3676	35	2015.459227
earth system models	0.8872	-0.2903	2	510	2670	25	2016.009881
easm	-0.7466	-1.0328	1	419	2384	22	2012.864865
east	-0.6118	-0.0599	1	1193	25538	246	2011.088561
east antarctic	0.0198	0.9858	3	474	2458	22	2012.333333
east antarctica	0.0893	0.9441	3	785	7660	73	2012.024096
east asia	-0.8239	-0.903	1	540	4110	41	2013.696023
east asian summer monsoon	-0.8283	-1.0179	1	400	2342	21	2012.2
east australia	-1.1442	-0.3792	1	353	1510	15	2012.2
eastern	-0.5028	-0.1407	1	509	2314	22	2011.347648
ecmwf	0.1671	0.211	3	832	7440	71	2010.330601
ecosystem	0.0843	0.8262	4	622	3926	39	2013.530062
eddies	0.4271	-0.8582	2	594	4446	49	2009.304565
eddy-driven jet	0.414	-0.9769	2	295	1274	15	2014.275
effects	0.3913	-0.1258	2	1236	30108	292	2011.624055
ekman	0.7958	-0.3963	4	565	3870	34	2010.002336
ekman transport	0.963	-0.0742	4	342	1430	12	2010.917197
el nino	-0.6751	0.1288	5	1251	48236	446	2011.439268
el nino event	-0.8148	0.602	5	272	1116	12	2010.358974
el nino-southern oscillation	-0.7257	0.0657	5	1249	51116	477	2011.537252
elements	0.0498	0.3518	3	382	1400	14	2011.89258
elevation	-0.2697	0.7992	3	389	1534	16	2012.227186
emergence	0.04	-0.0209	3	292	904	11	2012.277778
emission scenarios	0.8927	-0.5019	2	356	1540	14	2013.561404
emissions	0.7133	-0.263	2	621	4086	41	2013.550741
empirical	-0.4689	0.1967	1	490	2368	24	2010.635762
empirical mode decomposition	0.2445	0.7347	3	262	928	12	2014.27027
empirical orthogonal function	-0.6517	-0.1978	1	872	9054	85	2009.847087
empirical orthogonal function analysis	-0.7832	-0.08	1	430	1934	19	2009.044118
energy	0.2075	-0.3886	4	902	7404	69	2011.753532
energy fluxes	0.4855	-0.5852	2	303	1144	11	2012.005128
ensemble	0.7533	-0.4808	2	844	8338	79	2013.566298
enso cycle	0.0578	-0.7876	1	337	1376	13	2005.90625
enso events	-0.5859	-0.2079	1	550	3344	31	2009.905882
enso index	-0.9525	-0.0514	1	300	1168	11	2012.8
enso signal	-0.7481	-0.4454	1	439	2234	21	2008.113636
enso teleconnection	-0.7983	-0.0416	3	437	2212	19	2012.117647
environment	-0.3277	0.1007	5	709	4088	45	2012.515563
environmental	-0.0013	-0.1961	3	754	5980	57	2010.845217
environmental prediction	-0.0189	-0.3657	3	708	5342	49	2008.673469
eof	-0.7508	-0.3552	1	783	6760	64	2009.453216
eof analysis	-0.8382	-0.2774	1	621	4116	38	2009.975904
equator	-0.1862	-0.7492	1	611	3556	35	2007.514563
equatorial pacific	-0.4961	-0.2889	5	529	2508	22	2010.531915
equatorial pacific ocean	-0.6938	-0.2723	5	359	1454	12	2009.911765
era-40	0.0554	0.0885	3	632	4056	40	2009.925532
era-interim	0.479	0.2347	3	837	7906	73	2015.815725
error	0.1994	-0.3314	1	815	6356	63	2011.486384
eruption	0.903	0.0634	2	328	1288	14	2009.934211
estimate	0.294	0.5739	3	465	1924	20	2010.903093
estimation	-0.4519	0.1516	1	371	1330	14	2012.012407
eurasia	-0.1116	-0.7178	1	426	1644	13	2012.876384
europe	-0.4029	-0.619	1	464	2148	16	2011.79689
european	0.167	0.1515	3	664	4086	37	2011.362949
evaluation	-0.0143	0.1734	3	597	2778	28	2013.100503
evaporation	0.2966	0.1395	4	597	3092	26	2011.268156
events	-0.5853	0.3197	5	1206	28842	277	2012.030986
evolution	0.288	-1e-04	2	981	9718	98	2012.05694
excess	-0.2346	0.4319	3	443	1676	14	2008.657895
exchange	0.3963	-0.44	4	390	1398	14	2010.706601
expansion	0.8258	0.3184	4	725	5558	56	2012.969492
experiments	0.5173	-0.5469	2	1072	15806	153	2011.075205
explanation	0.1539	0.3237	4	398	1470	16	2009.867769
extension	-0.2868	-0.134	5	516	2146	20	2010.251641
extent	0.356	0.5818	4	1189	25630	236	2011.835219
extratropical circulation	0.7621	-0.836	2	294	1034	11	2008.574468
extratropical cyclones	-0.2096	-0.1104	4	379	1536	15	2013.608696
extratropics	-0.1178	-0.7563	1	881	7894	72	2011.27451
extreme	-0.6357	0.3118	5	908	8802	85	2013.461538
extreme events	-0.6283	0.2277	5	480	2368	23	2013.8
extreme precipitation	-0.8582	0.0238	1	398	1576	16	2013.959596
extreme rainfall	-1.0253	0.1968	5	327	1310	12	2012.037037
fall	0.0379	0.5152	3	604	2976	27	2011.228402
features	-0.4432	-0.4534	1	1025	11700	110	2010.384646
feedback	0.6789	-0.2853	4	894	9092	91	2013.003957
ferrel cell	0.3035	-0.9115	4	287	1160	11	2012.041667
field	-0.0447	-0.0825	3	1114	16418	157	2010.533445
fire	-0.7802	0.7959	5	369	2066	21	2011.534884
flood	-0.7474	0.08	5	540	2668	24	2013.016026
flooding	-0.7331	0.129	5	405	1530	12	2012.61745
flow	-0.4544	-0.1122	1	1068	14998	147	2010.017411
fluctuations	-0.0149	0.1302	3	848	6946	72	2009.816514
flux	0.4833	-0.4244	4	1086	18058	163	2010.974387
focus	-0.1993	-0.7439	2	544	2856	27	2012.93921
force	-0.2823	-0.5001	1	363	1330	13	2011.140909
forcing	0.6643	-0.1321	2	1224	32226	309	2011.371506
forecast skill	-0.7398	-0.8227	1	259	1028	11	2013.568627
forecasting	-0.6528	-0.4988	1	596	3506	35	2014.057851
forecasts	-0.261	-0.4296	1	1030	13874	134	2012.850526
forest	-0.9277	0.7628	5	291	1434	15	2011.961222
formation	0.2731	0.0676	4	823	6060	58	2010.511811
fraction	0.5713	0.1763	4	524	2410	23	2011.553026
framework	0.0127	5e-04	5	482	2062	21	2013.208431
frequency	-0.6945	0.051	5	1152	21266	213	2011.174374
freshwater	0.9287	0.5058	4	476	2668	26	2011.825688
freshwater flux	1.0301	0.3898	4	296	1234	12	2011.361111
front	0.1516	-0.1348	4	715	5280	50	2009.508357
function	-0.5169	-0.2318	1	945	10574	102	2010.972155
future	0.7282	-0.1565	2	821	7446	74	2013.712684
future climate	0.3083	-0.0383	2	762	5906	56	2013.848387
gap	-0.5291	0.2274	5	448	1808	19	2012.915572
gas	1.0181	-0.1766	2	799	7978	75	2012.319686
gases	0.9506	-0.3186	2	791	8498	76	2012.066763
general	0.299	-0.6832	2	431	1810	18	2011.369942
general circulation	0.3932	-0.7174	2	1026	15660	148	2009.760621
general circulation model	0.4447	-0.6787	2	1038	17276	164	2010.017151
generation	-0.0598	-0.4888	1	638	3428	32	2012.050847
genesis	-0.6757	-0.8637	1	442	2592	28	2010.829268
geopotential height	-0.345	-0.5314	1	946	11188	106	2010.169261
geopotential height anomalies	-0.83	-0.5891	1	460	2522	23	2012.724138
glacier	0.0968	0.9018	3	671	4514	35	2012.551157
global	0.098	-0.3291	1	879	7824	68	2012.401509
global climate	0.3032	0.0799	2	908	8806	85	2012.960148
global climate models	0.7698	0.2118	2	652	4222	42	2013.408482
global ocean	0.4605	-0.6025	4	559	2852	24	2012.454839
global scale	-0.6446	0.0805	5	471	1796	15	2012.819495
global sea ice	0.3029	0.2414	4	301	1272	12	2009.441176
global sea level	0.3691	0.4795	3	443	1830	14	2012.593596
global sea surface	-0.7563	-0.051	1	423	1942	13	2011.069767
global sea surface temperature	-0.7213	-0.0893	1	388	1580	11	2011.264706
global warming	0.3652	-0.4571	2	390	1492	17	2012.884793
globe	0.0798	-0.3303	1	559	3124	23	2012.275862
gradient	-0.1299	-0.3665	1	1009	11900	112	2011.354256
greenhouse	0.9355	-0.2304	2	991	15754	143	2012.619866
greenhouse gas	1.0288	-0.2032	2	790	7950	74	2013.545016
greenhouse gas concentrations	0.8479	-0.0687	2	523	2724	23	2012.376238
greenhouse gases	0.9301	-0.355	2	784	8364	73	2012.497653
greenland	0.1412	0.0108	4	398	1854	12	2011.434214
grid	0.2974	0.3538	3	439	1706	17	2011.079167
group	-0.8308	0.0563	5	372	1330	11	2011.722362
growth	0.3183	0.5095	4	753	5540	57	2011.406319
growth rate	0.0387	0.5628	4	311	1058	12	2010.818356
hadley cell	0.4533	-0.8034	2	503	2940	28	2013.362069
hadley circulation	-0.1019	-1.0006	1	433	2006	21	2012.378788
hand	-0.3245	-0.0687	1	705	3782	33	2010.96875
hazard	-0.7887	-0.0945	5	295	1146	11	2012.855072
heat	0.5556	-0.269	4	1092	19964	173	2011.129975
heat budget	0.893	-0.2756	4	411	1930	17	2008.665541
heat content	0.3763	-0.2787	4	523	2906	19	2012.877419
heat flux	0.5379	-0.4228	4	890	10068	84	2010.709804
heat transport	0.9967	-0.0298	4	453	2114	18	2012.027726
heating	0.6268	-0.5467	2	643	4026	41	2011.378428
height	-0.1277	-0.5196	1	1081	16216	157	2010.601343
hemisphere	0.1793	-0.5362	2	1260	56558	554	2010.968158
high latitudes	-0.0944	-0.4211	1	1149	20690	201	2011.932029
high southern latitudes	-0.2638	-0.042	3	711	4992	45	2008.930556
high-frequency	-0.4724	-0.0461	5	430	1730	18	2011.689759
high-pressure	-0.8258	0.4141	5	574	3214	30	2012.414729
high-resolution	-0.0473	0.5723	3	816	6408	62	2012.264879
hindcast	-0.4489	-0.6151	1	688	4264	40	2013.59322
historical	0.8479	0.2521	2	322	1352	15	2011.854651
history	-0.4281	0.8927	5	481	2320	23	2011.001969
hole	0.8548	-0.4015	2	754	8330	78	2010.693467
holocene	-0.1782	0.989	3	378	1684	17	2010.62959
horizontal resolution	0.3875	-0.473	2	390	1558	14	2011.685824
hpa	0.1709	-0.5511	2	848	7826	77	2010.355159
humidity	-0.3684	-0.0348	3	559	2528	24	2011.561033
hurricane	-0.4766	-0.3758	1	475	2880	22	2009.45614
hydrological cycle	0.5792	-0.1882	4	372	1502	11	2012.589286
hypothesis	0.2408	0.1942	4	536	2378	23	2011.082126
ice	0.3928	0.6081	4	1263	55872	530	2011.721291
ice advance	0.9164	0.8106	4	283	1266	13	2011.833333
ice age	-0.4859	0.9362	3	377	1666	15	2011.186842
ice concentration	0.577	0.6321	4	854	9708	95	2013.492537
ice conditions	0.4165	0.8762	4	538	3076	26	2011.713198
ice core records	-0.0681	1.1371	3	483	2906	27	2012.35
ice cores	-0.1495	1.0721	3	835	10058	96	2010.322795
ice drift	0.8633	0.8406	4	370	1834	17	2009.019608
ice edge	0.8977	0.6561	4	555	3832	38	2010.185455
ice expansion	1.094	0.5836	4	278	1216	12	2014.892857
ice extent	0.6066	0.7096	4	1037	17340	157	2012.764347
ice formation	0.6094	0.8813	4	334	1388	12	2009.892857
ice growth	0.9804	0.7193	4	372	1666	15	2010.290179
ice loss	0.6854	0.6613	4	418	1772	14	2014.762324
ice model	0.9806	0.2715	4	565	3408	33	2011.207143
ice motion	0.9289	0.7597	4	358	1738	16	2009.975904
ice production	0.5997	0.9001	4	312	1204	11	2010.6
ice retreat	0.8664	0.7181	4	470	2570	25	2013.800752
ice sheet	0.3677	0.7226	3	866	8802	76	2012.194459
ice shelf	0.3948	0.905	3	629	4200	39	2011.573026
ice surface	0.1642	0.118	4	545	2608	23	2011.816258
ice surface temperature	-0.4634	-0.3547	1	295	1170	11	2011.140845
ice thickness	0.8534	0.6296	4	380	1822	17	2011.271053
ice volume	0.9305	0.6411	4	380	1688	16	2012.008571
ice zone	0.3654	0.9003	4	315	1210	12	2011.325359
ice-cover	0.5614	0.7738	4	779	6914	65	2011.210019
identification	-0.5916	0.1984	3	399	1524	13	2011.944837
impact	0.1761	-0.1693	2	1257	38598	377	2013.206627
implications	0.1035	0.2573	5	956	9372	91	2011.871583
improvement	0.0091	-0.5308	1	734	5094	46	2012.529851
increment	-0.4543	-0.7145	1	320	1240	13	2012.521008
index	-0.6565	-0.004	5	1206	28962	283	2011.380952
india	-0.2604	-0.6183	1	507	2548	22	2012.167702
indian	-0.3372	-0.6303	1	541	2666	26	2008.760736
indian ocean	-0.7791	-0.296	1	1147	26860	247	2010.03125
indian ocean dipole	-1.0542	-0.0605	5	859	10758	98	2014.376068
indian ocean sector	0.3478	0.4335	4	386	1432	13	2010.315789
indian ocean sst	-0.8561	-0.7072	1	374	1614	15	2011.866667
indian summer monsoon	-0.4018	-0.8294	1	454	2352	22	2012.463415
indices	-0.6898	0.2282	5	1098	17102	161	2012.102711
indo pacific	-0.5212	-0.5843	1	491	2192	19	2012.622642
indo-pacific	-0.5603	-0.595	1	462	1988	17	2012.647059
indonesia	-0.6359	-0.2454	1	356	1280	12	2009.657895
influence	-0.1789	0.0903	5	1235	32116	311	2011.779275
information	-0.3349	0.2996	3	844	5810	61	2011.767792
initial conditions	-0.2213	-0.9553	1	345	1484	14	2011.614035
inland	-0.7236	0.7758	3	442	2086	19	2012.551282
insight	-0.2414	0.1123	5	415	1580	14	2012.936061
instability	0.0526	-0.5817	4	401	1414	15	2009.776848
instrumental data	-0.5838	0.8445	3	331	1284	13	2011.257143
instrumental records	-0.4214	0.817	5	587	3352	32	2013.05618
integration	0.1248	-0.3178	4	458	1976	19	2010.47619
intensification	0.0267	-0.2649	1	792	5878	57	2011.672775
intensity	-0.5919	-0.2222	1	1043	13416	124	2011.663823
interactions	-0.1653	-0.3361	1	1073	14420	138	2011.626733
interannual	-0.3769	-0.3763	1	794	6170	57	2009.011628
interannual variability	-0.2151	-0.2815	1	1149	19480	187	2010.7663
interannual variations	-0.5464	-0.376	1	625	3570	37	2010.739437
intercomparison	1.0599	-0.3098	2	868	11288	106	2014.488211
interdecadal oscillations	-0.8069	0.5413	5	582	3578	34	2014.536585
interdecadal pacific oscillation	-0.7751	0.6705	5	530	3116	29	2015.684211
interdecadal variability	-0.5247	-0.4055	1	506	2440	22	2009.147059
interior	0.2153	0.887	3	459	2004	18	2010.221733
internal variability	0.8394	-0.2719	2	636	4402	44	2013.845528
international	-0.1048	0.2806	3	327	1064	11	2009.59081
interpretation	-0.0036	0.7954	3	521	2550	25	2010.411609
intraseasonal variability	-0.4119	-0.3458	1	461	2232	23	2012.513514
inversion	-0.2409	0.5181	5	512	2226	21	2010.501809
iod	-1.0885	-0.1003	5	702	6096	54	2014.133333
ipcc	0.991	-0.2489	2	586	3844	38	2011.552189
ipcc ar4	1.2621	-0.4064	2	271	1300	14	2010.117647
ipo	-0.862	0.6906	5	459	2518	23	2015.153846
island	-0.2847	0.7204	3	857	7818	74	2009.956692
isotope	-0.1455	1.084	3	527	3208	30	2011.966793
itcz	-0.5871	-0.789	1	356	1384	12	2009.907692
japan	-0.5331	-0.6977	1	487	2386	23	2010.171958
jet	0.1401	-0.8507	2	1065	17530	171	2011.139834
jet stream	-0.0239	-0.7015	2	627	4106	38	2012.729927
kelvin waves	7e-04	-0.5291	4	406	1520	11	2009.907407
key	-0.269	-0.3637	5	381	1368	14	2013.075472
knowledge	-0.1038	0.3452	5	498	2016	21	2012.895394
korea	-0.8665	-0.9309	1	287	1646	20	2013.351351
la nina	-0.757	0.1685	5	983	12896	115	2011.664474
lag	-0.3328	-0.1253	1	466	2040	21	2010.653179
lake	-0.6416	0.3823	3	402	1538	16	2012.017794
land	-0.2928	0.2178	3	992	9948	83	2012.42268
land surface	-0.235	-0.0391	1	528	2768	20	2013.553603
landfall	-0.6497	-0.4193	1	399	1856	17	2010
language	0.3423	0.2775	2	502	2078	18	2018.048117
large	0.3524	0.0341	4	482	1890	18	2011.479452
large-scale	-0.5723	0.2379	5	1183	23812	220	2011.165527
large-scale atmospheric circulation	-0.2638	0.8588	3	377	1498	14	2012.778846
large-scale circulation	-0.3776	0.4122	3	646	3930	35	2010.523622
late spring	0.4366	-0.5672	2	416	1880	19	2010.732026
latent	0.2283	-0.487	4	481	2158	18	2010.884298
latent heat	0.2816	-0.5735	4	509	2576	22	2010.158824
latent heat flux	0.3178	-0.6945	4	389	1798	15	2010.739645
latitude	-0.0657	-0.3154	2	959	9988	101	2011.054819
layer	0.5925	0.0954	4	989	10680	99	2010.321275
lead	-0.3889	-0.5211	1	631	3564	34	2010.716069
lead time	-0.4447	-0.8854	1	344	1410	15	2014.240964
length	-0.1715	0.7711	3	589	3140	31	2010.5328
levels	0.2189	-0.2642	2	922	8606	87	2011.25209
life	-0.3576	-0.3755	1	368	1278	12	2011.876747
light	-0.1734	0.4899	4	382	1416	13	2011.753582
likelihood	-0.4533	0.2601	5	418	1658	16	2011.660944
limit	0.2921	0.3151	3	339	1088	13	2010.544865
limitations	0.003	0.5247	3	415	1592	16	2012.614846
line	-0.2661	0.4711	5	555	2656	25	2011.363128
linear regression	-0.5227	-0.4729	1	579	2840	29	2012.840304
linear trend	-0.1865	-0.1721	1	532	2640	25	2012.20765
linkage	-0.1674	-0.4931	1	579	2894	28	2012.484733
links	-0.5247	0.048	5	682	4422	40	2012.592814
literature	-0.5683	0.1408	5	535	2476	26	2011.726524
little ice age	-0.5087	0.9191	3	367	1582	14	2011.269784
location	-0.0512	0.3611	3	898	7372	75	2010.881081
long-term	5e-04	0.3592	4	1116	16952	157	2012.366366
long-term trends	0.1555	0.1043	4	662	3754	34	2012.589226
longwave radiation	-0.0273	-0.6182	4	450	1958	17	2011.647541
loss	0.7787	0.3178	4	852	8132	78	2013.251087
low latitudes	0.0643	-1.0703	2	353	1284	13	2010.434286
low pressure	-0.2316	0.7992	3	722	4834	40	2011.422018
low pressure systems	-0.5324	0.8994	3	380	1626	13	2012.465517
low-frequency variability	-0.3134	-0.1883	3	518	2606	26	2008.596491
madden-julian	-0.7042	-0.49	1	409	1748	14	2013.603175
madden-julian oscillation	-0.8589	-0.4638	1	583	3780	35	2014.346154
magnitude	0.4441	0.0321	2	1071	12794	129	2011.364091
management	-0.8049	0.4897	5	435	2368	24	2013.088766
map	-0.3558	0.5793	3	637	3458	34	2011.727201
margin	0.1613	0.6973	4	538	2384	20	2010.972504
marine	0.0552	0.9251	4	511	2494	24	2012.020366
marine ecosystems	0.2173	0.8594	4	342	1278	12	2013.642259
maritime	-0.9005	-0.1822	1	541	2786	27	2011.981865
maritime continent	-0.9162	-0.81	1	336	1564	14	2014.36
mass	0.3686	0.5716	3	994	11130	101	2010.941993
mass balance	0.3346	0.7449	3	639	3848	33	2012.104996
mass loss	0.6276	0.7133	4	387	1642	14	2014.261119
maud	-0.0801	0.96	4	334	1214	12	2010.953333
maximum	-0.0353	0.322	5	838	7076	72	2010.287843
maximum temperature	-1.1777	0.1514	5	366	1888	18	2011.316832
mean	0.3076	-0.1932	2	1222	25700	247	2010.953636
mean sea level	0.2372	-0.0652	2	481	1964	17	2012.41358
mean state	0.715	-0.6103	2	383	1554	15	2013.567164
mean temperature	0.6814	0.0722	2	365	1288	13	2010.841667
measurements	0.2615	0.3729	3	916	8742	81	2010.932763
mechanisms	0.1772	-0.3671	4	1140	19998	193	2011.610479
melt	0.473	0.714	4	727	5136	40	2013.146853
melting	0.2927	0.5887	4	584	3316	25	2012.110283
meridional circulation	-0.2868	-0.4507	1	661	4004	35	2011.967742
merra	0.7647	-0.1352	3	338	1280	13	2014.859375
meteorological	-0.4555	0.3715	3	975	11004	110	2009.80117
meteorological data	-0.0748	1.0066	3	298	1044	11	2010.80814
meteorological observations	-0.0816	0.9103	3	343	1212	11	2010.559322
method	-0.4239	-0.1131	1	1043	11542	124	2012.144788
methodology	0.0505	0.3855	3	557	2646	28	2012.912525
metrics	0.1559	-0.3178	2	432	1562	17	2015.541833
microwave	0.6957	0.5178	4	554	3386	38	2009.844327
microwave imager	0.3623	0.6913	4	268	984	12	2006.427273
mid-latitudes	0.0831	-0.7497	2	1066	16666	163	2012.022549
middle latitudes	-0.5455	-0.821	1	608	4000	38	2010.535294
migration	-0.3405	-0.0042	1	430	1758	17	2011.023474
millennium	-0.4245	0.7567	3	416	1806	17	2013.408602
minimum	0.015	0.1558	5	729	5288	46	2009.779051
mitigation	0.2879	-0.0911	2	319	1044	12	2014.985849
mixed-layer	0.787	-4e-04	4	384	1626	14	2011.050847
mixing	0.6787	-0.03	4	456	1984	18	2009.902919
mode	-0.3253	0.0628	5	1279	75288	731	2010.915266
model	0.4758	-0.371	2	1281	76584	767	2011.651901
model biases	0.8113	-0.5163	2	391	1516	14	2014.04321
model ensemble	0.4804	-0.4616	2	436	2050	21	2014.22069
model evaluation	0.3848	-0.5995	2	328	1160	12	2014.933824
model forecasts	-0.5133	-0.7294	1	403	1868	20	2012.12
model intercomparison	1.0931	-0.2772	2	850	10394	97	2014.817568
model performance	0.24	-0.5076	2	319	1252	11	2013.384236
model simulations	0.7532	-0.286	2	925	9592	92	2012.477137
model skill	-0.1114	-0.9359	1	402	1514	13	2012.573529
model study	0.6648	-0.2023	4	342	1228	13	2010.668478
modeling	0.0948	-0.0639	2	819	5668	56	2012.080047
modulation	-0.5274	-0.383	1	744	5092	49	2010.980114
moisture	-0.6432	0.0879	1	933	9848	96	2012.602086
moisture flux	-0.8509	-0.2033	1	411	1758	16	2012.666667
moisture transport	-0.6463	-0.02	1	447	2026	19	2013.549618
momentum	0.3228	-0.9168	2	585	3778	40	2008.74186
momentum fluxes	0.1772	-1.0577	2	410	1946	19	2008.564356
monsoon	-0.6697	-0.7866	1	920	11460	106	2012.152749
monsoon rainfall	-0.4139	-0.8035	1	468	2206	20	2010.574468
motion	0.2966	0.0747	4	627	4200	41	2009.832335
mountains	-0.6516	0.6892	3	383	1496	15	2011.617276
movement	-0.7134	-0.6148	1	501	2590	26	2009.813333
mslp	-0.8387	0.496	3	450	2450	24	2007.541667
multi-model	0.4321	-0.5178	2	294	1042	11	2014.425
multidecadal variability	0.1464	0.6702	3	422	1794	16	2013.051852
multimodel	0.904	-0.5891	2	521	2802	27	2014.835938
multivariate	-0.9383	-0.1415	1	393	1590	15	2013.099057
nam	0.7919	-0.9091	2	268	998	12	2010.310811
nao	-0.1782	-0.7671	2	431	2142	19	2010.288076
nasa	0.5866	0.3771	4	316	1074	12	2012.319489
national	-0.0717	-0.2749	3	872	7906	75	2010.195652
natural variability	0.5698	0.5486	2	704	5388	52	2011.995781
nature	0.3636	0.2414	4	607	3488	37	2010.788145
ncar	0.4175	0.0068	2	471	1888	16	2009.302326
ncep	-0.055	-0.3852	1	740	5108	48	2009.805085
ncep reanalysis	-0.1883	-0.515	1	458	1904	19	2008.1
ncep-ncar	0.1832	-0.1059	3	510	2542	24	2008.246575
near-surface	0.3765	0.6812	3	750	5524	50	2011.177419
near-surface temperature	0.3733	0.8546	3	378	1518	12	2011.694915
negative correlation	-0.5806	-0.6924	1	526	2756	28	2012.188235
network	-0.405	0.7668	3	651	4266	40	2012.964962
new south wales	-1.5291	0.266	5	235	1128	11	2009.470588
new zealand	-0.6867	0.4705	5	830	7566	68	2009.724138
ni	-0.5268	-0.0776	1	383	1382	11	2011.57
noaa	0.0985	-0.2794	2	324	1134	11	2008.907609
noise	0.0665	0.2943	3	433	1760	19	2011.653631
north	-0.4088	-0.5586	1	1205	26110	249	2010.374238
north america	-0.1657	-0.7658	1	562	2938	23	2011.532207
north atlantic	-0.0805	-0.6428	1	925	9766	81	2010.017846
north atlantic oscillation	0.0191	-0.833	2	563	3438	30	2010.430401
north pacific	-0.6895	-0.7911	1	864	9592	91	2010.653333
north pacific oscillation	-0.7024	-0.9193	1	339	1548	17	2013.037037
northern	0.1235	-0.7451	2	1058	15912	153	2011.106605
northern annular mode	0.53	-0.8471	2	362	1504	16	2011
northern hemisphere	0.283	-0.8194	2	989	13246	126	2010.714878
northwest	-0.8004	-0.2226	1	452	1736	14	2011.701835
numerical experiments	0.0838	-0.6662	4	468	2052	19	2010.004255
o-18	-0.1179	1.0172	3	325	1212	11	2011.806034
observational	0.0772	-0.6213	1	527	2364	24	2011.533742
observational data	-0.0798	-0.3209	1	647	3894	34	2011.486413
observations	0.4405	0.0495	2	1252	36096	353	2011.448164
occurrence	-0.5736	0.4383	5	921	9696	92	2011.803551
ocean	-0.0556	-0.1231	4	1280	74830	706	2010.965167
ocean basins	-0.2737	-0.5122	1	663	3776	29	2010.322222
ocean circulation	0.6884	-0.0262	4	774	5596	54	2010.55339
ocean climate	0.5635	0.4291	4	627	3554	33	2011.955932
ocean currents	0.9213	0.3328	4	352	1322	12	2010.666667
ocean dynamics	0.5112	-0.5928	4	400	1796	15	2012.736842
ocean general circulation	0.9081	-0.5525	2	382	1702	15	2009.590164
ocean general circulation model	0.9285	-0.7344	2	284	1234	11	2009.438053
ocean heat	0.7383	0.0818	4	626	4084	32	2013.347917
ocean heat content	0.4493	-0.1898	4	468	2322	15	2014.3875
ocean model	0.9074	-0.1474	4	664	4700	41	2010.792558
ocean response	0.6602	0.1478	4	434	2094	19	2010.018182
ocean structure	0.3014	-0.6173	1	381	1452	13	2011.897959
ocean surface	0.5253	-0.0543	4	845	7488	65	2011.97351
ocean temperature	0.5042	0.2889	4	548	2804	28	2012.187952
ocean variability	0.2015	-0.5003	4	553	2990	30	2011.174888
ocean warming	0.7857	-0.1339	4	480	2056	18	2013.496894
ocean waves	-0.1385	-0.5718	5	420	1912	18	2012.915493
onset	-0.2122	-0.2512	1	629	3294	31	2011.400894
order	0.1473	0.192	3	969	8358	81	2010.598046
origin	0.2998	-0.0516	4	587	2740	24	2010.187679
oscillation	-0.6893	-0.0931	5	1274	67578	648	2010.801829
overturning	0.6998	-0.6374	4	359	1314	11	2012.406393
overturning circulation	0.7429	-0.6523	4	338	1216	11	2013.703911
ozone	0.9059	-0.4705	2	1063	23866	236	2010.865415
ozone depletion	1.1239	-0.4222	2	863	13056	135	2011.846939
ozone forcing	1.3103	-0.4228	2	264	1086	11	2011.952381
ozone hole	0.8469	-0.4019	2	756	8434	79	2010.008696
ozone loss	1.0339	-0.6839	2	341	1664	17	2011.837838
ozone recovery	1.2324	-0.6573	2	455	3256	32	2013
ozone trends	1.2211	-0.6382	2	268	1074	11	2010.944444
pacific	-0.5911	-0.2496	1	1274	64146	601	2010.950879
pacific basin	-0.8611	0.2123	5	536	3602	26	2009.483146
pacific decadal	-0.7673	0.121	5	867	7796	64	2012.792717
pacific decadal oscillation	-0.8097	0.0992	5	837	7186	59	2012.919403
pacific ocean	-0.4049	-0.1844	1	1096	15824	141	2010.089431
pacific sea surface temperatures	-0.7017	0.5218	5	366	1448	12	2011.217391
pacific sector	0.5225	-0.1522	4	572	3436	33	2010.587571
pacific sst	-0.607	-0.5861	1	512	2668	25	2011.8125
pack	0.7029	0.9099	4	355	1534	16	2009.298805
pack ice	0.6726	0.9318	4	323	1284	14	2008.853081
paleoclimate	-0.0503	0.7211	3	528	2628	25	2013.189349
palmer	-0.0525	0.8163	4	329	1218	11	2011.402174
panel	1.0644	-0.2986	2	554	3848	39	2011.552419
parameterization	0.5093	-0.8308	2	355	1480	15	2011.336207
parameters	-0.0693	0.3927	3	816	6086	61	2010.962104
part	-0.0613	0.2055	3	1106	14728	144	2010.410034
passive microwave	0.5409	1.0685	4	378	1876	21	2009.005714
past	0.708	0.1026	2	491	2266	22	2012.316703
patagonia	-0.6408	0.7662	5	595	3982	41	2012.485294
patagonian	-0.7695	0.7426	3	263	946	11	2013.240506
pathways	0.6077	-0.0976	2	605	3440	31	2013.213274
pattern variability	0.3203	-0.5475	4	334	1384	15	2009.605634
patterns	-0.384	-0.0599	1	1276	59454	558	2011.236066
pdo	-0.9658	0.2251	5	672	4948	43	2012.991071
peninsula	0.0535	0.8274	3	1072	19090	179	2011.596904
performance	0.0194	-0.3101	3	693	4886	47	2013.489921
period	-0.0894	0.1126	3	1275	51654	517	2011.210316
periodicity	-0.6474	0.6574	3	461	2288	23	2010.060403
persistence	-0.1126	-0.4744	1	849	6832	68	2012.073254
perspective	-0.3031	-0.0699	1	591	2760	26	2012.901235
perturbations	0.4516	-0.2401	4	622	3448	33	2010.583086
phase	-0.195	-0.2373	5	1239	34702	329	2011.300144
phase relationship	-0.6187	-0.3446	3	370	1592	15	2009.265625
phenomena	-0.5245	-0.2037	1	650	3622	35	2011
philippines	-0.7122	-0.5088	1	327	1298	11	2010.192308
physical mechanisms	-0.6711	-0.4468	1	556	2946	26	2011.84
physical processes	-0.1366	-0.5805	1	480	1986	19	2012.057576
physics	0.5037	-0.2672	2	503	2208	21	2011.674359
place	0.249	0.6939	3	589	3152	29	2009.958042
planetary waves	0.6431	-0.7021	2	579	3728	37	2011.019886
plateau	-0.3263	0.1799	3	488	2190	20	2012.169659
polar	0.6812	-0.5067	2	787	6372	70	2011.082686
polar cap	0.9719	-0.7289	2	344	1550	17	2010.191781
polar front	0.349	-0.1477	4	454	2360	22	2009.072327
polar front jet	-0.1274	-0.5572	1	285	1188	11	2011.970588
polar regions	0.5312	0.1052	2	714	4484	42	2011.606775
polar stratosphere	1.1517	-0.7453	2	237	1134	12	2010.699029
polar vortex	0.5724	-0.8635	2	650	4900	53	2012.166118
polarity	-0.4488	-0.0454	5	408	1946	21	2009.692308
pole	0.3518	-0.1397	2	729	4762	44	2010.226221
poleward	0.4342	-0.5806	2	874	8800	89	2010.827273
poleward shift	0.6863	-0.6315	2	520	3072	31	2013.262295
polynya	0.4091	1.0325	4	316	1214	12	2008.42
population	-0.377	0.485	5	404	1644	17	2011.362024
position	-0.1023	-0.3543	2	958	10020	97	2010.689373
positive feedback	0.7095	-0.479	4	442	2094	20	2012.122034
positive trend	0.4643	0.6104	3	816	7370	68	2012.22335
potential	-0.0895	0.0766	1	711	4086	42	2012.784435
power	-0.4904	-0.0709	5	480	2110	21	2011.834034
precipitation	-0.4028	0.1201	1	1235	33782	313	2012.247478
precipitation anomalies	-0.7707	-0.416	1	563	2834	26	2012.5625
precipitation anomaly	-0.6212	-0.5545	1	383	1320	12	2012.931034
precipitation events	-0.5205	0.5136	3	487	2244	23	2012.820513
precipitation trends	0.4535	0.4453	2	341	1288	12	2013.058824
precipitation variability	-0.5134	0.5079	3	534	2768	25	2011.4
predictability	-0.5631	-0.605	1	721	5972	60	2013.231855
prediction	-0.4884	-0.5742	1	1059	16200	158	2012.073267
prediction skill	-0.6893	-0.8605	1	395	2166	22	2014.662577
predictive models	-0.4676	-0.8059	1	473	2228	22	2012.813084
predictors	-0.7438	-0.7005	1	543	3706	37	2013.270142
present day	0.4028	0.0013	2	492	2170	20	2011.295673
pressure	-0.3397	0.2314	3	1238	36280	341	2010.477108
pressure anomalies	-0.1191	0.5626	3	601	3606	33	2010.023077
pressure gradient	-0.7571	0.0031	5	462	2130	19	2009.674797
principal component analysis	-0.8782	0.4709	5	440	1990	18	2010.580645
principal components	-0.7563	0.2666	5	677	4514	43	2010.402597
probability	-0.6703	-0.0681	5	469	1982	21	2011.876866
processes	0.3131	0.0079	4	1158	18148	181	2011.967406
production	0.2025	0.8278	4	627	3570	34	2011.637878
productivity	-0.2608	0.9231	5	311	1092	13	2012.484007
profiles	0.5482	0.1662	2	521	2248	21	2010.526606
progress	-0.4818	-0.3926	1	423	1630	18	2012.411765
project	0.8568	-0.2563	2	1032	15558	148	2012.453668
projection	0.7144	-0.0892	2	882	9082	85	2014.197635
propagation	-0.0426	-0.7454	1	821	7708	74	2010.734739
properties	0.3918	0.0201	4	678	4032	43	2011.071907
proportion	0.0764	0.7169	4	349	1282	14	2011.055556
proxy	-0.2119	0.9142	3	857	8176	75	2013.127907
proxy data	-0.0344	0.8693	3	413	1744	14	2012.556962
proxy records	-0.4141	0.8491	3	531	2922	27	2012.309278
psa	-0.8784	-0.037	3	570	4162	35	2010.875
psa pattern	-0.9378	0.1031	3	417	2272	19	2011.35
quality	-0.1246	0.5059	3	501	2430	26	2012.741898
quasi stationary	0.4878	-0.1047	4	448	2116	20	2010.575758
quasi-biennial oscillation	-0.176	-0.4487	2	375	1390	14	2008.007435
queensland	-1.3898	0.2732	5	280	1480	14	2012.727273
radiation	0.3635	-0.2936	4	815	6340	61	2011.331925
radiative	1.0622	-0.3861	2	362	1480	14	2011.175287
radiometer	0.3465	0.9806	4	281	1054	12	2009.009592
radiosonde	0.6439	-0.2394	2	481	2396	27	2011.151685
radiosonde data	0.8116	-0.3687	2	301	1214	14	2010.193548
radiosonde observations	0.722	-0.2878	2	321	1148	12	2011.347826
rain	-0.7506	0.1307	5	676	4408	37	2011.945455
rainfall	-0.9621	-0.1903	5	1131	27292	264	2011.97561
rainfall patterns	-1.026	-0.3118	1	352	1334	12	2009.037037
rainfall variability	-1.0902	-0.0552	5	604	4628	44	2011.549296
range	0.0457	0.3108	3	1048	11946	120	2011.410547
rates	0.3617	0.6013	4	746	4800	48	2011.494306
ratio	-0.2099	0.653	3	431	1758	17	2010.925387
rcp	1.0615	-0.5743	2	441	2610	25	2016.081081
rcp4.5	1.169	-0.4971	2	335	1662	16	2016.159664
rcp8.5	1.086	-0.4625	2	419	2230	20	2016.429293
reanalyses	0.5694	0.1816	3	820	8120	76	2013.477477
reanalysis	0.0574	0.039	3	1218	32622	315	2012.860412
reanalysis data	-0.0072	-0.1334	3	1045	14120	138	2013.062413
reanalysis products	0.6408	0.141	3	397	1680	17	2014.317073
reason	0.2181	-0.7248	2	405	1464	16	2011.71371
recent	0.3541	0.4526	2	829	6444	67	2011.804991
reconstruction	-0.3181	0.8395	3	897	10658	105	2012.728025
record	-0.2386	0.7668	3	1131	23698	229	2011.508365
recovery	1.0709	-0.2776	2	713	6000	56	2012.7654
redistribution	0.5178	0.3892	4	338	1142	12	2011.996795
reduction	0.3147	-0.2015	2	957	8674	86	2012.202875
reflection	0.6937	-0.6696	2	327	1106	11	2010.990196
regime	-0.3748	0.4226	5	850	6516	65	2010.768478
region	-0.2093	0.3018	5	1282	71146	685	2011.608772
regional	0.1295	0.352	3	557	2660	25	2012.480198
regional atmospheric circulation	-0.2035	0.8643	3	368	1420	13	2013.310345
regional circulation	-0.4567	0.8614	3	373	1578	14	2011.862069
regional climate	-0.2293	0.1298	3	786	5568	48	2013.123404
regional climate model	0.0548	-0.0815	3	359	1334	12	2013.665714
regional patterns	0.5864	0.5181	4	343	1154	12	2011.170213
regional scale	0.064	0.5708	4	525	2214	19	2012.592334
regional trends	0.7005	0.7465	4	360	1526	16	2010.705882
regression	-0.4918	-0.1373	1	934	8420	87	2011.924945
regression analysis	-0.1951	-0.2156	1	517	2398	23	2012.005714
regression model	-0.7976	-0.3654	1	375	1444	16	2012.350785
relationship	-0.5652	-0.1215	1	1255	39650	393	2011.52721
relative importance	0.7295	-0.142	4	469	2058	21	2010.879562
relative vorticity	-0.6035	-0.8717	1	260	994	11	2008.575342
reliability	0.343	0.2205	3	443	1936	18	2012.402116
remote	-0.3823	0.0536	4	411	1580	15	2012.899032
representation	0.6802	-0.3859	2	736	5418	52	2013.246886
res	0.8953	-0.0951	2	660	4364	52	2010.48537
research	-0.0776	0.0781	3	1109	15430	153	2012.25614
resolution	0.335	0.1752	3	952	8986	89	2011.918993
resources	-0.7536	0.5723	5	514	3094	33	2013.251701
response	0.6629	-0.242	2	1212	33556	327	2012.161066
rest	-0.4327	0.6736	3	290	1028	11	2011.1893
retreat	0.628	0.756	4	658	4576	43	2012.69985
retrospective analysis	0.6046	0.0267	3	353	1522	14	2014.914894
reversal	0.6184	0.256	2	321	1104	11	2011.354497
ridge	-0.9336	0.13	5	641	3982	40	2008.953586
risk	-0.5455	0.3851	5	493	2560	26	2014.229167
river	-0.9251	-0.345	1	699	5558	53	2011.920886
robustness	0.6494	-0.3118	2	482	2220	23	2013.84141
role	0.2698	-0.2547	4	1215	26912	257	2012.568357
ross	0.3647	0.9839	4	910	11908	116	2011.009202
ross ice shelf	0.0437	0.9861	3	345	1384	13	2011.611465
ross sea	0.3092	1.0414	4	798	8694	83	2010.810256
ross sea region	0.0128	1.1402	3	345	1410	13	2011.30303
rossby	-0.3672	-0.6038	1	895	9754	86	2010.884413
rossby wave train	-0.7152	-0.438	1	596	3748	30	2014.191919
rossby waves	-0.3987	-0.5942	1	898	9908	87	2011.729614
royal	-0.5755	0.4765	3	778	6476	64	2007.399225
salinity	0.7526	0.1204	4	536	2816	24	2009.248247
salt	0.0375	0.8335	4	446	1828	15	2008.72546
sam	-0.2567	0.1562	5	1232	40216	381	2012.973306
sam index	0.4042	0.4928	3	746	5950	55	2013.25
satellite	0.4724	0.5201	4	999	12834	125	2011.755822
satellite data	0.4729	0.5781	4	651	3738	37	2011.686028
satellite era	0.561	0.8406	4	449	2216	23	2014.240964
satellite observations	0.6715	0.5104	4	597	3524	36	2012.973832
scale	-0.2386	0.1464	5	1218	26800	255	2011.804989
scenarios	0.6182	-0.4022	2	885	8954	86	2012.882212
science	-0.051	0.2867	5	372	1326	18	2005.441336
sea	0.0675	0.1471	4	1283	93740	884	2010.929745
sea ice	0.5607	0.4341	4	1247	47906	454	2012.341204
sea ice anomalies	0.5207	0.2974	4	550	3106	29	2011.598214
sea ice area	0.8662	0.5149	4	590	3610	33	2013.829787
sea ice changes	0.8656	0.8023	4	317	1278	12	2014.34188
sea ice concentration	0.5135	0.6196	4	841	8942	87	2014.074
sea ice conditions	0.3508	0.8951	4	517	2832	23	2012.497942
sea ice cover	0.4975	0.7499	4	715	5408	50	2012.742173
sea ice data	0.5463	0.799	4	359	1328	13	2011.197368
sea ice drift	0.8974	0.7773	4	295	1240	11	2012.245283
sea ice edge	0.9443	0.4938	4	420	2006	20	2012.476744
sea ice extent	0.6005	0.7152	4	1009	15940	144	2013.195775
sea ice model	0.9728	0.2964	4	548	3368	33	2011.770171
sea ice retreat	0.8772	0.6822	4	402	1874	18	2014.660606
sea ice surface	0.3357	-0.2255	4	388	1464	12	2012.084967
sea ice trends	1.028	0.6311	4	565	4200	42	2015.126761
sea ice variability	0.6768	0.654	4	674	5074	46	2013.147059
sea interaction	-0.3083	-0.9367	1	406	1852	17	2010.461538
sea level	-0.0729	0.1405	3	1187	26182	236	2011.153319
sea level pressure	-0.352	-0.0417	3	1113	19956	183	2009.567201
sea level rise	0.5137	0.5207	3	525	2562	24	2012.696243
sea salt	-0.3601	0.9809	3	374	1714	16	2010.853107
sea surface	-0.1939	-0.4444	1	1260	52314	470	2011.29989
sea surface temperature	-0.2495	-0.4891	1	1259	55672	505	2011.542882
season	-0.2431	0.0775	5	1262	40266	385	2012.178114
seasonal climate	-1.2506	0.2691	5	424	3528	35	2012.845361
seasonal cycle	0.5299	0.0224	4	730	4904	46	2011.135957
seasonal forecasts	-0.2961	-0.8331	1	360	1652	17	2015.371681
seasonal ice	0.6178	1.1124	4	309	1290	12	2012.547486
seasonal prediction	-0.4622	-0.8063	1	527	2744	27	2015.21831
seasonal trends	0.2752	0.6681	3	376	1550	15	2012.533333
seasonal variability	-0.082	0.1131	4	473	1814	17	2011.582043
seasonal variation	-0.2923	-0.2594	5	433	1958	20	2011.013917
sediments	-0.3113	0.86	3	322	1264	11	2011.206075
selection	-0.2186	0.1465	3	354	1144	11	2012.335938
self-organizing map	-0.5558	0.5555	3	372	1438	13	2014.61745
semiannual oscillation	-0.2688	0.7571	3	388	1842	18	2008.884615
sensitivity	0.7693	-0.0133	2	920	9088	91	2012.152936
sensitivity experiments	0.6847	-0.2054	4	333	1304	12	2012.352273
sensors	0.3736	0.7602	4	372	1534	17	2011.517949
sequence	-0.6263	0.4021	5	311	1108	11	2012.290017
series	-0.1866	0.5103	3	1064	13716	138	2010.601012
severity	-0.6302	0.5878	5	372	1586	16	2012.643617
sh	0.4883	-0.841	2	919	11636	110	2012.506667
shear	-0.5014	-1.0168	1	378	1534	16	2009.478827
shelf	0.3727	0.8955	4	664	4494	42	2010.587376
shelves	0.558	0.8226	4	468	2174	19	2011.760377
shift	0.1438	-0.3626	2	1161	23290	227	2012.333333
short-term	-0.3049	-0.2735	1	490	1914	19	2012.055432
signal	-0.3439	-0.1672	1	1171	20800	200	2011.038817
signatures	0.1367	-0.5023	2	475	2168	20	2011.86758
significance	-0.1212	0.2487	3	673	4046	42	2011.019928
significant wave height	-0.2973	-0.4476	5	345	1742	16	2013.0625
similarity	-0.1335	-0.8631	1	328	1160	12	2011.516971
simulations	0.7213	-0.4319	2	1181	31466	309	2012.277903
singular value	-0.3081	-0.3565	1	325	1262	11	2008.268293
sites	-0.3151	0.9288	3	788	6688	65	2011.507274
size	-0.3482	0.1377	5	570	2980	30	2010.965923
skill	-0.4328	-0.5954	1	871	8750	84	2013.67325
slope	-0.2099	0.7213	3	479	2230	17	2010.341082
snow	-0.3022	0.3761	3	634	3222	29	2012.043528
snow accumulation	-0.0435	1.0623	3	417	1812	18	2012.351145
snowfall	-0.0327	0.8107	3	557	2726	22	2012.353474
society	-0.4861	0.5136	3	856	7598	74	2010.520354
soi	-0.9983	0.4475	5	679	5022	46	2009.348837
soil	-0.7584	-0.4267	1	379	1356	11	2012.887856
solar radiation	0.3177	0.3082	4	411	1672	16	2011.997753
sounding	0.899	-0.0256	2	337	1504	17	2009.43314
source	-0.0997	0.1618	3	1021	10840	104	2011.544715
south	-0.6607	0.0032	1	1250	45478	426	2009.816077
south africa	-0.907	-0.0441	5	476	2498	25	2008.43038
south america	-0.8713	0.2416	5	930	11746	108	2010.900662
south american	-0.7428	0.2015	3	683	5114	43	2011.102041
south atlantic	-0.6659	-0.0567	1	809	7808	69	2007.451691
south atlantic ocean	-0.6993	-0.241	1	455	2246	19	2006.568627
south australia	-0.8998	0.1628	5	476	2692	23	2008.712644
south china	-0.9703	-0.8277	1	454	2992	28	2013.350427
south china sea	-0.9672	-0.8657	1	326	1734	16	2013.674419
south indian ocean	-0.6427	-0.7767	1	467	2110	15	2006.271429
south pacific	-0.6564	-0.2077	1	885	9664	89	2009.295533
south pacific convergence zone	-0.878	0.1747	5	325	1320	11	2008.058824
south pacific ocean	-0.738	-0.2108	1	398	1876	17	2008.823529
south pole	0.3581	0.1259	2	534	2488	22	2008.138889
south wales	-1.531	0.265	5	235	1128	11	2010.05
southeast pacific	-0.3823	0.5407	5	411	1798	15	2008.846154
southern	0.0288	-0.0305	5	1283	92402	907	2011.247603
southern annular mode	-0.3746	0.3053	5	1251	51646	495	2013.425339
southern annular mode index	-0.473	0.0482	1	325	1166	12	2012.947368
southern hemisphere	0.1627	-0.4587	2	1256	53600	528	2010.882466
southern hemisphere annular mode	0.4885	-0.2852	2	523	2658	26	2009.7
southern hemisphere circulation	0.0464	-0.7393	2	788	8042	73	2011.151163
southern hemisphere climate	0.6884	-0.2303	2	727	5612	53	2012.26087
southern indian ocean	-0.8127	-0.3969	1	309	1156	12	2009.690476
southern ocean	0.5779	0.3345	4	1153	27004	264	2011.310743
southern ocean climate	0.8163	0.6764	4	409	1992	18	2013.825
southern ocean sea	0.8198	0.3891	4	542	3008	28	2010.772152
southern oscillation	-0.7654	0.1852	5	1244	44754	418	2011.761165
southern oscillation index	-0.9447	0.4235	5	792	7302	67	2008.992593
southwest	-0.9065	-0.0691	5	687	5008	47	2010.224324
southwest pacific	-0.8601	0.315	5	347	1352	13	2010.955556
space	-0.0977	0.3242	3	551	2566	25	2011.281958
spatial	-0.3363	0.7114	3	605	3404	32	2011.877747
spatial correlation	-0.5832	0.5098	3	360	1366	13	2012.80303
spatial distribution	0.0299	-0.0896	1	628	3392	33	2012.602028
spatial patterns	0.1895	0.0901	4	872	7308	66	2012.024523
spatial scales	-0.1896	-0.011	3	428	1688	16	2012.42723
spatial structure	0.095	-0.7274	1	489	2426	24	2010.597156
spatial variability	-0.1777	0.8088	3	477	2174	20	2011.858628
species	-0.4466	0.8147	5	468	2300	24	2011.629341
spectral	-0.5704	0.4199	3	338	1226	12	2011.032967
spectral analysis	-0.6467	0.5038	3	402	1944	19	2010.392157
spectrum	0.037	-0.4982	4	320	1134	13	2010.348901
speed	0.3084	-0.0766	4	853	7332	72	2010.795455
spread	0.9431	-0.368	2	467	2222	21	2013.442623
spring	-0.261	-0.277	1	1204	29630	283	2011.445356
springtime	0.22	-0.4424	2	450	1978	20	2011.464
ssm i	0.2733	0.6089	4	265	896	11	2007.238938
sst anomalies	-0.3293	-0.6765	1	1048	16556	148	2010.894292
sst changes	-0.3019	-0.7079	1	419	1676	14	2010.8
sst trends	0.8905	0.1043	2	400	1682	15	2013.435897
sst variability	-0.4325	-0.7557	1	586	3810	34	2011
stability	0.4218	0.0403	4	557	2670	29	2011.601934
stable isotopes	-0.2206	1.2418	3	260	1116	11	2012.393939
stage	-0.6171	0.1183	5	407	1506	16	2011.432692
standard	0.4856	-0.3108	2	412	1558	15	2011.405751
standard deviation	0.1667	-0.3278	2	641	3226	31	2011.034783
state	0.2198	-9e-04	4	1024	11264	100	2012.176355
stationary waves	0.0196	-0.8242	2	389	1690	17	2011.418301
stations	-0.3424	0.62	3	908	10118	102	2010.728667
statistical model	-0.4979	-0.8448	1	331	1290	13	2011.85
statistical significance	-0.0715	0.2374	3	372	1478	17	2010.061728
statistics	-0.2368	-0.1558	1	728	4098	42	2010.724252
storage	0.2884	0.4074	4	375	1268	14	2013.435429
storm	-0.4102	-0.2122	1	962	10830	95	2010.368357
storm tracks	-0.1142	-0.5061	2	640	4228	42	2010.462428
stratification	0.7422	0.1532	4	372	1572	16	2010.765734
stratosphere	0.9211	-0.6079	2	881	13098	133	2010.953635
stratospheric circulation	0.7402	-0.9783	2	312	1280	14	2010.869919
stratospheric ozone	1.0218	-0.5038	2	904	12768	123	2012.514706
stratospheric ozone depletion	1.1209	-0.2827	2	666	5826	58	2012.974359
stratospheric polar vortex	0.8022	-0.8647	2	373	1890	20	2013.473077
stratospheric temperature	0.9107	-0.518	2	604	4338	43	2010.614679
stream	-0.034	-0.7077	2	701	4728	43	2011.208251
streamflow	-0.872	0.7119	5	361	1854	19	2012.533784
strength	0.0535	0.0153	3	1090	15050	143	2011.147674
strengthening	0.3972	-0.507	2	827	7028	69	2012.132404
stress	0.7453	-0.0681	4	747	6244	58	2010.771906
structure	0.1257	-0.5242	2	1106	16786	164	2010.587788
sub-antarctic	-0.2657	0.8364	3	346	1192	11	2008.713396
subsurface	0.4965	0.0806	4	488	2602	24	2011.621895
subtropical	-0.2901	-0.843	1	815	7234	66	2009.910959
subtropical dipole	-0.5906	-0.9561	1	315	1428	13	2014.285714
subtropical high	-0.8817	-0.8192	1	566	3846	37	2012.285714
subtropical jet	-0.2119	-0.8043	2	574	3760	35	2011.888889
subtropical ridge	-1.0809	0.103	5	358	1732	17	2014.941176
summer	-0.1881	-0.3357	1	1275	54566	528	2011.747886
summer monsoon	-0.6604	-0.8808	1	789	7918	72	2011.721893
summer monsoon rainfall	-0.4384	-0.7953	1	404	1776	16	2011.0625
summer precipitation	-0.8354	-0.7667	1	401	1832	18	2012.772727
summer rainfall	-0.9928	-0.7379	1	583	3950	38	2011.206522
summer season	0.1723	-0.0432	2	519	2614	25	2012.634409
summer temperatures	-0.2575	0.6452	3	490	2340	22	2011.835484
summertime	0.7291	-0.8319	2	432	2164	23	2011.985294
supply	-0.054	0.7208	4	391	1512	14	2011.339312
support	-0.683	0.2779	5	486	2066	19	2012.160714
surface	0.1322	-0.178	4	1284	82592	780	2011.274886
surface air	0.1524	0.5403	3	924	9544	82	2012.202151
surface air temperature	0.106	0.5908	3	898	8940	76	2012.177381
surface climate	0.8574	-0.0655	2	666	4314	40	2012.326087
surface conditions	0.6416	0.256	4	327	1236	11	2010.87907
surface cooling	0.9434	-0.0062	4	363	1454	14	2009.911111
surface heat fluxes	0.4665	-0.8154	4	507	2824	23	2010.370833
surface layer	0.6262	0.3485	4	376	1386	15	2009.563452
surface mass balance	0.3914	0.7259	3	434	2224	20	2014.124183
surface pressure	0.4889	0.1634	3	615	3486	36	2009.187166
surface temperature	-0.1448	-0.2813	1	1272	60784	553	2011.552855
surface waters	1.0475	0.5357	4	280	1098	12	2010.917469
surface wind	0.5497	-0.2168	4	863	7620	68	2010.352381
synoptic	-0.8242	0.8799	3	324	1452	15	2011.683673
synoptic climatology	-0.7067	0.5524	5	304	1120	11	2011.303571
synoptic scale	-0.529	0.3831	3	525	2696	26	2011.432432
synoptic types	-0.9714	0.6061	5	323	1268	12	2013.75
system	0.1998	-0.2547	2	1220	25560	237	2012.244703
tasman	-1.0203	0.3117	5	486	2778	24	2009.261905
tasman sea	-1.0064	0.3186	5	480	2664	23	2009.21875
tasmania	-1.1365	0.5012	5	428	2446	25	2009.404494
tc	-0.7813	-0.7947	1	515	3718	41	2012.316456
tcs	-0.7692	-0.8397	1	468	2952	32	2013.785714
techniques	-0.2618	0.2705	3	779	5048	50	2010.995925
teleconnection	-0.6868	-0.1392	1	1129	20398	186	2012.106926
teleconnection patterns	-0.8428	-0.5177	1	642	4212	37	2010.813492
temperature	0.0306	-0.0092	3	1284	95236	922	2011.477652
temperature advection	-0.3143	-0.4193	5	287	1078	11	2011.103448
temperature anomalies	-0.4114	-0.1487	1	1039	13110	114	2011.546191
temperature changes	0.7995	-0.0064	2	774	6322	62	2012.055092
temperature data	0.0236	0.3922	3	516	2254	22	2009.906752
temperature extremes	-0.7516	0.3067	5	320	1150	12	2014.153846
temperature gradient	0.3587	-0.5331	2	637	3630	32	2011
temperature observations	0.1842	0.4849	3	331	1218	11	2012.371795
temperature precipitation	-0.4386	0.1799	5	668	3854	35	2012.677122
temperature reconstructions	-0.1772	0.9991	3	322	1336	13	2013.555556
temperature records	-0.03	0.787	3	622	4012	37	2010.766839
temperature response	1.0556	-0.3649	2	399	1744	16	2012.819767
temperature trends	0.8322	0.1727	2	788	8180	86	2012.249147
temperature variability	-0.0761	0.3258	3	740	5016	49	2012.481229
temperature variations	-0.3199	0.4036	3	432	1804	17	2010.665354
temporal	-0.0081	0.5071	5	401	1492	16	2010.883534
temporal variability	-0.0493	0.4221	5	645	3770	35	2011.288462
terms	-0.0515	-0.154	5	991	9596	90	2011.105954
theory	0.7908	-0.0784	2	291	972	11	2009.714706
thermal	0.6168	-0.4691	2	391	1498	15	2011.557652
thermocline	0.4375	-0.6635	4	407	1796	18	2007.472727
thermodynamics	0.5985	0.4419	4	399	1634	15	2011.079268
thickness	0.4524	0.7006	4	564	2986	30	2010.814467
threshold	-0.7316	0.2257	5	440	2058	20	2012.8
time	-0.1022	0.2141	3	1268	40834	400	2011.191579
time scales	-0.1641	-0.2277	5	1119	16564	159	2011.351464
time-series analysis	-0.0788	0.5594	3	930	9378	98	2010.95228
timescales	-0.1553	0.0193	3	997	10220	102	2011.525048
timing	0.6594	0.3553	4	587	3354	32	2012.348348
topography	0.1071	0.3936	3	560	2602	26	2010.120382
total column ozone	0.8034	-0.78	2	292	1176	11	2011.090909
track	-0.3816	-0.562	1	751	6120	61	2010.190476
trade	-0.3825	-0.8615	1	461	2086	19	2011.285714
trains	-0.6145	-0.5353	1	414	1890	17	2012.830986
trajectories	-0.4131	0.7703	3	446	2164	22	2011.384117
transfer	0.3666	0.082	4	422	1500	16	2010.678679
transient	0.6891	-0.7789	2	490	2590	29	2011.104545
transient eddies	0.235	-1.0733	2	276	1050	11	2010.311111
transition	-0.1577	0.1701	4	832	6072	55	2011.648928
transport	0.2312	0.1046	4	1083	13568	125	2010.537155
tree rings	-0.841	0.8006	5	495	3618	37	2011.553398
trees	-0.7616	0.7271	5	375	2050	22	2012.336557
trend analysis	-0.3455	0.5794	5	316	1112	11	2013.09434
trends	0.4651	0.35	2	1277	61414	621	2012.269204
tropical	-0.0651	-0.5631	1	891	8012	75	2011.862319
tropical atlantic	0.1903	-0.8216	1	338	1512	14	2009.2
tropical climate	-0.3328	-0.0905	1	453	2146	21	2011.613636
tropical cyclones	-0.6456	-0.58	1	810	9110	88	2012.816794
tropical oceans	-0.2801	-0.1622	5	467	2000	17	2010.174419
tropical pacific	0.1653	-0.0144	1	517	2938	26	2011.844156
tropical regions	-6e-04	-0.6906	1	332	1106	11	2012.1875
tropical sea surface temperature	-0.5829	-0.3552	1	426	1922	17	2012.264706
tropical sst	-0.4389	-0.4426	1	341	1388	12	2008.806452
tropics	0.0851	-0.5797	2	958	10208	94	2010.699313
tropopause	0.8473	-0.6488	2	372	1790	22	2009.748148
troposphere	0.5081	-0.7516	2	880	9472	96	2010.961094
tropospheric circulation	0.8593	-0.7277	2	465	2628	26	2011.280303
tropospheric temperature	0.6013	-0.7793	2	341	1338	15	2010.951613
trough	-0.6347	0.147	3	613	3450	33	2010.984962
twentieth century	0.2065	0.2912	2	981	10798	102	2012.145055
types	-0.7525	0.3343	5	663	4202	41	2011.720352
typhoon	-0.7024	-0.7682	1	397	1778	17	2012.72
uncertainty	0.5584	-0.1237	2	876	8654	87	2013.221957
united states	-0.3034	-0.0102	1	494	2618	17	2011.349593
upper ocean	0.6253	0.1596	4	658	4180	31	2010.440079
upper troposphere	0.4526	-0.8751	2	505	2686	27	2011.20068
upwelling	0.7431	0.265	4	506	2742	25	2010.661939
validation	0.0431	-0.579	1	512	2320	25	2012.727575
valley	-1.043	-0.6874	1	441	2578	25	2011.024
values	-0.0995	0.1921	3	1124	16414	155	2010.746562
variability	-0.1086	0.1206	3	1284	95110	939	2011.545737
variance	-0.6239	0.0974	3	958	10964	106	2010.046067
variations	-0.3655	0.0238	5	1249	34306	343	2010.901917
vegetation	-0.6009	0.6151	5	356	1380	14	2012.521246
velocity	0.1636	-0.1937	4	609	3506	37	2010.066944
vertical	0.6626	-0.2253	2	337	1172	13	2009.544379
victoria	-1.0701	0.3794	5	392	1786	17	2009.108571
volcanic aerosols	0.9973	-0.665	2	273	1082	11	2009.2
volume	0.6183	0.6674	4	521	2706	28	2010.936662
vortex	0.5612	-0.7649	2	760	6738	71	2011.311409
vorticity	-0.1988	-0.9272	1	617	4320	45	2008.431221
wales	-1.5299	0.2678	5	235	1128	11	2009.914894
walker circulation	-0.3473	-0.8966	1	468	2330	21	2013.234043
wap	0.4289	0.9758	4	323	1436	13	2013.963415
warm	-0.5348	-0.0578	1	801	5438	52	2011.29985
warm pool	-0.5014	-0.5807	1	391	1556	16	2011.745763
warming	0.4984	0.1352	2	1203	28416	281	2012.978577
warming trend	0.2514	0.5442	5	371	1462	14	2012.527778
water	0.0722	0.5141	4	1139	19214	181	2010.775054
water column	0.636	0.777	4	321	1348	11	2010.123234
water masses	0.4705	0.645	4	347	1452	13	2009.047927
water resources	-0.8459	0.5786	5	388	1926	19	2014.535912
water vapor	-0.2873	-0.3175	1	493	2122	20	2011.155556
wave	0.0102	-0.5628	1	1207	31972	305	2010.934812
wave activity	0.4398	-0.9093	2	497	2728	28	2011.927757
wave climate	-0.5248	-0.2263	5	460	2832	26	2012.888889
wave model	0.3194	-0.6068	2	372	1544	13	2013.314286
wave propagation	0.2296	-0.9462	2	379	1656	16	2011.029586
wave train	-0.725	-0.6022	1	795	7720	68	2013.265683
wavelet	-0.9901	0.1687	5	443	2252	22	2011.611765
wavelet analysis	-0.9542	0.0036	5	322	1316	14	2011.888889
wavenumber	0.0697	-0.3717	3	515	2978	28	2009.508621
weather	-0.1046	0.4659	3	1095	16818	157	2012.202602
weather forecasts	0.1096	0.1396	3	793	6596	62	2011.889868
weather patterns	-0.1084	0.5964	3	480	2092	13	2013.369565
weather stations	5e-04	1.0015	3	512	3158	32	2012.035461
weather systems	-0.3889	0.6623	3	342	1164	12	2011.348485
weddell	0.5194	0.9035	4	827	9174	84	2008.661238
weddell sea	0.4315	0.9618	4	759	7336	67	2008.40797
west antarctic	0.1319	1.0114	3	702	5462	52	2012.620545
west antarctic ice sheet	0.0048	1.1853	3	319	1316	13	2012.443182
west antarctic peninsula	0.2884	1.0185	4	340	1400	12	2013.721649
west antarctica	0.1879	0.95	3	868	10072	95	2012.746114
westerlies	-0.0353	-0.0188	3	968	10292	97	2011.018405
western australia	-1.1891	0.1515	5	321	1398	13	2009.384615
western north pacific	-0.912	-0.9901	1	371	2028	24	2011.77193
western pacific	-0.7611	-0.5898	1	637	4734	46	2012.195402
western pacific ocean	-0.0665	0.4635	4	321	1340	13	2010.931818
western pacific subtropical high	-0.9433	-0.8842	1	359	1768	16	2013.72973
whole atmosphere	0.9523	-0.7921	2	353	1822	18	2014.509434
whole atmosphere community climate	1.0738	-0.7393	2	319	1644	16	2014.673913
whole atmosphere community climate model	1.0726	-0.7409	2	319	1644	16	2014.673913
wildfire	-0.6341	0.7309	5	292	1330	13	2014.10177
wind	0.3446	-0.0395	4	1268	47880	460	2010.366929
wind field	-0.0566	0.1358	3	490	2116	19	2008.951515
wind shear	-0.5098	-0.9424	1	337	1242	13	2009.66
wind speed	0.1042	0.191	3	749	4826	49	2011.054286
wind stress	0.8445	-0.1212	4	694	5298	50	2008.608177
wind stress curl	0.5604	-0.6718	4	342	1286	12	2009.383562
winter	-0.1643	-0.0828	5	1259	43404	415	2011.016141
winter climate	-1.0898	-0.1073	5	328	1520	14	2011.949438
winter precipitation	-0.7906	0.1716	3	366	1376	12	2012.153374
winter rainfall	-1.185	0.0097	5	485	3336	34	2010.894737
winter sea ice	0.6411	0.8184	4	426	1874	19	2012.321053
winter season	-0.3688	0.0722	3	403	1706	16	2011.059908
winter temperatures	-0.1935	0.4525	3	546	2430	21	2011.726962
wintertime	-0.4001	-0.6939	1	482	2370	22	2011.622989
work	0.0574	-0.1178	5	938	8090	81	2012.585814
world	0.1504	0.1351	4	681	4282	38	2011.293273
world ocean	0.4492	0.0661	4	371	1376	11	2007.82598
yangtze	-0.9493	-0.9495	1	386	2396	22	2013.226804
yangtze river	-0.9555	-0.9359	1	373	2220	20	2013.219512
yangtze river valley	-1.0432	-0.9828	1	299	1554	14	2012.551724
zonal	0.2231	-0.6006	2	759	5564	53	2008.993976
zonal wavenumber	0.084	-0.3918	3	476	2854	26	2009.169014
zonal wind	0.4286	-0.7593	2	506	2578	24	2010.512195
zone	-0.2837	0.2285	5	994	10750	99	2010.917256
