id	x	y	cluster	weight<Links>	weight<Total link strength>	weight<Keyword count>	score<Avg year>
20th century	-0.7453	0.4877	5	124	290	3	2011.125
abrasion	0.0249	0.9197	1	180	480	4	2011.636364
abundance	-0.6244	-0.4829	2	128	272	3	2012.159769
acceleration	-0.1552	0.4241	1	347	960	8	2012.217042
accommodation	-0.5776	-0.4663	2	170	432	4	2010.75
accommodation space	-0.7737	-0.4197	2	101	220	2	2010
accretion	-0.2815	0.0035	2	304	848	7	2009.336634
accretionary coast	0.2344	0.7484	1	86	184	2	2008
accumulation	-0.4471	-0.0145	3	515	1738	16	2011.1675
accumulation rates	-0.886	-0.5279	3	205	480	3	2010.201613
accuracy	0.0551	0.2016	5	110	258	3	2012.031588
acidification	1.4847	-0.6851	4	15	60	2	2014.569472
acquisition	-0.4942	0.8376	5	125	258	2	2012.112069
action	-0.01	0.3198	1	478	1686	17	2009.595808
active layer	0.7997	0.8835	1	160	372	3	2012.332634
active margins	-0.8955	-0.5421	3	166	364	2	2013
activity	-0.1513	0.2165	3	649	2344	19	2011.741747
adaptation	-0.0168	0.9454	1	104	242	3	2013.458029
adcp	0.3185	-0.6357	2	94	198	2	2007.919643
addition	0.9353	-0.3929	4	362	1116	10	2012.072879
adjustment	-0.8615	-0.0725	3	142	330	3	2011.543956
advance	-0.7758	0.1704	5	270	732	7	2012.223684
adventfjorden	0.4031	0.8394	1	91	200	2	2015.8
aerial	-1.1248	0.4367	5	83	170	2	2012.465517
aerial imagery	0.3329	1.1994	1	121	272	2	2015.518519
aerial photographs	0.1117	0.9699	1	251	700	5	2010.535714
aerial photography	0.7394	0.8527	1	70	166	2	2010.65
age	-0.8684	0.1924	5	413	1440	13	2010.368729
aggradation	-0.4087	0.0612	5	314	918	8	2012.058824
aggregates	0.0848	-0.7031	2	95	208	2	2009.96124
agreement	1.3174	0.0895	4	211	630	5	2010.554303
air	0.4299	0.4901	1	430	1446	11	2011.976061
air temperature	0.3987	0.4352	1	353	1070	8	2012.218924
alabama	0.1958	-0.7437	2	84	188	2	2012.625
alaska	0.4403	0.335	1	715	3732	36	2010.597746
alaska beaufort sea	0.9852	0.1883	4	128	336	3	2012.545455
alaska north slope	0.3788	0.849	1	141	374	4	2011.71978
alaskan	0.2719	0.6949	1	324	962	8	2011.071579
alaskan beaufort sea	0.6836	0.7009	1	122	310	3	2012.294118
algorithm	0.2166	-0.2472	2	225	564	6	2011.916828
alluvial fan	-1.1517	-0.0271	5	148	368	3	2013.233333
alpine	-0.2209	0.5951	1	105	230	2	2012.280161
amundsen	0.6	-1.0011	2	122	282	2	2012.553846
amundsen gulf	0.5992	-1.0013	2	122	282	2	2012.409091
analogue	0.1482	-0.9564	2	117	264	3	2011.282609
analysis	-0.072	0.3701	1	924	4816	49	2011.656462
analysis system	0.0522	0.962	1	189	496	4	2011.352941
analytical model	0.4836	0.6589	1	65	136	2	2006.887324
anchor ice	-0.7238	-0.7511	2	98	216	2	2008.4
ancient	-0.7953	-0.1597	3	87	188	2	2012.618557
angle	-0.3112	-0.7599	2	122	262	2	2010.915493
annual	0.892	0.3222	4	94	222	3	2010.264808
annual cycle	-0.3613	-0.4056	2	104	234	2	2009.189944
annual variability	0.2324	1.0621	1	92	202	2	2012.096045
annual variation	0.522	0.9735	1	132	290	2	2011.130137
anomaly	0.1693	0.0751	1	201	448	5	2010.997204
antarctic	-0.9445	0.0395	3	146	366	5	2010.797819
antarctic peninsula	-1.2281	0.184	3	107	260	3	2011.82716
antarctica	-0.8309	-0.1123	3	305	780	7	2011.220175
application	-0.0929	0.2776	1	178	450	7	2012.361823
approach	0.0017	0.1597	1	443	1372	14	2013.011682
archipelago	-0.6516	0.2161	5	340	1076	10	2011.082609
architecture	-0.8741	-0.077	3	254	680	6	2011.802326
archives	-0.5472	0.2454	3	283	866	8	2012.62249
arctic	0.2872	0.1407	1	1306	12022	124	2012.189504
arctic alaska	0.5752	0.5894	1	173	448	5	2012.700935
arctic archipelago	-0.7058	0.1674	3	205	598	5	2012.018987
arctic assessment	0.7303	0.2635	1	91	192	2	2013.714286
arctic canada	0.4434	-0.4971	4	126	336	4	2010.042017
arctic change	0.2067	0.6008	1	78	164	2	2013.297297
arctic climate	0.3013	0.4003	1	446	1544	12	2013.150824
arctic coast	0.2005	0.6155	1	565	2552	26	2011.666667
arctic coastal dynamics	-0.0327	0.6396	1	153	380	5	2011.666667
arctic coastal erosion	0.5519	1.0363	1	265	876	7	2014.846154
arctic coastal zone	0.0817	1.1665	1	96	218	2	2007.8
arctic coastline	0.5552	0.9056	1	135	326	3	2012.111111
arctic conditions	0.1654	-0.0249	2	167	454	5	2011.352113
arctic delta	-0.562	-0.1759	5	111	242	2	2010.4375
arctic environments	0.1444	-0.1427	4	158	356	3	2012.708108
arctic freshwater	0.1838	-0.606	2	152	366	3	2012.838983
arctic ice	0.5139	-0.0114	2	199	536	5	2013.034188
arctic morphology	0.4029	0.8003	1	69	158	2	2010.666667
arctic observations	0.5695	0.1194	1	141	302	2	2013.9125
arctic ocean	0.4734	-0.2206	2	524	2056	20	2010.893127
arctic permafrost	0.4007	1.1071	1	157	422	4	2014.890173
arctic regions	0.2681	0.7614	1	152	358	3	2013.278834
arctic rivers	-0.166	0.1619	5	253	706	7	2011.739496
arctic sea ice	0.0844	0.8198	1	253	802	9	2014.367364
arctic sea ice extent	0.32	1.2429	1	92	222	2	2015.271084
arctic seas	0.1889	0.8646	1	351	1262	14	2014.010669
arctic sediments	-0.3023	-0.5431	3	111	254	3	2009.5875
arctic shelf	0.9731	-0.4151	4	301	906	10	2011.55615
arctic storm	-0.0219	0.5772	1	167	424	4	2012.55
arctic summer	0.6544	1.1095	1	131	282	2	2013.466368
arctic system	0.539	0.8756	1	139	344	3	2013.735294
arctic waters	0.633	-0.3823	2	110	236	3	2011.466431
area	-0.0218	-0.0186	3	1260	8962	84	2011.37466
asia	-0.8876	-0.0569	3	67	144	2	2013.012594
aspect	2.0055	-0.3657	4	84	330	2	2011.749104
assemblages	-0.5152	-0.2761	3	116	236	2	2012.247588
assessment	0.7048	-0.0654	4	435	1566	15	2013.024899
association	-0.4711	-0.2686	2	88	188	3	2011.081886
atlantic	-0.5591	-0.0291	3	211	528	5	2010.236737
atlantic coast	-0.5129	-0.5643	3	119	254	2	2009.675
atmosphere	1.4004	0.1167	4	180	576	4	2011.581199
attack	0.5824	1.1402	1	137	334	2	2009.363636
attention	-0.3557	0.4477	3	245	614	6	2012.917808
australia	-0.5487	0.0716	3	113	250	3	2010.617438
austre lovenbreen	-0.9256	0.6673	5	94	244	2	2016.333333
autumn	0.1455	0.2055	1	191	452	4	2011.726708
availability	-0.587	0.58	5	209	546	5	2012.908905
awareness	-0.1524	0.0807	2	116	246	2	2014.701754
backscatter	0.3647	-0.8296	2	155	354	3	2011.126712
balance	0.0109	0.1337	1	295	894	10	2011.539286
baltic	-0.8261	-0.6346	3	94	200	2	2011.08982
baltic sea	-0.8268	-0.6339	3	94	200	2	2011.529412
banks	0.5521	0.7342	1	73	158	2	2009.070423
barents	0.6753	0.4217	4	96	206	2	2010.39816
barrier	-0.4719	0.1129	3	577	2422	22	2010.248366
barrier coast	-0.9364	0.3378	5	130	288	2	2009.666667
barrier evolution	-0.6625	0.0036	3	81	182	2	2005.5
barrier islands	-0.139	-0.048	3	317	1044	10	2009.266667
barrier spit	-0.6749	-0.3458	2	81	166	2	1995.5
barrow	0.2725	0.4215	1	276	786	8	2011.224344
barrow alaska	0.3796	0.4263	1	232	660	7	2010.863014
baseline	0.3325	0.2895	1	134	302	4	2012.74934
basin	-0.393	-0.2266	2	438	1460	16	2010.09645
bathymetry	0.0549	0.1079	4	231	552	5	2011.112299
bay	-0.1612	-0.3355	2	780	3286	30	2010.11814
baydaratskaya bay	0.557	0.6906	1	158	390	3	2014.75
beach	-0.6211	0.0805	3	750	3828	39	2008.855932
beach morphology	-0.8671	0.245	3	116	252	2	2014.5
beach ridges	-0.9225	0.1023	3	455	1878	19	2010.535714
beach-ridge plain	-1.1563	0.3311	3	106	236	2	2016
beaufort	0.4615	-0.154	2	977	6784	65	2010.621769
beaufort margin	0.7464	-0.4135	4	75	182	2	2015.333333
beaufort regional environmental assessment	0.6075	-0.907	2	124	306	2	2016
beaufort sea	0.3933	-0.1363	2	909	5786	55	2010.009921
beaufort sea coast	0.4132	0.5686	1	388	1458	14	2007.535714
beaufort sea coastline	0.4857	0.6202	1	145	386	4	2008.428571
beaufort sea shelf	0.7356	-0.672	4	82	188	2	2012.133333
beaufort shelf	0.5762	-0.6928	2	349	1132	10	2009.78125
bed	-0.1455	-0.4977	2	356	1044	10	2012.649281
bedrock	-0.7226	0.0674	3	197	468	4	2011.093588
behavior	-0.6144	0.6937	5	114	254	2	2011.103784
behaviour	-0.5166	-0.1016	2	118	258	3	2010.943662
bellsund	-0.5733	0.3944	5	83	178	2	2016.142857
belt	-0.6795	-0.027	2	162	432	4	2010.458182
benthic foraminifera	-0.7043	-0.2428	3	114	250	2	2011.4375
bering	-0.1087	0.4996	1	184	484	5	2009.747987
bering sea	-0.0537	0.4273	1	151	380	4	2009.417822
billefjorden	-1.1723	0.2108	5	136	354	3	2014.75
bioturbation	-0.8263	-0.8234	3	115	306	3	2008.928571
block failure	0.8626	0.6653	1	92	250	3	2013.5
body	-0.3163	-0.6592	2	191	430	4	2011.227462
border	0.4978	0.3784	5	177	392	3	2011.672897
borehole	0.5257	-0.4868	4	101	210	2	2012.604563
borehole logs	0.9679	-0.2798	4	80	184	2	2015.833333
bottom boundary layer	0.3332	-0.8407	2	199	582	5	2008.092308
bottom currents	0.036	-1.0118	2	178	544	5	2008
bottom sediments	0.4037	-0.7658	2	219	576	5	2010.605263
bottom water	1.0406	-0.4674	4	97	214	2	2008.220624
boulder barricades	-0.4147	-0.7963	2	82	172	2	2002.5
boulders	-0.5782	-0.4798	2	202	546	7	2007.94958
boundary	-0.0312	-0.1441	3	385	1068	11	2008.420868
boundary conditions	1.0378	-0.3159	4	120	280	2	2010.430736
boundary layer	0.3333	-0.8393	2	199	582	5	2009.971272
bp	-0.7875	-0.1213	3	446	1600	15	2012.006369
breaching	-0.4242	0.3819	1	161	462	4	2008.214286
breakup	0.0472	-0.3839	2	192	480	5	2010.190083
budget	-0.4622	-0.5202	2	257	714	6	2011.153068
building	-0.5625	0.55	3	181	436	4	2011.116071
buildup	0.7812	0.3246	4	105	232	2	2011.916667
bykovsky peninsula	0.067	-0.0569	4	96	212	2	2012.571429
c-14	-0.8106	-0.1629	3	78	164	2	2010.938406
california	-0.5716	-0.8382	2	75	154	2	2009.673387
canada	0.2755	-0.1426	4	699	3064	29	2011.058788
canadian	0.2575	-0.2541	2	642	2814	25	2010.480463
canadian arctic	0.0683	0.4355	1	420	1380	12	2012.163636
canadian arctic archipelago	-0.7278	0.4589	3	171	484	4	2012.547826
canadian beaufort sea	0.3342	-0.6341	2	360	1282	12	2005.692308
capacity	-0.4904	0.5043	5	191	474	5	2013.094099
cape	0.2475	0.7068	1	194	480	4	2009.255255
carbon	0.4297	-0.2556	4	551	2122	20	2013.107259
carbon content	0.7711	-0.3988	4	95	234	3	2012.688
carbon cycle	-0.4745	-0.1566	3	190	428	3	2014.082353
carbon flux	0.7674	-0.2484	2	193	510	4	2012.72381
case	-0.104	0.4572	1	543	2010	21	2010.847835
case study	0.023	0.7213	1	334	1014	10	2012.678179
catchment	-0.7975	0.122	5	267	686	5	2013.188825
cause	-0.1762	0.8869	1	110	264	3	2011.675244
century	-0.4623	0.5991	5	520	1998	19	2012.205869
ch4	1.2593	-0.333	4	70	154	2	2014.017857
change detection	0.3924	0.9195	1	227	622	5	2012.679612
changes	0.0929	0.2482	1	1316	11044	103	2012.206219
channel	-0.4664	0.0797	5	533	2000	19	2009.903036
characteristics	-0.3541	0.0688	3	483	1510	16	2010.936545
characterization	0.2052	0.371	1	83	168	2	2012.72969
cheniers	-0.7795	0.0321	3	132	306	3	2003.666667
china	-0.9741	-0.0288	3	116	278	3	2013.948798
china sea	-1.0016	0.0283	3	100	222	2	2013.311594
chlorophyll	0.0055	-0.6141	2	83	172	2	2011.700197
chlorophyll alpha	-0.6183	-0.6996	3	82	166	2	2012.767568
chronology	-0.5537	0.0291	3	163	398	4	2010.47
chukchi	0.185	0.0677	1	204	550	6	2012.695271
circulation	0.3524	-0.5561	2	266	788	6	2010.44219
circumpolar	2.0049	-0.3619	4	84	330	2	2008.65295
circumpolar region	2.0044	-0.3673	4	84	330	2	2010.344828
citation	0.5433	1.1799	1	71	192	2	2010.689507
classification	0.2726	0.2447	1	221	584	7	2011.561043
clast	-0.8146	-0.0491	3	110	242	3	2007.057692
clay	0.2016	-0.6425	2	260	648	6	2009.622093
cliff erosion	-0.0395	0.7443	1	111	252	3	2013
cliff retreat	0.1812	0.7521	1	232	592	5	2010.5
cliffs	0.3109	0.6041	1	364	1330	15	2010.535714
climate	0.017	0.1655	3	1050	6228	53	2012.847305
climate change	0.2237	0.3589	1	734	3392	30	2013.106897
climate change scenarios	0.7104	-0.1177	2	169	374	2	2012.470588
climate drivers	-0.2763	0.3688	1	94	202	2	2014.7375
climate impacts	0.1411	1.0804	1	101	226	2	2013.568493
climate model	0.2065	0.8287	1	116	254	2	2013.16224
climate scenarios	0.3657	-0.6512	2	131	296	2	2013.937824
climate variability	0.1643	1.0613	1	70	166	2	2012.20898
climate warming	-0.0972	0.7333	1	169	414	4	2013.628339
climatic conditions	-1.0584	0.3097	3	128	326	3	2011.992424
climatic events	-0.9694	0.105	3	89	194	2	2012.435644
clinoforms	-0.4444	-0.7863	2	120	268	2	2005
cluster	-0.6009	0.214	3	173	410	5	2011.949896
cluster analysis	-0.1263	0.1704	1	98	224	3	2012.636905
coast	-0.049	0.2951	1	1214	10376	98	2010.134684
coast evolution	-0.3896	0.6689	5	92	200	2	2014
coastal	0.1698	0.3676	1	1017	6518	66	2010.739865
coastal alaska	0.1007	0.7811	1	128	278	2	2010.5
coastal arctic	0.2433	0.9317	1	73	158	2	2011.777778
coastal areas	-0.4531	0.4509	5	328	1026	9	2012.54386
coastal bluff	0.7216	0.863	1	82	184	2	2016.5
coastal changes	-0.1178	0.7226	1	336	1094	10	2013.5
coastal cliff	0.3529	0.8137	1	120	276	3	2011.333333
coastal communities	0.2895	0.6816	1	100	236	2	2015.533333
coastal deposits	-0.3215	-0.0304	3	83	196	2	2004.571429
coastal dunes	-0.508	0.7927	1	115	256	2	2005
coastal dynamics	0.3811	0.6533	1	405	1530	16	2013.777778
coastal environments	-0.7094	0.1223	3	314	910	8	2012.679012
coastal erosion	0.2818	0.5679	1	880	5824	52	2012.326087
coastal evolution	-0.734	0.4334	3	538	2306	20	2011.096774
coastal geomorphology	-0.1494	0.8566	1	288	852	7	2015.894737
coastal hazards	0.1567	0.7558	1	139	346	3	2014.75
coastal ice	-0.3169	-0.1184	2	157	432	4	2010.351351
coastal impacts	-0.5479	0.8526	1	128	290	2	2014.083333
coastal marine	0.5294	-0.0084	1	129	284	2	2012.349206
coastal morphology	0.129	-0.1115	2	213	558	6	2007.375
coastal permafrost	0.3138	1.2264	1	109	256	2	2016.230769
coastal plain	1.4912	0.0231	4	219	702	5	2011.185185
coastal processes	-0.2633	-0.0874	2	197	538	7	2011.52
coastal protection	-0.1957	0.9012	1	124	268	2	2015.2
coastal regions	0.4612	0.5354	1	240	646	6	2011.633188
coastal response	-0.275	0.8109	1	208	494	4	2013.5
coastal retreat	0.6068	0.5878	1	500	2124	19	2009.818182
coastal sediments	-0.251	-0.4582	3	172	426	5	2009.054054
coastal sites	-0.1072	-0.3075	2	119	260	2	2012.2
coastal storms	-0.6551	0.4312	3	140	292	2	2010.142857
coastal waters	0.4893	-0.514	2	135	296	2	2011.971338
coastal zone	-0.2006	0.3625	5	496	1814	19	2011.138158
coastline	0.3147	0.311	1	833	4716	47	2010.273529
coastline erosion	0.6895	0.7414	1	171	484	5	2011.166667
coastline retreat	0.7906	0.8838	1	223	706	5	2015.666667
coefficients	-0.318	-0.6375	2	218	544	6	2010.617647
cold	-0.2411	-0.935	2	138	342	3	2011.824903
cold regions	0.2342	0.7079	1	96	202	2	2013.059524
collapse	0.8072	0.8492	1	146	342	3	2012.51938
column	0.8283	-0.3854	4	295	820	7	2010.224159
colville delta	-0.5081	0.0051	3	87	190	2	2012
colville river	-0.4256	0.106	3	115	266	3	2013.833333
combined flows	-0.0038	-1.1094	2	89	224	2	1998
community	-0.0261	0.51	1	370	1120	11	2013.620087
compaction	-0.4189	-0.4473	2	140	296	3	2013.106796
comparison	0.4605	-0.1656	2	514	1862	19	2010.70057
compilation	0.0566	-0.2613	3	69	148	2	2012.019048
complex	-0.4381	0.0751	3	430	1428	13	2011.908387
composition	0.6825	-0.2575	4	423	1340	11	2012.45256
concentrations	0.3272	-0.4494	2	598	2284	20	2011.643222
concept	-1.2383	0.2079	3	72	152	2	2011.306773
condition	-0.0714	-0.3429	3	239	590	5	2010.79798
conductivity	0.5208	-0.479	4	130	290	3	2011.544304
configuration	-0.4619	-0.2533	2	158	382	4	2012.603053
consequences	-0.1437	0.0651	3	113	258	3	2012.275862
constraints	0.222	-0.1171	4	239	592	6	2011.060453
construction	0.0365	-0.0481	1	184	444	5	2011.684729
contact	-0.8116	0.2619	5	100	212	2	2011.307692
content	0.4985	-0.151	4	534	1932	19	2011.761593
continental	0.7749	-0.4308	4	155	354	3	2010.243993
continental margins	-0.3666	-0.4735	3	220	500	3	2010.39759
continental shelf	0.0903	-0.6762	4	367	1174	10	2010.424501
continental shelves	1.0683	-0.4733	4	137	334	3	2010.369565
continuous permafrost	0.6883	0.5018	1	123	272	3	2013.076923
contraction	-0.7065	0.029	5	137	290	2	2011.387387
contrast	0.1211	-0.4699	2	449	1328	13	2011.509677
control	-0.1713	0.0402	3	544	1682	14	2012.474255
conversion	-0.6855	-0.3109	3	161	352	2	2010.995798
coral reefs	-0.8426	-0.0026	3	153	362	3	2010.852459
core	-0.2621	-0.6857	3	483	1654	14	2010.446523
correlation	-0.0154	0.1542	1	363	976	10	2011.333794
costs	0.8371	0.5513	1	140	318	3	2013.503597
cover	-0.2795	0.0389	2	513	1892	18	2011.664763
coverage	-0.6186	0.4034	3	179	402	4	2012.329283
crest	-0.4685	-0.3339	2	149	360	3	2006.581081
criteria	-0.008	-0.0207	1	185	444	4	2010.149038
cross-section	-0.431	-0.3559	2	60	122	2	2010.444444
crown	-0.1057	-0.3038	2	79	162	2	2011.075472
cryogenic processes	-0.1842	0.1432	2	75	156	2	2012.392857
cryosphere	0.3994	-0.1875	4	98	206	2	2014.539877
cs-137	-0.6784	-0.5911	3	183	486	5	2010.969697
current	0.2815	-0.5525	2	698	3130	27	2008.757215
current measurements	0.0984	-1.0264	2	134	340	3	2004.949495
current velocity	-0.3068	-0.9016	2	111	272	3	2008.28125
currents transport	0.0015	-0.9231	2	145	364	3	2010.3125
cycle	0.0306	-0.0762	2	311	828	8	2011.47296
cyclones	-0.2746	-0.389	2	229	626	6	2011.69697
damage	0.1881	1.1004	1	132	324	3	2013.018116
data	0.147	0.0925	1	1167	7872	74	2011.015066
data set	-0.6275	0.1517	5	185	420	4	2010.433246
data sets	0.3414	-0.3376	2	218	554	6	2011.63144
data/model	0.1412	0.6604	1	81	194	3	2011.4
database	0.1223	0.6216	1	139	344	4	2012.403509
dataset	0.0181	0.3978	3	211	508	4	2012.68054
date	-0.5134	0.1122	3	407	1266	12	2012.087051
dating	-1.0542	-0.0015	3	188	430	4	2010.925926
death	-0.0875	-0.6937	2	133	376	5	2010.181818
death valley	-0.136	-0.8575	2	83	264	4	2005.3
debris	-0.1613	-0.1262	2	136	302	3	2009.221983
decadal scale	0.2296	1.2553	1	92	196	2	2010.775758
decay	-0.5277	0.0527	5	126	262	2	2010.074434
decision-making	0.2897	1.1152	1	128	306	3	2015.4
decomposition	1.5816	-0.475	4	174	596	4	2012.585736
deep lakes	-0.9205	-0.5885	2	133	364	3	2010.428571
definition	-0.4319	-0.4612	2	103	210	2	2010.611111
deformation	-0.6262	-0.2623	3	297	716	5	2010.55336
deglaciation	-0.5153	-0.0944	3	226	562	5	2010.986813
degradation	0.7806	-0.1564	4	474	1670	15	2013.464824
degradation rates	1.257	-0.2475	4	136	342	3	2013.465116
delineation	0.4142	-0.354	4	124	274	3	2012.196721
delivery	-1.0577	0.0184	3	263	728	5	2013.849246
delta	0.0301	-0.099	4	911	4972	44	2010.255844
delta front	0.08	-0.3352	2	153	350	3	2004.75
delta morphology	-0.3784	-0.1339	2	136	318	3	2011.333333
deltaic	-0.4793	-0.6641	2	179	430	4	2009.0625
density	0.027	-0.1316	2	214	486	4	2009.879211
dependence	0.4905	-0.0601	4	146	346	4	2010.591411
deployment	0.282	-1.0359	2	129	282	2	2011.833333
deposition	-0.4125	-0.1231	2	660	2528	23	2012.094256
depositional	-0.9535	-0.4602	3	106	224	2	2007.928571
depositional processes	-0.4794	0.2104	3	105	216	2	2013.142857
deposits	-0.0851	-0.2002	3	751	3294	29	2011.200561
depression	-0.5878	-0.0162	3	174	400	3	2010.355769
depth	0.4151	-0.4608	2	792	3778	36	2010.672402
description	-0.5995	-0.7283	2	123	282	3	2009.996622
destruction	-0.8829	-0.7856	2	96	200	2	2009.634146
detection	0.5071	0.6298	1	370	1204	11	2012.417625
development	-0.2319	0.0933	1	886	4412	42	2011.773084
dgps	-0.4802	0.7533	5	113	252	2	2013.882353
diameter	-0.101	-0.7785	2	156	358	3	2010.091346
difference	0.386	0.6688	1	106	230	2	2011.163032
digital	-0.1206	0.9557	1	243	636	5	2011.621359
digital elevation model	0.1009	0.9212	1	300	902	8	2012.770142
digital shoreline analysis system	0.0724	1.0002	1	144	348	3	2016.75
direct current	1.2168	-0.0735	4	105	258	2	2005.815789
disaster	-0.3189	0.2355	2	93	194	2	2013.783784
discharge	0.3008	-0.4713	4	650	2510	20	2012.354474
discrepancies	0.1201	-0.2444	2	198	444	4	2011.321353
disko	-0.7065	0.1641	3	136	318	4	2011.108696
disko island	-0.568	0.456	3	77	164	2	2011.733333
dispersal	0.1169	-0.5938	2	258	728	6	2011.394973
displacement	-0.2381	-0.377	2	226	544	6	2010.607877
distance	0.2837	-0.254	2	410	1314	14	2011.010448
distributary channel	-0.4642	-0.767	2	128	306	2	1999.5
distribution	0.4664	-0.1738	4	682	2776	25	2010.907306
disturbance	0.1332	0.2044	1	132	290	3	2011.750678
diversity	-0.1729	0.1915	1	159	364	4	2013.553494
doppler	0.4254	-0.7547	2	145	342	3	2008.887324
downwelling	0.3786	-0.9483	2	127	286	2	2010.405063
drainage	0.0253	0.0748	4	186	472	6	2012.254459
drainage basin	-0.0314	0.1394	4	51	112	2	2010.668367
drift	-0.654	-0.0914	2	241	606	5	2009.705986
drilling	0.8071	-0.2726	4	107	246	3	2011.883459
drivers	0.1309	0.8856	1	300	868	7	2015.864011
drowning	-0.487	-0.6317	2	155	348	3	2008.9
dsas	-0.0253	0.9259	1	159	380	3	2015.666667
dunes	-0.3531	0.3159	1	259	696	7	2009.515152
duration	0.3603	0.8422	1	377	1428	12	2012.189258
dynamic changes	-0.2035	0.6293	1	81	170	2	2013.259259
dynamics	0.2314	-0.0125	2	789	3846	37	2012.382241
early spring	-0.1592	-0.7077	2	130	278	2	2010.921788
earth	0.2829	0.015	4	434	1342	11	2012.416212
earth science	-0.6845	-0.1489	3	181	392	3	2011.384615
earth surface processes	-0.8141	0.4388	3	96	214	2	2013.846154
earthquakes	-0.8684	-0.3172	3	225	512	3	2011.096774
east	0.6144	-0.2771	4	455	1598	18	2011.088561
east siberian arctic	1.4186	-0.6093	4	49	144	3	2014.723404
east siberian arctic shelf	1.4184	-0.6086	4	49	144	3	2014.368421
eastern	-0.268	-0.0347	3	136	328	4	2011.347648
ecology	-0.2984	0.2854	5	149	344	4	2012.514768
economy	-0.0829	0.0615	3	193	446	3	2013.534483
ecosystem	-0.0195	0.4347	1	363	1014	9	2013.530062
effects	0.3485	0.1375	1	760	3512	35	2011.624055
efficiency	-0.9357	-0.3491	3	221	508	3	2012.80663
el nino	-0.4073	0.659	1	60	132	2	2011.439268
el nino-southern oscillation	-0.4083	0.6591	1	60	132	2	2011.537252
electrical resistivity	1.0476	0.1856	4	135	310	3	2013.704918
electromagnetic	0.6093	0.2787	1	83	176	2	2009.9375
elements	-0.4478	0.3545	3	221	546	6	2011.89258
elevation	0.4261	0.4835	1	566	2188	18	2012.227186
elevation model	0.0074	0.9335	1	231	646	6	2012.230435
embayment	-0.0858	-0.3745	4	71	142	2	2012.954887
emergence	-0.1041	0.5362	1	195	494	6	2012.277778
emissions	1.2183	-0.4507	4	96	216	2	2013.550741
energy	-0.3871	-0.1847	2	525	1922	17	2011.753532
engineering	0.3374	0.133	1	130	314	4	2012.982353
environment	-0.0739	-0.151	3	803	3512	31	2012.515563
environmental	0.4233	-0.2832	2	191	488	4	2010.845217
environmental assessment	0.5257	-0.2902	2	173	420	3	2012.692308
environmental changes	0.1985	0.1248	1	257	642	5	2013.895683
environmental conditions	0.1493	0.992	1	236	632	5	2013.912338
environmental drivers	0.5098	1.214	1	119	266	2	2016.219178
environmental factors	0.5326	1.0483	1	136	326	2	2013.842444
episode	-0.5583	0.6764	3	161	378	3	2011.017391
equilibrium	-0.01	0.2293	3	128	302	3	2010.171186
erodibility	-0.0866	-0.5744	2	97	206	2	2012.25
erosion	0.0656	0.3276	1	1244	10944	100	2011.871716
erosion processes	0.2078	0.7654	1	229	580	4	2011.571429
erosion rates	0.5673	0.5448	1	613	2970	26	2010.701299
error	0.1046	0.0827	2	228	586	7	2011.486384
estimate	0.7794	-0.0579	4	184	448	5	2010.903093
estimation	0.2776	0.0231	2	130	294	4	2012.012407
estuarine	-0.1063	-0.6453	2	186	410	4	2010.194444
estuary	-0.2563	-0.4233	2	340	914	9	2010.621212
evaluation	-0.2517	0.672	1	82	166	2	2013.100503
events	-0.2413	-0.0903	2	927	4986	45	2012.030986
evolution	-0.5297	0.1586	3	795	4140	41	2012.05694
excess	0.3572	0.1841	2	141	328	3	2008.657895
exchange	0.4646	-0.912	2	137	292	2	2010.706601
expansion	0.4051	0.7081	1	151	348	4	2012.969492
expedition	0.9399	-0.0592	4	68	146	2	2010.922432
experiments	-0.0408	-0.1895	2	334	944	11	2011.075205
explanation	-0.6866	0.1523	3	82	174	2	2009.867769
exploration	0.7868	-0.2187	4	67	136	2	2011.678466
exposure	0.1878	0.7266	1	364	1234	11	2012.977505
extension	-0.835	0.6581	5	103	232	2	2010.251641
extent	0.3533	0.0292	1	721	3226	28	2011.835219
extraction	-0.1648	0.7761	1	131	288	3	2013.323651
extreme	0.6904	0.7177	1	160	402	4	2013.461538
extreme events	-0.0156	0.5932	1	107	242	3	2013.8
extreme wave events	-0.9057	0.313	3	81	188	2	2015.6
extreme waves	-0.9046	0.3141	3	81	188	2	2014.176471
extreme weather	0.2667	1.1884	1	121	306	3	2015.583942
extreme weather events	0.2648	1.1886	1	121	306	3	2015.245902
fabric	-0.8946	-0.7609	3	90	212	2	2009.649123
face	-0.3853	0.3288	1	182	424	4	2012.258278
facies	-0.5672	-0.7544	2	316	1026	9	2007.653061
failure	0.5923	0.3724	1	213	604	7	2011.859477
fair weather conditions	-0.2689	-1.0224	2	107	244	2	2004.333333
fair-weather	-0.2677	-1.0229	2	107	244	2	2003.5
fall	-0.1481	0.7124	1	184	494	5	2011.228402
fan	-1.0399	0.1468	5	196	568	5	2010.271845
fast	-0.6042	0.5597	5	75	158	2	2012.105263
fast ice	0.4653	0.8348	1	154	368	3	2010.587302
fate	0.7507	-0.7749	4	145	338	3	2012.348684
fault	-0.4269	0.5169	1	82	180	2	2011.869565
features	0.1819	-0.0488	4	653	2596	29	2010.384646
fetch	-0.2287	0.3124	1	333	1050	10	2010.206897
field	0.1079	-0.0684	4	931	4590	41	2010.533445
field data	-0.5413	0.5491	5	100	214	2	2011.688136
field measurements	0.2199	-0.5153	2	318	824	7	2011.524345
field observations	0.1186	-0.1266	4	167	368	3	2011.242424
field studies	-0.5201	-0.4228	2	149	354	3	2010.034286
fine sand	-0.2527	-0.7797	2	195	510	4	2010.4375
finite element	0.2689	-0.8304	2	92	190	2	2011.713675
fiord	-0.7065	0.1718	5	86	180	2	2009.71875
fjord	-0.5064	0.5776	5	159	382	4	2013.427767
floating	-0.2626	-0.8517	2	58	178	3	2010.701493
floating ice	-0.2118	-0.871	2	46	120	2	2010.777778
flood	-0.3608	-0.0448	3	435	1286	10	2013.016026
flood events	-0.464	-0.2723	3	259	640	4	2013.9
flooding	-0.1577	0.2422	1	420	1376	13	2012.61745
florida	-0.2302	0.6867	1	99	214	2	2009.880597
flotation	-0.2452	-0.8564	2	47	122	2	2010.255814
flow	0.4219	-0.5019	2	606	2646	24	2010.017411
fluctuations	-0.8932	-0.463	3	80	170	2	2009.816514
fluid	1.7084	-0.3599	4	123	426	3	2009.934901
flume	-0.368	-0.4238	2	119	252	2	2009.5
fluvial	-0.2297	0.3825	1	108	232	3	2013.054054
fluvial discharge	-0.6027	-0.3239	2	92	200	2	2008.875
fluvial processes	0.1178	0.1899	1	138	324	4	2012
flux	0.5137	0.1264	4	614	2558	22	2010.974387
foraminifera	-0.7038	-0.2438	3	114	250	2	2011.592
force	-0.4299	-0.4074	2	259	662	8	2011.140909
forcing	0.1741	0.3994	1	441	1504	13	2011.371506
forecasts	-0.0696	0.4198	5	158	410	5	2012.850526
foreshore	-0.9138	-0.0533	3	82	180	2	2008.25
formation	-0.0058	-0.1096	3	737	3194	30	2010.511811
fractal	-0.0999	0.6366	1	128	328	4	2007.388889
fractal dimension	-0.3216	0.7457	1	73	174	2	2008.769231
fraction	-0.5393	-0.036	3	302	734	5	2011.553026
framework	0.5806	0.4612	1	99	216	2	2013.208431
freeze up	-0.2262	-0.6693	2	131	290	3	2011.792683
freeze-thaw	0.1468	-0.5194	4	112	230	2	2012.06015
freeze-up	-0.1362	-0.6263	2	85	176	2	2012.224138
freezing	0.1499	-0.3458	2	220	530	5	2009.881557
frequency	-0.2177	0.0903	3	601	2160	19	2011.174374
freshwater	0.4601	-0.4002	4	432	1394	14	2011.825688
freshwater discharge	-0.0373	-0.4814	2	86	184	2	2012.191176
friction	-0.2072	-0.8031	2	181	434	5	2009.340824
friction coefficient	-0.1026	-0.6802	2	84	186	2	2009.65
front	-0.1055	-0.3844	2	338	970	10	2009.508357
frost	0.3098	-0.0725	4	74	156	2	2010.311258
frozen sediments	0.0684	-0.4938	2	152	346	4	2011.481481
frozen soil	0.2901	-0.0768	2	68	140	2	2013.244318
function	-0.2757	-0.1112	3	313	838	8	2010.972155
future	-0.3848	0.4938	3	371	1156	10	2013.712684
future climate	0.2845	0.5305	1	95	214	2	2013.848387
future research	-0.2652	0.0465	3	60	136	2	2012.992857
gap	-0.2397	0.7905	1	222	532	5	2012.915572
gas	1.1435	-0.4168	4	404	1518	13	2012.319686
gas composition	2.0038	-0.3692	4	84	330	2	2011.033333
gas hydrate decomposition	1.0437	-0.6349	4	112	266	2	2011.8
gas hydrate stability	1.9999	-0.3683	4	84	330	2	2012.153846
gas hydrates	1.2501	-0.4294	4	268	1002	9	2011.738267
gases	1.5259	-0.2778	4	202	644	4	2012.066763
generation	0.1773	0.566	1	139	312	4	2012.050847
genesis	-0.544	-0.1146	3	102	210	2	2010.829268
geochronology	-0.8548	-0.5381	3	101	226	2	2009
geographic information	-0.0662	0.7559	1	175	424	4	2010.649351
geographic information system	-0.0185	0.8085	1	179	442	4	2010.188889
geohazard	0.9305	0.032	4	152	330	2	2014.407407
geologic	0.481	-0.1491	4	74	154	2	2011.851852
geology	-0.0984	-0.0668	5	236	586	6	2011.073333
geometry	-0.8039	-0.0463	3	284	824	8	2011.419355
geomorphic	-0.4081	0.6285	1	118	242	2	2010.923077
geomorphic processes	-0.2422	0.6112	1	85	182	2	2012.104167
geomorphology	-0.4136	0.1852	1	472	1498	14	2011.886878
geomorphometry	0.0663	0.2814	1	56	116	2	2010.9
geophysical	-0.2031	-0.5224	3	71	146	2	2010.732794
geothermal	1.7933	-0.4295	4	121	422	3	2011.396552
geothermal heat	1.0859	-0.2377	4	159	404	3	2013.071429
geothermal heat flux	1.086	-0.2362	4	159	404	3	2013.22807
gis	-0.2353	0.5565	1	175	418	4	2011.154589
glacial	-0.2624	-0.6367	3	259	640	5	2011.612378
glacial history	-0.4901	-0.2923	3	90	192	2	2010.645833
glacial ice	-0.2808	-0.73	3	92	224	2	2010.732394
glacial landscapes	-1.0657	-0.0389	5	110	230	2	2014.5
glacial maximum	-0.325	-0.5888	3	213	526	4	2011.882521
glacial valley	-0.4455	-0.7861	2	120	268	2	2011.333333
glaciation	-0.7283	-0.0403	3	60	120	2	2009.656667
glacier	-0.867	0.3386	5	314	1082	11	2012.551157
glacier retreat	-1.0647	0.4426	5	179	482	4	2014.020513
glacigenic sediments	-1.1244	0.4644	5	106	246	2	2011.181818
global	0.5533	0.2962	4	306	872	9	2012.401509
global change	0.8993	0.1116	4	144	308	2	2010.717949
global climate	0.5916	0.1374	4	150	342	3	2012.960148
global sea level	0.1449	0.2708	4	190	462	4	2012.593596
gpr	-0.9883	-0.0151	3	153	386	4	2012.49359
gps	-0.0981	0.8692	5	99	216	2	2011.867769
gradient	0.7212	-0.3551	4	415	1500	13	2011.354256
grain	-0.5725	-0.1448	3	313	868	9	2011.304833
grain size	-0.4567	-0.3065	3	282	752	8	2011.854054
gravel	-0.6024	0.2999	3	416	1476	14	2010.547619
gravel beach	-0.9604	0.4046	3	259	856	7	2011.666667
gravity	-0.5843	-0.8658	2	94	210	2	2010.857664
great lakes	-0.5704	-0.2543	2	75	184	2	2008.913793
greenhouse	1.456	-0.248	4	242	766	5	2012.619866
greenhouse effect	2.0021	-0.3662	4	84	330	2	2008.830769
greenhouse gases	0.929	-0.1721	4	139	314	2	2012.497653
greenland	-0.6422	0.1826	3	325	944	10	2011.434214
greenland ice	-0.5794	0.5085	3	109	232	2	2013.011636
grid	0.3007	-0.4957	2	135	284	2	2011.079167
ground ice	0.4158	0.3673	1	319	970	8	2012.7
ground ice content	0.1586	0.8836	1	166	400	3	2012.97561
ground surface	0.2407	0.7374	1	92	204	2	2011.28777
ground temperature	0.6719	0.5364	1	156	388	4	2011.918635
ground-penetrating radar	-1.0283	-0.0164	3	169	446	4	2012.766917
groundwater	0.7331	-0.6521	4	156	356	3	2013.564784
groundwater flow	1.0636	-0.4934	4	121	270	2	2014.612903
group	-0.5511	-0.1228	3	63	130	2	2011.722362
growth	-0.5101	0.0588	3	383	1058	9	2011.406319
habitat	0.2394	0.6135	1	160	404	4	2012.561584
halocline	0.7885	-0.6447	4	110	238	2	2008.752727
harbour	0.2709	0.5158	1	62	128	2	2010.428571
hazard	-0.1335	0.4267	1	387	1202	11	2012.855072
head	-0.2663	-0.8626	2	100	212	2	2010.621429
heat	0.8068	-0.2813	4	246	676	7	2011.129975
heat flux	1.0858	-0.2382	4	159	404	3	2010.709804
heat transfer	0.8367	0.0973	4	136	330	3	2009.898058
height	0.1052	0.1513	1	451	1610	16	2010.601343
hemisphere	-0.79	0.1142	3	70	172	2	2010.968158
herschel island	0.6576	0.7496	1	285	968	8	2014.407407
herschel island qikiqtaruk	0.6359	-0.1525	4	107	220	2	2014
high accuracy	0.0508	0.3557	5	70	152	2	2012.55
high arctic	-1.1002	0.3674	5	127	312	3	2013.319239
high energy	-1.1053	-0.2621	3	107	222	2	2009.724138
high latitudes	-0.3761	0.3305	3	185	446	4	2011.932029
high spatial resolution	0.6551	0.4907	1	143	320	2	2013.379085
high-resolution	0.2314	0.0821	1	502	1698	14	2012.264879
high-resolution seismic	0.0774	-0.7971	2	129	294	3	2011.176471
hillslope	-0.8956	-0.4861	3	154	340	2	2013.76
historical	0.7078	0.4544	1	147	336	3	2011.854651
historical records	0.2926	0.6284	1	138	316	4	2011.023529
history	-0.3001	-0.1886	3	487	1634	16	2011.001969
hokkaido	-0.2047	-0.6603	2	54	126	2	2008.23913
hokkaido japan	-0.2039	-0.6605	2	54	126	2	2007.428571
holocene	-0.559	-0.2909	3	696	3254	31	2010.62959
holocene evolution	-0.906	0.3139	3	81	188	2	2013
holocene relative sea level	-0.6979	-0.216	3	165	462	5	2011.108696
holocene sea level	-0.447	-0.2256	3	252	792	8	2010.037383
holocene sediments	-0.3203	-0.6532	3	117	268	3	2008.829787
hornsund	-0.1992	0.4542	5	96	214	3	2015.137931
hotspot	-0.1266	0.3667	1	92	192	2	2015.44586
hudson	-0.3547	-0.6774	2	186	496	5	2008.012876
hudson bay	-0.3537	-0.6773	2	186	496	5	2008.175879
human activities	0.3188	0.1341	2	153	338	3	2013.345725
human impact	0.1254	0.6673	1	159	368	4	2013.236842
hurricane	-0.6188	-0.1462	2	126	262	2	2009.45614
hydrate	1.2565	-0.4081	4	273	1038	9	2011.620235
hydrate decomposition	1.0437	-0.634	4	112	266	2	2011.103448
hydrate deposits	1.5813	-0.3894	4	137	468	4	2010.985714
hydrate formation	2.0026	-0.3702	4	84	330	2	2012.591837
hydrate stability	2.0042	-0.36	4	84	330	2	2011.669173
hydrocarbons	0.5014	-0.2738	4	212	512	5	2010.627692
hydrodynamics	-0.5451	-0.7755	2	173	468	5	2010.59322
hydrological processes	-0.1034	0.6847	1	107	242	3	2014.58156
hydrology	-0.2134	-0.0553	3	207	538	5	2013.474126
hypothesis	-0.1736	-0.1328	2	118	270	4	2011.082126
ice	-0.0505	-0.0031	2	1244	9448	96	2011.721291
ice action	-0.0712	0.6056	1	123	256	2	2000
ice age	-1.1015	0.4577	5	208	698	6	2011.186842
ice breakup	-0.1449	0.4652	1	66	140	2	2010.064516
ice complex	-0.2793	0.0342	2	287	902	7	2012.576271
ice concentration	0.3629	1.261	1	150	394	3	2013.492537
ice conditions	-0.1229	0.0903	2	274	752	8	2011.713198
ice content	0.6164	0.2278	4	373	1160	11	2012.394444
ice cores	-0.9499	-0.0581	3	95	208	2	2010.322795
ice coverage	-0.964	0.3466	3	99	212	2	2012.512195
ice drift	-0.1879	-0.2799	2	144	328	3	2009.019608
ice edge	0.1986	0.9509	1	92	204	2	2010.185455
ice events	0.4285	-0.9512	2	103	240	2	2010.733333
ice extent	0.3563	0.7878	1	366	1358	12	2012.764347
ice foot	-0.0604	0.9981	1	94	198	2	2016
ice keels	-0.112	-0.9386	2	138	346	4	1994.875
ice limit	0.526	1.1605	1	132	308	2	2007.8
ice loss	0.0623	1.1473	1	78	170	2	2014.762324
ice mass	0.6112	0.3035	4	167	400	3	2012.600478
ice motion	0.2619	-0.8591	2	115	248	2	2009.975904
ice movement	-0.1807	-0.6696	2	75	156	2	2007.9
ice processes	-0.6118	-0.8198	2	91	198	2	2011.444444
ice retreat	-0.3242	-0.6425	2	100	220	2	2013.800752
ice ridges	-0.7302	-0.7863	2	106	300	3	2006.705882
ice rubble	-0.1471	-0.379	2	56	116	2	2003.75
ice scour	0.2925	-0.7638	2	218	584	5	2007.25
ice sheet	-0.3	-0.4453	2	310	880	10	2012.194459
ice shelf	-0.8192	-0.7398	3	98	210	2	2011.573026
ice storm	0.111	0.8886	1	100	248	3	2014.083333
ice surface	0.0164	-0.5783	2	136	306	4	2011.816258
ice thickness	-0.6051	-0.4225	2	76	160	2	2011.271053
ice wedges	0.6054	0.6479	1	237	708	7	2013.063291
ice-cover	-0.3105	0.0103	2	456	1546	14	2011.210019
ice-covered channel	0.1347	0.5695	1	48	118	2	2018.5
ice-free	0.355	0.1183	1	454	1516	13	2013.322981
ice-free season	0.1944	0.9892	1	98	212	2	2014.545455
ice-rafting	-0.6526	-0.8152	2	157	450	4	2002.090909
ice-rich	0.5758	1.1702	1	109	258	2	2013.285714
ice-rich permafrost	0.5826	1.0464	1	280	920	7	2013.715328
icefoot	-0.9026	-0.6105	2	111	300	3	2001.333333
identification	-0.5866	0.0373	3	156	350	3	2011.944837
ikonos	0.5005	0.9098	1	144	316	2	2011.782609
imagery	0.4067	0.8264	1	522	2336	19	2011.982143
images	0.1553	0.5198	1	374	1170	10	2011.32506
impact	-0.2578	0.5045	1	819	4034	38	2013.206627
implications	-0.2549	0.3465	1	358	994	11	2011.871583
incision	-0.7593	-0.2158	3	203	462	3	2013.361111
inclination	1.2165	-0.0719	4	105	258	2	2008.631579
incorporation	0.1965	0.3227	1	161	386	4	2011.174419
index	-0.2704	0.6455	1	164	374	4	2011.380952
indices	-0.5203	0.1815	3	409	1262	11	2012.102711
infill	-0.8684	-0.1417	3	89	196	2	2012.888889
infilling	-0.3479	-0.7209	2	160	356	3	2011.925926
influence	0.2461	-0.1758	2	694	2990	28	2011.779275
information	0.0144	0.4985	1	621	2440	25	2011.767792
information system	-0.1308	0.8069	1	100	212	2	2009.909091
information systems	0.1376	0.8044	1	105	230	2	2010.212121
infrastructure	0.4289	0.6298	1	449	1664	16	2014.216606
inland	0.1146	0.2588	1	320	926	9	2012.551282
inner shelf	-0.011	-0.7261	2	377	1260	11	2009.673077
instability	0.8299	-0.7683	4	189	482	3	2009.776848
instrumentation	0.0388	-0.7476	2	137	346	3	2011.546875
integration	-0.169	0.6767	1	105	226	2	2010.47619
intensification	-0.2819	-0.2592	2	164	370	3	2011.672775
intensity	-0.1974	0.4155	1	388	1164	10	2011.663823
inter-annual variations	0.5239	0.9724	1	132	290	2	2012.220339
interactions	-0.205	0.3782	1	378	1144	12	2011.626733
interface	0.0027	-0.0568	2	231	536	5	2010.689655
internal structure	-0.9956	0.1771	3	108	272	3	2011.160714
international	-0.2136	-0.175	3	58	124	2	2009.59081
interpretation	-0.6157	-0.5733	2	186	454	4	2010.411609
intertidal	-0.335	0.4801	1	125	276	3	2011.37037
intertidal flats	-0.5131	0.4823	1	94	206	2	2010.666667
intertidal zone	-0.3885	0.3595	1	95	196	2	2011.9
intrusion	0.061	-0.5939	2	69	138	2	2011.398892
inundation	0.3796	0.0667	4	390	1282	12	2013.174419
inuvialuit	0.3244	0.247	1	72	152	2	2010.857143
inventory	-0.0771	0.7199	1	170	400	3	2012.165029
inversion	0.079	-0.3265	2	151	336	4	2010.501809
island	-0.22	0.1529	3	924	5372	51	2009.956692
island evolution	-0.9787	0.2666	3	106	232	2	2012.75
isostatic uplift	-0.8174	0.4665	5	145	366	4	2008.4375
isotope	0.3263	-0.4993	4	196	466	4	2011.966793
isotope signatures	0.9281	-0.7637	4	126	276	2	2012.965517
james	-0.4017	-0.4302	2	83	176	2	2010.292308
james bay	-0.4014	-0.4307	2	83	176	2	2010.352941
japan	-0.2036	-0.6597	2	54	126	2	2010.171958
john	-0.2914	0.3603	3	348	984	11	2008.988287
kara	0.5848	0.1676	4	347	1082	11	2011.634058
kara seas	0.6624	0.0741	4	312	938	9	2012.917722
keels	-0.1456	-0.9024	2	123	310	4	2007.230769
key	0.527	0.2794	4	136	356	4	2013.075472
key sites	0.7883	0.3007	4	116	304	3	2014.222222
king	-1.1185	0.1517	3	74	160	2	2013.07113
knowledge	0.8482	0.2757	4	288	918	8	2012.895394
kongsfjorden	-0.9259	0.666	5	94	244	2	2014.727273
kugmallit bay	0.3194	-0.8841	2	169	424	3	2006
laboratory	0.3596	-0.3585	2	213	524	6	2010.526248
laboratory studies	0.0137	-0.5577	2	66	140	2	2009.48
lacustrine	-0.6401	-0.5854	3	149	306	2	2010.425926
lagoon	-0.3835	-0.1789	3	473	1728	16	2011.571429
lake	-0.3828	-0.4304	2	654	2794	27	2012.017794
lake drainage	0.6167	-0.0043	4	87	188	2	2013.311927
lake ice	-0.619	-0.6544	2	205	604	6	2010.060606
lake level	-0.904	-0.0632	3	79	168	2	2011.112903
lake michigan	-0.7775	-0.5389	2	123	328	3	2008
lake sediments	-0.7035	-0.1771	3	229	506	3	2012.512658
lamination	-0.6853	-0.7014	2	136	336	3	2008.916667
land	-0.4053	0.4872	1	647	2590	22	2012.42268
land use	-0.6584	-0.2989	3	171	360	2	2012.561111
land-ocean interactions	-0.0609	0.1942	4	119	264	3	2009.714286
landfast	0.0516	-0.3265	2	78	164	2	2010.025641
landfast ice	-0.0312	-0.0244	2	109	244	3	2010.131579
landforms	-0.5494	0.5245	1	354	1006	10	2011.537572
landsat	0.5751	-0.4322	2	135	284	2	2012.128767
landscape	-0.2855	0.3877	1	459	1538	15	2013.677302
landscape evolution	-0.8215	-0.3482	3	179	422	3	2013.104478
landslides	0.1151	-0.4452	3	245	546	3	2012.839695
landward migration	-0.4554	0.5939	1	124	330	3	2003.8
language	0.958	-0.2435	4	178	414	3	2018.048117
laptev sea	0.2308	0.091	4	368	1200	10	2011.257143
laptev sea region	0.3654	0.2252	4	120	260	2	2011.583333
laptev sea shelf	0.2238	-0.563	4	111	234	2	2011.714286
large	-0.533	-0.0749	2	126	280	3	2011.479452
large-scale	-0.547	0.0321	2	210	490	5	2011.165527
late	0.0867	-0.4407	4	260	734	7	2009.495327
late holocene	-0.875	-0.1397	3	135	316	3	2010.923729
late pleistocene	0.3756	-0.3406	4	149	342	3	2008.182609
late quaternary	0.3211	-0.6993	4	108	292	3	2008.162162
late summer	0.4854	0.97	1	95	214	2	2011.54902
late wisconsinan	-0.2816	-0.7299	3	92	224	2	2007
lateral	-0.3001	0.2357	2	86	184	3	2008.694915
lateral distribution	0.1346	0.5688	1	48	118	2	2010
latitude	1.9997	-0.3646	4	84	330	2	2011.054819
lawrence	-0.4947	0.1517	2	160	396	4	2010.132653
layer	0.7561	-0.3165	2	534	2128	18	2010.321275
legacy	0.6205	0.1268	1	90	184	2	2014.6
lena	-0.2184	-0.4644	5	202	536	5	2011.554054
lena delta	-0.3412	-0.2862	5	207	512	4	2012.754098
lena river	-0.6271	-0.2846	5	137	338	3	2011.964539
lena river delta	-0.6813	-0.0839	5	112	254	2	2013.386364
length	-0.1831	0.3289	5	550	2094	20	2010.5328
level ice	0.023	-0.7291	2	75	158	2	2011.739837
levels	0.0655	0.1151	1	566	2070	20	2011.25209
lgm	-0.1823	-0.6255	3	187	440	3	2011.552083
li	0.3278	-0.8178	2	121	272	3	2012.368421
lia	-1.1935	0.4193	5	128	360	3	2013.264368
lidar	0.6232	1.1911	1	144	410	3	2012.729064
light	-0.191	0.9895	5	165	376	3	2011.753582
likelihood	0.0066	0.7267	1	88	182	2	2011.660944
limit	0.0139	0.1896	5	299	790	8	2010.544865
line	0.3883	-0.0839	4	249	608	5	2011.363128
linear regression	0.0347	0.8426	1	133	294	3	2012.840304
literature	-0.0489	0.6781	1	112	250	3	2011.726524
lithofacies	-0.7077	-0.6652	3	147	348	3	2009.666667
lithology	0.3475	0.0546	1	172	466	5	2011.018868
little ice age	-1.1663	0.3935	5	181	556	5	2011.269784
lobe	-0.1378	-0.3735	2	163	364	3	2009.680851
locality	-0.9462	0.4271	5	71	158	2	2010.342105
location	0.1621	-0.1161	2	309	822	8	2010.881081
long-term	-0.0107	0.4523	1	688	3038	24	2012.366366
long-term coastal evolution	0.3099	0.8359	1	101	244	2	2003.5
long-term evolution	-0.3605	0.7026	3	143	366	3	2012.352941
longshore	-0.645	0.2995	5	306	870	8	2006.411765
loss	0.2223	0.7773	1	446	1770	16	2013.251087
louisiana	-0.1327	-0.9981	2	88	228	2	2009.384615
low energy	-0.8685	-0.2038	3	141	322	3	2011.418605
low pressure	0.2077	-0.2808	2	224	616	6	2011.422018
low pressure systems	0.4238	-0.653	2	147	358	3	2012.465517
luminescence dating	-0.9697	0.1057	3	89	194	2	2010.166667
mackenzie	0.4901	-0.5518	4	723	3582	30	2009.683007
mackenzie delta	0.5164	-0.5327	4	499	2006	17	2007.78
mackenzie delta region	-0.4184	-0.1412	2	111	260	3	2009.869565
mackenzie river	0.3317	-0.6913	2	496	1820	15	2009.6375
mackenzie river plume	0.4818	-0.5962	4	212	544	4	2012.529412
mackenzie shelf	0.6574	-0.8824	2	149	394	3	2007.658537
mackenzie trough	0.5599	-0.6682	4	184	488	4	2012.142857
magnitude	0.1737	-0.0027	2	452	1542	13	2011.364091
mainland	0.3281	0.6412	1	141	334	3	2011.146667
management	-0.0479	0.4485	1	210	484	5	2013.088766
map	0.2419	0.178	4	297	776	8	2011.727201
mapping	-0.1232	0.4516	1	300	812	10	2012.226667
margin	-0.1189	-0.5755	3	378	1132	9	2010.972504
marine	-0.0869	-0.2264	3	621	2270	21	2012.020366
marine deposits	-0.9029	0.0933	3	96	220	2	2006.294118
marine ecosystems	0.0864	0.7137	1	95	204	2	2013.642259
marine environment	0.8001	0.2616	1	119	256	2	2012.287625
marine isotope stage	-0.4114	-0.1559	3	89	190	2	2013.362637
marine processes	-0.5961	0.2136	5	147	358	4	2008.090909
marine sediments	0.2443	-0.4949	4	119	284	3	2011.473418
marine transgression	0.0691	-0.3759	4	207	528	5	2014.631579
maritime	0.1161	0.3642	1	113	244	3	2011.981865
mass	0.0831	-0.1514	3	551	1890	14	2010.941993
mass balance	-0.5438	-0.1725	3	210	478	3	2012.104996
mass flux	0.6587	-0.018	2	138	298	2	2009.567376
mass wasting	0.7469	1.2053	1	99	262	2	2009.394737
materials	-0.5702	-0.4367	3	210	468	3	2011.458333
maximum	-0.2856	-0.3144	3	360	1018	9	2010.287843
maximum extent	0.3212	-0.0187	1	124	262	2	2011.285714
mean	0.1142	0.0366	2	580	2180	19	2010.953636
mean sea level	0.1056	0.2827	1	150	356	3	2012.41358
measurements	0.166	-0.2304	2	838	4038	36	2010.932763
mechanisms	0.1921	-0.235	2	453	1402	12	2011.610479
melt	0.1621	-0.4363	2	181	414	4	2013.146853
melting	0.8896	-0.0603	4	160	348	3	2012.110283
metals	0.1316	0.4003	1	62	128	2	2012.223108
meteorological conditions	-0.9032	0.5512	5	142	370	3	2012.825
methane	1.4193	-0.3985	4	231	802	7	2013.074286
methane gas	1.7896	-0.4094	4	114	414	3	2010.946429
methane hydrate	1.6779	-0.3483	4	134	484	4	2012.093284
methane release	0.9151	-0.4625	4	107	234	2	2012.882353
method	0.2996	0.0838	1	625	2484	26	2012.144788
mexico	-0.4764	-0.4101	2	128	290	3	2010.818182
michigan	-0.777	-0.5396	2	123	328	3	2010.368421
microwave	0.4147	1.281	1	117	272	2	2009.844327
mid-holocene	-0.787	-0.169	3	174	412	4	2012.07874
mid-latitudes	-0.0774	-0.3699	2	74	156	2	2012.022549
midtre lovenbreen	-0.9247	0.667	5	94	244	2	2012.2
migration	0.6506	0.0908	4	350	1228	11	2011.023474
millennium	0.0565	-0.1338	1	98	210	2	2013.408602
mitigation	-0.5457	-0.3317	2	125	264	2	2014.985849
mixing	0.4705	-1.0066	4	86	188	2	2009.902919
mobile	0.1951	-0.7443	2	84	188	2	2012.56
mobility	-0.8106	0.7236	5	88	182	2	2011.8625
mode	0.1835	0.2735	1	157	352	4	2010.915266
model	0.1203	0.1463	1	1023	5978	57	2011.651901
model calculations	0.8287	0.6832	1	60	168	2	2008.606742
modeling	0.2702	-0.0408	4	622	2456	24	2012.080047
modern	-0.8593	-0.4508	3	170	366	2	2012.425
modification	-0.9187	-0.183	3	187	484	5	2009.923977
momentum	0.2637	-0.5448	2	91	198	2	2008.74186
monitoring	0.2578	0.5007	1	355	1134	11	2012.828676
monsoon	-0.9499	-0.0589	3	95	208	2	2012.152749
moorings	0.4708	-0.0892	1	164	384	3	2010.555556
moraines	-0.7667	0.2164	5	79	160	2	2010.095
morphodynamic model	0.3117	0.8351	1	101	244	2	2008
morphodynamics	-0.4676	0.7695	1	169	470	4	2013.318182
morphological evolution	-0.1093	-0.1104	2	137	286	2	2007.5
morphology	-0.3943	0.0838	3	643	2672	28	2011.797508
motion	0.1036	-0.9465	2	296	1000	9	2009.832335
mountains	-0.5023	0.1508	1	149	354	4	2011.617276
mouth	-0.5787	-0.1417	2	264	716	7	2011.528409
movement	-0.0548	-0.24	2	506	1786	19	2009.813333
mud	-0.4017	-0.8691	2	229	654	7	2008.941176
national	0.0514	-0.2024	2	228	636	7	2010.195652
national park	-0.0768	-0.3646	2	178	460	5	2011.242718
natural conditions	-0.3652	-0.5402	3	108	224	2	2011.72973
nature	-0.503	-0.1123	3	348	928	7	2010.788145
near bottom currents	-0.0368	-1.0478	2	134	428	4	2004.818182
near-bottom currents	-0.0377	-1.0478	2	134	428	4	2005.9
near-shore zone	1.1342	-0.0916	4	105	258	3	2013
near-surface	1.432	-0.4952	4	135	444	3	2011.177419
nearshore	0.1788	-0.3814	2	538	1928	17	2010.655462
nearshore deposits	-0.0104	-0.8563	2	68	156	2	1997.333333
nearshore zone	0.1655	-0.2967	2	308	918	8	2009.52381
neotectonics	-0.7872	0.2722	3	108	254	4	2009.071429
nepheloid layers	0.375	-0.9935	2	136	304	2	2008.454545
network	-0.2351	0.4569	1	328	942	9	2012.964962
new data	-0.5872	-0.5616	3	84	176	2	2011.109375
new zealand	-0.8971	-0.486	3	154	340	2	2009.724138
niche	0.7696	0.6402	1	131	364	4	2014.209184
north	0.2975	0.2603	1	464	1532	15	2010.374238
north slope	0.2764	0.9059	1	194	560	6	2011.833333
northern	-0.0585	0.4762	1	283	782	8	2011.106605
northwest	-0.3206	0.2523	2	130	272	2	2011.701835
norwegian	-0.6052	0.3216	3	68	138	2	2008.200426
nova	-0.1196	-0.0176	3	126	280	3	2008.734043
nova scotia	-0.1191	-0.0172	3	126	280	3	2007.26087
numerical	0.3241	-0.7595	2	185	432	4	2009.72
numerical model	0.3268	-0.5548	2	180	440	4	2009.365706
numerical simulations	-0.5935	-0.0045	3	102	210	2	2012.214493
nunavut	-0.2974	0.8652	1	110	246	2	2013.447514
nutrients	0.3858	0.8998	1	125	304	3	2011.870968
nwt	0.554	-0.2346	4	110	260	3	2009.175
ob	0.0825	0.0579	4	68	146	2	2010.213592
observational data	0.0075	0.6185	5	80	178	2	2011.486413
observations	0.3611	-0.0139	4	897	4348	39	2011.448164
occurrence	0.656	0.0581	4	510	1782	17	2011.803551
ocean	0.2848	-0.0507	2	670	2750	27	2010.965167
ocean interactions	-0.0477	0.0241	4	92	196	2	2012.442308
ocean processes	0.2092	0.3624	1	100	212	2	2011.76087
ocean temperature	1.0916	-0.5481	4	145	314	2	2012.187952
ocean waves	0.2474	0.6686	5	104	222	2	2012.915493
oceanographic variables	0.3059	0.034	2	115	246	2	2013.548387
offset	0.3295	0.5695	1	88	186	2	2010.854749
offshore	0.5473	-0.4819	4	539	2040	17	2009.651466
offshore permafrost	0.8633	-0.5263	4	213	536	4	2012.666667
offshore sediment transport	0.2487	-0.7318	2	116	320	3	1997.666667
oil	0.428	0.0574	4	69	142	2	2011.484241
onset	-0.3394	-0.0332	3	230	548	5	2011.400894
onshore	1.4414	-0.4748	4	188	616	5	2010.793103
open ocean	-0.1789	0.2839	5	154	372	4	2011.015873
open water	0.2417	0.6702	1	542	2402	21	2011.389671
operation	0.2224	0.5016	1	124	272	3	2012.715909
orbit	-0.5665	-0.3714	3	98	208	2	2009.97479
order	0.1333	0.0765	1	510	1772	16	2010.598046
organic	-0.1129	-0.3964	3	198	448	3	2013.072464
organic carbon	0.2831	-0.2333	3	509	1804	15	2012.96863
organic carbon content	0.771	-0.398	4	95	234	3	2011.984615
organic carbon input	0.5893	0.0588	4	70	154	2	2011.909091
organic matter	0.074	-0.5993	3	296	744	5	2012.485771
organic matter content	0.6836	-0.7429	4	89	196	2	2012.285714
orientation	-0.0482	-0.5428	2	159	358	4	2010.063415
origin	0.1634	-0.3144	4	333	958	10	2010.187679
oscillation	-0.4089	0.6596	1	60	132	2	2010.801829
outer shelf	0.6911	-0.6608	4	163	390	3	2011.282209
outflow	0.3581	0.0759	4	183	440	4	2008.807601
overwash	-0.6174	0.3609	3	200	468	4	2007
overwash processes	-0.4754	0.0802	1	85	206	2	1993
pa	0.0183	-0.845	2	95	208	2	2007.628319
pacific	-0.4014	-0.2054	2	196	452	4	2010.950879
palaeotempestology	-0.8062	0.1153	3	69	154	2	2012
paleocurrents	-0.8248	-0.64	2	77	178	2	2000.333333
paraglacial	-1.0037	0.1189	5	249	756	6	2011.711111
parallel	-0.2571	-0.7731	2	126	262	2	2010.6875
parameters	0.1339	0.3418	1	303	854	11	2010.962104
part	-0.2106	0.1253	5	623	2438	24	2010.410034
particle size	0.3195	-0.6331	2	170	390	3	2011.017021
particles	0.231	-0.7225	2	350	1020	7	2011.108822
particulate	0.0245	-0.751	2	326	944	7	2012
particulate matter	0.475	-0.7852	2	307	948	7	2012.141264
particulate organic	0.3778	-0.8239	4	92	208	2	2012.208791
past	0.0739	-0.3027	3	289	750	6	2012.316703
past climate	2.0009	-0.3605	4	84	330	2	2012.666667
patches	-0.4489	-0.8182	2	92	196	2	2011.337979
pathways	0.5769	-0.376	4	246	630	5	2013.213274
patterns	0.0433	0.0272	1	878	3952	36	2011.236066
pb-210	-0.8947	-0.7619	3	90	212	2	2010.621622
penetrating radar	-1.0284	-0.0171	3	169	446	4	2012.703704
penetration	-0.3135	0.0609	2	57	118	2	2009.4875
peninsula	-0.5642	0.3086	5	396	1240	12	2011.596904
period	-0.141	0.1713	1	877	4464	42	2011.210316
permafrost	0.6707	0.1374	4	1026	7564	69	2012.799678
permafrost bluffs	0.2711	1.0762	1	184	568	5	2016
permafrost coasts	0.6288	0.8622	1	395	1638	13	2015.375
permafrost conditions	0.9673	-0.3022	4	208	574	5	2012.988701
permafrost degradation	1.0398	-0.3033	4	287	852	7	2013.978261
permafrost depth	0.9106	-0.3482	4	102	228	2	2011.957447
permafrost distribution	0.8099	-0.0409	4	162	374	3	2011.981481
permafrost dynamics	0.9739	-0.0906	4	100	216	2	2013.658228
permafrost evolution	0.8086	-0.3822	4	146	330	3	2012.970588
permafrost extent	0.9676	-0.2798	4	80	184	2	2014.623377
permafrost landscapes	0.2565	0.7697	1	118	256	2	2015.899083
permafrost modeling	1.0789	-0.3185	4	99	220	2	2012.041667
permafrost regions	0.8603	0.131	4	184	432	4	2014.282051
permafrost soils	0.8041	0.523	1	126	308	3	2014.196203
permafrost table	1.2907	-0.3314	4	101	218	2	2011.540816
permafrost temperatures	0.7187	-0.0277	4	151	386	4	2010.320988
permafrost thaw	0.5638	0.3678	1	263	678	5	2014.917369
permafrost thickness	0.963	-0.3426	4	153	370	3	2009.953488
permafrost zone	1.225	-0.1733	4	126	290	3	2013.321586
persistence	0.5142	-0.6799	2	154	344	3	2012.073254
perspective	-0.688	0.094	3	218	476	3	2012.901235
perturbations	-0.744	-0.4825	3	161	348	2	2010.583086
petroleum	1.0271	0.1286	1	78	164	2	2012.240964
petuniabukta	-1.274	0.2946	5	100	258	2	2014.875
phase	-0.2962	-0.4373	2	273	754	7	2011.300144
phenomena	-0.5634	0.4347	3	146	316	3	2011
photogrammetry	0.1172	1.0386	1	217	582	4	2012.606742
photographs	-0.126	0.7793	1	310	928	8	2010.319372
photography	0.5388	0.269	1	150	410	5	2011.617391
phytoplankton	0.0518	-0.7949	2	82	168	2	2012.529026
pipeline	0.0484	-0.3714	2	144	334	3	2012.5
place	0.6244	-0.2006	4	193	462	5	2009.958042
planet	-0.5919	0.0221	3	85	176	2	2012.158537
planning	-0.128	0.2931	1	227	544	5	2013.468421
plate	-0.2514	-0.7383	2	51	108	2	2010.542683
platform	-0.6373	-0.2247	5	245	632	5	2013.075269
playa	-0.1361	-0.8579	2	83	264	4	2007.666667
pleistocene	0.6252	-0.3549	4	312	922	10	2009.611702
pleistocene holocene	-0.7306	-0.4907	3	180	398	3	2010.096154
plume	0.0188	-0.6679	3	367	1108	7	2009.9
pockmarks	1.1905	-0.5686	4	125	266	2	2011.543689
polar	-0.8963	0.34	3	117	260	3	2011.082686
policy	0.0584	0.9757	1	53	132	2	2014.121693
pollution	0.1561	0.4647	1	90	190	3	2012.161202
polygons	-0.2827	0.4797	1	82	166	2	2013.339623
ponds	0.2794	0.4355	1	101	206	2	2013.328622
population	0.5877	0.1856	1	156	368	3	2011.362024
pore	1.0289	-0.4635	4	149	330	2	2011.924837
pore water	1.0292	-0.4629	4	149	330	2	2012.637306
position	0.1539	0.315	1	478	1608	16	2010.689373
positioning	0.4379	1.0452	1	154	384	3	2010.764957
post-little ice age	-1.1729	0.401	5	121	340	3	2015
potential	0.4189	0.5194	1	445	1480	12	2012.784435
power	0.0792	0.581	1	177	418	5	2011.834034
precipitation	0.1746	0.1741	4	218	502	4	2012.247478
prediction	-0.1939	-0.1022	3	434	1226	12	2012.073267
present	1.021	-0.0653	4	253	788	7	2011.176606
present day	-0.4967	-0.1496	3	441	1280	11	2011.295673
preservation	-0.8668	-0.6536	3	231	570	4	2011.649533
pressure	0.4491	-0.4404	2	406	1464	14	2010.477108
pressure gradient	0.2847	-0.4277	2	95	214	2	2009.674797
primary	-0.7639	-0.7534	3	153	360	3	2011.961353
priority	-0.5117	-0.0549	2	96	202	2	2014
processes	-0.1286	0.0991	1	1186	8636	85	2011.967406
production	-0.2537	-0.4756	3	294	718	5	2011.637878
profile shape	-0.2503	-0.1377	3	73	164	2	2009.571429
profiler	0.4265	-0.7539	2	145	342	3	2008.733083
profiles	-0.0275	-0.3242	2	645	2624	26	2010.526606
progradation	-0.7809	0.3356	3	500	1958	16	2013.037037
progress	0.399	0.104	4	250	662	7	2012.411765
project	0.1134	0.359	1	189	458	5	2012.453668
projection	-0.0501	0.9426	1	239	642	5	2014.197635
properties	-0.0826	-0.2342	2	338	918	9	2011.071907
proportion	0.9366	-0.2574	4	312	978	7	2011.055556
prospects	0.6609	0.1232	1	70	142	2	2012.401575
protection	-0.051	0.9083	1	205	528	5	2013.352941
proximity	-0.5352	0.3638	5	97	204	2	2011.075099
proxy	-0.5717	0.3983	3	243	650	5	2013.127907
proxy records	-0.8063	0.594	3	117	268	2	2012.309278
pulses	0.1121	-0.5193	3	105	224	2	2011.138996
quality	0.3655	0.0619	2	145	338	3	2012.741898
quantification	-0.5066	0.35	3	83	170	2	2013.40625
quantitative analysis	-0.1293	0.5224	1	135	302	3	2012.159091
quaternary	-0.5925	-0.1686	3	275	686	5	2010.108108
quaternary history	0.726	-0.6129	4	71	182	2	2007.333333
quaternary sediments	-0.265	0.2122	4	86	188	2	2002.8
racetrack playa	-0.1361	-0.8585	2	83	264	4	2008.25
radar	-0.6595	0.0451	3	323	966	9	2011.711931
radiocarbon	-0.9071	-0.0988	3	305	890	8	2012.205298
radiocarbon dates	-0.8342	-0.1594	3	281	782	7	2010.453488
raised beaches	-0.8056	-0.2809	3	58	136	2	2005.25
range	0.1055	0.1703	1	605	2282	23	2011.410547
rapid	-0.4299	0.141	3	252	600	4	2012.463023
rapid environmental changes	0.7732	-0.4673	2	123	278	2	2017.545455
rates	0.1335	0.2405	1	1089	7526	66	2011.494306
ratio	-0.1488	-0.6282	2	240	594	6	2010.925387
reach	0.0492	0.7011	1	99	202	2	2012.294118
reaction	-0.7298	-0.3431	3	170	380	4	2010.924119
reason	-0.2128	-0.1752	3	58	124	2	2011.71371
rebound	-1.0723	0.0562	3	117	258	3	2005.385787
recent	-0.2633	0.0291	3	373	1006	7	2011.804991
recession	-0.1572	0.703	1	330	1138	11	2011.610063
recherchefjorden	-0.6161	0.5325	5	102	252	3	2014.75
reconstruction	-0.7079	-0.0135	3	361	1148	11	2012.728025
record	-0.3386	0.1502	3	587	2076	18	2011.508365
recovery	0.3012	0.2663	1	193	438	4	2012.7654
reduction	-0.0804	0.0091	3	420	1144	8	2012.202875
reef	-0.8423	-0.0035	3	153	362	3	2010.637795
reflection	-0.4692	-0.2644	3	154	344	4	2010.990196
reflectors	-0.6206	-0.5142	3	103	222	2	2010.324074
refraction	-0.0737	-0.4634	3	109	226	2	2009.336842
regime	0.2095	-0.0797	4	485	1562	16	2010.768478
region	0.3421	0.0481	1	964	5366	49	2011.608772
regional	0.6064	-0.9075	2	124	306	2	2012.480198
regional scale	-0.6798	-0.5418	2	158	352	3	2012.592334
regional studies	2.0007	-0.3697	4	84	330	2	2010.833333
regression	0.3821	0.1518	1	401	1178	11	2011.924945
relationship	0.243	0.1204	1	592	2380	23	2011.52721
relative importance	0.3127	-0.5984	2	153	372	4	2010.879562
relative sea level	-0.5258	0.3444	3	434	1696	17	2009.782738
relative sea-level changes	-0.8907	0.2513	3	124	310	4	2011.183673
relative sea-level rise	-0.3759	0.4206	1	289	838	7	2010.315789
release	1.2836	-0.006	4	329	1118	9	2012.712924
relict	0.1853	-0.3271	4	284	764	7	2011.614754
relief	-0.3855	-0.0446	3	418	1228	12	2010.812081
remote	0.7128	-0.0924	4	139	306	2	2012.899032
remote sensing	0.4604	0.4732	1	246	662	5	2012.958159
removal	0.0758	0.457	1	229	616	6	2011.470833
res	0.5422	1.1801	1	71	192	2	2010.48537
research	-0.1439	0.2699	1	524	1776	17	2012.25614
research community	0.25	0.7285	1	87	192	2	2012.403226
residence	0.2357	-0.513	4	70	150	2	2010.135762
residence time	0.2354	-0.5138	4	70	150	2	2009.992032
resilience	0.1535	0.9764	1	111	240	2	2014.867816
resistance	-0.4239	-0.0142	2	156	350	4	2013.068966
resistivity	1.0092	0.1543	4	238	666	6	2011.708696
resolution	0.4228	0.4616	1	435	1448	11	2011.918993
resources	0.099	-0.2047	3	264	684	7	2013.251701
response	-0.2127	0.0482	1	806	3680	33	2012.161066
resuspension	0.0512	-0.8595	2	398	1404	11	2008.540984
retreat	-0.0075	0.5095	1	869	5140	46	2012.69985
retreat rates	0.3152	0.6283	1	522	2136	18	2011.844444
retrogressive thaw slumps	0.7047	1.1668	1	145	338	2	2014.306122
reversal	-0.0312	-0.7781	2	115	230	2	2011.354497
reworking	-0.4953	-0.2835	2	255	646	6	2008.418605
richards island	0.2155	-0.5543	4	193	546	6	2004.0625
ridge	-0.8128	-0.1008	3	575	2624	27	2008.953586
ridge formation	-0.9045	0.3536	3	136	352	3	2011.5
ripples	-0.531	-0.906	2	126	320	3	2002.8
risk	-0.2373	0.2935	1	178	428	4	2014.229167
river	-0.1371	-0.2294	2	891	4628	44	2011.920886
river delta	-0.5319	0.0793	5	245	664	6	2011.6
river discharge	-0.3104	-0.4632	3	200	434	2	2011.398406
river plume	-0.0346	-0.6122	3	298	798	5	2011.19697
river sediments	-0.9161	-0.4385	3	191	414	2	2011.472222
river valleys	-0.4732	-0.4056	5	124	260	2	2013
riverine	-0.479	-0.7165	3	195	454	3	2012.516432
rocks	-0.2816	-0.7517	2	161	446	6	2010.835085
role	-0.222	0.2663	1	523	1858	18	2012.568357
roughness	-0.3494	0.7992	1	86	178	2	2012.54023
rubble	-0.3469	-0.2923	2	98	204	3	2010.75
runoff	-0.6605	0.696	5	165	450	4	2012.212743
russia	-0.0116	0.2519	4	247	740	8	2012.192015
russian	0.4478	0.3613	4	219	630	7	2010.807018
russian arctic	0.5355	0.1815	4	207	574	5	2011.16
safety	0.5137	0.7954	1	91	194	2	2012.880435
salinity	0.7062	0.0469	4	315	890	8	2009.248247
salt	0.796	-0.0969	4	58	140	2	2008.72546
sand	-0.4389	-0.5266	2	607	2556	24	2010.211726
sandstone	-0.818	-0.5269	2	115	274	3	2010.19697
sandur	-0.9096	0.6436	5	125	334	3	2013.6
sandy	-0.2501	-0.0555	2	337	984	10	2009.796296
sandy beach	-0.5796	-0.325	3	131	296	3	2005.5
satellite	0.317	0.8082	1	298	930	8	2011.755822
satellite imagery	0.4677	0.9509	1	367	1402	11	2012.772222
satellite images	0.2579	0.3069	1	172	452	4	2011.587189
scale	-0.3797	0.0349	3	595	2180	21	2011.804989
scenarios	0.575	-0.2289	2	436	1400	11	2012.882212
science	-0.2883	-0.1112	3	443	1312	13	2005.441336
scotia	-0.1201	-0.0673	3	104	216	2	2008.903448
scour	-0.269	-0.6386	2	180	448	4	2009.857143
sea	0.1252	-0.016	1	1332	13148	127	2010.929745
sea bottom	0.9898	-0.1671	4	99	222	2	2005.488636
sea coast	0.3537	0.3979	1	466	1854	18	2010.221053
sea currents	-0.2064	-1.0406	2	101	222	2	2008.333333
sea floor	0.501	-0.0108	4	168	390	4	2010.099237
sea ice	0.0087	0.2907	1	882	5332	51	2012.341204
sea ice concentration	0.3643	1.2603	1	150	394	3	2014.074
sea ice concentration data	0.4161	1.2806	1	117	272	2	2012.1875
sea ice conditions	-0.4934	0.5792	1	163	402	4	2012.497942
sea ice cover	0.1798	0.5923	1	103	232	2	2012.742173
sea ice coverage	-0.9634	0.3473	3	99	212	2	2013.327586
sea ice edge	0.2003	0.9505	1	92	204	2	2012.476744
sea ice extent	0.4555	0.8104	1	330	1232	11	2013.195775
sea level	-0.0115	0.0763	3	1026	6454	58	2011.153319
sea level pressure	0.395	-0.4943	2	127	272	2	2009.567201
sea level rise	0.1273	0.3207	1	646	2836	25	2012.696243
sea level variations	-0.2321	0.5345	3	95	204	2	2008
sea surface	-0.0132	0.3277	3	213	576	5	2011.29989
sea surface temperature	-0.0144	0.3269	3	213	576	5	2011.542882
sea-level changes	-0.5322	0.5017	3	310	996	11	2010.962887
sea-level history	-0.8339	0.1312	3	87	224	3	2009.02439
sea-level reconstruction	-0.1096	-0.1221	3	143	334	3	2014.321429
seabed	-0.1134	-0.7064	2	326	906	9	2011.466667
seabed erosion	-0.1407	-0.9076	2	92	202	2	2002.333333
seafloor	0.7795	-0.4803	4	271	768	8	2012.700565
seafloor sediments	0.6651	-0.3554	4	80	174	2	2014.785714
sealevel	-0.7262	0.2477	3	118	246	2	2002.5
search	0.4815	0.1276	1	90	184	2	2011.96
season	0.3441	0.592	1	611	2842	26	2012.178114
seasonal ice	-0.7498	-0.4787	5	109	244	2	2012.547486
seasonal thaw	0.144	0.9102	1	107	234	2	2012.916667
seawater	0.6499	-0.0292	4	253	680	7	2011.626116
secondary flow	0.135	0.5693	1	48	118	2	2007.6
sections	-0.0496	0.3658	1	348	1058	9	2007.846599
sediment accumulation	-0.87	-0.3491	3	278	694	5	2009.909091
sediment accumulation rates	-0.8856	-0.5276	3	205	480	3	2010
sediment budgets	-0.8587	-0.3379	3	326	940	7	2008.555556
sediment characteristics	0.1231	-0.1703	2	131	290	3	2012.478261
sediment cores	0.6524	-0.8334	4	197	468	3	2012.336207
sediment delivery	-1.0576	0.017	3	263	728	5	2015.666667
sediment deposition	-0.3398	-0.0217	3	145	320	3	2011.5
sediment discharge	-0.1946	-0.5772	5	82	178	2	2010.888889
sediment dynamics	-0.1111	-0.8737	2	164	358	3	2014.136364
sediment erosion	0.1801	-0.8788	2	197	502	4	2011.5
sediment fluxes	0.0488	0.0642	2	379	1184	11	2011.855072
sediment grain size	-0.6252	-0.1991	3	69	150	2	2013.173913
sediment input	-0.2982	-0.7185	3	256	624	6	2011.25
sediment load	-0.312	-0.6649	2	312	944	8	2008.770833
sediment model	-0.6718	-0.399	3	161	334	2	2011.625
sediment record	-0.5133	-0.0831	3	103	220	2	2013.352941
sediment resuspension	0.1017	-0.7461	2	93	200	2	2011.473684
sediment sources	-0.6941	-0.3599	3	325	838	5	2012.460317
sediment structure	-0.5778	0.072	2	77	162	2	2009.090909
sediment supply	-0.7346	0.2615	3	427	1512	14	2010.117647
sediment texture	-0.5647	0.2499	3	150	346	3	2006.857143
sediment transport	-0.2087	-0.4247	2	684	3182	29	2009.963768
sediment traps	0.6107	-0.9307	2	166	438	3	2009.653465
sediment volume	0.3873	0.6472	1	83	186	2	2010
sediment wave	-0.0766	0.3321	1	101	224	2	2000.333333
sedimentary	-1.0805	-0.1916	3	232	544	4	2010.557143
sedimentary archives	-0.8892	0.6271	3	91	226	2	2014.461538
sedimentary environment	-0.6749	-0.6615	2	72	152	2	2011.909091
sedimentary processes	-0.5829	-0.6606	3	210	482	4	2011.73913
sedimentary succession	-0.5358	-0.7615	2	109	244	2	2010.75
sedimentation	-0.2668	-0.4726	3	743	2976	24	2009.867797
sedimentation processes	-0.4263	0.2017	3	83	184	2	2011.5
sedimentation rates	-0.2625	-0.4503	3	422	1318	11	2011.808511
sedimentology	-0.9532	-0.1174	3	218	502	3	2010.027778
sediments	-0.057	-0.2233	2	1345	12134	113	2011.206075
seepage	0.6489	-0.7709	4	127	268	2	2012.78481
segments	0.4374	0.5926	1	358	1170	12	2010.556701
seismic	0.2167	-0.2087	4	93	200	2	2011.044586
seismic data	0.2395	-0.3993	3	114	236	2	2011.941176
seismic profiles	-0.3136	-0.9302	2	87	192	2	2009.7
seismic refraction	-0.0741	-0.4636	3	109	226	2	2010.525
sensing	0.5718	0.1786	1	274	724	5	2012.945017
sensitivity	-0.1493	0.2146	1	206	498	5	2012.152936
sensors	0.3963	0.5047	1	173	392	3	2011.517949
sequence	-0.759	-0.3693	3	456	1616	15	2012.290017
series	-0.1918	0.1086	3	396	1186	11	2010.601012
service	-0.2471	0.5179	1	167	368	3	2013.140288
settlement	-0.6651	-0.0737	3	209	468	3	2011.937107
settling	0.2706	-0.9406	2	184	430	3	2009.682927
severity	-0.4148	0.5322	1	97	198	2	2012.643617
shallow water	0.5964	-0.4877	4	355	1062	9	2010.653846
shape	-0.3075	-0.326	2	201	522	7	2010.573529
shear	0.1356	-0.872	2	191	440	4	2009.478827
shear stress	0.2246	-0.9516	2	133	302	2	2011.142857
shelf	0.4171	-0.6	4	800	4132	38	2010.587376
shelf edge	0.8064	-0.7123	4	172	412	3	2008.781513
shelf processes	0.6176	-0.6766	2	97	208	2	2011.586207
shelf seas	0.3459	-0.4995	2	201	504	4	2011.734043
shelf sedimentation	-0.5439	-0.9132	3	108	230	2	2004
shelf sediments	0.2285	-0.6744	4	377	1130	9	2009.302083
shelf slope	0.3429	-0.8084	2	374	1190	7	2009.940928
shelf waters	1.1697	-0.6979	4	150	374	4	2009.09329
shelf-break	0.6295	-0.8644	2	120	300	2	2009.840909
shell	-0.9287	0.0383	3	129	284	3	2012.617486
shelves	0.1464	-0.6264	3	313	898	7	2011.760377
shetland	-1.232	0.1693	3	94	222	2	2012.25
shetland islands	-1.2327	0.1693	3	94	222	2	2012.868613
shift	-0.6669	0.4159	5	281	728	7	2012.333333
ship	0.3287	-0.6235	2	144	314	2	2010.712
shoals	0.1654	-0.76	2	185	422	4	2009.835821
shore	-0.1888	0.0957	5	637	2354	24	2010.122222
shore ice	-0.2994	0.5839	1	106	228	3	2009.666667
shoreface	-0.4543	-0.607	2	445	1750	17	2003.166667
shoreface sediment transport	0.1602	-0.9739	2	87	240	2	1997
shoreline	-0.0892	0.3391	1	898	5022	48	2009.668367
shoreline analysis	0.2519	0.9273	1	164	412	4	2015
shoreline changes	-0.3162	0.657	1	390	1310	12	2013.388889
shoreline erosion	-0.6188	0.5212	3	153	342	3	2014.181818
shoreline evolution	-0.6294	0.3819	3	130	300	3	2010.6
shoreline position	0.3027	0.4181	1	211	552	5	2007.75
shoreline retreat	-0.3146	0.3146	3	237	620	6	2009.083333
short-term	0.1179	0.5901	1	332	1038	9	2012.055432
siberia	0.144	0.4893	5	318	976	8	2012.538153
siberian	1.0844	-0.499	4	177	492	8	2012.301282
siberian arctic	0.966	-0.5415	4	160	402	5	2013.052288
siberian arctic shelf	1.4179	-0.6086	4	49	144	3	2014.357143
side-scan sonar	-0.456	0.0481	5	134	290	3	2010.352941
signal	-0.8736	-0.2862	3	123	272	3	2011.038817
signatures	0.7141	-0.5628	4	166	366	3	2011.86758
significance	-0.1031	0.1233	1	285	728	8	2011.019928
significant wave height	-0.1338	-0.9975	2	88	228	2	2013.0625
silt	-0.0664	-0.6394	2	148	314	3	2009.536232
simulations	-0.1841	-0.217	2	232	588	6	2012.277903
sites	0.3275	0.208	1	812	3980	37	2011.507274
size	-0.2827	-0.281	2	540	1834	20	2010.965923
size analysis	-0.7128	0.1285	3	109	244	2	2011.363636
size distribution	-0.0048	-0.6565	2	147	314	2	2010.853862
sliding	-0.0417	-0.8595	2	59	142	2	2011.945578
slope	0.1469	-0.0197	1	756	3320	27	2010.341082
slope stability	0.8277	0.6837	1	60	168	2	2010.909091
slope stability analysis	0.8272	0.6837	1	60	168	2	2012.142857
slr	0.0493	0.9226	1	105	230	2	2013.44186
slumps	0.6721	1.0052	1	165	432	3	2013.513158
slush	-0.9322	-0.7347	2	68	204	2	2008.148148
slush ice	-0.9323	-0.7335	2	68	204	2	2001
small-scale	0.5191	-0.4514	2	128	276	2	2011.469512
snow	0.0734	0.3759	1	89	178	2	2012.043528
snow depth	0.1229	0.3575	1	63	132	2	2013.175439
society	0.4155	0.663	1	80	164	2	2010.520354
soil	0.4907	0.2317	1	406	1310	14	2012.887856
soil erosion	0.1076	0.6343	1	75	164	2	2011.689655
soil organic carbon	0.8716	0.1569	4	89	212	2	2014.684426
soluble salts	0.796	-0.0965	4	58	140	2	2003.833333
sonar	-0.4774	-0.3013	2	155	346	3	2010
sound	-0.2015	-0.2739	2	217	508	5	2009.438406
source	-0.3131	-0.1805	3	671	2484	21	2011.544715
south	-0.741	-0.0832	3	380	1182	12	2009.816077
south china	-1.0022	0.0259	3	100	222	2	2013.350427
south china sea	-1.0016	0.0266	3	100	222	2	2013.674419
south shetland	-1.2319	0.1707	3	94	222	2	2012.612903
south shetland islands	-1.2325	0.1701	3	94	222	2	2012.921429
southern	-0.6395	0.2192	1	200	550	6	2011.247603
southern hemisphere	-1.028	0.153	3	122	286	3	2010.882466
southern oscillation	-0.408	0.6603	1	60	132	2	2011.761165
space	-0.5861	-0.6071	2	127	278	3	2011.281958
spatial	-0.1299	0.2536	3	205	500	5	2011.877747
spatial distribution	0.7681	0.1089	4	95	200	2	2012.602028
spatial patterns	0.0562	0.3188	3	175	404	3	2012.024523
spatial resolution	0.5826	0.3797	4	287	800	6	2012.877034
spatial scales	0.3803	0.2991	1	112	268	3	2012.42723
spatial variability	0.1961	0.8317	1	250	672	7	2011.858628
spatial variation	0.622	0.7124	1	148	394	3	2011.835735
special issue	-0.1724	-0.1317	3	30	64	2	2014.152174
spectra	0.1218	-0.1791	2	92	190	2	2010.240566
speed	0.1437	-0.4893	2	257	726	7	2010.795455
spit	-0.6783	0.3531	3	400	1400	13	2007.913043
spitsbergen	-0.8399	0.485	5	304	1118	11	2012.274752
spm	0.3763	-0.9925	2	136	304	2	2013
spring	0.0335	-0.3424	2	340	1008	9	2011.445356
spring breakup	0.2286	-0.7568	2	105	236	2	2006.666667
stability	0.4943	0.1014	1	533	2026	17	2011.601934
stability analysis	0.8281	0.6825	1	60	168	2	2009.92
stabilization	-0.5567	-0.597	2	114	240	2	2014.288235
stage	-0.4876	-0.0222	3	418	1286	11	2011.432692
state	0.0694	0.0558	4	303	808	10	2012.176355
stations	-0.0024	0.6481	1	99	222	3	2010.728667
statistics	-0.0456	0.5532	1	90	202	3	2010.724252
steady state	-0.1978	-0.5794	2	89	190	2	2009.695015
steps	0.1438	0.559	1	72	146	2	2012.015873
storage	-0.5946	0.8808	1	109	228	2	2013.435429
storm	-0.2492	0.1784	1	1031	7096	65	2010.368357
storm activity	-0.7972	0.1192	3	164	402	4	2009.386364
storm deposits	-0.7467	-0.2991	3	129	274	3	2006.6
storm events	-0.1301	-0.2635	2	318	952	9	2010.487179
storm frequency	-0.9043	-0.2251	3	195	430	3	2010.857143
storm impacts	0.1841	1.0408	1	139	322	2	2012.4
storm surge flooding	0.2806	0.6157	1	146	406	4	2007.4
storm surges	-0.142	0.0307	2	578	2494	23	2010.830986
storminess	-0.431	0.222	3	262	682	7	2011.92
strait	-0.3992	0.1166	3	111	236	2	2008.864542
strategies	-0.369	-0.1117	3	90	200	3	2013.49449
stratification	-0.306	-0.9019	2	111	272	3	2010.765734
stratigraphy	-0.7204	-0.5026	3	293	746	5	2010.59887
stream	-0.4903	-0.2005	5	175	412	4	2011.208251
strength	0.49	0.185	1	191	512	6	2011.147674
stress	0.1942	-0.8783	2	264	728	6	2010.771906
strings	0.6334	0.712	1	72	172	2	2010.133333
structure	-0.3933	-0.0576	3	598	2228	24	2010.587788
submarine	0.3842	-0.1803	4	421	1330	12	2012.039088
submarine permafrost	1.0774	-0.3088	4	233	640	5	2013.791667
submergence	0.4299	-0.2425	4	99	216	2	2008.434783
subsea	1.0205	-0.4968	4	236	662	6	2013.8
subsea permafrost	1.0369	-0.4246	4	265	820	8	2014.896552
subsidence	-0.2403	0.0104	2	308	868	7	2011.801303
subsistence	0.0211	0.3123	1	233	550	5	2013.259259
substrate	0.0617	0.2609	1	73	150	2	2012.694517
subsurface	0.745	0.0879	4	274	686	6	2011.621895
subsurface temperature	0.9568	-0.3538	4	104	230	2	2011.053571
subzero temperatures	0.5273	-0.3423	4	95	200	2	2010.4375
succession	-0.5222	-0.7331	2	272	830	7	2012.128814
summer	0.2027	0.1715	1	576	2160	20	2011.747886
supply	-0.7568	0.1405	3	643	2816	23	2011.339312
support	-0.5156	0.056	3	227	534	6	2012.160714
surface	0.0273	-0.3018	2	970	5044	48	2011.274886
surface elevation	0.0169	0.7986	1	150	346	3	2011.86618
surface layer	0.1977	-0.8821	2	96	202	2	2009.563452
surface morphology	-0.8703	-0.1549	3	90	188	2	2010.851852
surface processes	-0.5341	0.4303	3	166	404	4	2013.341085
surface sediments	0.4985	-0.6905	2	162	360	3	2010.917355
surface temperature	0.9104	-0.0279	4	302	996	8	2011.552855
surface topography	-0.3211	0.746	1	73	174	2	2010.560284
surface waters	0.2635	-0.0921	5	173	418	4	2010.917469
surface wind	0.5118	-0.3315	2	97	210	2	2010.352381
surge	-0.0364	-0.2255	2	648	3066	27	2011.309645
survey	0.0249	0.0772	1	570	2158	23	2010.854962
suspended	0.374	-0.9935	2	136	304	2	2009.90625
suspended particulate matter	0.4915	-0.7551	2	203	484	3	2013.2
suspension	-0.2202	-0.86	2	253	726	6	2009.661017
svalbard	-0.5809	0.6101	5	375	1464	15	2012.982836
svalbard archipelago	-0.3893	0.5332	5	101	230	3	2013.761905
svalbard glacier	-1.1243	0.4649	5	106	246	2	2012.706897
swell	-0.5448	-0.5581	2	194	510	5	2012.384615
synthesis	-0.0485	0.2051	3	107	238	3	2012.494924
system	-0.2059	0.1751	3	980	4764	43	2012.244703
table	1.0877	-0.4136	4	87	182	2	2011.75
talik	0.819	-0.3518	4	97	202	2	2012.784314
techniques	-0.1611	0.0094	3	190	418	4	2010.995925
tectonics	-0.6039	0.3453	1	125	258	2	2010.556962
tectonism	-0.8688	-0.4471	5	129	270	2	2005.625
teleconnection	-0.9521	-0.3043	3	183	390	2	2012.106926
temperate	-0.3626	-0.017	3	108	246	3	2011.666667
temperature	0.6679	0.0224	4	769	3924	33	2011.477652
temperature changes	0.8774	-0.507	4	188	474	4	2012.055092
temperature conditions	2.0025	-0.3636	4	84	330	2	2012.260563
temperature measurements	0.6032	0.8147	1	95	212	2	2010.47644
tempestites	-0.6494	-0.6972	2	120	268	2	2001.5
temporal patterns	-0.8707	0.2842	3	160	362	3	2011.927711
temporal variability	0.3616	0.0787	1	198	524	6	2011.288462
terms	-0.3925	-0.2301	3	438	1282	10	2011.105954
terraces	-0.9052	0.0036	3	126	294	3	2008
terrestrial	-0.7224	-0.0792	3	164	342	2	2012.64094
terrestrial carbon	1.4853	-0.6851	4	15	60	2	2013.911765
terrestrial permafrost	0.9654	-0.3075	4	113	236	2	2013.818182
terrigenous sediments	-0.7807	0.5962	5	112	252	2	2009.5
territories	0.046	0.3684	1	358	1168	12	2011.376997
texture	-0.6046	0.2813	3	257	678	6	2010.495238
th	-1.1411	-0.3192	3	108	228	2	2011.107143
th-234	-0.8939	-0.7619	3	90	212	2	2010.666667
thaw	0.4248	0.7848	1	364	1222	9	2013.405618
thaw lakes	0.7747	-0.2225	4	110	228	2	2011.826923
thaw slumps	0.6736	1.004	1	165	432	3	2014.265625
thawing	0.75	-0.1948	4	234	594	5	2013.173362
thermal	0.6766	0.3878	1	225	624	7	2011.557652
thermal conditions	2.0002	-0.3624	4	84	330	2	2011.526316
thermal conductivity	0.5444	-0.5949	4	110	234	2	2011.716981
thermal data	1.9996	-0.3665	4	84	330	2	2007.730769
thermal erosion	0.519	0.5233	1	240	774	9	2012.225
thermal gradients	2.0027	-0.3603	4	84	330	2	2009.836364
thermistor	0.6325	0.7128	1	72	172	2	2008.366667
thermo-denudation	0.5842	0.9689	1	162	412	3	2014.5
thermo-erosion	0.4941	0.97	1	155	398	3	2015.294118
thermoerosion	0.553	0.3081	4	223	544	5	2012.727273
thermoerosional niche	0.8273	0.6827	1	60	168	2	2012.5
thermokarst	0.3545	-0.1044	4	331	940	8	2014
thermokarst lakes	-0.1646	-0.4709	4	361	1226	11	2014.014019
thermokarst processes	-0.2527	-0.558	2	135	328	3	2012.928571
thickness	0.2137	-0.1208	4	449	1470	14	2010.814467
threat	0.1458	0.5716	1	160	390	5	2013.121076
threshold	0.1165	-0.2726	2	317	866	7	2012.8
thrust	-0.3867	-0.5715	2	59	120	2	2007.75
tidal flats	-0.4964	-0.384	5	139	322	3	2010.052632
tidal range	-0.3217	0.0404	2	123	258	2	2011.705882
tide gauges	-0.3036	0.9501	1	109	236	2	2010.147059
tides	-0.4465	0.2115	1	284	776	7	2010.001852
tiksi	0.2738	0.9354	1	124	278	2	2016.333333
time	-0.1266	0.0535	3	985	5086	46	2011.191579
time scales	-0.5562	-0.0068	3	222	534	4	2011.351464
time-lapse	0.483	0.2394	1	159	452	5	2014.809524
time-lapse photography	0.7611	0.6103	1	79	180	2	2015.466667
time-series analysis	-0.1634	0.1313	3	344	988	8	2010.95228
timescales	-0.8853	0.1867	3	280	724	5	2011.525048
timing	-0.2731	-0.0492	3	347	952	7	2012.348348
tools	0.5805	1.1409	1	137	334	2	2013.795322
topography	-0.4927	0.3778	1	340	1020	11	2010.120382
track	-0.2645	-0.541	2	159	364	4	2010.190476
trail	-0.0851	-0.8626	2	74	208	3	2010.478261
trajectories	-0.1417	-0.9245	2	42	86	2	2011.384117
transantarctic mountains	-0.716	-0.2734	2	91	192	2	2011.484848
transect	0.4153	-0.021	4	398	1220	11	2011.199708
transfer	0.7011	-0.2463	4	252	712	6	2010.678679
transformation	-0.1537	0.115	5	186	420	3	2011.951786
transgression	-0.0724	-0.4336	3	495	1952	18	2010
transgressive stratigraphy	-0.5198	-0.4893	3	111	244	2	2010
transition	-0.158	-0.2417	3	327	878	7	2011.648928
transport	-0.218	-0.3163	2	835	4146	37	2010.537155
transport pathways	0.0348	-0.3201	3	135	292	2	2013.356322
traps	0.4878	-0.557	2	241	632	5	2009.907104
travel	0.3954	-0.0369	3	81	168	2	2009.673684
trends	-0.216	0.5114	1	472	1568	15	2012.269204
trigger	-0.9761	-0.1993	3	171	376	2	2013.735632
tropical cyclones	-0.5025	-0.1665	2	141	322	3	2012.816794
trough	1.1512	-0.5192	4	262	908	7	2010.984962
tsunami	-0.2933	-0.1448	3	267	632	5	2015.125
tuktoyaktuk peninsula	0.5559	0.7417	1	128	292	2	2010.5
tundra	0.1871	0.8986	1	86	186	2	2013.196825
turbidites	-0.8953	-0.5432	3	166	364	2	2010.3
turbidity	0.1319	-0.6514	2	253	614	5	2011.172414
types	0.0015	-0.1007	2	505	1714	19	2011.720352
uncertainty	-0.263	0.5623	3	174	444	5	2013.221957
underground ice	-0.5784	-0.3655	5	98	212	2	2012.571429
united states	-0.3106	0.3872	3	61	130	2	2011.349593
uplift	-0.8513	-0.2107	3	223	528	4	2010.481605
upstream	-0.3314	-0.7053	2	99	200	2	2010.672862
urban	0.0786	1.0747	1	91	200	2	2014.423077
usa	-0.1435	-0.6652	2	222	594	6	2010.335681
validation	0.871	0.1146	4	96	202	2	2012.727575
valley	-0.4566	-0.526	2	430	1278	12	2011.024
values	0.1629	-0.121	2	549	1908	20	2010.746562
varandey	0.4685	0.6723	1	107	224	2	2009.5
variability	0.0177	0.3832	1	780	3864	41	2011.545737
variations	0.0097	0.4023	1	606	2490	23	2010.901917
vector	0.0922	0.7264	1	84	182	2	2010.835404
vegetation	0.0413	0.5751	1	207	526	5	2012.521246
velocity	0.1165	-0.7623	2	433	1664	16	2010.066944
venting	0.7753	-0.8181	2	102	228	2	2011.979167
vertical distribution	-0.0946	-0.8318	2	125	264	2	2010.595331
vibracores	0.1134	-0.5184	3	105	224	2	2011.25
volume	-0.0551	0.3526	1	532	2138	18	2010.936662
vulnerability	-0.0276	1.0087	1	265	782	7	2013.925926
waipaoa river	-0.8972	-0.4849	3	154	340	2	2014
warm	-0.6846	0.0732	3	94	194	2	2011.29985
warm permafrost	0.9035	-0.0688	4	164	374	3	2013.175
warming	0.5384	0.2497	4	614	2426	19	2012.978577
warming effect	2.0055	-0.3635	4	84	330	2	2011.567568
water	0.2745	-0.1621	2	1185	7822	73	2010.775054
water column	0.6899	-0.7396	4	195	476	4	2010.123234
water depth	0.1135	-0.8317	2	400	1324	12	2011
water discharge	0.685	-0.2254	4	136	294	2	2013.045455
water ice	0.0274	-0.7753	2	122	272	3	2010.074941
water level	0.0742	0.3642	1	503	1782	16	2011.696429
water surface	0.4126	-0.5956	2	126	266	2	2010.707692
water temperature	0.8668	-0.1932	4	183	430	3	2010.526448
wave	-0.3896	0.0142	2	998	5972	53	2010.934812
wave action	0.0853	0.4154	1	403	1342	12	2010.962963
wave activity	-0.414	0.3248	3	292	742	5	2011.927757
wave climate	-0.8808	0.0293	3	283	826	7	2012.888889
wave conditions	-0.3037	-0.2761	2	227	560	5	2012.444444
wave energy	-0.4973	-0.1869	2	425	1488	13	2011.326923
wave measurements	-0.0047	-1.1094	2	89	224	2	2006.333333
wave power	-0.2066	0.3395	1	91	192	2	2010.166667
wave resuspension	-0.8314	-0.5697	3	205	474	3	2011.666667
wavelength	-0.0994	-0.2437	2	139	292	3	2009.220077
weather	0.048	0.0526	2	328	1000	10	2012.202602
weather conditions	-0.006	-0.761	2	155	370	3	2012.712
weather events	0.2661	1.1894	1	121	306	3	2014.969697
weather systems	-0.5698	-0.2549	2	75	184	2	2011.348485
well	1.5553	-0.3662	4	154	516	4	2010.643979
west greenland	-0.8333	-0.158	3	118	274	4	2011.434211
wildlife	0.1673	0.4868	1	133	312	3	2014.821053
wind	0.028	-0.2305	2	821	4090	37	2010.366929
wind direction	-0.1483	-0.5146	2	128	294	3	2009.325
wind events	0.2477	0.2797	1	128	294	3	2010.827586
wind field	-0.9028	-0.0489	2	116	238	2	2008.951515
wind forcing	0.1629	-0.6064	2	142	344	3	2008.535545
wind speed	0.1131	-0.0502	2	122	282	3	2011.054286
wind stress	0.1294	-0.9079	2	99	210	2	2008.608177
wind wave	0.084	-0.345	5	104	220	2	2012
wind waves	-0.4385	0.3062	5	99	222	2	2012.304348
winter	-0.2932	-0.3436	2	579	2298	21	2011.016141
winter severity	-0.9313	-0.7342	2	68	204	2	2009.961538
winter storms	-0.4383	-0.5674	2	169	440	4	2010.316667
wisconsinan	0.2708	-0.6799	4	186	578	6	2002.230769
work	-0.1025	0.2125	5	408	1202	12	2012.585814
world	-0.2443	0.4371	3	278	742	8	2011.293273
worldwide	-0.4429	0.3583	3	114	238	2	2013.141414
yamal	0.8816	-0.1739	4	145	334	3	2014.257143
yedoma	0.5337	1.0475	1	136	326	2	2014.986667
yield	-0.713	-0.2069	3	178	380	2	2011.766667
yukon	1.023	0.3098	4	384	1536	13	2011.735915
yukon coast	0.6288	0.4242	1	216	598	5	2014.923077
yukon territory	0.5293	0.9044	1	202	636	6	2007.943396
zone	0.1781	-0.0511	4	924	4784	46	2010.917256
