id	x	y	cluster	weight<Links>	weight<Total link strength>	weight<Keyword count>	score<Avg year>
20th century	-0.2065	-0.2116	1	698	4428	50	2011.125
aar	-0.4619	-0.6641	1	252	920	11	2011.411765
ablation	0.1272	0.2729	4	1450	29958	292	2012.339583
ablation area	-0.0451	0.5252	4	793	5046	47	2012.473684
ablation rate	-0.1783	-0.0312	1	394	1388	15	2011.074074
ablation zone	0.3916	0.2325	2	1013	10234	96	2013.621849
abundance	0.3214	-0.0045	3	327	996	13	2012.159769
acceleration	0.5008	-0.0569	3	1304	20750	208	2012.217042
access	-0.2544	-0.3789	1	671	2994	30	2013.769679
accumulation	-0.4757	0.42	4	1377	28734	293	2011.1675
accumulation area	-0.4852	0.1775	4	831	6192	63	2009.974684
accumulation rates	-0.6857	0.3632	4	709	4566	48	2010.201613
accumulation zone	-0.2501	0.3519	4	581	3028	28	2014.853659
accumulation-area ratio	-0.4805	-0.6104	1	294	1090	11	2012.384615
accuracy	-0.7925	-0.5484	1	1150	14716	164	2012.031588
acquisition	-0.7154	-0.6896	1	519	2318	25	2012.112069
activity	0.4999	-0.2064	3	964	6546	74	2011.741747
addition	-0.0751	0.1443	5	1247	11122	111	2012.072879
adjustment	-0.7195	-0.0793	5	698	4162	41	2011.543956
administration	-0.9151	-0.2707	1	348	1356	14	2011.614679
advance	0.3659	-0.4466	3	1063	10758	115	2012.223684
advection	0.2726	0.8646	4	647	3600	34	2010.324162
aerial photographs	-0.4732	-0.7339	1	530	2728	32	2010.535714
aerial photography	-0.7639	-0.5684	1	360	1338	15	2010.65
aeronautics	-0.8679	-0.4601	1	291	1034	11	2012.657895
age	-0.0718	-0.1286	1	860	6936	74	2010.368729
agency	-1.0244	-0.4526	1	390	1516	15	2012.539216
agreement	-0.4028	0.0687	4	1277	13990	144	2010.554303
air	-0.2723	0.6219	4	1327	22480	217	2011.976061
air temperature	-0.3036	0.6216	4	1262	18852	182	2012.218924
airborne	-0.809	-0.6028	1	627	3594	38	2011.99435
airborne laser scanning	-0.9707	-0.7027	1	292	1072	12	2014.615385
airborne lidar	-0.9214	-0.7369	1	306	1334	17	2013.217391
airborne radar	-0.1288	-0.4646	2	420	1880	21	2012.707317
aircraft	-0.6243	-0.6199	1	458	1872	21	2010.584541
al	-0.0736	-0.1561	2	552	2136	21	2010.555118
alaska	0.0105	-0.5711	1	1187	14678	173	2010.597746
alaskan	0.0203	-0.1297	3	540	2138	21	2011.071579
albedo	-0.5429	0.9833	4	892	9104	81	2012.060567
albedo feedback	-0.1221	1.1839	4	322	1422	12	2013.383234
algorithm	-0.6058	-0.4262	1	1078	10318	111	2011.916828
alpine	0.0519	-0.5957	2	691	3330	35	2012.280161
alpine glaciers	0.1214	-0.5805	2	676	3334	35	2012.819277
alps	-0.5476	-0.5641	1	594	3068	33	2011.372549
alternative	-0.2961	-0.1994	1	417	1370	13	2011.356436
altimeter	-1.0033	-0.4911	1	824	7928	82	2009.018667
altimeter data	-1.016	-0.536	1	453	2194	23	2007.217143
altimetry	-1.0622	-0.3023	1	1068	14994	154	2011.731674
altimetry data	-1.1248	-0.3261	1	560	3380	30	2011.834356
altitude	-0.5448	0.2146	4	914	7272	71	2011.218807
america	-0.6348	-0.1391	1	554	2616	29	2011.440252
amplitude	0.0515	-0.1802	2	762	4668	49	2010.372165
analysis	-0.2272	-0.2043	1	1573	40100	427	2011.656462
angle	-0.5225	-0.2972	1	415	1520	18	2010.915493
annual	-0.4716	0.1491	4	561	2572	28	2010.264808
annual accumulation	-0.6853	0.43	4	414	1788	20	2010.317073
annual ice	0.6703	-0.4373	2	461	2136	22	2009.86
annual variation	-0.6707	0.3361	4	417	1468	15	2011.130137
anomaly	-0.0243	0.8252	4	1058	10268	100	2010.997204
antarctic	-0.4371	0.0735	1	1289	16156	173	2010.797819
antarctic glaciology	-0.013	-0.7033	1	361	1172	13	2015.47619
antarctic ice	-0.4094	0.2177	5	1042	8896	92	2012.455772
antarctic ice sheet	-0.4841	0.2888	5	966	7626	79	2012.616541
antarctic peninsula	-0.5703	0.0199	1	689	4146	42	2011.82716
antarctica	-0.3318	-0.3445	1	1306	17328	192	2011.220175
antarctica ice	-0.0957	-0.3221	5	532	2370	25	2011.795666
antenna	-0.6102	-0.1052	4	277	966	11	2010.984127
application	-0.4596	-0.3849	1	1241	14100	147	2012.361823
approach	-0.4474	-0.2885	1	1465	23724	255	2013.011682
approximation	0.1873	-0.16	5	563	2580	25	2011.077491
aquifer	0.8005	-0.1162	2	419	2264	24	2013.608247
archipelago	-0.7305	0.2438	1	735	4772	45	2011.082609
archives	-0.6059	-0.5887	1	379	1224	12	2012.62249
arctic	-0.2898	0.2631	1	1460	27766	296	2012.189504
arctic archipelago	-0.7142	0.3032	1	456	1948	18	2012.018987
arctic canada	-0.8551	-0.0577	1	439	1810	20	2010.042017
arctic climate	-0.7342	0.7859	4	422	1668	16	2013.150824
arctic fjord	0.9571	0.4786	3	342	1410	14	2013.583333
arctic glaciers	-0.3703	-0.1361	1	693	4276	47	2012.371134
arctic glaciology	0.2731	-0.487	2	719	4404	47	2016.431373
arctic greenland	-0.0389	0.8714	3	369	1248	11	2011.165468
arctic ice	-0.5129	0.3972	4	748	4514	47	2013.034188
arctic ice cap	-0.7255	0.3918	4	555	2876	29	2010.685714
arctic ocean	-0.027	0.6417	3	464	1892	19	2010.893127
arctic regions	-0.6326	0.1592	5	505	1874	18	2013.278834
arctic sea ice	-0.4394	0.5508	5	369	1342	13	2014.367364
arctic seas	-0.266	0.71	5	515	2324	23	2014.010669
arctic warming	-0.2028	0.9275	4	375	1378	12	2014.481818
area	-0.2854	-0.1231	1	1620	72232	768	2011.37466
area change	-0.3891	-0.3519	1	342	1204	14	2012.75
areal extent	0.0689	0.2183	3	398	1330	14	2010.011364
array	0.3774	-0.6552	2	469	1770	21	2011.101235
arrival	0.7142	-0.0978	3	325	970	11	2010.018349
aspect	-0.565	-0.1426	1	540	2322	27	2011.749104
assessment	-0.592	-0.0688	1	1257	14350	149	2013.024899
assimilation	-0.3882	0.499	4	377	1280	12	2012.629787
association	-0.2498	0.2774	4	345	1106	11	2011.081886
aster	-0.7079	-0.6514	1	696	4838	51	2013.326733
atlantic	0.3546	0.8768	3	1075	14042	134	2010.236737
atlantic ocean	0.493	0.8643	3	448	1848	18	2009.615463
atlantic oscillation	-0.1756	1.2214	4	597	4396	40	2010.516074
atlantic water	0.9244	0.4889	3	564	3388	32	2010.080056
atm	-0.8321	-0.6168	1	403	1834	19	2014.48731
atmosphere	-0.3373	0.9239	4	1007	9966	90	2011.581199
atmospheric circulation	-0.253	1.1802	4	635	4496	41	2012.002058
atmospheric conditions	0.183	0.9165	4	486	2260	21	2011.328431
atmospheric model	-0.3118	1.0227	4	384	1458	13	2012.346154
atmospheric temperature	0.304	1.0334	4	387	1448	15	2010.509554
attention	-0.2987	0.0176	5	574	2374	21	2012.917808
attenuation	0.4255	-0.1909	3	416	1412	16	2011.218605
austfonna	-0.8121	-0.2124	1	473	2208	23	2011.72
automated	-0.2802	-0.6332	1	306	1016	12	2012.339286
automatic weather stations	-0.4759	0.9095	4	788	6340	57	2012.382813
autumn	0.1471	0.3773	4	561	2398	23	2011.726708
availability	0.3607	0.0903	3	708	3578	38	2012.908905
avalanche	-0.312	-0.3493	4	412	1424	15	2010.643275
aws	-0.4517	1.0565	4	389	1924	18	2011.615385
axel heiberg island	-0.7127	-0.3562	1	289	982	12	2008.47619
backscatter	-0.9315	0.0689	4	615	3680	38	2011.126712
baffin	-0.1022	0.5717	3	653	3614	35	2010.510917
baffin bay	0.4443	0.8523	3	392	1674	16	2010.593939
baffin island	-0.6172	0.0871	1	454	1850	18	2009.5
balance	-0.3751	0.4447	4	1594	65720	658	2011.539286
balance model	-0.0661	0.7714	4	924	8072	73	2011.842391
bands	-0.2545	-0.1656	1	540	2168	24	2010.501538
bare ice	-0.222	0.7466	4	629	3740	32	2014.596491
barents	-0.1619	0.4583	3	428	1674	18	2010.39816
barents sea	-0.124	0.3696	3	394	1518	16	2010.27735
barrier	0.0888	0.5449	4	392	1266	12	2010.248366
basal	0.7869	-0.3823	2	1335	25348	258	2012.568254
basal conditions	0.5548	-0.5495	2	444	1800	19	2013.780822
basal friction	0.6684	-0.3685	2	464	1900	18	2015.45283
basal hydrology	0.6451	-0.0723	2	427	1626	15	2015.636364
basal ice	0.7461	-0.298	2	626	3114	31	2011.547945
basal melt	0.6583	0.1331	2	476	1950	22	2013.159817
basal motion	0.8526	-0.5307	2	544	2778	26	2013.322581
basal sliding	0.7805	-0.123	2	605	3292	33	2012.9
basal topography	0.7359	-0.7282	2	549	2944	28	2013.058824
basal water	0.9526	-0.6108	2	669	4826	48	2013.2
basal water pressure	1.0463	-0.73	2	496	3032	30	2012.969697
baseline	-0.674	-0.4921	1	514	2108	24	2012.74934
basin	0.1285	-0.0955	3	1299	14502	146	2010.09645
bathymetric	0.5482	-0.3735	3	300	1008	12	2010.923077
bathymetry	0.4215	-0.2747	3	729	4570	48	2011.112299
bay	0.217	0.2068	3	861	5596	61	2010.11814
bed	0.6812	-0.6135	2	1253	21784	226	2012.649281
bed topography	0.2395	-0.7592	2	685	4428	45	2013.670455
bedrock	0.3955	-0.4977	2	1002	8510	90	2011.093588
bedrock topography	0.1108	-0.7469	1	365	1292	13	2012.448276
behavior	0.4163	-0.3391	2	1127	10596	111	2011.103784
behaviour	0.6717	-0.2973	2	813	5700	58	2010.943662
bering	-0.0214	-0.8653	1	336	1170	17	2009.747987
bering glacier	-0.1436	-0.9546	1	278	942	16	2008.833333
bias	-0.8691	0.1049	1	915	7180	72	2013.065051
biases	-0.8599	0.3574	1	808	5924	55	2013.826211
blocking	-0.0923	0.7373	4	334	1218	12	2013.430147
body	0.1648	-0.3618	2	799	4152	44	2011.227462
borehole	0.7812	-0.3295	2	619	3798	42	2012.604563
boundary	-0.0058	0.1385	1	867	5138	53	2008.420868
boundary conditions	0.5853	0.3172	2	763	4514	46	2010.430736
bounds	0.5523	0.349	5	359	1210	14	2011.2375
bp	0.1777	0.507	5	352	1308	14	2012.006369
brightness temperatures	-0.9265	0.3665	4	408	2478	28	2007.601695
british columbia	-0.4993	-0.4495	1	301	968	11	2010.564356
broadband	0.4738	-0.4848	2	359	1264	13	2011.408602
budget	0.1218	0.5623	4	1002	8040	82	2011.153068
buoyancy	1.0405	-0.1462	3	448	1976	22	2009.220441
buoyant plumes	1.3133	0.3432	3	272	1316	13	2012.62069
buttressing	1.0487	-0.1749	3	398	1710	15	2014.9125
c-band	-0.9068	-0.5199	1	306	1098	12	2013.466667
calibration	-0.853	-0.1136	1	645	3358	38	2011.99511
calving	0.7427	-0.3599	3	1293	24188	271	2012.793722
calving event	0.9283	-0.7567	2	273	1016	13	2014.75
calving front	0.9075	-0.5443	3	690	4538	48	2013.4
calving glaciers	0.5486	-0.673	3	490	2018	22	2010.2
calving rate	0.8154	-0.5009	3	442	1938	22	2010.466667
camera	0.128	-0.7038	1	486	2178	25	2013.671756
camp	-0.2277	0.2794	4	328	1154	14	2009.610169
campaign	-0.5568	-0.1482	1	571	2426	25	2013.041363
canada	-0.5882	-0.1952	1	996	8976	99	2011.058788
canadian	-0.7172	0.0189	1	744	4364	45	2010.480463
canadian arctic	-0.7465	0.0276	1	707	4158	41	2012.163636
canadian arctic archipelago	-0.8475	0.3821	1	379	1554	14	2012.547826
canopy	-0.9766	-0.5321	1	263	1104	11	2012.634731
capabilities	-0.5708	-0.1732	1	388	1254	13	2013
capacity	0.3717	0.1572	2	620	3340	32	2013.094099
caps	-0.7833	0.0033	1	1149	12978	138	2011.769912
carbon	0.5054	0.7041	3	386	1460	17	2013.107259
case	-0.2191	-0.2936	1	1274	13482	144	2010.847835
case study	-0.576	-0.3958	1	763	4574	50	2012.678179
catchment	0.3718	-0.0726	2	938	7476	75	2013.188825
cause	0.1514	0.0696	3	920	6246	61	2011.675244
cavity	1.0479	-0.3291	2	471	2156	22	2011.572072
cell	-0.0761	0.3555	4	400	1226	11	2011.359784
century	-0.1298	0.5621	5	1301	22548	239	2012.205869
challenges	-0.1776	-0.1059	1	857	4710	51	2014.48237
change detection	-0.9921	-0.539	1	388	1618	19	2012.679612
changes	-0.1859	0.0088	1	1628	109472	1151	2012.206219
channel	0.5855	-0.5193	2	1029	9942	108	2009.903036
characteristics	0.0259	-0.1395	1	1227	11060	119	2010.936545
characterization	-0.3481	-0.4985	1	576	2260	25	2012.72969
chile	-0.0771	-0.6416	1	350	1172	13	2012.697531
circulation	0.5098	0.9098	3	1180	19918	193	2010.44219
circulation model	0.5083	0.9842	3	567	3308	31	2009.61811
circulation patterns	0.4768	0.8881	3	355	1374	13	2010.597956
citation	0.2716	-0.2425	2	569	2698	36	2010.689507
classification	-0.6703	-0.1686	1	658	3368	35	2011.561043
climate	-0.1928	0.6294	5	1579	66890	673	2012.847305
climate change	-0.2704	0.3899	5	1407	22756	235	2013.106897
climate data	-0.739	0.4581	5	386	1402	14	2012.201878
climate forcings	0.1013	0.6662	5	688	4170	40	2012.930131
climate model	-0.2276	1.0883	4	1260	25224	235	2013.16224
climate model output	-0.3816	1.1968	4	371	1516	13	2014.352941
climate model simulations	-0.1601	1.2289	5	370	1478	13	2013.895455
climate scenarios	0.0315	0.716	5	593	2972	27	2013.937824
climate system	0.0545	0.9201	5	508	2444	25	2012.717277
climate variability	-0.1321	1.2323	4	417	1946	20	2012.20898
climate warming	0.132	0.4996	4	961	7252	72	2013.628339
climatic conditions	-0.2197	0.54	5	790	4748	48	2011.992424
climatology	-0.4449	0.9269	4	597	2960	30	2010.440048
closure	0.5317	-0.5968	2	393	1304	15	2009.644444
cloud	-0.9326	-0.2053	1	1083	12816	127	2010.976891
cloud cover	-0.5967	0.8188	4	462	2134	19	2010.770548
cluster	0.2329	-0.6572	2	480	1756	19	2011.949896
cmip5	-0.2156	1.3309	5	380	1880	16	2015.883929
co-registration	-0.8831	-0.7328	1	311	1202	13	2012.652174
co2	0.0406	1.3111	5	315	1416	16	2013.165022
coast	0.0528	0.372	3	1185	12414	129	2010.134684
coastal	0.1912	0.624	3	514	2272	24	2010.739865
coastal areas	-0.3634	-0.0232	1	433	1440	15	2012.54386
coastal regions	-0.2597	0.3075	3	533	2126	21	2011.633188
coastal waters	0.9071	0.6561	3	353	1550	16	2011.971338
coefficients	-0.55	-0.0644	1	403	1364	15	2010.617647
coherent	-0.3777	-0.6919	1	482	1810	19	2010.047859
cold	0.5568	-0.0584	2	543	2128	21	2011.824903
collapse	0.5325	-0.2858	2	579	2902	32	2012.51938
collection	-0.3279	-0.3289	1	609	2606	27	2011.129412
columbia	0.2231	-0.6768	3	664	3886	45	2010.481081
columbia glacier	0.6532	-0.6752	3	507	2498	29	2010.689655
column	0.7571	0.2937	3	698	3666	36	2010.224159
communication	-0.8366	0.2493	5	253	826	15	2012.524476
community	-0.3224	0.6177	5	789	5006	47	2013.620087
community earth system model	-0.4012	1.2983	5	289	1382	12	2016.6
compaction	-0.6842	0.35	4	538	2730	29	2013.106796
comparison	-0.5135	-0.0491	1	1412	19684	215	2010.70057
compilation	-0.4925	-0.2934	1	316	1030	11	2012.019048
complex	0.1213	0.4279	5	795	4670	50	2011.908387
computer	0.2343	0.4493	3	525	2166	20	2010.773109
concentrations	0.2863	0.7474	3	987	7928	79	2011.643222
concept	-0.5161	-0.6127	1	419	1396	14	2011.306773
condition	0.2762	-0.1791	2	708	3496	34	2010.79798
conductivity	0.73	-0.3838	2	336	1264	13	2011.544304
conduit	1.0308	-0.5529	2	601	3914	42	2012.589041
configuration	0.3879	0.0665	2	755	3976	42	2012.603053
consequences	0.3331	0.351	3	495	1762	18	2012.275862
conservation	0.1509	-0.6799	2	404	1856	20	2011.717256
consistency	-0.8466	-0.1601	1	503	2010	21	2011.881356
constraints	0.0405	-0.3261	2	792	4222	44	2011.060453
construction	-0.3294	-0.0959	1	300	906	11	2011.684729
contact	1.0335	0.044	3	546	2696	28	2011.307692
content	0.3085	0.3535	4	968	7444	74	2011.761593
continent	-0.5836	0.0265	1	279	906	11	2011.202884
continental	0.0088	0.3356	3	354	1088	12	2010.243993
continental shelf	0.7813	0.3883	3	360	1506	16	2010.424501
contrast	0.2605	0.0589	3	1225	10874	111	2011.509677
control	0.4316	-0.1525	3	1324	17864	179	2012.474255
control points	-0.9009	-0.8171	1	351	1490	15	2013.142857
convection	0.7601	0.7075	3	353	1382	13	2009.024462
cooling	0.1368	0.6589	4	638	2928	30	2010.829787
core	-0.2225	0.6	4	1001	9978	105	2010.446523
correction	-0.8944	-0.2313	1	850	5616	61	2011.927948
correlation	-0.3268	0.0324	4	1274	13574	139	2011.333794
correspondence	0.2886	-0.1181	4	451	1706	18	2010.493023
costs	-0.0069	-0.0048	5	372	1258	14	2013.503597
coupled	-0.3	1.0985	5	371	1552	15	2014.46932
coupled models	-0.1947	1.251	5	327	1406	13	2015.212806
coupling	0.6114	0.4479	2	714	4610	45	2011.935532
cover	-0.4364	0.2127	1	1217	13368	137	2011.664763
coverage	-0.6872	-0.4583	1	965	7256	72	2012.329283
cracks	0.7501	-0.8529	2	320	1308	16	2011
crevasses	0.6897	-0.6645	2	952	8846	99	2012.55814
crevassing	0.622	-0.6585	2	445	1820	21	2012.964286
criterion	0.9325	-0.4266	3	403	1886	20	2010.8125
cross-correlation	-0.234	-1.0124	1	364	1482	16	2011.038462
cryosat-2	-1.0765	-0.4275	1	482	2452	23	2016.797101
cryosphere	-0.4475	-0.2022	1	865	5044	58	2014.539877
current	0.5857	0.441	3	920	6964	70	2008.757215
current climate	-0.3406	0.8126	5	322	1140	12	2013.02963
cycle	0.403	0.2464	3	1163	10948	110	2011.47296
damage	0.6152	-0.1381	2	301	1048	12	2013.018116
data	-0.3624	-0.15	1	1629	94394	1022	2011.015066
data analysis	-0.7749	-0.4068	1	464	1752	18	2011.003436
data processing	-0.9075	-0.6762	1	310	1174	12	2011.672727
data products	-1.0267	-0.1852	1	315	1086	12	2013.741935
data quality	-0.7885	-0.6049	1	301	1022	12	2013.258427
data set	-0.6281	-0.4914	1	757	4020	41	2010.433246
data sets	-0.6768	-0.3304	1	856	5490	56	2011.63144
data/model	-0.3858	0.2336	4	605	2668	28	2011.4
database	-0.5102	-0.1537	1	543	2300	24	2012.403509
dataset	-0.591	-0.3278	1	867	5114	56	2012.68054
date	-0.4645	-0.061	1	970	6564	74	2012.087051
debris	-0.1111	-0.3876	1	608	2820	30	2009.221983
debris cover	-0.3342	-0.4176	1	325	1118	12	2012.407407
decadal	-0.2099	-0.5243	1	477	1982	21	2012.008761
decadal scale	0.4194	0.1047	3	331	1042	11	2010.775758
decay	0.5595	0.1482	2	412	1498	16	2010.074434
decline	-0.1422	0.5823	4	664	3344	34	2013.254217
deep	0.7556	-0.3562	2	356	1100	11	2008.172697
deep water	0.8886	0.2351	3	439	1692	18	2008.094223
deficit	-0.3454	1.0097	4	317	1076	11	2010.613793
deformation	0.525	-0.6506	2	776	5222	55	2010.55336
deglaciation	0.2442	0.0349	5	521	2472	29	2010.986813
degree-days	-0.4278	0.7068	4	686	4386	43	2011.387755
delay	0.145	-0.2873	2	373	1248	12	2011.240223
delineation	-0.4541	-0.5194	1	403	1452	15	2012.196721
delivery	0.9852	0.059	2	638	3472	33	2013.849246
delta	-0.2176	0.0793	1	427	1556	17	2010.255844
densification	-0.7519	0.1795	4	508	2846	28	2012.52381
density	-0.4523	0.1969	4	1204	13732	140	2009.879211
dependence	-0.0458	-0.2138	1	837	4342	47	2010.591411
deposition	-0.0698	0.5628	4	424	1564	14	2012.094256
deposits	0.2771	-0.0928	3	367	1116	11	2011.200561
depression	0.5407	-0.5646	2	490	2090	22	2010.355769
depth	0.3714	-0.1124	3	1390	21240	227	2010.672402
description	0.1065	-0.1174	2	522	2096	22	2009.996622
design	-0.38	-0.1124	1	513	2056	24	2013.015625
detachment	0.7767	-0.3852	2	302	1016	11	2012.828947
detail	-0.3896	-0.1939	1	803	4258	41	2011.078886
detection	-0.5816	-0.3066	1	1051	9400	110	2012.417625
detector	-0.6938	-0.6078	1	386	1466	17	2011.984848
determination	-0.7673	-0.5957	1	661	3834	41	2010.57381
development	0.0866	-0.4217	2	1105	9354	93	2011.773084
devon	-0.7709	-0.0643	1	554	2760	29	2010.55
dh/dt	-1.0842	-0.2072	1	298	1166	12	2012.214286
difference	-0.7421	-0.0451	1	1128	10326	111	2011.163032
digital	-0.6356	-0.8314	1	582	3090	32	2011.621359
digital elevation model	-0.604	-0.7112	1	1216	19788	214	2012.770142
direct measurements	0.7418	0.2617	3	481	1988	19	2010.136752
discharge	0.7585	0.276	3	1410	27930	286	2012.354474
discrepancies	-0.2853	0.3028	4	640	2976	31	2011.321353
disintegration	0.2697	-0.0316	3	434	1678	19	2011.467105
disko	0.5725	0.3095	3	343	1262	14	2011.108696
displacement	-0.0109	-0.8112	1	851	5524	62	2010.607877
distance	0.1261	-0.5274	2	898	5522	62	2011.010448
distribution	-0.0761	-0.0384	1	1441	20980	223	2010.907306
diurnal variation	0.1153	-0.0577	2	333	1158	13	2010.953125
divergence	-0.2527	-0.5627	2	410	1516	15	2010.679372
dominance	-0.3634	0.7086	4	348	1230	11	2012.29375
doubling	0.4593	0.4755	3	396	1310	13	2011.518868
downscaling	-0.5858	0.9956	4	364	1500	13	2014.086022
drag	0.7346	-0.2391	2	581	2788	28	2010.02139
drainage	0.6113	-0.5284	2	1370	28642	293	2012.254459
drainage basin	-0.4517	-0.006	1	822	5312	52	2010.668367
drainage events	0.7977	-0.6548	2	499	2820	27	2014.020833
drainage network	0.7337	-0.5998	2	326	1106	11	2013.770833
drainage system	0.8384	-0.5612	2	977	11436	113	2013.272727
drift	0.0956	0.3116	3	577	2854	35	2009.705986
drivers	0.3502	0.659	3	661	3524	32	2015.864011
dry snow	-0.6553	0.5725	4	489	2280	24	2011.275
duration	-0.3436	0.4531	4	860	6090	64	2012.189258
dynamic changes	0.688	0.2895	3	464	2186	21	2013.259259
dynamic response	0.8175	0.1032	2	626	3502	34	2012.590909
dynamic thinning	0.5398	-0.0435	3	490	2534	25	2012.790698
dynamics	0.4918	-0.2254	2	1569	46706	478	2012.382241
earth	-0.5029	0.3034	5	1140	12992	133	2012.416212
earth model	-0.2842	1.0963	5	398	2088	19	2013.043702
earth system	-0.2567	1.0476	5	663	5034	47	2015.459227
earth system models	-0.1528	1.2274	5	548	3992	37	2016.009881
earthquakes	0.8026	-0.7519	2	342	1746	25	2011.096774
east	0.057	0.1657	3	1123	10424	112	2011.088561
east antarctica	-0.4351	-0.4274	1	583	2990	34	2012.024096
east greenland	0.7432	0.3296	3	771	4968	51	2008.67354
eastern	-0.595	-0.3884	1	344	1068	13	2011.347648
ecmwf	-0.6169	1.0994	4	348	1412	12	2010.330601
ecosystem	0.5972	0.168	3	515	2198	22	2013.530062
eemian	-0.1953	1.1459	5	318	1390	14	2011.925
effective pressure	0.8971	-0.6193	2	404	1768	18	2014.892857
effects	0.155	0.197	5	1544	34444	355	2011.624055
efficiency	0.4317	-0.4934	2	559	2670	27	2012.80663
effort	0.1158	-0.2242	2	533	2150	23	2012.512579
ela	-0.5257	0.0441	1	560	2994	28	2011.65
elements	0.4321	-0.4678	2	658	3094	39	2011.89258
elevation	-0.6899	-0.3428	1	1550	51692	537	2012.227186
elevation changes	-0.9999	-0.3443	1	1183	18576	184	2012.632107
elevation feedback	-0.222	1.0206	5	311	1340	11	2014.916667
elevation model	-0.6844	-0.6653	1	948	8950	95	2012.230435
elevation range	-0.6865	-0.2486	1	380	1268	13	2013.193548
ellesmere island	-0.3686	-0.2114	1	348	1278	15	2009.714286
elmer/ice	0.9927	-0.2458	2	362	1456	14	2016.517241
emergence	0.3907	0.3001	2	317	960	11	2012.277778
emission scenarios	-0.3563	1.1324	5	397	2004	17	2013.561404
emissions	-0.4882	0.6075	5	795	5868	57	2013.550741
energy	-0.0234	0.6187	4	1223	14296	139	2011.753532
energy balance	-0.1542	0.8479	4	918	8130	72	2012.273256
energy balance model	0.0475	0.8275	4	533	2606	23	2012.070588
energy fluxes	-0.2704	1.2679	4	333	1318	12	2012.005128
englacial	0.7752	-0.5066	2	361	1462	14	2015.391304
englacial water	0.5124	-0.7471	2	357	1252	13	2015.142857
enhanced	-0.0685	-0.2098	1	477	1726	17	2012.845902
ensemble	-0.2535	1.0276	5	493	2754	28	2013.566298
entrainment	1.1891	0.2585	3	286	1234	14	2007.739437
environment	0.0696	-0.3444	1	1103	8786	94	2012.515563
environmental conditions	-0.1391	-0.5116	1	323	942	11	2013.912338
envisat	-1.0072	-0.442	1	438	2020	21	2012.962963
equilibrium	-0.1158	0.4241	4	1055	10130	100	2010.171186
equilibrium line	-0.3988	0.3115	4	941	8106	74	2011.57732
equilibrium line altitude	-0.4018	0.3517	4	847	6306	57	2012.833333
era-40	-0.7347	0.9698	4	348	1410	12	2009.925532
era-interim	-0.4649	1.2272	4	475	2432	22	2015.815725
erosion	0.5032	-0.1011	3	689	3498	38	2011.871716
error	-0.7707	-0.394	1	1220	16740	185	2011.486384
error estimates	-0.786	-0.2212	1	381	1460	16	2009.870968
ers	-1.1028	-0.4722	1	267	978	11	2006.561404
eruption	-0.7033	0.3649	4	312	1144	13	2009.934211
esa	-1.1744	-0.4768	1	351	1476	13	2015.411765
estimate	-0.5049	0.0523	1	1053	8870	98	2010.903093
estimation	-0.647	-0.5088	1	1012	7994	89	2012.012407
european	-0.8417	0.014	1	510	2162	21	2011.362949
european alps	-0.7314	-0.4337	1	340	1174	12	2012.633333
eustatic sea level	-0.2421	0.357	5	547	2424	21	2008.6
evaluation	-0.7398	0.2547	4	842	5660	56	2013.100503
events	0.5761	-0.3413	2	1388	24868	272	2012.030986
evolution	0.299	0.0985	2	1423	24898	245	2012.05694
excess	0.6618	-0.0973	3	455	1744	20	2008.657895
exchange	0.905	0.6239	3	589	3466	36	2010.706601
expansion	0.4886	0.2877	2	845	5620	59	2012.969492
expedition	-0.6302	-0.0338	4	379	1214	14	2010.922432
experimental	-0.8874	-0.5638	1	352	1474	15	2013.019481
experiments	-0.0925	0.3009	5	1359	18358	182	2011.075205
explanation	0.2415	-0.0757	3	467	1722	21	2009.867769
export	1.1038	0.5207	3	409	1896	21	2011.295396
exposure	0.0524	0.4082	3	402	1434	18	2012.977505
extension	0.3455	-0.231	2	554	2244	23	2010.251641
extent	-0.2461	0.2283	4	1397	21950	221	2011.835219
extraction	-0.4652	-0.6439	1	416	1422	14	2013.323651
extrapolation	-0.7475	0.1392	1	563	2830	31	2011.037736
face	1.0544	-0.0652	3	566	3072	34	2012.258278
facies	-0.8136	0.113	4	425	1500	14	2007.653061
failure	0.4432	-0.5961	2	512	2054	22	2011.859477
fall	0.3949	0.0968	3	683	3498	36	2011.228402
fast	0.6449	-0.5804	2	483	1972	20	2012.105263
fate	0.6864	0.6707	3	364	1222	13	2012.348684
feasibility	-0.6879	-0.4806	1	379	1288	15	2012.440559
feature tracking	-0.3261	-0.947	1	405	1852	19	2013.038462
features	-0.1128	-0.4811	1	1178	10452	113	2010.384646
feedback	0.191	0.8602	5	1009	9854	94	2013.003957
field	-0.0662	-0.1749	1	1523	29020	300	2010.533445
field data	0.0184	-0.0499	4	587	2450	24	2011.688136
field measurements	-0.3521	-0.6388	1	566	2538	26	2011.524345
field observations	0.2312	-0.3265	2	664	2932	29	2011.242424
filter	-0.5655	-0.7109	1	488	1892	20	2011.920139
filtering	-0.8448	-0.7	1	307	1058	12	2012.893617
finite element	0.8237	-0.4978	2	326	1170	13	2011.713675
firn	-0.2535	0.3088	4	1086	12872	128	2012.838298
firn aquifer	0.7738	-0.0335	2	311	1538	16	2016.6875
firn cores	-0.5516	0.5177	4	484	2520	27	2012.561404
firn densification	-0.929	0.2741	4	355	1574	17	2012.666667
firn density	-0.7964	0.498	4	392	1928	20	2013.176471
fit	-0.0627	-0.0707	1	353	1040	11	2009.364583
fjord	0.899	0.2697	3	1254	22836	241	2013.427767
fjord bathymetry	0.202	-0.4967	3	365	1380	14	2014.733333
fjord circulation	1.128	0.5361	3	560	3534	35	2015.815789
fjord geometry	1.0076	0.0626	3	326	1248	13	2016.642857
fjord system	1.0344	0.4631	3	450	2004	20	2014.815789
flexure	0.9735	-0.7063	2	305	1048	12	2010.310345
flight	-0.8024	-0.6779	1	414	1864	22	2012.160714
flood	0.3109	-0.567	2	538	2272	26	2013.016026
flotation	0.8784	-0.656	2	390	1660	21	2010.255814
flow	0.5511	-0.3318	2	1537	46442	482	2010.017411
flow dynamics	0.3244	-0.4861	2	602	2726	27	2011.146341
flow models	0.605	-0.3524	2	461	2058	21	2013.644737
flow path	0.5058	-0.596	2	421	1554	17	2012.76
flow patterns	0.4383	-0.2822	3	352	1112	11	2008.58156
flow rate	0.6024	-0.7702	2	444	1984	21	2011.462366
flow regime	0.5354	-0.5457	2	374	1278	15	2009.807692
flow speed	0.7514	-0.2874	3	671	3902	37	2013.583333
flow velocity	-0.0101	-0.8743	1	715	4348	46	2010.773585
flowline	0.6975	-0.5442	2	405	1710	18	2010.181818
fluctuations	0.1802	-0.0694	3	1098	10470	113	2009.816514
fluid	0.9093	-0.2783	2	340	1192	14	2009.934901
flux	0.5217	0.4442	3	1402	23474	235	2010.974387
focus	-0.3203	0.2929	5	535	2212	24	2012.93921
footprint	-0.8037	-0.624	1	553	2876	30	2014.12
force	0.8225	-0.4109	2	787	5364	59	2011.140909
force balance	0.7444	-0.522	2	426	1654	16	2011.813953
forcing	0.4175	0.5655	3	1359	24652	244	2011.371506
forecasting	-0.1924	0.5147	4	369	1304	13	2014.057851
forecasts	-0.125	0.6888	4	506	2062	21	2012.850526
formation	0.4534	-0.0815	2	1143	10046	106	2010.511811
fraction	0.3067	0.4373	3	834	4810	52	2011.553026
fracture	0.7695	-0.5737	2	747	5178	62	2011.127273
fracture mechanics	0.7423	-0.7215	2	255	908	13	2010.37037
framework	0.3391	0.3004	5	783	4450	46	2013.208431
freeboard	-0.8173	-0.4916	1	309	1256	12	2014.212121
freeze up	-0.3736	0.5253	4	345	1148	11	2011.792683
freezing	0.2424	0.4308	3	420	1466	14	2009.881557
frequency	0.0505	-0.4193	2	1002	7722	89	2011.174374
fresh water	0.8346	0.5311	3	418	1608	16	2007.859316
freshwater	0.8238	0.5675	3	1025	11412	114	2011.825688
freshwater discharge	1.1629	0.519	3	371	1636	16	2012.191176
freshwater flux	0.684	0.8078	3	602	3614	35	2011.361111
freshwater runoff	0.4535	0.972	3	357	1402	12	2011.340909
friction	0.8055	-0.405	2	612	3176	31	2009.340824
front	0.6225	-0.3112	3	1353	21336	222	2009.508357
frontal	0.2735	-0.8534	3	341	1314	14	2007.215569
frontal ablation	0.645	-0.2913	3	495	2352	24	2017.16
function	0.0138	-0.2289	2	961	6668	72	2010.972155
future	0.1146	0.5584	5	1168	11890	121	2013.712684
future climate	0.1208	0.9439	5	731	4740	43	2013.848387
future evolution	-0.2454	0.1617	5	415	1494	13	2014.703704
future projections	-0.2031	1.2393	5	415	1946	17	2015.109375
future sea-level rise	-0.5038	0.565	5	369	1348	14	2013.244898
gap	-0.2856	-0.4043	1	822	4270	43	2012.915572
gas	-0.0527	1.1924	5	477	2592	26	2012.319686
gas emissions	-0.1149	1.1249	5	312	1216	11	2014.400901
general	-0.2549	1.0573	5	365	1358	12	2011.369942
general circulation	0.1796	1.2084	5	654	5246	49	2009.760621
general circulation model	0.1313	1.1929	5	690	5802	54	2010.017151
generation	-0.2559	-0.6173	1	647	2896	32	2012.050847
geodetic mass balance	-0.9561	-0.6051	1	419	2248	25	2015.384615
geometry	0.5069	-0.3598	2	1301	18156	190	2011.419355
geometry changes	0.1062	-0.5947	2	343	1184	11	2013.882353
geoscience	-0.9682	-0.7175	1	345	1504	15	2009.7
geothermal heat	0.8493	0.0442	2	314	1316	14	2013.071429
geothermal heat flux	0.8414	0.0692	2	295	1194	13	2013.22807
gis	-0.0939	0.4687	5	807	4872	48	2011.154589
glacial	0.4395	-0.1403	3	835	4598	50	2011.612378
glacial cycle	0.0971	1.1408	5	267	1132	12	2010.016949
glacial earthquakes	0.8931	-0.7156	2	275	1418	20	2012
glacial fjords	1.1011	0.3863	3	394	2060	21	2015.8
glacial hydrology	0.9395	-0.4836	2	312	1118	11	2016
glacial ice	0.9209	0.0033	3	390	1462	16	2010.732394
glacial isostatic adjustment	-1.0067	-0.2729	5	293	1390	13	2012.284615
glacial lakes	0.1508	-0.4805	2	404	1560	17	2012.032787
glacial melt	0.2932	0.3719	3	445	1884	20	2013.508772
glacial meltwater	0.9619	0.3836	3	551	2956	32	2014.267176
glacial retreat	0.0702	-0.0539	3	312	1006	11	2012.927273
glaciation	9e-04	0.1189	1	345	1176	15	2009.656667
glacier	0.1892	-0.3335	3	1627	127150	1421	2012.551157
glacier ablation	0.0093	-0.0261	3	463	1810	17	2013.454545
glacier advance	0.6107	-0.7046	3	322	1074	11	2010.333333
glacier area	-0.6666	-0.4835	1	712	5324	61	2013.351648
glacier calving	0.8775	-0.3904	3	606	3366	38	2015.591837
glacier changes	-0.271	-0.4868	1	893	6884	75	2012.761905
glacier discharge	0.7311	0.3953	3	559	2682	25	2014.351351
glacier dynamics	0.4767	-0.5329	2	1114	11652	121	2013.513661
glacier elevation change	-0.9514	-0.6093	1	389	1636	15	2014
glacier extent	-0.5384	-0.4092	1	467	1954	18	2012.75
glacier flow	0.4203	-0.7121	2	982	8926	90	2013.614907
glacier fluctuations	0.3279	-0.5857	3	483	2402	29	2012.111111
glacier front	0.8416	-0.0742	3	876	6804	70	2013.548673
glacier geometry	0.4602	-0.5281	3	686	4142	43	2014.326087
glacier hydrology	0.7081	-0.518	2	686	3898	43	2015.421053
glacier ice	0.118	-0.3604	1	1204	11174	113	2011.885196
glacier inventory	-0.8246	-0.3783	1	555	3988	46	2012.347222
glacier lakes	0.593	-0.6041	2	295	976	11	2013.666667
glacier length	-0.3162	-0.2523	1	435	1874	20	2012.695652
glacier mapping	-0.4808	-0.745	1	474	2270	28	2013.71875
glacier mass	-0.5926	-0.0145	1	1172	15198	161	2013.400862
glacier mass balance	-0.6132	-0.0199	1	1017	10568	112	2013.324503
glacier mass loss	-0.4041	0.1659	5	545	2630	25	2014.978261
glacier meltwater	0.9018	0.1722	3	307	1002	11	2015.580645
glacier model	0.4122	-0.0454	2	842	5642	57	2014.10989
glacier monitoring	-0.3924	-0.8054	1	493	1984	21	2012.541667
glacier motion	0.2975	-0.8124	2	528	2254	24	2014.344828
glacier recession	-0.3223	-0.6772	1	314	1230	13	2012.588235
glacier response	0.5289	-0.1325	3	681	4064	41	2013.537037
glacier retreat	0.4243	-0.0928	3	937	8112	84	2014.020513
glacier runoff	0.2773	0.3357	3	377	1308	12	2016.08
glacier surface velocity	-0.3556	-0.8968	1	351	1302	15	2013.388889
glacier surges	-0.1531	-0.6793	1	497	1980	19	2013.4
glacier systems	0.1423	-0.2706	3	370	1202	11	2013.607143
glacier terminus	0.7462	-0.3349	3	871	6544	69	2012.989362
glacier thickness	0.0417	-0.7804	1	413	1524	18	2014.137931
glacier thinning	0.2348	-0.7056	2	525	2686	29	2011.55102
glacier tongue	0.2435	-0.7103	2	593	2854	31	2011.648936
glacier velocity	-0.0301	-0.8262	1	842	6266	67	2012.741573
glacier volume	-0.8175	-0.3956	1	594	3816	43	2012.351852
glacier volume change	-0.9743	-0.6566	1	277	1080	12	2012.583333
glaciological instruments and methods	0.1036	-0.9633	2	406	1658	19	2015.216216
glaciology	0.1695	-0.5216	2	961	6236	71	2012.355263
glas	-1.0158	-0.6309	1	382	1768	18	2009.512195
global	-0.6748	-0.3357	1	890	6560	64	2012.401509
global climate	-0.4394	0.8714	5	718	4398	41	2012.960148
global climate models	-0.1997	1.1144	5	485	2462	21	2013.408482
global positioning system	-0.4002	-0.7715	1	526	2842	27	2011.209302
global sea level	-0.1693	0.6831	5	1095	11422	108	2012.593596
globe	-0.7493	0.0932	1	304	1044	11	2012.275862
gnss	-0.5598	-0.7685	1	353	1222	14	2015.392405
godthabsfjord	0.8945	0.6527	3	311	1072	11	2015.5625
gpr	-0.4037	-0.3332	4	590	3456	40	2012.49359
gps	-0.1647	-0.7765	1	1062	9904	106	2011.867769
gps data	-0.6251	-0.6943	1	363	1368	15	2011.709302
gps measurements	0.0348	-0.9332	2	483	2210	21	2010.886076
gps observations	-0.2157	-0.6764	5	309	1060	11	2012.864407
grace	-0.9269	0.4562	5	708	6550	60	2013.178344
gradient	-0.0494	0.1522	4	1150	10930	113	2011.354256
grain	-0.055	0.6013	4	393	1502	14	2011.304833
gravimetry	-1.1574	0.2754	5	459	2654	26	2013.61165
gravity	-0.6166	0.282	5	838	6942	67	2010.857664
greenhouse	-0.106	1.1993	5	508	2976	30	2012.619866
greenhouse gas	-0.1093	1.2084	5	488	2834	28	2013.545016
greenhouse gas emissions	-0.1137	1.1248	5	312	1216	11	2014.455556
greenland	0.2215	0.3224	3	1608	123236	1355	2011.434214
greenland climate	-0.2056	1.144	4	558	3104	29	2013
greenland coast	0.5198	0.7291	3	458	2082	21	2009.754098
greenland current	0.7642	0.7019	3	414	1806	18	2007.828283
greenland fjords	0.9936	0.4124	3	475	2352	26	2015.741935
greenland glaciers	0.8525	0.1679	3	802	6118	66	2013.552632
greenland ice	0.227	0.5146	4	1580	88410	922	2013.011636
greenland ice sheet	0.2038	0.5497	4	1570	82048	851	2013.335324
greenland ice sheet melt	0.0262	0.9361	4	440	1818	18	2013.631579
greenland ice sheet surface mass balance	-0.3489	1.3289	4	595	4212	36	2012.864865
greenland melt	0.3598	0.7223	4	510	2280	21	2014.758621
greenland outlet glaciers	1.0185	-0.0119	3	706	5116	53	2011.517857
greenland sea	0.3549	0.6593	3	581	2686	26	2005.833811
greenland surface mass balance	-0.4521	1.1647	4	367	1584	14	2015.25
grid	-0.3331	0.2703	4	824	5218	54	2011.079167
gris	-0.0501	0.7827	4	1249	19326	181	2015.391489
ground control	-0.916	-0.8131	1	367	1602	16	2014.357143
ground-penetrating radar	-0.3734	-0.5362	4	544	2784	33	2012.766917
grounding	0.8208	-0.2847	3	554	2714	29	2012.533875
grounding line	0.9598	-0.2126	3	556	3086	32	2012.479695
group	-0.0767	-0.5462	2	315	958	11	2011.722362
growth	0.4366	0.0906	2	984	6620	70	2011.406319
hand	0.5365	0.2382	2	403	1306	14	2010.96875
hansbreen	0.6126	-0.4157	2	400	1610	16	2015
hazard	-0.1391	-0.3503	1	429	1528	17	2012.855072
head	0.9536	-0.184	2	418	1616	18	2010.621429
heat	0.7318	0.5869	3	1140	14672	147	2011.129975
heat content	0.9826	0.5737	3	346	1506	15	2012.877419
heat flux	0.6728	0.6128	3	696	4106	40	2010.709804
heat source	0.9827	0.496	3	337	1332	12	2011.650794
heat transport	1.0711	0.6387	3	460	2266	21	2012.027726
heating	0.594	0.3008	2	587	2760	26	2011.378428
height	-0.3819	0.0251	1	1122	10080	103	2010.601343
helheim	0.9459	-0.0682	3	847	7074	74	2013.644737
helheim glacier	0.9198	-0.1296	3	775	5604	59	2014
hemisphere	-0.2243	0.8351	4	578	3026	32	2010.968158
heterogeneity	-0.0291	0.4414	4	393	1406	16	2014.002481
high accuracy	-0.9404	-0.6641	1	321	1112	12	2012.55
high arctic	-0.37	0.034	1	622	3488	37	2013.319239
high latitudes	0.0913	0.4315	3	629	2738	27	2011.932029
high spatial resolution	-0.4926	-0.1861	1	500	2008	21	2013.379085
high temporal resolution	-0.1701	-0.7313	1	460	1894	19	2014.304348
high-frequency	0.5172	-0.632	2	472	1816	21	2011.689759
high-pressure	0.6831	0.3618	2	443	1922	17	2012.414729
high-resolution	-0.2607	-0.0182	1	1398	20100	207	2012.264879
higher-order	0.2068	0.2752	5	322	1186	11	2013.657895
himalaya	-0.8898	-0.2378	1	290	1004	11	2012.563107
hirham5	0.0537	1.0574	4	318	1216	12	2016.095238
history	0.2579	0.0516	5	840	5532	65	2011.001969
holocene	0.3489	0.3188	5	563	3120	37	2010.62959
horizontal resolution	-0.247	0.5364	4	415	1440	14	2011.685824
hornsund	0.4037	-0.2876	3	333	1254	14	2015.137931
hpa	-0.7676	0.8401	4	326	1276	12	2010.355159
hubbard	0.3755	-0.6905	3	318	1106	15	2009.933333
hubbard glacier	0.422	-0.6663	3	261	862	12	2008.916667
hydrofracture	0.8592	-0.6826	2	302	1152	12	2016.04
hydrographic	0.998	0.2734	3	408	1508	14	2008.115894
hydrographic data	1.0242	0.5179	3	281	1054	12	2006.497059
hydrography	0.9743	0.3003	3	333	1274	13	2009.277922
hydrological model	0.8935	-0.3343	2	409	1784	18	2014.325397
hydrological processes	0.461	-0.0793	2	441	1630	15	2014.58156
hydrological system	0.778	-0.3711	2	559	2748	28	2012.621212
hydrology	0.7319	-0.2546	2	1125	13220	129	2013.474126
hypothesis	0.7518	-0.0142	2	532	2420	26	2011.082126
hypsometry	-0.3681	-0.1261	1	465	1980	19	2012.64
ice	0.0447	0.0385	2	1629	174894	1911	2011.721291
ice ablation	0.4512	0.4034	2	432	1780	16	2013.125
ice age	-0.0338	-0.1115	1	802	6512	70	2011.186842
ice albedo	-0.4293	1.1485	4	325	1324	12	2013.056338
ice bed	0.6667	-0.7906	2	434	1762	19	2013.093023
ice cap	-0.6753	-0.0301	1	1356	22544	239	2011.954907
ice cliff	0.7037	-0.6814	2	374	1426	16	2012.176471
ice conditions	0.101	0.0169	3	458	1640	17	2011.713198
ice cores	-0.3897	0.7348	4	765	5438	56	2010.322795
ice deformation	0.7842	-0.5342	2	429	1886	18	2010.425532
ice discharge	0.1488	0.39	5	919	7958	78	2013.796178
ice divides	0.0625	-0.4308	2	476	1912	21	2011.555556
ice dynamics	0.2857	-0.4132	2	1219	16302	155	2013.540943
ice extent	-0.2809	0.5789	3	520	2168	21	2012.764347
ice flow	0.6104	-0.4916	2	1314	23858	240	2012.942857
ice flow dynamics	0.2964	-0.6292	2	352	1230	13	2011.925926
ice flow model	0.8518	-0.1558	2	645	4028	39	2013.807339
ice flow speed	0.845	-0.5927	3	340	1226	11	2014.380952
ice flow velocity	0.0464	-0.9436	1	338	1288	14	2011.725
ice flux	0.5728	-0.4478	2	589	3104	30	2010.752066
ice formation	0.2309	0.6752	4	353	1240	13	2009.892857
ice fracture	0.6425	-0.6094	2	270	890	11	2013.875
ice front	0.8593	-0.2394	3	816	6272	65	2010.638889
ice layers	-0.0631	0.4116	4	707	4252	42	2011.030928
ice loss	-0.1024	0.2882	5	1006	9570	98	2014.762324
ice margin	0.7414	-0.0644	2	730	4154	42	2012.065421
ice marginal	0.4857	-0.8314	2	417	1592	19	2012.046512
ice mass	-0.0584	0.1504	5	1065	10126	100	2012.600478
ice mass balance	0.2731	0.3041	5	357	1270	12	2011.513514
ice mass changes	-0.8538	0.1187	5	369	1808	16	2011.890244
ice mass loss	-0.035	0.1778	5	738	4766	46	2014.797101
ice melange	1.1379	-0.1614	3	552	3356	35	2014
ice melt	0.4272	0.6869	3	627	3162	33	2012.747368
ice melting	0.5983	0.445	3	750	4282	42	2011.241071
ice model	0.7599	0.3798	2	578	2844	29	2011.207143
ice motion	0.4658	-0.8383	2	777	5920	58	2009.975904
ice retreat	0.6351	0.2257	3	301	1034	11	2013.800752
ice sheet	0.1056	0.3471	5	1610	112042	1196	2012.194459
ice sheet changes	0.3109	0.6433	5	411	1514	16	2012.6
ice sheet drainage	0.2372	-0.8408	2	368	1556	16	2011.666667
ice sheet dynamics	0.6472	-0.1918	2	707	4322	44	2013.658683
ice sheet elevation	-1.0268	-0.3929	1	519	2960	31	2011.808511
ice sheet evolution	0.1487	1.0144	5	430	2108	20	2013.577465
ice sheet flow	0.7064	-0.3547	2	498	2276	24	2012.972222
ice sheet hydrology	1.1777	-0.3729	2	324	1418	13	2014.266667
ice sheet mass balance	-0.4945	0.667	4	895	7752	80	2012.192771
ice sheet melt	0.1235	0.8676	4	574	3126	31	2013.225
ice sheet meltwater	0.6693	0.456	2	565	2970	27	2013.615385
ice sheet model	0.2575	0.6588	5	1144	17632	175	2014.003868
ice sheet response	0.3586	0.7998	5	555	2976	30	2014.111111
ice sheet surface	-0.1342	0.7994	4	1160	16990	162	2013.170124
ice sheet surface elevation	-0.8966	0.422	5	385	1734	17	2011.666667
ice sheet temperature	0.3651	0.8504	4	318	1174	12	2011.428571
ice sheet topography	-0.2967	0.9685	5	325	1366	13	2012.033333
ice shelf	0.219	-0.0281	3	1055	10056	110	2011.573026
ice speed	0.7224	-0.8425	2	438	1886	19	2012.806452
ice streams	0.484	-0.3742	2	879	7082	74	2012.40249
ice surface	0.0015	-0.4045	2	1422	22484	224	2011.816258
ice surface velocity	-0.0083	-0.9541	1	517	2350	23	2013.512195
ice temperature	0.6242	0.1052	2	527	2448	26	2010.902256
ice thickness	0.0049	-0.6398	1	1183	14938	158	2011.271053
ice thickness distribution	-0.6375	-0.5161	1	311	1070	12	2011.634146
ice thickness measurements	-0.0736	-0.7616	1	374	1348	16	2011.4
ice thinning	-0.0974	-0.7828	1	350	1268	14	2011.8
ice tongue	0.9976	-0.1664	3	597	3424	36	2011.144737
ice velocity	0.2068	-0.7638	2	1140	14238	140	2012.877256
ice volume	-0.4732	0.0092	1	940	7754	84	2012.008571
ice-cover	-0.2494	0.5422	3	721	4026	42	2011.210019
ice-free	-0.1033	-0.0527	1	542	2188	23	2013.322981
ice-penetrating	0.3025	-0.7414	2	281	1042	11	2013.526316
ice-penetrating radar	0.3288	-0.7526	2	285	1056	11	2014
ice/ocean interactions	1.0242	0.0487	3	763	5832	59	2014.813793
iceberg calving	0.7875	-0.3098	2	729	4632	53	2012.366667
iceberg discharge	0.6087	0.6521	3	409	1628	15	2013.363636
iceberg drift	0.1182	0.5498	3	348	1462	18	2012.028571
iceberg production	0.6756	-0.2222	3	341	1206	11	2011.941176
icebergs	0.6966	-0.051	3	1074	13274	159	2011.523585
icebridge	-0.8884	-0.34	1	528	2606	26	2016.163636
icefield	-0.4234	-0.4902	1	784	5480	60	2012.316456
iceland	-0.0719	-0.4847	1	755	4488	51	2009.361905
icequakes	0.6567	-0.8061	2	443	2308	28	2013.461538
icesat	-1.0952	-0.4376	1	865	8932	88	2012.032558
icesat laser altimetry	-1.1059	-0.3617	1	347	1322	12	2012.525
icesat-2	-0.9493	-0.5032	1	468	3180	32	2015.815789
icesat/glas	-0.8775	-0.6209	1	354	1358	14	2012.903226
identification	-0.3401	-0.2627	1	728	3328	35	2011.944837
imagery	-0.1445	-0.5849	1	1331	20670	220	2011.982143
images	-0.3742	-0.7072	1	1263	17970	194	2011.32506
imaging	-0.6041	0.2034	4	769	5160	52	2012.991398
imbalance	-0.1715	0.3962	5	462	1924	20	2012.174242
impact	0.3046	0.3954	3	1471	26162	269	2013.206627
implementation	-0.3505	-0.1915	1	553	2158	21	2013.145907
implications	0.3463	0.1271	3	1163	10324	105	2011.871583
improvement	-0.6585	-0.0309	1	737	4128	46	2012.529851
in-situ	-0.4468	0.1529	1	548	2066	22	2013.712
inclusion	-0.3066	0.1419	1	609	2530	24	2010.77907
index	-0.4552	0.598	4	768	4970	49	2011.380952
indices	-0.5986	0.2228	4	816	4756	47	2012.102711
infiltration	0.0412	0.3315	4	380	1728	16	2011.933884
inflow	0.9395	0.5413	3	464	2084	21	2009.568182
influence	0.4398	0.1524	3	1336	16592	169	2011.779275
information	-0.4053	-0.319	1	1256	13518	146	2011.767792
initiation	0.4235	-0.472	2	417	1446	18	2010.927536
injection	0.9237	-0.2783	2	355	1154	14	2011.807018
inland	0.4271	-0.3169	2	986	7908	79	2012.551282
inland ice	0.3747	-0.3761	2	412	1606	16	2011.862745
insar	-0.4108	-0.9211	1	559	3022	33	2012.138889
insight	0.2272	-0.1881	2	580	2294	23	2012.936061
insolation	-0.1503	1.1075	5	381	1548	15	2010.586826
instability	0.6696	-0.3475	2	577	2786	31	2009.776848
instrument	-0.8023	-0.4347	1	776	5010	53	2011.288956
instruments and methods	0.1028	-0.9635	2	406	1658	19	2015.210526
intensity	-0.213	-0.2783	1	706	3728	40	2011.663823
interactions	0.7279	0.0225	3	1111	10006	100	2011.626733
interannual	-0.16	0.3923	4	423	1672	16	2009.011628
interannual variability	-0.4115	0.6938	4	912	6614	61	2010.7663
interannual variations	-0.2856	0.4052	4	529	2224	20	2010.739437
intercomparison	-0.5621	0.9398	5	516	2726	25	2014.488211
interface	0.8494	-0.204	2	863	6048	67	2010.689655
interferometric synthetic aperture radar	-0.3812	-0.9664	1	471	2106	24	2011.780822
interferometry	-0.462	-0.9105	1	569	2958	33	2010
interior	0.2392	0.1757	2	997	6872	69	2010.221733
internal layers	-0.2164	-0.2337	4	278	978	11	2010.559322
international	-0.5166	-0.4845	1	425	1586	18	2009.59081
interpolation	-0.7102	-0.5103	1	647	3688	39	2012.42515
interpretation	0.1977	-0.4806	2	747	3862	44	2010.411609
intrusion	0.6369	0.5488	3	358	1190	12	2011.398892
inventory	-0.7534	-0.3313	1	680	5664	67	2012.165029
inverse methods	0.4085	-0.1113	2	320	1146	11	2011.116279
inversion	0.1266	-0.3269	2	806	4892	51	2010.501809
ipcc	-0.0475	0.8479	5	475	2166	20	2011.552189
irminger	0.8241	0.6866	3	350	1482	15	2010.348018
island	-0.443	-0.2591	1	1138	12258	136	2009.956692
isostatic adjustment	-0.9023	-0.2616	5	309	1370	13	2012.225058
issm	0.5945	0.3537	5	357	1606	14	2016.259259
jakobshavn	0.364	-0.5675	3	1025	10876	126	2012.545455
jakobshavn isbrae	0.4278	-0.6508	3	923	8630	99	2012.240385
john	0.2138	-0.1896	2	611	2712	27	2008.988287
jokulhlaup	0.5831	-0.7224	2	345	1374	18	2012.478261
juneau icefield	-0.5553	-0.2983	1	341	1266	14	2012.625
kangerdlugssuaq	0.9185	0.1003	3	583	3368	37	2010.95
kangerlussuaq	0.2925	0.7377	4	567	3154	32	2014.415094
key	0.2942	-0.0443	2	562	2430	25	2013.075472
king	-0.2564	-0.4946	1	424	1718	18	2013.07113
king george island	-0.3302	-0.4762	1	357	1432	15	2013.25641
knowledge	0.0812	-0.2813	2	1112	9000	92	2012.895394
kongsfjorden	0.8979	0.2913	3	317	1142	12	2014.727273
kriging	-0.595	-0.6758	1	316	1128	12	2012.62963
l-band	-0.611	-0.6179	1	307	1044	12	2013.80597
laboratory	0.3897	-0.1402	3	541	2166	24	2010.526248
laboratory experiments	0.8927	0.2203	3	260	970	12	2009.102804
labrador	0.6887	0.6865	3	346	1456	15	2008.853808
lag	0.4789	-0.3162	2	448	1654	18	2010.653179
lake	0.397	-0.5978	2	1299	19556	212	2012.017794
lake area	0.4449	-0.5565	2	402	1870	19	2013.272727
lake drainage	0.7796	-0.674	2	693	5228	51	2013.311927
lake drainage events	0.7985	-0.6299	2	400	1864	17	2014.642857
lake ice	0.579	-0.6703	2	348	1152	14	2010.060606
lake volume	0.6871	-0.5515	2	316	1252	13	2012.2
land	-0.6458	-0.0768	1	1344	18428	184	2012.42268
land ice	-0.7461	0.143	1	843	5772	54	2013.564935
land surface	-0.8629	0.4577	4	412	1576	14	2013.553603
landsat	-0.4182	-0.6343	1	941	8552	93	2012.128767
landsat etm	-0.4433	-0.5135	1	313	1040	11	2010.84
landsat imagery	-0.1661	-0.6451	1	412	1504	16	2013.055556
landsat images	-0.4734	-0.6667	1	397	1400	14	2013.230769
landsat-7	-0.4794	-0.3085	1	338	1082	11	2010.814815
landsat-8	-0.0525	-0.772	1	325	1154	12	2017.326087
landscape	-0.074	-0.4371	1	470	1846	22	2013.677302
language	0.6626	0.1959	3	966	6838	56	2018.048117
lapse rate	-0.4532	0.8468	4	332	1260	12	2012.04
large	0.4791	-0.2089	3	625	2610	28	2011.479452
large-scale	0.0782	0.2814	3	1060	7412	74	2011.165527
larsen	-0.4825	0.0395	4	344	1190	12	2010.903226
laser	-0.9389	-0.5414	1	1060	13682	145	2011.969194
laser altimeter	-0.9653	-0.6047	1	662	5112	54	2010.571429
laser altimeter data	-0.9775	-0.6363	1	291	1160	12	2013.142857
laser altimetry	-1.0611	-0.3843	1	838	7606	77	2011.973856
laser scanner	-0.9071	-0.8299	1	307	1112	13	2014.136364
laser scanning	-0.6337	-0.7901	1	398	1732	19	2014.952381
late summer	0.4591	-0.057	3	693	3608	34	2011.54902
latent	0.4327	0.7554	4	351	1340	13	2010.884298
latent heat	0.3868	0.6809	4	475	2218	22	2010.158824
latitude	-0.4987	0.3182	1	568	2484	24	2011.054819
law	0.7728	-0.3548	2	573	2746	27	2012.057895
layer	0.2795	0.2429	4	1308	18248	191	2010.321275
lead	-0.3301	0.0622	1	523	2042	19	2010.716069
length	-0.0835	-0.2061	1	1153	10108	109	2010.5328
level ice	0.2175	0.0162	2	616	3006	31	2011.739837
levels	-0.0609	-0.0044	1	903	5366	54	2011.25209
lia	-0.155	-0.3823	1	468	2654	28	2013.264368
lidar	-0.8682	-0.6181	1	755	6142	68	2012.729064
lidar data	-0.9038	-0.6529	1	396	1896	21	2012.305085
light	-0.0705	-0.3498	1	504	1902	21	2011.753582
likelihood	0.3858	0.1277	2	342	1150	13	2011.660944
limit	0.4665	0.1145	3	664	3426	38	2010.544865
limitations	-0.5372	-0.1554	1	750	3730	38	2012.614846
line	0.1572	-0.0127	3	1349	19498	197	2011.363128
links	0.2842	0.4017	3	490	1706	16	2012.592814
liquid water	-0.4241	0.4089	4	747	5692	59	2011.138528
liquid water content	-0.5563	0.2082	4	382	1812	19	2010.779661
literature	0.0588	0.0361	2	670	3018	34	2011.726524
little ice age	-0.1239	-0.1876	1	768	5982	64	2011.269784
location	0.0871	-0.3959	2	1143	8708	98	2010.881081
long-term	-0.1978	0.177	5	1268	14760	153	2012.366366
long-term trends	-0.6422	0.5471	4	404	1528	14	2012.589226
loss	-0.0806	0.276	5	1553	52826	541	2013.251087
loss rates	-0.5526	0.5256	5	474	2122	21	2012.490566
lubrication	1.0167	-0.092	2	554	2954	28	2013.38
mabel	-0.9099	-0.504	1	278	1164	11	2016.727273
magnitude	0.3355	0.1319	3	1332	17966	185	2011.364091
management	-0.5065	-0.1112	1	405	1490	19	2013.088766
map	-0.4622	-0.5685	1	1195	13600	152	2011.727201
mapping	-0.4495	-0.6481	1	1001	8384	92	2012.226667
mar	-0.3193	1.2535	4	629	4402	37	2012.8875
margin	0.3648	-0.1125	2	1468	26988	281	2010.972504
marine	0.5793	0.3427	3	800	5098	51	2012.020366
marine ice	0.4988	-0.1963	3	383	1328	14	2011.30198
marine terminating	0.7854	0.049	3	633	3324	32	2016
marine-terminating glaciers	0.8475	0.0578	3	460	1872	19	2016.047619
maritime	-0.1527	-0.4376	1	407	1494	17	2011.981865
mass	-0.1627	0.3379	5	1622	95430	975	2010.941993
mass balance	-0.4235	0.4369	4	1573	65774	666	2012.104996
mass balance estimates	-1.0062	0.4421	4	495	2512	26	2012.403509
mass balance model	-0.2446	0.7848	4	857	6794	62	2013.255102
mass budget	-0.5246	0.5915	4	718	4628	49	2012.867925
mass changes	-0.953	0.1866	5	995	11008	111	2013.153226
mass conservation	0.0983	-0.8007	2	347	1524	16	2011.654545
mass flux	0.1169	0.4949	4	518	2370	20	2009.567376
mass gain	-0.6163	0.4337	4	443	1746	17	2015.282051
mass loss	0.0682	0.4346	5	1461	35560	350	2014.261119
mass rate	-0.0812	0.38	5	557	2544	25	2013.644444
match	0.196	0.4639	4	353	1120	11	2011.964286
matching	-0.6843	-0.9129	1	283	960	11	2013.176471
mathematical model	0.4384	0.179	2	326	1062	11	2011.674419
maximum	0.0339	0.256	5	1065	7874	79	2010.287843
mean	-0.4648	0.4002	4	1245	14242	144	2010.953636
measurements	-0.2398	-0.3259	1	1595	54178	587	2010.932763
mechanisms	0.7643	-0.1486	2	1330	19446	208	2011.610479
melange	1.1101	-0.2084	3	605	3984	41	2013.827586
melt	0.3051	0.4891	4	1574	63102	628	2013.146853
melt area	-0.4382	0.8411	4	417	1782	16	2012.470588
melt duration	-0.707	0.8699	4	292	1102	11	2012.5625
melt model	0.0464	0.6897	4	309	1050	11	2014
melt onset	-0.8346	0.3901	4	329	1340	14	2014.384615
melt rate	0.7289	0.449	3	1138	12762	125	2013.053672
melt runoff	0.3766	0.9303	4	488	2268	20	2013.16129
melt season	0.4374	0.0022	2	1151	14740	143	2013.926984
melt-water	0.4742	0.5516	4	707	3844	37	2011.098684
melting	0.5029	0.5214	3	1425	29508	293	2012.110283
melting glaciers	0.5751	0.4631	3	373	1316	13	2013.755556
meltwater	0.6856	0.2075	2	1466	40936	409	2012.781925
meltwater channels	0.6789	-0.5006	2	297	1120	11	2014.647059
meltwater discharge	1.009	0.4505	3	537	2524	24	2015.061224
meltwater drainage	0.9855	-0.5139	2	437	1916	18	2013.730769
meltwater plumes	1.1095	0.1624	3	324	1248	13	2015.5
meltwater production	0.6401	0.1993	2	723	4520	40	2014.492063
meltwater retention	0.2238	0.8225	4	439	2224	20	2012.4
meltwater runoff	0.5631	0.7101	4	855	6620	63	2014.35
meltwater storage	0.3916	0.6288	4	262	1096	11	2015.727273
meteorological	-0.5639	0.7193	4	523	2308	23	2009.80117
meteorological conditions	-0.7149	0.0452	1	401	1494	16	2012.825
meteorological data	-0.4337	0.5931	4	429	1668	18	2010.80814
meteorological stations	-0.5455	0.8611	4	487	2120	20	2012.914474
method	-0.4518	-0.3646	1	1523	33274	371	2012.144788
methodology	-0.6188	-0.3041	1	829	4774	52	2012.912525
microwave	-0.8951	0.4435	4	713	5856	65	2009.844327
microwave imager	-0.8193	0.4788	4	474	2496	27	2006.427273
microwave radiometer	-0.8886	0.3803	4	263	1200	14	2010.439655
migration	0.2033	-0.4518	2	558	2568	29	2011.023474
minimum	0.0017	0.0864	5	449	1656	17	2009.779051
mission	-0.8885	-0.5169	1	915	9014	88	2012.55098
mixing	1.1626	0.1842	3	397	1648	17	2009.902919
mixture	1.1347	0.3289	3	325	1220	14	2010.906921
mode	-0.061	-0.1227	1	952	6462	68	2010.915266
model	0.0654	0.2419	5	1626	105992	1098	2011.651901
model biases	-0.4039	1.0771	4	351	1266	11	2014.04321
model complexity	-0.1457	1.3309	5	258	1130	12	2012.040816
model ice	0.2153	0.4179	5	963	7428	70	2010.963788
model intercomparison	-0.3939	1.2318	5	403	2006	18	2014.817568
model performance	-0.5497	0.5473	4	474	2022	18	2013.384236
model resolution	-0.5179	0.9107	4	376	1404	12	2011.979058
model sensitivity	0.6426	0.7305	5	509	2270	21	2011.938776
model simulations	0.1641	0.9099	5	842	5848	54	2012.477137
modele	-0.3171	1.2494	4	498	2674	23	2014.473684
modeling	0.2654	0.1618	2	1459	26670	273	2012.080047
moderate resolution imaging	-0.6013	0.4391	4	643	4094	39	2013.157692
moderate resolution imaging spectroradiometer	-0.6353	0.4485	4	617	3862	37	2013.265823
modis	-0.338	0.2343	4	837	6920	68	2013.171111
moisture	-0.6044	0.723	4	527	2240	21	2012.602086
monitoring	-0.418	-0.3889	1	1144	10950	123	2012.828676
monte carlo	-0.493	-0.0267	1	463	1788	19	2011.598684
moraines	0.2886	-0.6135	1	574	3062	36	2010.095
morphology	0.3237	-0.5377	2	676	3504	36	2011.797508
motion	0.369	-0.7542	2	1185	15382	162	2009.832335
moulins	0.8417	-0.6054	2	725	6462	66	2013.911765
mountain glaciers	-0.3989	-0.3769	1	956	7188	77	2013.183099
mountains	-0.5006	-0.4219	1	1084	10368	109	2011.617276
mouth	1.0045	0.3187	3	406	1654	16	2011.528409
movement	-0.0489	-0.4342	1	773	3728	40	2009.813333
multibeam	-0.0562	-0.4612	1	336	1242	13	2013.040541
nao	-0.091	1.1929	4	418	2204	21	2010.288076
nasa	-0.922	-0.1966	1	859	7164	73	2012.319489
national	-0.761	-0.1991	1	758	4300	46	2010.195652
nature	0.322	-0.2881	2	750	3672	40	2010.788145
navigation	-0.6822	-0.6957	1	304	1030	11	2014.113636
near surface air temperature	-0.4638	1.2032	4	397	1718	15	2012.6
near-surface	-0.2486	0.734	4	978	8408	82	2011.177419
net	-0.3753	0.8292	4	323	1092	11	2010.964126
net accumulation	-0.6901	0.6025	4	393	1508	15	2011.512821
net mass balance	-0.5036	0.0848	4	411	1784	19	2009.4
network	0.4085	-0.5237	2	1100	10324	111	2012.964962
new data	-0.3863	-0.3828	1	387	1246	14	2011.109375
new ice	-0.1331	0.5929	4	372	1436	13	2008.838384
new zealand	-0.1567	-0.6723	1	375	1256	13	2009.724138
nioghalvfjerdsfjorden	0.4419	-0.3261	2	319	1148	13	2012.105263
noise	-0.3606	-0.6442	1	664	3444	37	2011.653631
north	-0.1494	0.678	4	1255	16896	167	2010.374238
north america	-0.4633	0.2262	1	375	1362	15	2011.532207
north atlantic	0.1887	1.0797	4	879	9144	85	2010.017846
north atlantic ocean	0.6611	0.9903	3	297	1112	11	2009.960733
north atlantic oscillation	-0.1778	1.2212	4	597	4396	40	2010.430401
north greenland	-0.7387	0.011	4	274	948	12	2011.339286
northeast greenland	0.614	0.072	2	656	3550	37	2012.241758
northeast greenland ice stream	0.6096	-0.159	2	407	1716	17	2014.666667
northern	-0.2275	0.4914	4	809	5084	54	2011.106605
northern hemisphere	-0.0963	0.9804	4	513	2688	29	2010.714878
northwest	-0.2687	0.2547	3	542	2460	25	2011.701835
northwest greenland	-0.1687	-0.2545	3	323	1022	11	2014.222222
norway	-0.3562	-0.5153	1	565	2514	29	2011.264414
norwegian	-0.1344	-0.6946	1	318	982	12	2008.200426
novaya	-0.9644	0.1378	1	294	1216	13	2012.705882
novaya zemlya	-0.974	0.1808	1	310	1310	14	2012.714286
novel	-0.3467	-0.3588	1	541	2070	21	2013.967568
numerical	0.5336	-0.4589	2	372	1258	15	2009.72
numerical model	0.7556	-0.0576	2	826	5108	53	2009.365706
numerical modeling	0.6664	0.033	2	358	1140	11	2011.42735
numerical simulations	0.6497	0.0676	2	462	1748	19	2012.214493
nunavut	-0.6211	-0.1402	1	606	3354	37	2013.447514
nutrients	1.0014	0.4249	3	281	1042	11	2011.870968
objective	-0.6526	-0.162	1	426	1462	14	2011.917647
observational data	0.1048	0.7914	4	464	1772	15	2011.486413
observations	0.1796	0.0667	2	1618	67232	717	2011.448164
occurrence	0.0917	0.2669	4	736	3900	42	2011.803551
ocean	0.62	0.4646	3	1378	26882	279	2010.965167
ocean circulation	0.7934	0.7834	3	637	4072	38	2010.55339
ocean climate	0.6298	0.989	3	326	1260	13	2011.955932
ocean currents	0.5559	0.6737	3	325	1228	12	2010.666667
ocean general circulation	0.4107	1.3167	5	307	1248	11	2009.590164
ocean heat	1.1618	0.4544	3	379	1714	17	2013.347917
ocean interactions	1.0584	0.137	3	443	1886	18	2012.442308
ocean model	0.8342	0.6722	3	445	2148	22	2010.792558
ocean surface	0.0878	0.6145	3	505	2054	20	2011.97351
ocean temperature	0.6453	0.6258	3	758	5520	51	2012.187952
ocean waters	0.8212	0.3567	3	428	1832	18	2011.075758
offset	-0.6459	-0.6214	1	533	2396	25	2010.854749
offset tracking	-0.7003	-0.8588	1	314	1288	13	2017.066667
one dimensional	0.7577	-0.0458	2	389	1460	16	2007.160622
onset	-0.0935	0.158	4	973	7170	71	2011.400894
open access	-0.7292	-0.2234	1	371	1138	11	2015.769231
open water	0.0044	0.4553	3	392	1336	13	2011.389671
opening	0.8185	-0.6183	2	370	1512	18	2010.741722
operation	-0.6874	-0.3042	1	744	4040	43	2012.715909
operation icebridge	-0.925	-0.2638	1	524	2606	26	2016.431818
optical	-0.8613	-0.6443	1	286	972	11	2011.902703
optical imagery	-0.7114	-0.7874	1	365	1306	13	2014.230769
orbit	-0.9766	-0.706	1	335	1262	13	2009.97479
order	-0.0899	-0.2098	1	1353	16132	172	2010.598046
orientation	0.0259	-0.8506	1	422	1526	17	2010.063415
origin	0.2367	0.1351	3	813	4022	41	2010.187679
oscillation	-0.0637	0.8362	4	880	7180	71	2010.801829
outburst floods	0.2075	-0.5736	2	371	1308	14	2012.755556
outflow	0.7913	0.1415	3	468	1720	17	2008.807601
outlet glaciers	0.5866	-0.1995	3	1419	29422	302	2012.713287
outlets	0.634	-0.0147	2	666	3400	34	2013.472222
outlines	-0.7468	-0.3605	1	572	3338	37	2011.971014
overburden pressure	0.5337	-0.5032	2	392	1422	15	2011.772727
overturning	0.7173	0.533	3	314	1146	13	2012.406393
paakitsoq	0.696	-0.5976	2	294	1248	11	2013.818182
palsar	-0.6105	-0.6532	1	306	1042	11	2014.5
panel	-0.4286	0.7194	5	421	1890	21	2011.552419
parameterization	0.4291	0.6802	5	889	7420	74	2011.336207
parameters	-0.097	-0.0021	1	1397	19266	205	2010.962104
part	-0.0112	0.0184	1	1510	25416	266	2010.410034
particles	0.7588	0.0419	3	348	1108	12	2011.108822
passive microwave	-0.8967	0.5351	4	525	3378	38	2009.005714
past	-0.2766	0.4318	5	762	4316	45	2012.316703
past century	0.1395	0.5984	3	349	1248	13	2011.116279
patagonia	-0.117	-0.6521	1	610	3386	39	2012.485294
patagonian	-0.6948	-0.635	1	400	1806	18	2013.240506
pathways	0.5677	0.4637	3	788	5032	50	2013.213274
patterns	0.0399	0.0095	3	1493	28594	289	2011.236066
penetrating radar	-0.1958	-0.5744	4	524	2776	31	2012.703704
penetration	-0.1726	-0.4177	1	675	3168	33	2009.4875
peninsula	-0.5116	-0.0201	1	755	4784	50	2011.596904
percolation	-0.2038	0.7247	4	855	7512	74	2011.740741
percolation zone	-0.4357	0.8211	4	477	2482	23	2012.652174
performance	-0.6909	-0.2182	1	908	6960	74	2013.489921
period	-0.3518	0.1968	4	1576	50836	537	2011.210316
periphery	0.0919	0.4538	3	402	1278	11	2009.235955
permafrost	-0.4614	-0.1151	1	312	940	11	2012.799678
persistence	-0.0116	-0.1605	1	468	1682	18	2012.073254
perspective	-0.4595	0.524	5	472	1752	18	2012.901235
perturbations	0.6963	-0.2689	2	835	5828	60	2010.583086
petermann glacier	0.5883	-0.1933	3	499	2070	21	2015.166667
phase	-0.0991	0.1682	5	1071	8878	93	2011.300144
photogrammetry	-0.5008	-0.9014	1	495	2388	26	2012.606742
photographs	-0.2737	-0.7122	1	647	3724	43	2010.319372
photography	-0.259	-0.7629	1	553	2596	29	2011.617391
photon-counting	-0.8735	-0.5524	1	316	1522	16	2016.222222
physical model	0.0751	-0.3694	2	341	1032	12	2013.767857
physical processes	0.194	0.3228	5	561	2270	21	2012.057576
physics	0.2277	0.3122	2	613	2778	27	2011.674359
phytoplankton	0.9816	0.5035	3	306	1344	15	2012.529026
pits	-0.6896	0.1514	4	452	2082	22	2010.815789
place	-0.2265	0.1144	4	657	2882	30	2009.958042
plateau	-0.2579	-0.3676	1	409	1418	15	2012.169659
plume	1.1077	0.1793	3	784	6584	68	2009.9
polar	-0.4483	0.0645	1	801	4126	39	2011.082686
polar firn	-0.4892	0.129	4	281	964	11	2013
polar ice	-0.4467	0.083	5	689	3412	31	2010.186047
polar ice sheets	-0.3854	0.0627	5	559	2302	20	2010.508621
polar regions	-0.6967	-0.1002	1	567	2436	25	2011.606775
polarization	-0.4148	-0.2137	4	365	1298	15	2013.066667
polythermal glaciers	0.5485	-0.3365	2	380	1394	15	2011.677419
population	-0.1071	-0.1359	1	529	1934	23	2011.362024
pore	0.4522	0.447	4	464	2376	23	2011.924837
position	0.4527	-0.4281	3	1135	12202	126	2010.689373
positioning	-0.2422	-0.8055	1	734	4720	48	2010.764957
positive degree-day	-0.4651	0.8059	4	568	3220	33	2012.512195
positive feedback	0.5224	0.8631	5	323	1176	11	2012.122034
potential	0.0027	-0.4459	1	1096	8688	94	2012.784435
potential impact	0.5725	0.5501	3	315	1004	11	2012.009804
power	0.3405	-0.5208	2	694	3284	36	2011.834034
power-law	0.5591	-0.4601	3	375	1370	15	2012.595506
precipitation	-0.446	0.7457	4	1224	18024	175	2012.247478
precision	-0.7004	-0.6747	1	761	4826	53	2011.580524
prediction	0.3651	0.2782	2	1004	8110	82	2012.073267
present	-0.3793	0.3121	4	647	2764	27	2011.176606
present day	-0.099	0.825	5	923	8468	81	2011.295673
pressure	0.843	-0.4016	2	1163	15168	160	2010.477108
primary production	1.0426	0.5296	3	257	1080	12	2012.113402
principle	-0.309	-0.1952	2	350	1044	11	2010.684211
probability	-0.1873	0.3748	5	390	1330	15	2011.876866
procedures	-0.9768	-0.2965	1	301	966	11	2010.315476
processes	0.3615	5e-04	2	1546	37126	383	2011.967406
processing	-0.6857	-0.7444	1	762	4952	52	2012.577495
production	0.5634	0.1284	3	1085	9806	95	2011.637878
productivity	0.7141	0.3923	3	422	1794	20	2012.484007
profiles	-0.2941	-0.0722	4	1182	12402	134	2010.526606
proglacial lakes	0.4901	-0.7173	2	412	1532	16	2012.272727
programme	-0.7299	0.286	4	367	1342	18	2009.044118
progress	-0.0587	-0.0159	5	611	2920	31	2012.411765
project	-0.672	0.4067	5	870	6148	62	2012.453668
projection	-0.0136	0.8563	5	1122	13978	137	2014.197635
propagation	0.7321	-0.5866	2	713	4080	46	2010.734739
properties	0.3383	6e-04	3	1188	11036	117	2011.071907
proportion	0.5995	-0.0321	2	632	2994	29	2011.055556
proximity	0.751	0.2492	3	512	2048	21	2011.075099
proxy	0.2416	0.2992	3	722	3788	39	2013.127907
pulses	0.1115	-0.52	1	452	1838	19	2011.138996
quality	-0.7701	-0.5448	1	731	4500	49	2012.741898
quantification	0.0426	0.1577	5	592	2562	24	2013.40625
queen elizabeth islands	-0.9852	0.3134	1	292	1192	12	2011.5
quikscat	-0.8651	0.551	4	435	2548	25	2012
racmo2	-0.5294	1.2351	4	422	1872	16	2014.8
radar	-0.4376	-0.5991	1	1389	29564	323	2011.711931
radar altimeter	-1.1576	-0.3856	1	438	2364	26	2010.666667
radar altimetry	-1.2641	-0.307	1	505	3244	33	2011.055046
radar data	-0.1037	-0.5473	2	716	3962	43	2012.450777
radar interferometry	-0.3889	-0.9626	1	426	1868	21	2011.169492
radar measurements	-0.0333	-0.4663	2	471	1894	19	2011.901639
radar sounding	0.2217	-0.7108	2	311	1090	12	2014.37931
radarsat-2	-0.5245	-0.8014	1	290	1076	11	2015.326087
radiation	-0.2417	0.788	4	902	8050	76	2011.331925
radio	-0.0979	-0.5856	2	298	912	11	2011.488636
radio echo	0.085	-0.5231	2	404	1480	17	2008.892157
radio-echo sounding	0.0726	-0.6963	2	317	1110	13	2011.407895
radiometer	-0.942	-0.0416	1	622	3690	37	2009.009592
rain	0.2627	0.2554	4	515	2068	21	2011.945455
rainfall	0.4706	0.2716	4	440	1558	15	2011.97561
range	-0.2584	-0.1453	1	1432	20598	219	2011.410547
rapid	0.6861	0.0283	3	749	4672	54	2012.463023
rapid changes	0.3375	-0.2962	3	499	1828	18	2013.314286
rapid drainage	0.9047	-0.7464	2	415	1886	19	2013.416667
rapid retreat	0.7072	-0.3151	3	676	3996	44	2012.472973
rates	0.1266	0.0379	3	1566	43052	449	2011.494306
ratio	-0.3076	-0.3558	1	1006	7758	88	2010.925387
rcp	-0.1236	1.1306	5	459	2344	20	2016.081081
rcp8.5	-0.0081	1.0501	5	366	1534	12	2016.429293
reanalyses	-0.5864	1.0611	4	288	1042	11	2013.477477
reanalysis	-0.3638	0.9085	4	946	8754	81	2012.860412
reanalysis data	-0.3801	0.8771	4	566	2760	24	2013.062413
reason	-0.0832	0.2429	5	308	956	12	2011.71371
recent	0.0437	0.236	3	1109	9896	102	2011.804991
recession	-0.148	-0.4761	1	624	3676	42	2011.610063
reconstruction	-0.067	0.5866	5	925	6734	69	2012.728025
record	0.0582	0.1286	3	1367	17650	189	2011.508365
recovery	-0.7803	0.3318	5	730	5338	50	2012.7654
redistribution	-0.0129	-0.5839	1	366	1228	14	2011.996795
reduction	-0.1407	0.285	1	1153	10412	105	2012.202875
reflectance	-0.4209	-0.3683	1	553	2752	29	2011.972414
reflection	-0.5717	-0.5439	1	710	4102	42	2010.990196
refreezing	-0.2489	0.7955	4	807	6946	66	2011.181818
regime	0.4806	0.0289	2	1073	8300	87	2010.768478
region	-0.161	-0.1041	1	1608	54098	563	2011.608772
regional	-0.4256	0.9451	4	779	5368	48	2012.480198
regional atmospheric climate model	-0.5052	1.1421	4	519	2706	22	2013.428571
regional climate	-0.375	1.0904	4	1150	17632	162	2013.123404
regional climate model	-0.4106	1.1733	4	988	13620	122	2013.665714
regional scale	-0.2726	-0.0363	1	465	1616	17	2012.592334
regression	-0.6471	0.3708	4	581	2494	25	2011.924945
relationship	0.0981	-0.1054	2	1302	14828	160	2011.52721
relative importance	0.3238	0.4883	3	454	1728	17	2010.879562
release	0.5684	0.0987	2	766	4000	43	2012.712924
reliability	-0.8221	-0.1544	1	466	1706	18	2012.402116
relief	-0.1858	-0.7744	1	369	1236	14	2010.812081
remote	-0.6327	-0.4364	1	946	7158	72	2012.899032
remote sensing	-0.4302	-0.5136	1	1264	16114	169	2012.958159
removal	0.389	0.0897	3	519	1896	19	2011.470833
repeat	-0.7519	-0.6865	1	868	6796	72	2011.037288
repeat tracks	-1.1246	-0.579	1	339	1440	14	2013.592593
representation	-0.1719	0.762	5	817	5438	51	2013.246886
requirements	-0.4362	-0.3416	1	642	2846	32	2011.322368
res	0.181	-0.318	2	693	3452	43	2010.48537
research	-0.4835	-0.0197	1	1188	11028	116	2012.25614
reservoir	0.2779	-0.1554	2	368	1200	13	2012.909879
resistance	0.9619	-0.6117	2	378	1478	17	2013.068966
resolution	-0.5129	0.0944	1	1483	28154	276	2011.918993
resources	-0.5318	-0.1937	1	680	3426	38	2013.251701
response	0.3711	0.1497	2	1523	35720	366	2012.161066
response surface	0.6207	0.5994	2	416	1700	15	2012.773585
response time	0.0253	0.0258	5	571	2738	27	2010.865169
rest	-0.2799	0.1954	5	412	1462	15	2011.1893
retention	0.1363	0.8505	4	561	3498	33	2011.192053
retreat	0.4449	-0.2098	3	1401	31848	332	2012.69985
retreat rates	0.1598	-0.1879	3	527	2758	30	2011.844444
retrieval	-0.7596	-0.3592	1	673	3926	39	2011.428846
ridge	-0.13	-0.13	1	492	1872	20	2008.953586
risk	-0.104	0.3063	5	410	1494	18	2014.229167
river	0.3144	0.0105	4	928	7410	81	2011.920886
river discharge	0.6476	0.4861	4	337	1440	15	2011.398406
rocks	0.1151	-0.4454	1	617	2716	31	2010.835085
role	0.4811	0.2796	3	1383	19754	195	2012.568357
root	-1.0727	-0.2853	1	379	1308	12	2012.083538
root mean square error	-1.0467	-0.0928	1	358	1356	14	2014.467391
roughness	-0.017	-0.5266	1	578	2734	30	2012.54023
routing	0.9157	-0.3554	2	502	2472	23	2014.423077
run-off	0.1829	0.4683	4	546	2258	22	2011.916667
runoff	0.4899	0.6362	4	1380	26298	248	2012.212743
russian	-0.8561	-0.216	1	337	1330	13	2010.807018
salinity	0.9907	0.4248	3	642	3804	39	2009.248247
sample	-0.5166	-0.3137	1	454	1758	20	2011.599617
sampling	-0.8589	-0.3084	1	450	1762	17	2012.100775
sar	-0.5081	-0.8367	1	980	9836	109	2011.141707
sar data	-0.6991	-0.9104	1	350	1402	15	2010.679688
satellite	-0.6958	-0.3224	1	1458	33094	337	2011.755822
satellite altimetry	-1.155	-0.2051	1	470	2304	23	2012.138138
satellite data	-0.735	-0.0946	1	843	5404	58	2011.686028
satellite gravimetry	-1.1823	0.2446	5	307	1390	13	2014.392857
satellite imagery	0.023	-0.4564	1	1093	9734	100	2012.772222
satellite images	-0.2212	-0.725	1	768	4930	50	2011.587189
satellite mission	-1.0486	-0.4323	1	379	1416	12	2012.747826
satellite observations	-0.058	0.36	4	739	3914	40	2012.973832
satellite radar	-1.1669	-0.4151	1	452	2254	24	2009.745763
satellite radar altimetry	-1.388	-0.3672	1	269	1264	14	2008.666667
scale	-0.0304	-0.0096	1	1424	19506	197	2011.804989
scaling	-0.4966	-0.3256	1	481	2130	24	2011.411765
scanning	-0.768	-0.4435	1	587	2980	32	2012.580808
scatterometer	-0.8896	0.4391	4	487	3120	32	2011.882353
scatterometer data	-0.8159	0.4255	4	290	1104	11	2011.086957
scenarios	0.0882	0.8603	5	1136	14012	133	2012.882212
science	-0.489	-0.4217	1	656	3410	43	2005.441336
se	0.4846	0.4995	3	397	1422	14	2011.945205
se greenland	0.7134	0.6906	3	339	1284	13	2014.133333
sea	0.0457	0.4298	3	1555	48688	486	2010.929745
sea ice	-0.0159	0.3306	3	1209	14474	145	2012.341204
sea ice cover	0.3089	1.0755	3	426	1896	16	2012.742173
sea ice extent	-0.2484	0.8316	3	389	1506	14	2013.195775
sea ice freeboard	-1.0124	-0.4661	1	264	1194	11	2014.5
sea level	-0.1011	0.4084	5	1552	49054	497	2011.153319
sea level projections	-0.0892	0.978	5	308	1188	13	2015.763158
sea level rise	-0.0697	0.535	5	1474	34884	352	2012.696243
sea level rise contribution	-0.2311	0.6814	5	368	1446	15	2014.083333
sea level rise projections	-0.0123	0.8366	5	327	1288	13	2015.179487
sea surface	-0.0169	0.6011	3	718	4244	36	2011.29989
sea surface temperature	0.2341	0.9657	3	566	3318	28	2011.542882
sea-level changes	-0.1651	0.7224	5	646	3682	33	2010.962887
search	-0.3029	-0.6495	1	278	836	12	2011.96
season	0.2545	0.0156	4	1457	30384	296	2012.178114
seasonal changes	0.6042	-0.1306	3	581	2588	23	2012.145349
seasonal cycle	0.2821	0.6986	3	595	2678	23	2011.135957
seasonal evolution	0.9906	-0.1638	2	370	1512	12	2011.837838
seasonal ice	0.4359	-0.6751	3	548	2400	23	2012.547486
seasonal snow	-0.7912	0.2135	4	480	2134	22	2012.125
seasonal variability	0.8046	0.3074	3	517	2106	20	2011.582043
seasonal variation	0.5187	-0.378	3	715	4050	40	2011.013917
seasonal velocity	0.2119	-0.9215	2	349	1428	14	2015.176471
seawater	0.9804	0.1006	3	307	1036	12	2011.626116
sections	0.3243	-0.2745	2	570	2616	29	2007.846599
sediments	0.7339	0.0382	3	964	8218	89	2011.206075
segments	-0.4538	-0.4092	1	376	1168	13	2010.556701
seismic	0.6305	-0.7833	2	404	1750	23	2011.044586
seismic data	0.6509	-0.8211	2	285	966	13	2011.941176
seismic events	0.6061	-0.8644	2	284	1108	16	2013.107143
seismic signals	0.7229	-0.8589	2	337	1490	19	2012.133333
seismicity	0.6817	-0.8253	2	399	1870	23	2012.122449
seismograms	0.5867	-0.8294	2	239	846	11	2010.888889
seismology	0.6152	-0.8109	2	395	1660	22	2015.513514
sensing	-0.5247	-0.276	1	1000	7688	76	2012.945017
sensitivity	0.0403	0.5405	5	1348	20176	193	2012.152936
sensitivity analysis	0.0929	0.169	2	368	1174	12	2013.137681
sensitivity experiments	0.0773	1.0881	5	364	1628	15	2012.352273
sensors	-0.6116	-0.2389	1	1093	11192	121	2011.517949
sentinel-1	-0.56	-0.917	1	280	1054	12	2017.613636
separation	0.4093	-0.5153	2	479	1746	17	2009.887195
sequence	0.38	-0.4042	2	517	1900	22	2012.290017
series	-0.3006	0.148	4	1424	21096	215	2010.601012
sermilik	0.9794	0.5949	3	521	2902	28	2014.310345
sermilik fjord	1.063	0.6078	3	449	2552	25	2014.384615
shallow ice	0.2409	0.1859	5	437	1876	18	2012.053763
shallow ice approximation	0.276	-0.0134	5	320	1180	11	2012.320755
shape	0.0165	-0.2547	1	791	4198	42	2010.573529
shear	0.763	-0.6683	2	329	1332	16	2009.478827
shear margins	0.6213	-0.6488	2	371	1532	16	2014.794118
sheet runoff	0.7721	0.7371	4	441	2130	22	2014.08
shelf	0.5305	0.2859	3	1065	10354	108	2010.587376
shelf ice	0.4208	0.1792	3	361	1146	11	2010.705882
shelves	0.329	0.0979	3	809	5284	58	2011.760377
shetland	-0.2671	-0.6295	1	298	1026	11	2012.25
shetland islands	-0.3371	-0.6296	1	317	1182	12	2012.868613
shift	0.0399	0.3122	3	845	4884	47	2012.333333
short-term	0.2778	-0.5303	2	874	5944	62	2012.055432
shortwave	-0.5473	0.7527	4	367	1514	14	2011.441558
shortwave radiation	-0.3172	1.1439	4	457	2384	21	2012.5
shrinkage	-0.3563	-0.3521	1	323	1182	14	2011.412698
signal	-0.1078	-0.4507	2	1214	12194	134	2011.038817
significance	-0.1281	0.0851	4	574	2318	24	2011.019928
sill	1.0308	0.2526	3	515	2802	30	2008.400778
simulations	0.1799	0.7002	5	1401	26654	261	2012.277903
sites	-0.1429	0.1251	4	1268	15208	165	2011.507274
size	0.0371	-0.382	1	1252	13534	150	2010.965923
size distribution	0.1242	-0.1912	3	402	1390	14	2010.853862
sle	-1.0041	0.3759	5	341	1458	17	2013.451613
sliding	0.7345	-0.3904	2	802	5648	60	2011.945578
slip	0.6741	-0.7877	2	426	1634	17	2012.47619
slope	-0.2221	-0.4843	1	1197	11868	127	2010.341082
slr	0.0292	0.8983	5	304	1226	12	2013.44186
small-scale	0.3586	-0.2784	2	460	1526	15	2011.469512
smb	-0.4131	1.1998	4	913	11260	99	2014.447853
snow	-0.6169	0.2997	4	1311	21952	221	2012.043528
snow accumulation	-0.6174	0.5504	4	806	6332	62	2012.351145
snow conditions	-0.7537	0.0643	4	397	1526	14	2012.128205
snow cover	-0.6145	0.0104	4	453	1794	19	2011.871212
snow density	-0.7868	0.5105	4	416	1908	18	2013.837209
snow depth	-0.9101	0.0437	4	515	2656	27	2013.175439
snow model	-0.2789	0.9262	4	345	1392	14	2013.45283
snow pits	-0.7454	0.1053	4	438	2104	22	2012.071429
snow surface	-0.5653	0.3918	4	693	4082	38	2011.761905
snow/ice	-0.6768	0.2784	4	957	7184	70	2012.216867
snowfall	-0.5371	0.888	4	719	4932	48	2012.353474
snowline	-0.7156	-0.0436	1	275	920	11	2012.346154
snowmelt	-0.7282	0.4025	4	737	5458	59	2012.207317
snowmelt detection	-0.9738	0.3807	4	252	1104	13	2014.25
snowpack	-0.6024	0.3601	4	858	6640	69	2013.287234
society	-0.6917	-0.1075	1	524	2008	20	2010.520354
software	-0.3768	-0.363	1	580	2324	25	2012.686047
solar radiation	-0.1741	0.8791	4	551	2908	27	2011.997753
solution	-0.199	-0.396	1	873	5598	58	2010.22668
sound	0.3233	-0.0092	3	438	1520	18	2009.438406
sounding	0.1008	-0.5907	2	719	3990	44	2009.43314
source	0.2295	-0.0676	2	1413	18818	205	2011.544715
south	-0.4388	-0.2199	1	977	7194	78	2009.816077
south america	-0.6553	-0.4201	1	280	1014	11	2010.900662
south shetland	-0.338	-0.6296	1	317	1182	12	2012.612903
south shetland islands	-0.3376	-0.6311	1	317	1182	12	2012.921429
southeast alaska	-0.1216	-0.5003	1	304	1028	12	2011.380952
southeast greenland	0.7658	0.1134	3	656	3674	39	2013.358491
southern	-0.2986	-0.4597	1	767	4454	46	2011.247603
southern patagonia	-0.21	-0.8173	1	321	1226	14	2013.318182
southern patagonia icefield	-0.2546	-0.8431	1	304	1166	13	2012.266667
southwest	0.4512	0.6246	3	711	4160	39	2010.224324
southwest greenland	0.7333	0.5492	3	545	2508	24	2014.480769
space	-0.624	-0.2831	1	1092	9294	95	2011.281958
spacing	-0.3541	-0.4199	1	611	2486	23	2010.686441
span	-0.8248	0.0608	1	392	1360	13	2012.134921
spatial	-0.1023	-0.2316	2	906	5660	55	2011.877747
spatial distribution	-0.3396	0.1899	4	770	4272	43	2012.602028
spatial extent	-0.2158	-0.0096	1	403	1330	14	2012.475806
spatial patterns	-0.2432	0.1249	4	891	5782	54	2012.024523
spatial resolution	-0.6569	-0.1215	1	938	7032	71	2012.877034
spatial scales	-0.5133	-0.2113	1	443	1534	15	2012.42723
spatial variability	-0.2448	0.4701	4	675	3296	34	2011.858628
spatial variation	0.2829	0.3714	4	529	2280	23	2011.835735
spectroradiometer	-0.6462	0.4339	4	612	3926	38	2013.108209
spectrum	-0.0869	-0.6648	1	326	916	11	2010.348901
speed	0.4679	-0.3706	2	1157	12434	130	2010.795455
spi	-0.6939	-0.7632	1	292	1194	12	2014.565217
spitsbergen	-0.0465	-0.3327	1	711	4720	55	2012.274752
spots	-0.0822	-0.5529	2	462	1788	18	2012.598985
spread	-0.0558	0.7837	5	447	1916	19	2013.442623
spring	0.4786	0.0873	3	953	6944	70	2011.445356
srtm	-0.8243	-0.711	1	371	1626	15	2011.583333
ssm i	-0.8538	0.4593	4	449	2592	29	2007.238938
ssm/i	-0.8509	0.4752	4	461	2692	30	2006.696429
stability	0.5827	0.1027	3	1028	7840	81	2011.601934
stage	0.1631	-0.3554	3	580	2312	26	2011.432692
standard	-0.5354	-0.0089	1	490	1874	17	2011.405751
standard deviation	-0.9309	-0.0424	1	660	3398	36	2011.034783
standard error	-0.8145	-0.2825	1	318	1048	11	2012.974359
state	0.2281	0.1596	2	1180	12156	122	2012.176355
stations	-0.3581	0.5308	4	952	8156	86	2010.728667
statistics	-0.5949	-0.4308	1	520	1986	23	2010.724252
steady state	0.2027	-0.0844	2	684	3666	40	2009.695015
steps	-0.5881	-0.3371	1	450	1556	16	2012.015873
stereo	-0.7895	-0.7379	1	403	1676	19	2013.297872
stokes	0.8956	-0.2266	2	329	1122	11	2013.414141
storage	0.5947	-0.1083	2	917	7508	75	2013.435429
store	0.9124	-0.3134	2	497	2216	20	2014.584615
store glacier	0.9289	-0.4785	2	383	1548	13	2017.071429
strain	0.5192	-0.6474	2	761	4900	50	2011.527632
strain rate	0.4725	-0.8043	2	620	3168	33	2011.218182
strait	0.4797	0.4944	3	570	2722	27	2008.864542
strategies	-0.4109	-0.2172	1	596	2536	26	2013.49449
stratification	1.0503	0.5579	3	508	2920	29	2010.765734
stratigraphy	-0.2624	0.0274	4	445	1984	23	2010.59887
stream	0.5251	-0.4002	2	1081	11248	115	2011.208251
strength	0.6203	0.2131	2	710	3770	37	2011.147674
stress	0.8873	-0.4066	2	962	9592	101	2010.771906
structure	0.2044	-0.2977	2	1134	10530	121	2010.587788
style	0.9707	-0.3512	3	360	1318	13	2010.578947
subglacial	1.0073	-0.3227	2	747	5468	61	2013.2
subglacial channels	0.986	-0.6022	2	403	1768	17	2015.909091
subglacial conduits	1.0483	-0.4339	2	381	1778	20	2013.809524
subglacial discharge	1.2008	0.3043	3	636	5152	53	2016.064516
subglacial drainage	0.9173	-0.6521	2	833	8842	90	2013.836207
subglacial drainage system	0.8848	-0.674	2	716	6014	59	2013.921875
subglacial environment	0.8992	-0.4321	2	404	1768	16	2014.25641
subglacial hydrology	0.9365	-0.4757	2	695	5072	49	2015.690476
subglacial lakes	0.447	-0.6975	2	513	2300	28	2011.664032
subglacial meltwater	1.111	-0.0978	3	295	1050	11	2014.9375
subglacial processes	0.9763	-0.4491	2	484	2286	23	2016.342857
subglacial sediments	1.1356	-0.3807	2	347	1294	11	2014.283019
subglacial topography	0.2202	-0.5734	2	502	2240	23	2012.958333
subglacial water	0.9064	-0.5169	2	830	7058	70	2013.41875
subglacial water pressure	1.0284	-0.5565	2	461	2556	25	2014.653846
sublimation	-0.5095	0.976	4	392	1640	14	2011.08
submarine	1.1599	0.1765	3	857	9636	97	2012.039088
submarine melt	1.2463	0.2094	3	620	4666	47	2016.163265
submarine melting	1.2332	0.2842	3	622	5082	50	2015.811321
subsidence	-0.0286	-0.5469	2	293	928	11	2011.801303
subsurface	0.5124	0.2752	3	979	6980	72	2011.621895
summer	0.1289	0.3709	4	1565	45464	454	2011.747886
summer melt	-0.3064	0.6516	4	847	5760	53	2011.477273
summer season	0.0192	-0.1135	2	417	1390	14	2012.634409
summer temperatures	-0.4635	0.7898	4	698	3980	41	2011.835484
summit	-0.6657	0.4929	4	653	3510	36	2012.208092
summit greenland	-0.9369	0.2889	4	348	1354	14	2013.519231
supply	0.8275	0.0401	2	680	3570	35	2011.339312
support	0.0601	-0.1694	1	781	3820	41	2012.160714
supraglacial	0.6339	-0.6302	2	623	4140	42	2015.014925
supraglacial lake drainage	0.8917	-0.7254	2	410	2296	21	2014.238095
supraglacial lakes	0.6637	-0.6481	2	868	8316	82	2013.979167
supraglacial streams	1.043	-0.4204	2	401	1964	18	2014.384615
surface	-0.0789	0.0592	4	1629	125148	1278	2011.274886
surface ablation	0.4121	0.0305	2	550	2552	24	2011.95
surface air	-0.3618	1.0852	4	777	6282	58	2012.202151
surface air temperature	-0.348	1.0873	4	765	5948	55	2012.177381
surface albedo	-0.4324	1.1348	4	641	4400	38	2012.661808
surface area	-0.0467	0.0463	1	704	3402	33	2011.96
surface climate	-0.332	1.2071	4	366	1458	13	2012.326087
surface conditions	-0.6407	0.4638	4	503	2004	19	2010.87907
surface density	-1.0175	0.3777	4	384	1690	17	2009.983051
surface elevation	-0.6593	-0.3506	1	1309	19650	198	2011.86618
surface elevation changes	-0.9765	-0.3522	1	843	6716	66	2012.655172
surface energy	-0.1022	1.0074	4	794	6724	56	2012.765396
surface energy balance	-0.0702	0.9157	4	684	4758	39	2012.916667
surface features	-0.2065	-0.7284	1	433	1566	16	2011.140351
surface flow	0.2093	-0.0788	5	354	1188	11	2009.817073
surface height	-0.8323	0.035	1	630	3064	28	2010.910364
surface hydrology	0.3389	-0.2543	2	383	1584	15	2013.192308
surface layer	0.8251	0.4784	3	558	3118	32	2009.563452
surface mass balance	-0.3334	0.9409	4	1309	29118	276	2014.124183
surface melt	0.1765	0.5895	4	1324	22176	213	2014.103333
surface melting	-0.0148	0.4457	4	883	6152	55	2012.791209
surface motion	-0.2216	-0.9363	1	331	1068	13	2013.08
surface observations	-0.3986	0.3703	4	394	1314	14	2011.739837
surface processes	-0.2428	0.6569	4	590	2904	27	2013.341085
surface reflectance	-0.2159	-0.3893	1	321	1048	11	2013.116667
surface roughness	-0.324	-0.5683	1	444	1832	20	2013.011905
surface runoff	0.8216	0.4939	2	729	4942	42	2014.712644
surface slope	-0.2348	-0.6733	1	445	1708	18	2010
surface temperature	-0.235	0.9105	4	1039	11024	104	2011.552855
surface topography	-0.2702	-0.5084	1	727	3894	39	2010.560284
surface velocities	0.1118	-0.8037	2	1121	13072	131	2011.325373
surface waters	0.7734	-0.0309	2	906	6244	61	2010.917469
surface waves	0.4319	-0.7496	2	324	1184	15	2012.905405
surge	-0.0914	-0.571	1	842	5412	55	2011.309645
survey	-0.2646	-0.5465	1	1297	16346	187	2010.854962
svalbard	-0.0645	-0.1659	1	1266	17498	188	2012.982836
svalbard archipelago	-0.6817	0.201	1	407	1588	15	2013.761905
svalbard glacier	-0.5084	0.1153	1	605	3462	35	2012.706897
swiss alps	-0.5036	-0.6579	1	320	1080	12	2010.264045
switzerland	0.0628	-0.8113	2	392	1476	18	2011.672414
synthetic	-0.3561	-0.8032	1	379	1290	14	2012.439655
system	0.1749	-0.1701	2	1581	43756	446	2012.244703
system models	-0.0041	1.0547	5	409	1888	17	2015.409091
taku glacier	-0.1118	-0.7173	1	306	1096	14	2007.333333
techniques	-0.4377	-0.4913	1	1311	16312	179	2010.995925
technology	-0.5203	-0.4662	1	610	2854	30	2013.19378
temperate	0.5341	-0.3929	2	737	4680	52	2011.666667
temperate glaciers	0.4116	-0.561	2	340	1102	12	2009.423077
temperate ice	0.168	-0.4444	2	438	1878	21	2013.233333
temperature	0.0236	0.6184	4	1577	60278	610	2011.477652
temperature anomalies	-0.2421	0.8819	4	433	1810	18	2011.546191
temperature changes	0.0757	0.7463	4	673	3292	31	2012.055092
temperature data	-0.2681	0.5598	4	590	2610	26	2009.906752
temperature gradient	0.3164	0.7056	4	327	1284	13	2011
temperature increase	-0.2857	0.886	5	377	1312	13	2011.880309
temperature measurements	0.2645	0.3191	4	437	1760	18	2010.47644
temperature precipitation	-0.4275	1.0194	5	746	5364	50	2012.677122
temperature profiles	0.2632	0.5437	4	437	1782	18	2010
temperature records	-0.1928	0.8696	4	473	2016	20	2010.766839
temperature variability	-0.1441	0.8186	4	373	1394	15	2012.481229
temperature variations	0.0422	0.4813	4	418	1468	15	2010.665354
temporal	-0.0859	-0.2423	2	399	1188	12	2010.883534
temporal changes	-0.2939	-0.5707	1	498	1814	18	2011.742138
temporal distribution	0.276	-0.5493	2	316	990	11	2011.0125
temporal evolution	-0.202	-0.1014	4	438	1600	16	2012.72561
temporal patterns	0.204	-0.0024	3	407	1488	15	2011.927711
temporal resolution	-0.3403	-0.5159	1	805	4928	48	2013.873362
temporal variability	-0.5921	0.5036	4	691	3878	37	2011.288462
temporal variations	-0.1358	0.0654	4	604	2680	26	2011.722063
tensile	0.915	-0.7223	2	317	1186	14	2012.4
terminus	0.7354	-0.4875	3	1251	20388	218	2013.057143
terminus position	0.9677	-0.4529	3	586	3634	35	2013.625
terminus retreat	0.6907	-0.529	3	505	2828	27	2014.037037
terms	-0.1904	-0.0441	1	1173	9376	97	2011.105954
terrain	-0.7974	-0.5602	1	802	5584	61	2011.88664
terrasar-x	-0.4925	-0.9642	1	347	1286	13	2015.818182
terrestrial	-0.3638	-0.5569	1	371	1242	14	2012.64094
thematic mapper	-0.5859	-0.7623	1	366	1388	16	2009.213115
theory	0.6756	-0.2017	2	712	3888	44	2009.714706
thermal	-0.3148	-0.3611	1	666	3318	32	2011.557652
thermal regime	0.4686	-0.1701	2	414	1548	14	2011.654434
thickness	0.0629	-0.5619	2	1387	22038	235	2010.814467
thickness change	-0.4753	-0.5619	1	341	1216	13	2010.121951
thickness distribution	-0.652	-0.4982	1	328	1144	13	2012.254545
thinning	-0.003	-0.4439	3	1158	15142	166	2011.906393
thinning rate	-0.6023	-0.736	1	350	1354	16	2012.391304
three dimensional	0.5308	-0.0603	2	795	4636	47	2009.329939
threshold	-0.3339	0.1187	4	832	5410	60	2012.8
tides	0.9638	-0.4301	3	453	2260	26	2010.001852
tidewater	0.8223	-0.1622	3	1246	21872	231	2013.496183
tidewater glaciers	0.8167	-0.1943	3	1222	20066	214	2013.673554
tidewater outlet glaciers	1.1285	0.4214	3	402	2050	20	2013.904762
till	0.7938	-0.4616	2	369	1406	15	2011.048544
time	-0.1154	-0.0169	1	1618	54048	554	2011.191579
time scales	0.4884	0.2013	2	936	6714	65	2011.351464
time-lapse	0.6727	-0.6296	3	487	2488	28	2014.809524
time-series analysis	-0.3735	0.1876	4	1296	15874	157	2010.95228
timescales	0.6422	0.0388	2	1048	8972	90	2011.525048
timing	0.2857	0.0565	3	1094	9238	90	2012.348348
tm	-0.6831	-0.4769	1	287	1028	12	2009.121951
tongue	0.6822	-0.4257	3	874	6854	71	2010.029167
tools	-0.4349	-0.4643	1	616	2898	30	2013.795322
topographic	-0.8788	-0.597	1	604	3552	37	2010.856061
topography	-0.0875	-0.4232	1	1361	20548	203	2010.120382
total mass	-0.1185	0.489	5	630	3348	34	2011.918367
tracer	0.7741	0.0154	2	367	1408	16	2009.231405
track	-0.7959	-0.3348	1	660	3512	37	2010.190476
tracking	-0.4079	-0.8395	1	651	3870	45	2012.732026
trajectories	0.1175	0.0892	3	369	1282	15	2011.384117
transect	0.0593	0.1736	4	733	4020	40	2011.199708
transfer	0.6205	-0.0068	2	731	4264	42	2010.678679
transient	-0.0508	0.0663	2	628	2798	26	2011.104545
transition	0.3627	-0.1289	2	931	6444	68	2011.648928
transmission	0.5345	-0.2811	2	389	1256	14	2011.062827
transport	0.8534	0.4319	3	954	8188	84	2010.537155
travel times	-0.2915	-0.442	4	330	1090	11	2008.796875
traverse	-1.0564	-0.1388	4	248	972	12	2010.183673
treatment	0.0733	0.6466	5	422	1584	18	2012.769355
trends	-0.5655	0.4027	4	1370	24264	246	2012.269204
tributaries	0.0718	-0.687	1	485	1772	18	2012.627586
trigger	1.0858	-0.0934	3	453	2078	20	2013.735632
trough	0.6307	-0.0744	2	612	3208	33	2010.984962
turbidity	0.5169	0.0327	3	393	1364	14	2011.172414
twentieth century	-0.2619	0.8827	5	518	2620	28	2012.145055
types	-0.1239	-0.214	1	883	4942	54	2011.720352
uncertainty	-0.3682	0.3522	5	1361	20766	220	2013.221957
university	-0.4469	-0.4254	1	442	1520	17	2010.400794
uplift	0.2565	-0.8118	2	515	2932	32	2010.481605
upstream	0.5664	-0.7238	2	605	3248	34	2010.672862
upwelling	1.1142	0.4252	3	264	1004	11	2010.661939
usa	0.0063	-0.6748	1	781	4768	61	2010.335681
utility	-0.3935	-0.5061	1	455	1584	18	2012.942222
validation	-0.8206	-0.1787	1	893	6402	67	2012.727575
valley	-0.0637	-0.7574	1	858	6126	70	2011.024
valley glaciers	-0.0172	-0.7527	1	554	3142	37	2012.022222
values	-0.1975	0.0418	1	1446	23674	252	2010.746562
variability	0.0635	0.4743	4	1552	42192	422	2011.545737
variance	-0.7398	0.6097	4	393	1470	15	2010.046067
variations	0.092	-0.048	2	1529	36788	373	2010.901917
vatnajokull	0.3956	-0.8056	2	277	1050	13	2015
vector	-0.6525	-0.6717	1	384	1338	15	2010.835404
vegetation	-0.8778	-0.3185	1	565	2764	27	2012.521246
velocity	0.2863	-0.645	2	1506	42948	455	2010.066944
velocity field	-0.2023	-0.9018	1	655	3726	39	2009.17301
velocity variations	0.2274	-0.893	2	608	3616	34	2011.338235
verification	-0.3913	0.0991	4	373	1142	12	2012.835821
vertical	0.0031	-0.7545	1	372	1294	15	2009.544379
viscosity	0.5426	0.0763	2	431	1584	15	2008.10119
volume	-0.1569	-0.0934	1	1524	36110	384	2010.936662
volume changes	-0.8876	-0.2963	1	905	8414	90	2012.029762
vulnerability	0.4534	0.2662	3	326	1108	11	2013.925926
walls	0.9044	-0.1101	3	343	1110	11	2010.364865
warm	0.5546	0.5719	3	680	3628	37	2011.29985
warm period	0.2031	0.8939	3	323	1102	12	2011.509615
warming	0.1057	0.682	4	1408	25422	257	2012.978577
water	0.4789	-0.0034	2	1615	69950	725	2010.775054
water bodies	0.1766	-0.2239	3	387	1192	12	2012.701754
water column	1.0671	0.3802	3	420	1892	18	2010.123234
water content	-0.159	0.0984	4	626	3664	36	2011.363839
water depth	0.8113	-0.3452	3	589	3104	32	2011
water drainage	1.1087	-0.5905	2	289	1244	13	2012.791667
water equivalent	-0.6448	0.1444	4	873	6334	65	2012.877005
water flow	0.6172	-0.3966	2	669	3916	41	2010.588745
water fluxes	0.7053	0.2757	2	360	1272	12	2009.478632
water ice	0.7751	-0.1909	2	652	3214	35	2010.074941
water level	0.1981	-0.683	2	319	1000	11	2011.696429
water masses	1.0497	0.4864	3	496	2958	31	2009.047927
water pressure	0.9335	-0.6423	2	822	7842	81	2013.115044
water properties	0.9049	0.2882	3	353	1326	13	2008.879167
water resources	-0.7882	-0.3931	1	421	1694	17	2014.535912
water storage	0.6518	-0.1231	2	671	3780	35	2013.488152
water surface	0.7564	0.0556	3	611	2936	30	2010.707692
water temperature	0.8139	-0.064	3	518	2208	22	2010.526448
watson river	0.4541	0.7846	4	258	1116	11	2014.692308
wave	0.4518	-0.4846	2	885	5968	71	2010.934812
waveform	-0.2952	-0.7554	1	613	3668	44	2012.623529
weather	-0.3864	0.7736	4	1060	11310	109	2012.202602
weather forecasts	-0.5358	0.9756	4	322	1260	11	2011.889868
weather station data	-0.4941	0.8019	4	503	2112	19	2013.461538
weather stations	-0.4171	0.9291	4	886	8646	82	2012.035461
west antarctic	-0.6523	0.3444	5	322	1124	11	2012.620545
west antarctica	-0.5951	0.1335	5	375	1370	16	2012.746114
west greenland	0.6096	0.0463	3	1198	14454	151	2011.434211
wet snow	-0.7594	0.3633	4	474	2552	30	2011.897959
wind	0.2389	0.7023	3	923	7362	75	2010.366929
winter	0.1536	0.244	4	1404	22410	225	2011.016141
winter accumulation	-0.6541	0.5526	4	426	1830	18	2012.645161
winter balance	-0.7769	0.6388	4	306	1138	12	2009.384615
winter precipitation	-0.6278	0.5968	4	296	1046	11	2012.153374
winter season	-0.325	0.2298	4	418	1468	14	2011.059908
wintertime	0.7656	0.1239	3	344	1206	12	2011.622989
work	-0.0455	-0.1281	1	988	6874	74	2012.585814
world	-0.3781	0.0476	1	926	6708	75	2011.293273
world glacier inventory	-0.8121	-0.2532	1	274	994	11	2010.090909
yield	0.3367	-0.2028	2	460	1702	16	2011.766667
yukon	-0.222	-0.6866	1	332	1118	13	2011.735915
zemlya	-0.9333	0.0158	1	359	1680	18	2012.984375
zone	0.1159	0.1262	4	1436	23904	237	2010.917256
