id	x	y	cluster	weight<Links>	weight<Total link strength>	score<Avg year>
20th century	-0.5478	0.1349	1	31	62	2009.625488
abiotic factors	-0.8671	0.6477	1	58	116	2010.698745
abrupt changes	-0.5469	0.1359	1	31	62	2008.247788
abundance	0.1194	-0.1542	3	369	1394	2008.576098
access	-0.7431	0.0336	1	91	188	2011.56924
accumulation	0.6759	0.7307	4	42	84	2008.145056
accuracy	0.664	-0.2166	3	181	540	2010.08255
acids	1.0921	1.0641	4	29	58	2008.50144
acoustic	0.727	-0.6097	3	30	60	2007.782609
activity	1.0932	1.0652	4	29	58	2008.699084
addition	0.3616	-0.5577	3	168	478	2009.285986
adult	0.9945	0.7817	4	79	180	2007.718974
advance	-0.1717	0.0858	2	130	364	2009.278139
africa	-0.3295	0.3205	2	58	130	2008.243209
age	-0.9921	0.2055	1	89	186	2007.797965
agreement	-0.3973	-0.1637	1	92	200	2007.890269
air	-0.3206	0.507	2	38	76	2008.618101
alaska	-0.3751	-0.491	1	72	156	2008.146234
alaskan	0.1262	-0.6833	3	35	70	2008.305085
albatrosses	0.6615	-0.1382	3	45	90	2007.274436
allerod	-1.1833	0.3708	1	51	102	2007.594872
alnus	-1.213	-0.2305	1	82	190	2006.174194
alpinus	0.5533	-0.4836	3	114	316	2006.451128
alps	-0.8656	0.6466	1	58	116	2009.971568
america	-0.6477	-0.0346	2	111	256	2008.697703
amphipoda	-0.0467	-0.8474	2	20	40	2007.102273
amplification	0.5395	-0.243	3	210	622	2010.670509
analogue	-1.0517	-0.3937	1	46	92	2009.003268
analyses	-0.2943	-0.1322	1	418	1622	2009.301682
analysis	0.2402	-0.2335	3	523	2164	2009.366286
ancient	-0.7363	-0.0985	1	325	1186	2009.677796
animals	0.289	-0.3796	3	252	772	2008.315789
annelida	-0.3941	-0.5062	1	35	70	2010.306667
annular mode	-0.134	1.7877	4	32	64	2012.46283
anoxic	-1.1842	0.3682	1	51	102	2009.582645
antarctic	0.4406	0.0153	3	149	370	2007.820711
antarctic peninsula	0.583	-0.0662	6	57	114	2009.392737
antarctica	0.2574	0.1098	2	115	262	2007.877974
antarcticus	0.7273	-0.6107	3	30	60	2007.237542
anthropogenic	-0.4612	0.5915	1	85	180	2009.897004
anthropogenic activities	-0.8678	0.6502	1	58	116	2012.457895
apex	0.7277	-0.6093	3	30	60	2008.78836
application	-0.1984	-0.2106	2	303	1042	2010.011511
approach	0.2262	-0.2131	3	590	2924	2011.153242
aquatic	-0.1743	-0.8484	2	39	78	2009.572165
aquatic ecosystems	0.0317	-0.5935	2	73	166	2012.219331
archaea	-1.1861	0.3705	1	51	102	2011.462687
archipelago	-0.9849	-0.1586	1	68	146	2008.970938
archives	-1.1868	0.3672	1	51	102	2012.032657
arctic	-0.0503	-0.05	2	404	1522	2009.446222
arctic tundra	-0.6208	-0.5262	5	63	126	2009.478365
arctocephalus	1.1749	-0.3142	3	37	74	2006.525745
area	-0.2915	-0.1361	1	364	1250	2008.578401
argentina	-0.1337	1.7893	4	32	64	2009.432323
array	0.8425	-0.2281	3	38	76	2008.688032
arthropod	0.9833	-0.4267	3	57	140	2008.530864
asia	-0.4289	0.5073	2	39	84	2010.858426
aspect	0.8093	-0.5551	3	28	56	2009.986813
assemblages	-0.0287	-0.283	1	270	770	2007.880667
assessment	-0.0448	-0.0311	2	230	672	2011.123547
assignment	0.4422	0.1341	4	72	182	2010.006472
association	0.8083	-0.5549	3	28	56	2009.179096
atlantic	0.6822	0.0905	4	134	342	2008.590945
atlantic salmon	0.945	-0.1541	3	50	100	2007.210375
attention	-0.4221	0.2462	2	83	188	2010.284583
australia	0.7085	0.3205	4	125	292	2008.106865
australian	0.7616	0.1428	3	105	236	2008.113497
availability	0.636	-0.0742	3	117	264	2009.56451
awareness	-0.405	0.4675	2	54	126	2012.302521
background	0.6292	-0.4529	3	42	84	2009.681872
bacterial communities	-0.1061	-0.5838	1	40	80	2012.601134
basin	0.0333	-0.5446	3	16	32	2008.451393
bed	-0.1383	-0.1028	2	30	60	2008.925373
beetle	-0.3742	-0.4078	1	42	84	2007.399464
behavior	1.0929	1.0645	4	29	58	2008.780232
behaviour	-0.6299	0.0651	1	63	128	2008.035198
belowground	0.5769	-0.6446	6	25	50	2011.276074
belt	-0.1145	1.0039	2	10	20	2007.364949
benefits	-0.3146	0.1847	2	90	214	2011.531274
benthic invertebrates	0.5844	-0.0649	6	57	114	2009.01875
benthos	0.6805	0.1775	3	34	68	2008.292367
bering	0.8315	0.1938	3	53	126	2008.596391
beringia	-0.1073	-0.5829	1	40	80	2008.709135
beringian	-0.307	-0.378	1	29	58	2007.926554
beta	-0.4579	0.1196	5	92	200	2008.071429
betula	-1.1916	-0.311	1	137	376	2007.963087
bias	0.5241	-0.3811	3	179	554	2011.002385
biases	0.1476	-0.3209	3	155	500	2011.934239
binding	0.6304	-0.4524	3	42	84	2008.556436
biodiversity	-0.2528	-0.0367	2	476	2066	2012.141446
biogeography	-0.7463	-0.3283	1	43	86	2009.832552
biological	-0.1874	0.8046	2	36	92	2008.767241
biology	-0.3721	-0.4515	2	47	94	2008.464681
biomass	0.2888	-0.3262	6	173	458	2008.040883
biomes	-0.4987	-0.0393	1	44	88	2011.428571
biomonitoring	-0.001	-0.2754	2	190	634	2011.028409
birds	-0.045	-0.2552	1	97	216	2007.764282
blocking	0.6202	-0.3804	3	113	290	2012.348901
body	0.53	0.1122	6	96	206	2007.977291
body mass	0.7318	0.3012	4	30	60	2006.023529
boreal	-0.9012	-0.188	1	81	180	2009.748786
boundary	-1.1933	-0.188	1	49	98	2007.239183
bp	-0.7205	-0.268	1	268	814	2008.600087
breeding	0.0305	0.2629	2	72	150	2008.159905
brook	0.4789	-0.7398	3	24	48	2005.532995
brown trout	0.7264	-0.3648	3	81	190	2007.046053
bryophytes	-0.8067	-0.1025	1	139	364	2009.103647
building	-0.2543	0.4227	2	89	184	2010.464789
burning	-0.4822	0.4814	2	21	42	2009.814558
bycatch	0.1475	-0.1093	1	64	130	2011.567797
ca	0.3444	-0.7055	5	38	76	2008.009458
canada	1.0304	0.6457	3	31	62	2008.358354
capabilities	1.1752	-0.3153	3	37	74	2010.500666
capacity	-0.3448	0.3926	2	81	190	2009.597315
capelin	0.8666	0.0843	3	71	158	2007.427873
capital	-0.2958	0.7903	2	22	44	2012.401015
capture	0.7085	0.5912	4	70	142	2008.679206
carbon	-0.264	-0.0322	2	130	306	2009.564589
caribou	-0.161	-0.5183	1	23	46	2008.009542
case	0.5727	-0.4104	3	143	376	2008.95177
catch	0.4956	-0.9113	6	47	94	2008.484157
catchment	-0.8659	0.6491	1	58	116	2010.694125
cause	0.8688	0.4393	4	32	64	2008.342905
cell	-1.1858	0.3665	1	51	102	2008.211757
census	0.7054	-0.7396	6	45	90	2009.334385
century	-0.4675	-0.1759	1	125	332	2010.371507
cephalopod	0.8047	-0.4952	3	72	150	2006.5727
cetacean	0.8081	-0.5555	3	28	56	2008.761518
chain	0.541	-0.1064	3	162	410	2008.08967
challenges	-8e-04	-0.0265	2	145	424	2013.058999
changes	-0.2415	0.0693	1	590	2458	2009.682502
char	0.5404	-0.5293	3	126	364	2006.516199
characteristics	-0.249	-0.2347	5	42	90	2008.736404
characterization	0.1119	-0.1856	3	131	314	2010.633346
charr	0.4783	-0.7404	3	24	48	2005.653415
chemical	-0.5717	0.1411	2	24	48	2007.921949
chemistry	-0.6194	-0.5208	5	63	126	2007.680636
chile	-0.1355	1.789	4	32	64	2009.438087
china	-0.1863	0.934	2	24	50	2011.999131
chinese	0.1228	-0.0264	2	26	52	2010.719298
chlorophyll	0.5429	0.7116	4	56	112	2007.297251
chlorophyta	-0.8029	0.1015	1	26	52	2008.652406
chloroplast	-0.7165	-0.4155	1	134	304	2009.158621
chronology	-0.784	-0.3011	1	26	52	2008.614898
churchill	-0.2435	-0.7703	2	44	88	2007.787402
circulation	-0.1347	1.7898	4	32	64	2008.948109
class	0.2915	0.4738	2	47	94	2008.629702
classification	0.3572	0.1109	4	51	102	2009.286924
climate	-0.2214	0.2399	1	341	1106	2010.804187
climate change	-0.4891	0.1139	1	113	276	2011.726653
clones	0.3273	-0.4505	5	42	84	2008.035714
clupea	0.866	0.0852	3	71	158	2007.975945
cluster	0.1072	0.0197	2	130	336	2009.267877
co2	-0.0449	0.4203	2	25	50	2009.235732
coast	-0.3275	0.1142	1	115	280	2007.916968
coastal	0.7041	-0.7389	6	45	90	2008.750196
coastline	0.4426	0.1332	4	72	182	2009.082534
coherent	-0.1355	1.7886	4	32	64	2008.626866
coi	0.0367	-0.3842	2	89	212	2013.533499
cold	0.1232	-0.0267	2	26	52	2009.295106
collection	0.2104	0.0498	2	208	506	2009.184687
collembola	1.0867	-0.507	3	29	58	2007.860558
colonies	1.1759	-0.314	3	37	74	2008.687658
colonization	-0.9864	0.1225	5	49	98	2009.311407
column	-0.0732	-0.7798	2	88	222	2007.520529
comment	0.3672	0.2462	4	34	68	2007.60303
community	-0.2273	-0.0263	2	546	2240	2010.388476
community composition	0.4514	-0.1301	4	64	148	2012.446203
comparison	-0.0616	-0.3248	1	285	868	2007.950757
competition	-0.1709	-0.4319	1	66	138	2008.582677
complement	-0.6291	0.0164	5	69	152	2008.909091
complex	0.8413	-0.2284	3	38	76	2008.626599
composition	0.1034	-0.04	1	480	1794	2008.609526
compounds	-0.1506	0.5544	2	18	36	2008.606591
computer	-0.0805	0.6524	2	33	66	2006.919266
concentrations	-0.1272	-0.2881	3	204	542	2008.182298
concept	0.558	-0.4044	3	23	46	2009.039852
concerns	-0.3199	0.5056	2	38	76	2011.148773
condition	0.7758	0.5803	4	70	148	2008.989432
conifer	-0.7842	-0.3018	1	26	52	2008.484487
consensus	-0.0794	0.653	2	33	66	2011.2949
consequences	0.2012	0.244	4	58	122	2010.388946
conservation	-0.0903	0.2649	2	317	1122	2011.195486
consistency	0.7078	-0.1788	3	78	180	2009.971397
constraints	0.0159	-0.6174	3	74	160	2009.183622
consumers	0.6269	-0.1353	3	96	234	2010.744711
consumption	0.2078	0.1937	2	132	314	2007.642994
contamination	-0.1398	-0.2891	1	158	418	2008.17103
content	0.6537	0.5324	4	142	342	2008.566458
context	-0.3643	-0.4594	2	98	250	2011.030192
continent	-0.4227	0.4099	2	20	40	2008.964696
contrast	-0.3947	-0.4026	2	49	104	2008.536194
control	0.3184	0.1602	2	244	684	2009.125056
copepods	0.2282	0.3083	4	113	246	2007.200754
corals	0.8423	-0.2269	3	38	76	2010.275563
core	-0.6105	-0.2044	1	197	594	2007.967995
correction	0.8315	-0.2206	3	92	252	2008.598508
correlation	0.4964	-0.4104	6	51	110	2008.606178
correspondence	0.4171	-0.7467	6	71	166	2007.499487
cosmopolitan	0.7311	0.3014	4	30	60	2008.615044
costs	0.2753	-0.1733	2	83	196	2009.673817
counts	0.2167	-0.3572	3	138	366	2008.352941
coupling	-0.2348	-0.5346	2	55	110	2010.327135
cover	-0.9033	0.0114	1	186	522	2009.332353
coverage	-0.076	0.0324	2	76	162	2010.04391
crab	0.5873	-0.0686	6	57	114	2008.197368
crisis	-0.1749	-0.2535	2	79	170	2011.037344
criteria	0.1069	0.0143	4	75	162	2008.509297
criterion	0.0743	-0.6708	5	17	34	2008.588571
crop	-0.1411	0.4263	2	123	286	2007.490323
crustaceans	0.7314	0.3011	4	30	60	2006.336018
cryptic species	-0.2354	-0.5304	2	55	110	2012.211429
crystals	-0.572	0.142	2	24	48	2007.751685
cultivation	-0.4671	0.3257	2	72	160	2009.925697
culture	-0.1607	-0.5188	1	23	46	2008.167805
current	0.4786	0.7583	4	71	164	2008.021581
cycle	-0.1177	0.2402	1	156	362	2009.115632
cytochrome	0.3449	-0.7044	5	38	76	2009.120112
data	-0.0288	-0.0336	2	576	2506	2008.849817
database	0.0569	-0.4702	5	314	1068	2011.009739
dataset	0.8087	-0.5548	3	28	56	2012.492063
date	-0.7695	-0.3688	1	98	224	2008.781013
debris	-1.2643	-0.3554	1	47	94	2007.542321
decline	0.3602	0.1651	4	234	614	2009.893655
deep sea	-0.4828	0.4811	2	21	42	2007.976506
deepwater	0.4984	-0.9122	6	47	94	2007.688202
definition	-0.0801	0.6533	2	33	66	2008.873016
deglaciation	-1.2619	-0.3574	1	47	94	2008.650208
degradation	0.312	-0.2409	6	92	194	2011.065225
denmark	0.7018	-0.7409	6	45	90	2007.937363
density	0.8487	-0.3788	3	54	112	2008.013051
deposition	-0.8746	-0.0194	1	45	90	2008.05739
deposits	-0.7643	-0.325	1	100	230	2008.340778
depth	0.3338	0.0899	4	130	310	2008.424673
design	0.3349	-0.283	3	142	372	2010.581328
destruction	0.7052	-0.7414	6	45	90	2005.117573
detail	1.0307	0.645	3	31	62	2008.325282
detection	0.2143	-0.253	3	407	1612	2009.603252
determination	0.3784	-0.0903	4	142	326	2007.484902
development	0.1277	0.1257	2	336	1026	2008.720806
diagnostics	0.3445	-0.331	1	26	52	2008.567084
diatom	-0.0724	0.2122	4	148	328	2007.788872
diatom assemblages	-0.619	-0.5264	5	63	126	2007.25283
diet	0.6886	-0.075	3	403	1558	2007.702833
diet composition	0.9321	0.183	4	56	120	2009.353448
dietary	0.4825	-0.4823	3	136	360	2007.6
difference	-0.3582	-0.6794	3	67	140	2008.353517
differentiation	0.5499	0.1599	4	40	80	2009.166072
digestion	0.8268	-0.171	3	82	200	2007.043478
dinoflagellate	0.4677	0.5084	4	84	180	2008.088384
diptera	1.0857	-0.5075	3	29	58	2007.86747
discovery	0.0746	-0.6708	5	17	34	2009.916721
discrepancies	-0.1769	-0.8483	2	39	78	2008.348934
disease	-0.3715	0.6567	2	48	118	2009.355697
dissolution	-0.5712	0.1418	2	24	48	2008.222642
dissolved	-0.618	-0.5212	5	63	126	2009.918434
dissostichus	0.8728	-0.4297	3	36	72	2008.625
distance	-0.1482	0.4514	4	72	146	2008.760466
distribution	-0.1608	-0.5914	1	164	450	2008.398254
disturbance	-0.6845	-0.1109	1	24	48	2008.857587
divergence	0.2784	-0.4329	6	36	72	2009.013309
diversity	-0.1439	-0.0155	2	560	2408	2010.578345
dna	-0.0299	-0.2321	1	827	5494	2009.69176
dominance	-0.686	-0.1413	1	68	148	2008.872257
drivers	-0.8649	0.6505	1	58	116	2015.214206
dryas	-1.0963	0.0982	1	114	292	2007.259029
dunes	0.031	-0.1712	5	27	54	2008.16
duration	-1.1827	0.3688	1	51	102	2008.532595
dynamics	-0.1839	-0.1051	1	180	478	2010.313072
early holocene	-0.9882	0.1199	5	49	98	2009.846715
earth	-0.5175	-0.44	2	104	258	2010.179198
eastern	0.5454	0.711	4	56	112	2008.869757
echinodermata	-0.0468	-0.8477	2	20	40	2007.643312
echinoderms	0.2228	0.1254	2	40	80	2008.687831
ecology	0.2496	0.0349	2	223	658	2009.579615
ecosystem	-0.064	0.0015	2	521	2314	2011.299513
ecosystem processes	0.7282	-0.61	3	30	60	2012.502618
ecosystem services	-0.2956	0.7898	2	22	44	2015.128205
ecosystem structure	0.5435	0.7102	4	56	112	2011.137143
ecotone	-0.6167	-0.5247	5	63	126	2010.323944
eddies	0.6925	0.6281	4	111	260	2008.668786
education	-0.3701	-0.4527	2	47	94	2010.860248
effects	-0.0056	0.2389	2	299	998	2008.834618
efficacy	0.5863	-0.065	6	57	114	2011.532915
efficiency	0.1739	0.1556	2	85	190	2009.198697
effort	0.4399	-0.719	6	111	268	2009.28
el nino	0.2735	0.7848	4	40	80	2009.823227
el nino-southern oscillation	-0.1331	1.7894	4	32	64	2011.67313
elements	-0.2619	0.2554	2	45	90	2008.706361
elongation	0.631	-0.4512	3	42	84	2006.851145
emergence	-0.1945	0.7467	2	59	136	2009.419162
empetrum	-0.5153	0.1067	1	45	90	2006.944134
empirical	-0.448	-0.4185	2	23	46	2009.435484
energy	0.3227	0.692	4	148	374	2008.723489
enso	-0.009	1.4649	4	71	144	2010.797727
environment	-0.265	0.1781	2	333	1164	2009.620856
environmental	-0.045	0.4212	2	25	50	2009.652452
environmental changes	-0.169	0.2955	1	72	154	2011.631369
environmental conditions	-0.875	-0.0185	1	45	90	2011.073304
environmental factors	-0.8689	0.6492	1	58	116	2010.481299
environmental samples	-0.3499	-0.3784	1	237	734	2009.558282
environmental variables	-0.1629	-0.584	5	94	216	2010.746251
enzyme	0.8225	-0.2432	3	62	158	2008.671725
equilibrium	-0.5469	0.1347	1	31	62	2007.331412
erosion	-0.6272	-0.0083	1	44	110	2008.588984
error	0.8387	-0.1048	3	58	150	2009.089766
establishment	-0.8443	0.2756	1	76	168	2009.077273
esters	1.0919	1.0656	4	29	58	2006.458015
estimate	0.2632	-0.1543	3	190	528	2009.037943
estuarine	0.034	-0.3861	2	81	190	2008.643192
eukaryotes	-0.8024	0.1007	1	26	52	2011.452055
euphausia	0.6285	-0.4519	3	42	84	2006.902724
europe	-0.2016	0.0811	2	70	150	2009.264767
evaluation	0.1853	0.3844	2	131	296	2010.494567
evaporation	-0.5716	0.1419	2	24	48	2007.500434
evenness	-0.9875	0.1189	5	49	98	2010.670455
events	0.7035	-0.7423	6	45	90	2008.940003
evolution	0.1862	1.1246	4	138	298	2009.317419
excess	0.6291	-0.4508	3	42	84	2006.587452
exercise	-0.392	0.6517	2	34	92	2007.717087
expansion	-0.2331	0.0963	5	192	506	2010.313347
expectations	0.8991	0.0138	3	34	68	2009.868534
experiments	0.8359	0.0803	4	87	216	2008.056984
experts	-0.2136	0.5965	2	51	108	2012.340659
exploitation	-0.1601	-0.5183	1	23	46	2009.632911
exploration	-0.1388	-0.1035	2	30	60	2009.280242
exposure	-1.2624	-0.3565	1	47	94	2009.120837
extent	-0.9434	0.1724	1	78	160	2009.292904
extinction	-0.2425	-0.4282	1	146	376	2008.742587
extraction	0.1102	-0.2018	3	173	454	2009.332489
extreme conditions	-0.8419	-0.0971	1	28	56	2011.116751
fa	0.4788	0.7593	4	71	164	2011.176471
face	0.3575	0.1125	4	51	102	2010.409917
faeces	0.7251	-0.2326	3	239	768	2006.574359
fall	1.0293	0.6453	3	31	62	2008.13205
family	0.1838	-0.5001	6	193	588	2008.985487
fast	-0.0455	0.4206	2	25	50	2008.050903
fasting	0.6599	-0.1365	3	45	90	2007.786096
fate	-0.1355	0.8398	2	28	56	2010.213755
fatty acid composition	1.093	1.0658	4	29	58	2007.406897
fatty acids	0.7623	0.8951	4	94	222	2008.553086
fauna	0.0987	-0.3635	6	150	354	2007.676366
feasibility	0.9041	-0.2299	3	32	64	2009.413978
features	-1.1858	0.3681	1	51	102	2008.398624
feedback	0.0484	0.4432	2	54	114	2010.893652
feeding	0.5741	0.306	4	182	482	2007.053851
ferns	-0.8593	-0.1691	5	33	66	2008.328947
fidelity	-0.4487	-0.4184	2	23	46	2009.813596
field	0.0199	0.0854	3	334	998	2008.149599
filter	-0.1792	-0.5492	3	161	438	2008.739821
filtration	0.4429	-0.6242	3	45	90	2007.817869
finland	-0.0809	0.653	2	33	66	2007.913074
finnish	-0.0797	0.6523	2	33	66	2006.854342
finnmark	-0.9885	0.1212	5	49	98	2007.048544
fish	0.7179	-0.0805	3	339	1140	2007.742843
fish species	0.6522	-0.4714	3	181	508	2008.720126
fisheries	0.6355	0.1049	4	171	402	2009.372986
fisheries management	0.1797	0.4732	2	32	64	2012.154412
fit	-1.2427	-0.3032	1	46	92	2009.546259
flagellates	0.6747	0.7308	4	42	84	2004.727528
flora	-0.8511	-0.3534	1	134	358	2007.634775
flow	-0.3683	0.4981	2	30	60	2008.227829
fluid	-0.5713	0.1411	2	24	48	2008.294565
flux	-0.319	0.5067	2	38	76	2008.597609
focus	-0.4897	0.0431	2	134	310	2011.577425
food	0.6154	-0.0528	3	296	1022	2008.346694
food web	0.6851	0.1759	4	137	360	2011.205687
foraging	0.3832	-0.7544	3	68	144	2008.470796
forest	-0.7653	0.0139	1	135	328	2009.036828
formation	-0.6782	0.2207	1	75	154	2008.321264
fossil	-0.3309	-0.3961	1	74	162	2008.55551
fossil record	-0.1601	-0.5192	1	23	46	2008.94375
fraction	-0.1605	-0.5183	1	23	46	2008.456562
fragments	-0.1323	-0.2695	5	160	406	2008.17335
framework	0.0053	0.3739	2	58	118	2011.28923
frequency	0.6762	-0.262	3	58	134	2008.248973
freshwater	-0.1003	-0.014	2	178	544	2009.714453
freshwater ecosystems	-0.1756	-0.849	2	39	78	2011.675159
frozen	-0.0104	-0.3482	3	30	60	2009.632275
fuel	-0.0397	0.8229	2	24	48	2009.266599
function	-0.0455	0.4212	2	25	50	2008.530959
functional groups	-0.9398	0.0093	5	72	164	2012.105691
fungal	0.0529	-0.5223	5	45	92	2011.767442
fungi	-0.3312	-0.0213	1	99	250	2010.440079
fur	1.176	-0.3155	3	37	74	2006.549483
fur seals	1.177	-0.3144	3	37	74	2005.932377
future	-0.2252	0.2752	2	262	820	2011.886201
future research	0.376	-0.1669	3	70	146	2011.822917
gap	-0.2638	0.2557	2	45	90	2011.364048
gases	-0.646	0.2949	2	66	134	2008.364299
gastropoda	-0.0465	-0.8471	2	20	40	2008.439462
gc	0.5568	-0.6505	3	29	58	2008.125
genbank	0.0065	-0.4542	5	54	126	2012.658228
gene	0.0564	-0.4286	5	216	580	2011.22908
genera	-0.3349	-0.5767	5	78	168	2008.996224
generalist	0.9366	-0.3595	3	77	216	2011.610063
generation	0.1192	-0.1397	2	108	252	2009.018917
genetic	0.222	0.1256	2	40	80	2009.455556
genetic diversity	0.5509	0.1591	4	40	80	2010.979332
genome	0.2166	-0.5302	5	87	210	2012.990902
genotypes	0.8716	-0.4312	3	36	72	2009.291609
genus	-0.4913	-0.3543	5	83	176	2009.195478
georgia	1.0299	0.6457	3	31	62	2005.96036
gill	0.4416	-0.6258	3	45	90	2007.156788
glacial	-1.1394	-0.2261	1	68	152	2009.051526
glacial cycle	-1.2633	-0.3597	1	47	94	2009.396999
glacial maximum	-1.1394	-0.2271	1	68	152	2010.369629
glacial retreat	-0.5162	0.1075	1	45	90	2010.773256
glaciation	-0.7471	-0.3272	1	43	86	2007.663006
glaciology	-1.2649	-0.356	1	47	94	2010.770202
glass	0.4413	-0.6245	3	45	90	2007.753934
global	-0.309	0.6624	2	71	208	2010.049364
global scale	-0.2621	0.2563	2	45	90	2010.563923
globe	-0.4978	-0.0378	1	44	88	2010.753165
government	-0.0863	0.7478	2	67	146	2012.723951
gradient	-0.7185	-0.1238	2	111	266	2008.605746
grain	-0.7879	0.2703	5	68	140	2008.961122
graminoids	-1.1952	-0.3451	1	68	148	2008.109649
grass	-0.0854	-0.5269	1	75	160	2008.05644
grassland	0.4486	-0.4738	6	49	102	2010.189441
gravity	-0.5711	0.1414	2	24	48	2008.659201
grayling	0.0879	-0.6263	3	43	102	2005.728395
grazing	0.6763	0.7298	4	42	84	2006.518367
greenhouse	-0.6458	0.2949	2	66	134	2010.141546
greenhouse gases	-0.8749	-0.0206	1	45	90	2010.01027
greenland	-0.4323	-0.3977	1	179	442	2008.04131
group	-0.1849	0.0577	2	246	672	2007.95978
growth	-0.3777	0.167	1	141	308	2007.964687
guidelines	-0.0111	-0.3483	3	30	60	2010.762712
gut	0.5652	0.0847	3	161	410	2006.271226
habitat	0.2759	-0.2484	6	300	902	2009.660618
haplotypes	0.2505	-0.45	5	95	238	2009.367288
harbour	0.9195	0.1024	3	125	370	2006.751462
health	0.5478	0.2435	4	58	116	2011.42961
heath	0.0028	-0.2152	1	66	140	2007.240099
hemisphere	-0.1342	1.482	4	60	120	2009.014397
herbivores	-0.387	-0.2864	1	61	128	2009.513587
herbivory	0.3289	-0.4499	5	42	84	2008.803874
herring	0.7596	0.3735	3	29	58	2007.552511
heterogeneity	-0.0369	-0.9353	3	44	88	2010.395911
high abundance	0.4975	-0.9104	6	47	94	2009.065476
high-resolution	-0.3775	0.0461	1	83	170	2010.248214
history	-0.5603	0.0633	1	208	570	2008.523128
holocene	-0.7957	0.4257	1	272	824	2008.578947
home	0.1228	-0.0258	2	26	52	2010.166259
horizon	-0.3214	0.5941	2	154	504	2008.766626
host	0.5645	0.6416	4	69	146	2009.32804
human activities	-0.7473	0.4337	1	91	204	2011.12845
humans	0.1201	-0.4023	1	124	284	2010.156837
hypotheses	0.8678	0.4386	4	32	64	2009.144207
hypothesis	0.8683	0.4383	4	32	64	2008.194871
ice	-0.4628	0.0287	1	239	624	2008.860178
ice age	-1.183	0.3677	1	51	102	2008.966337
ice retreat	-0.1502	0.5543	2	18	36	2010.171103
ice sheet	-1.2649	-0.3585	1	47	94	2008.394118
icefish	0.5874	-0.0665	6	57	114	2006.366013
iceland	0.9441	-0.1536	3	50	100	2008.214375
identification	0.1555	-0.5094	5	341	1242	2009.939059
identity	0.5796	-0.4167	5	99	228	2010.397884
illumina	0.5193	-0.7634	6	121	310	2016.693333
images	0.3665	0.2451	4	34	68	2009.851773
imbalance	-0.4483	-0.4177	2	23	46	2009.882784
impact	-0.1756	0.3364	2	271	778	2011.1545
implementation	0.9434	-0.1545	3	50	100	2012.128733
implications	0.1696	0.3414	2	240	604	2008.957655
improvement	-0.3735	-0.2908	5	71	150	2010.609009
inclusion	-1.2622	-0.3598	1	47	94	2008.715721
incorporation	-0.4531	0.4412	2	38	76	2007.639228
indian	0.5441	0.7144	4	56	112	2007.151099
indian ocean	0.625	0.4339	4	17	34	2008.166667
indices	-0.3115	0.7309	1	93	196	2009.479934
individuals	0.7337	-0.0522	3	215	624	2008.750418
inference	-0.1755	-0.8475	2	39	78	2010.406107
inflow	-0.2454	-0.7713	2	44	88	2008.946292
influence	-0.3595	1.417	4	87	180	2009.717142
information	-0.014	-0.2985	1	370	1212	2009.67229
infrastructure	-0.296	0.7898	2	22	44	2013.719864
ingestion	0.886	-0.0476	3	63	154	2006.527721
injection	0.5461	0.7123	4	56	112	2008.565722
insects	-0.3684	0.499	2	30	60	2007.71513
inshore	0.8089	-0.556	3	28	56	2006.81194
insolation	-0.134	1.7898	4	32	64	2009.002281
integration	-0.3797	0.4202	1	92	196	2009.269083
interactions	0.2709	0.6307	3	239	716	2009.581424
interannual variations	0.5419	0.7108	4	56	112	2009.136035
interface	-0.8514	0.247	2	73	150	2008.784137
interglacial	-1.1933	0.1338	1	92	200	2008.241164
interpolation	0.4963	-0.9131	6	47	94	2009.545906
interpretation	-0.4562	-0.6511	5	90	204	2007.927664
interstadial	-1.2637	-0.3571	1	47	94	2008.869132
interviews	-0.0808	0.6537	2	33	66	2012.777302
introduction	-0.5317	-0.1999	1	64	154	2009.308432
inuit	-0.1598	-0.5184	1	23	46	2009.667802
invasion	-0.2391	0.0344	2	131	354	2010.464396
invasive species	-0.1685	-0.0969	2	182	558	2013.736402
inventory	0.5848	-0.0708	6	57	114	2010.281274
invertebrates	0.6576	-0.1325	6	90	196	2009.100058
investment	-0.4231	0.4097	2	20	40	2009.243961
ion	0.9268	-0.3376	3	80	202	2007.645552
island	-0.7474	0.1466	1	93	238	2007.713057
isolation	-0.047	-0.847	2	20	40	2008.812901
isopoda	-0.0463	-0.8474	2	20	40	2004.977401
juvenile	0.661	0.7162	3	68	142	2007.432187
kerguelen	-0.6844	-0.1117	1	24	48	2006.772266
key	0.4987	-0.9109	6	47	94	2010.680262
kinetics	1.0914	1.0655	4	29	58	2007.402314
king	0.5849	-0.0668	6	57	114	2008.958735
knowledge	-0.0387	-0.2845	1	300	918	2011.311559
korean	0.3458	-0.7051	5	38	76	2012.61236
krill	0.3415	0.056	2	104	228	2007.304054
laboratory	-0.5717	0.1416	2	24	48	2007.465259
lacustrine	-0.3955	-0.5052	1	35	70	2007.772586
lake	-0.576	-0.1042	1	378	1516	2008.594336
lake ice	-1.1844	0.3701	1	51	102	2009.314286
lake sediments	-0.7709	-0.0579	1	235	748	2009.00554
land	-0.0849	0.1772	2	56	112	2009.148895
landscape	-0.9992	0.1842	1	113	270	2011.306963
large	0.3681	0.2458	4	34	68	2008.616924
larix	-1.2343	-0.2855	1	113	284	2010.049383
larvae	0.7556	0.5629	4	174	428	2006.81284
larval development	0.6746	0.7299	4	42	84	2005.922222
late	-0.869	0.6473	1	58	116	2007.284726
late holocene	-0.8663	0.651	1	58	116	2009.746114
late quaternary	-0.9255	-0.109	1	64	144	2006.707635
late weichselian	-1.2646	-0.3592	1	47	94	2004.833898
lateglacial	-1.1855	0.3693	1	51	102	2009.385113
layer	0.1726	0.5113	4	96	202	2008.050692
length	0.1877	-0.6444	3	126	312	2007.902115
lepidoptera	1.0856	-0.5084	3	29	58	2008.715232
levels	-0.0174	0.2428	2	192	456	2008.087057
library	0.2374	-0.4268	1	106	236	2010.429487
lichens	-0.0355	-0.9343	3	44	88	2007.849478
life	0.7298	0.7139	4	138	310	2009.496831
life cycle	1.0921	1.065	4	29	58	2008.297638
life history	0.2738	0.7853	4	40	80	2009.417763
life stages	1.03	0.6443	3	31	62	2011.376623
light	-0.1146	1.004	2	10	20	2008.497181
limit	0.0631	-0.4607	5	283	882	2008.405998
links	0.9995	-0.0584	3	61	134	2010.597109
lipid content	0.6327	0.5928	4	121	282	2008.371429
lipids	-0.0487	0.5533	4	163	380	2008.586245
list	0.5573	-0.6497	3	29	58	2010.001938
literature	-0.3916	0.1307	5	38	76	2009.415346
lithology	-1.0533	-0.3951	1	46	92	2008.606112
location	0.6314	0.546	4	78	164	2008.984732
long-term data	0.7038	-0.7405	6	45	90	2010.908497
long-term trends	-0.1345	1.7879	4	32	64	2010.221667
loss	-0.0665	-0.4727	1	40	80	2009.572836
low temperatures	-0.515	0.108	1	45	90	2008.069861
mackerel	1.1768	-0.3152	3	37	74	2007.814607
macrofossils	-0.8675	-0.2572	1	164	468	2008.470803
magnitude	0.321	0.0066	2	101	214	2008.764211
mainland	-0.7471	-0.3256	1	43	86	2008.191358
mallotus	0.8661	0.0841	3	71	158	2007.639706
mammals	-0.2614	-0.3198	1	112	256	2009.16891
management	0.1779	-0.06	2	228	630	2011.487395
manipulation	0.8415	-0.2272	3	38	76	2008.037037
marine	0.3617	0.2002	2	312	934	2009.464672
marine ecosystems	0.1932	-0.2485	2	153	384	2011.751724
marine predators	0.9442	-0.1551	3	50	100	2012.51497
marine sediments	-1.0523	-0.396	1	46	92	2009.211788
maritime	-0.0794	0.6536	2	33	66	2009.976892
markers	0.0191	-0.187	1	309	996	2010.075278
market	-0.1353	0.6411	2	45	96	2010.492
mass	0.8161	-0.1617	3	113	322	2008.546102
materials	0.2308	0.2934	2	67	136	2009.392738
matrix	0.1479	0.515	2	64	134	2008.834951
maximum	-0.6134	-0.4413	1	83	186	2008.02311
meadow	-0.4975	-0.0394	1	44	88	2009.936809
measurements	-0.336	0.4823	5	88	178	2008.052338
meat	-0.443	0.4747	2	13	26	2007.892086
mechanisms	-0.1778	0.1253	2	96	210	2009.236736
media	-0.443	0.4743	2	13	26	2009.719376
megafauna	-0.5143	-0.0658	1	86	184	2011.016484
membrane	-0.8517	0.2472	2	73	150	2008.440533
mercury	-0.368	0.4988	2	30	60	2009.79449
mesoscale	0.7001	0.5823	4	82	176	2008.07772
mesoscale eddies	0.5446	0.712	4	56	112	2010.788618
metazoan	0.0624	-0.2698	2	137	350	2007.576812
method	0.2371	-0.1689	3	586	2836	2009.830294
methodology	-0.1454	0.6123	2	66	142	2011.295783
microbes	-0.1349	0.84	2	28	56	2011.536273
microbial communities	0.0313	-0.1709	5	27	54	2012.397872
microbial diversity	-0.2371	-0.5317	2	55	110	2013.037344
microscopy	0.2219	0.1265	2	40	80	2009.03127
mid-latitudes	-0.1336	1.7898	4	32	64	2008.595624
migration	-0.1603	-0.5187	1	23	46	2008.7381
milk	-0.432	0.5659	2	22	44	2005.487719
mitochondrial	0.2249	-0.433	6	52	112	2009.505263
mixing	-0.3548	-0.2743	2	44	88	2008.011628
mixture	0.7377	-0.3324	3	113	330	2008.223491
mls	0.5421	0.7137	4	56	112	2008.964286
mode	-0.1351	1.7878	4	32	64	2009.290859
model	0.5801	0.0637	3	93	210	2009.337703
modification	-0.0717	0.2066	2	87	188	2007.905808
moisture	-0.1347	1.7887	4	32	64	2009.760344
molecular	0.661	-0.1355	3	45	90	2010.090742
molecular data	0.8083	-0.5558	3	28	56	2011.580645
molecules	0.3896	-0.4882	3	104	234	2008.557498
mollusks	0.8713	-0.4301	3	36	72	2008.095023
monitoring	0.0904	-0.2111	2	364	1278	2010.807096
morphology	-0.6174	-0.5264	5	63	126	2008.65515
moss	-0.8598	-0.1701	5	33	66	2008.144966
mountains	-0.3776	-0.0314	1	148	342	2008.872376
mtdna	0.8197	-0.4542	3	58	142	2008.366423
multivariate	0.8691	0.4386	4	32	64	2009.5132
muscle	1.0916	1.0647	4	29	58	2007.721823
names	0.8724	-0.4307	3	36	72	2009.689394
national	-0.0662	-0.4737	1	40	80	2008.772338
national park	-0.0671	-0.4737	1	40	80	2009.008333
nature	-0.2369	-0.534	2	55	110	2008.617072
negative effects	-0.3365	0.6288	2	45	104	2011.160142
nematoda	1.0865	-0.5083	3	29	58	2006.488889
nests	1.0246	-0.2469	3	28	56	2007.605233
net	0.3447	-0.7032	5	38	76	2007.445437
new species	-0.138	-0.1034	2	30	60	2008.580983
niche	0.4261	-0.2021	6	30	60	2011.725141
north	-0.5544	-0.189	1	158	376	2008.467015
northern	-0.1356	0.841	2	28	56	2008.895353
norway	-0.6946	-0.2072	5	127	318	2008.07857
norwegian	-0.395	-0.5048	1	35	70	2006.948859
notothenioids	0.5824	-0.0682	6	57	114	2008.486702
nutrients	0.605	0.7205	4	87	196	2008.853671
nutrition	0.4226	0.7454	4	87	192	2008.433761
objective	0.3553	0.1105	4	51	102	2010.084737
observations	0.7113	0.1173	3	69	148	2008.908539
occurrence	0.1502	-0.2799	3	120	292	2008.878622
ocean	0.6385	0.2466	4	205	502	2009.205801
odobenus	0.8999	0.0131	3	34	68	2008.729885
offshore	0.8675	0.4393	4	32	64	2009.436948
oil	-0.3455	0.7905	2	9	18	2008.786318
oncorhynchus	1.0307	0.6442	3	31	62	2007.831947
onset	1.0928	1.0647	4	29	58	2008.982999
open water	-0.2443	-0.7693	2	44	88	2007.546044
operation	-0.3759	0.2459	2	48	98	2010.347293
options	-0.0801	0.654	2	33	66	2011.088957
order	0.2855	-0.128	2	143	348	2008.447395
ordination	-0.6171	-0.523	5	63	126	2007.978648
organic	-0.877	-0.0202	1	45	90	2009.631491
organic carbon	-0.6212	-0.5209	5	63	126	2009.755902
organic matter	-0.8766	-0.0188	1	45	90	2009.596667
organisms	0.1764	-0.1861	3	172	448	2009.456575
organization	-0.4322	0.5654	2	22	44	2009.610227
origin	-0.3423	0.0796	2	82	168	2007.989853
oscillation	-0.1349	1.7898	4	32	64	2009.592581
otus	0.5338	-0.1916	3	93	206	2014.812245
outcomes	-0.432	0.5657	2	22	44	2011.660682
overlap	0.2558	-0.5099	6	131	310	2009.857288
overview	-0.2601	-0.1842	2	81	178	2009.462544
oxidase	0.1721	0.049	2	63	132	2011.071429
pacific	0.2684	0.9357	4	144	372	2009.069612
paleoclimate	-1.1867	0.3689	1	51	102	2010.143169
paleoecology	-0.7019	0.1314	1	138	332	2008.870293
paleoenvironment	-1.0713	0.2906	1	71	154	2007.274924
paleoenvironmental	-0.8671	0.6457	1	58	116	2007.741573
paleolimnology	-1.2629	-0.3558	1	47	94	2009.657277
palynomorphs	-0.8762	-0.0197	1	45	90	2009.914286
parallel	1.1754	-0.316	3	37	74	2007.545553
parameters	0.1327	-0.4592	5	99	228	2008.858581
parasites	0.6591	-0.1378	3	45	90	2008.515641
part	-0.1846	-0.4635	2	128	304	2007.996794
past	-0.7814	0.1308	1	160	454	2009.286247
patches	-1.2618	-0.3587	1	47	94	2008.056469
pathogens	-0.1358	0.8406	2	28	56	2011.851107
patterns	-0.2211	-0.4499	3	190	482	2008.797625
pca	-0.0354	-0.9353	3	44	88	2009.970588
pcr	0.3252	-0.5003	3	354	1356	2009.975163
pelagic	0.675	0.7292	4	42	84	2007.686099
penguins	1.0254	-0.2467	3	28	56	2007.926092
peninsula	-0.5894	-0.0457	1	155	394	2008.446514
peptide	-0.3458	0.7905	2	9	18	2008.796834
performance	0.6075	-0.3122	3	69	150	2010.724359
period	-0.3945	-0.3455	1	228	624	2008.42654
permafrost	-0.6947	-0.2155	1	144	376	2011.237578
permafrost soils	-0.5868	5e-04	1	23	46	2012.807692
persistence	-0.667	-0.0678	1	63	144	2010.336061
perspective	0.0467	0.4366	2	68	146	2010.824219
ph	0.4429	-0.6256	3	45	90	2009.610028
phase	1.0025	0.8212	4	57	122	2008.459023
phenology	0.5578	-0.4048	3	23	46	2011.944128
phenomena	-0.4455	0.2675	2	41	84	2008.558488
phoca	0.9192	0.103	3	125	370	2004.309368
phyla	0.2782	-0.4336	6	36	72	2012.095
phylogenetic	0.5511	0.1605	4	40	80	2010.667004
phylogeny	-0.3487	-0.1831	5	25	50	2010.043131
physical activity	1.0914	1.0651	4	29	58	2009.970297
physiology	1.0916	1.0662	4	29	58	2010.345151
phytoplankton	0.468	0.5082	4	84	180	2007.964951
phytoplankton community	0.5447	0.7098	4	56	112	2009.431877
picea	-1.1942	-0.186	1	49	98	2007.15991
pine	-0.6868	-0.0247	5	70	148	2008.693681
pinnipeds	0.8421	0.0151	3	69	154	2008.580574
pinus	-0.6868	-0.025	5	70	148	2007.596311
pipeline	0.577	-0.3288	6	89	210	2011.01676
place	-0.9876	0.1225	5	49	98	2007.525068
planet	-0.1389	-0.1026	2	30	60	2010.483081
plankton	0.4522	0.2536	4	111	242	2007.2204
planning	0.1789	0.4728	2	32	64	2012.670807
plant	-0.5555	-0.2093	1	456	1996	2008.777628
plant communities	-0.817	-0.0667	1	178	484	2008.929095
plant macrofossils	-1.0514	-0.395	1	46	92	2009.75641
plant species	-0.0388	-0.9355	3	44	88	2009.03066
plateau	-0.2648	0.2314	2	59	120	2009.592112
platform	1.0508	-0.3606	3	64	146	2009.532067
pleistocene	-0.7776	-0.4353	1	112	258	2008.069475
pleistocene-holocene	-0.9862	0.1197	5	49	98	2009.606667
plot	-0.5283	-0.5813	1	35	70	2007.82643
polar	-0.1778	-0.3369	1	132	310	2007.443747
polar ice	-0.368	0.4985	2	30	60	2006.179916
polar regions	-0.2631	0.2548	2	45	90	2009.410444
polaris	-0.0383	-0.9342	3	44	88	2007.8
polarity	0.8682	0.439	4	32	64	2007.296015
policy	-0.2078	0.7969	2	68	172	2012.234091
pollen	-0.9769	-0.0312	1	287	1006	2007.848552
pollen analysis	-1.2137	-0.2294	1	82	190	2007.649682
pollen data	-1.0962	-0.0393	1	89	196	2008.5
pollution	-0.3992	0.4857	2	46	102	2008.384498
polygons	-0.876	-0.0213	1	45	90	2009.931646
polymorphism	0.7951	-0.2664	3	41	82	2008.974696
ponds	-0.8758	-0.0181	1	45	90	2009.15182
pools	-0.1212	-0.8174	2	61	128	2009.038062
population	0.4103	0.0034	3	397	1440	2008.672858
population dynamics	-1.1949	-0.188	1	49	98	2009.62809
potential	-0.0998	-0.1357	2	247	702	2010.240353
potential impact	-0.135	0.841	2	28	56	2010.782051
power	-0.106	-0.0979	2	172	442	2009.270091
practice	-0.2153	0.5986	2	76	182	2011.243151
precision	0.4267	-0.2007	6	30	60	2008.835605
predators	0.8101	-0.1109	3	231	774	2008.956781
predatory	0.5848	-0.0688	6	57	114	2008.574713
predictions	0.0742	-0.6705	5	17	34	2009.897678
preference	0.0628	-0.7365	3	98	226	2008.767528
preparation	-0.4182	-0.4311	2	62	140	2008.197154
present	-0.476	0.0506	5	199	558	2007.990715
preservation	-0.1459	-0.2661	1	151	352	2009
pressure	-0.2182	-0.0958	2	109	232	2008.310217
prevalence	0.7549	-0.118	3	72	154	2009.527397
prey	0.7631	-0.1243	3	353	1442	2008.256219
prey availability	1.1755	-0.3133	3	37	74	2009.757764
prey items	0.5428	-0.5545	3	111	272	2008.177632
prey species	0.9114	-0.4375	3	103	260	2007.144033
primary production	0.5432	0.7135	4	56	112	2008.93764
primers	0.3357	-0.4021	3	352	1376	2008.933566
principal component analysis	-0.037	-0.9339	3	44	88	2008.970381
principal components	-0.0381	-0.9362	3	44	88	2008.337748
priority	-0.3691	0.4987	2	30	60	2011.372703
probability	-0.1347	0.8408	2	28	56	2009.789859
probe	1.0867	-0.5077	3	29	58	2007.984576
procedures	0.5438	-0.1699	3	68	150	2007.300565
processes	-0.1173	0.1664	2	372	1120	2009.595773
production	0.2257	0.6878	4	157	386	2008.41289
productivity	-0.0627	0.4083	4	153	374	2009.327254
profiles	0.2466	0.4984	4	94	214	2007.935203
programme	0.1589	0.1364	2	51	112	2007.667702
progress	-0.3242	-0.1575	1	44	106	2009.283491
project	0.4167	0.0242	4	90	196	2009.951874
properties	-1.0535	-0.3926	1	46	92	2009.393254
proportion	-0.2212	-0.207	5	212	618	2007.916222
protein	0.6018	0.5061	4	157	370	2008.607361
protocol	0.5312	-0.2542	3	144	362	2010.678419
proxy	-0.5376	-0.1387	1	216	584	2011.318436
publications	0.368	0.2442	4	34	68	2010.741127
pulses	-0.3389	0.7898	2	15	30	2008.041077
pycnocline	0.5418	0.7124	4	56	112	2006.571429
pyrosequencing	0.3391	-0.265	1	110	280	2013.951351
quality	0.5118	0.0093	3	205	520	2010.189742
quantification	0.6236	-0.5303	3	108	258	2011.260355
quantitative	0.5715	-0.8326	6	61	132	2008.199341
quaternary	-0.6442	-0.1771	1	87	206	2007.507274
radiocarbon ages	-1.1937	-0.1872	1	49	98	2009.029412
rainfall	-0.1352	1.7896	4	32	64	2010.725018
range	0.1591	-0.2576	3	337	1158	2008.574661
rangifer	-0.0357	-0.9362	3	44	88	2007.778218
rat	1.0925	1.0656	4	29	58	2006.412879
rates	0.6849	-0.2504	3	139	382	2007.943562
ratio	0.904	-0.2293	3	32	64	2007.736208
rdna	0.2461	-0.1445	1	128	286	2009.358768
reaction	0.0465	-0.276	3	190	512	2006.276225
reactivation	1.0923	1.0659	4	29	58	2008.02
reading	0.0745	-0.6703	5	17	34	2010.571429
reason	0.727	0.2093	4	110	232	2009.101523
recent	-0.0109	-0.3472	3	30	60	2008.930233
receptor	0.3444	-0.3305	1	26	52	2009.580247
recommendations	-0.1971	-0.4309	2	83	204	2011.232852
reconstruction	-0.6067	0.208	1	132	364	2009.991292
record	-0.6395	-0.0634	1	260	766	2008.636847
recovery	-0.2955	-0.1896	1	52	106	2009.497477
recruitment	0.4784	0.7586	4	71	164	2007.845827
reef	0.1976	0.2552	2	79	188	2009.732759
refugia	-1.0695	-0.3441	1	83	180	2010.213559
regime	0.0364	0.9172	2	50	100	2008.761852
region	-0.1255	-0.2525	2	432	1530	2009.213913
regional scale	-0.0899	0.4033	4	98	202	2010.146771
regulation	-0.3689	0.4982	2	30	60	2009.381818
reindeer	-0.201	-0.7437	3	75	158	2008.603651
relationship	0.4038	-0.1561	3	240	724	2008.880832
relative abundance	0.1187	-0.4468	2	92	224	2009.354188
relative contributions	-0.5865	-1e-04	1	23	46	2009.370909
relative importance	-0.8687	0.6461	1	58	116	2008.995506
relatives	-0.3951	-0.506	1	35	70	2009.426966
release	-0.6132	0.26	2	73	150	2009.408827
remote	0.5471	-0.4996	6	90	208	2010.867397
remote sensing	-0.2637	0.2565	2	45	90	2011.422546
removal	0.4222	-0.1448	3	110	270	2008.282275
replacement	-0.864	0.6492	1	58	116	2008.391417
representation	-0.6977	-0.2551	1	91	234	2010.830294
reproducibility	-0.1069	-0.5845	1	40	80	2008.746114
reproduction	0.3456	-0.7039	5	38	76	2007.750979
requirements	0.4049	-0.2328	2	84	192	2008.486324
research	0.0987	0.2947	2	361	1250	2010.476977
reserves	0.4639	0.4014	4	109	234	2007.674038
reservoir	-0.1387	-0.104	2	30	60	2009.794696
residues	0.0741	-0.6707	5	17	34	2007.610135
resilience	-1.1104	-0.3172	1	96	242	2013.85832
resolution	0.0759	-0.1146	6	261	810	2009.55055
resources	0.2268	-0.3476	4	130	294	2010.858496
response	-0.515	0.9289	4	137	314	2009.573466
retreat	-0.3328	0.3387	2	61	126	2010.543237
retrieval	-0.4297	-0.0997	1	71	148	2010.435006
reveals	0.3661	-0.086	6	144	376	2010.570102
review	-0.3965	0.3043	2	143	354	2009.601815
revolution	-0.3705	-0.4506	2	47	94	2008.668539
richness	-0.3898	-0.2339	1	276	888	2010.853254
risk	-0.2674	0.6358	2	72	160	2011.114812
river	-0.1824	-0.3568	2	112	304	2009.320924
rna	-0.0425	-0.8882	2	61	128	2009.713568
road	-0.1146	1.0039	2	10	20	2010.853081
rocks	0.5783	0.4979	4	216	626	2007.751648
role	0.1403	0.2768	2	125	266	2010.178923
root	0.5778	-0.6442	6	25	50	2009.331514
rrna	-0.0368	-0.9365	3	44	88	2011.554499
runoff	-1.0535	-0.3938	1	46	92	2010.241084
russia	-0.3941	-0.505	1	35	70	2008.97832
salix	-0.8858	-0.5298	1	142	366	2007.753876
salmo	0.7275	-0.3656	3	81	190	2007.416546
salmon	0.9916	0.289	3	68	162	2007.861066
salmonids	0.6687	-0.2792	3	60	132	2007.926966
salvelinus	0.54	-0.5296	3	126	364	2006.730827
sam	-0.1332	1.7883	4	32	64	2012.531667
sample	-0.0743	-0.3734	3	433	1794	2008.715721
sand	0.3571	0.6037	2	51	106	2007.989268
scale	-0.0771	0.1621	4	215	548	2009.692551
scandinavia	-1.2631	-0.3584	1	47	94	2006.946698
scandinavian	-0.7459	-0.326	1	43	86	2007.675182
scanning	-0.2692	0.7153	2	49	134	2009.812339
science	-0.2243	0.3675	2	156	454	2002.851791
scope	-0.4486	-0.418	2	23	46	2010.502193
scotland	-0.7842	-0.3004	1	26	52	2006.865757
screening	-0.1737	-0.5134	2	79	178	2009.666667
sculpin	0.1258	-0.6839	3	35	70	2007.076433
sea	0.544	0.208	3	114	304	2008.689398
sea level rise	-1.1951	-0.1868	1	49	98	2011.57856
sea lions	0.8989	0.0127	3	34	68	2008.712329
seabirds	0.6599	-0.139	3	45	90	2009.747744
seals	0.755	-0.1013	3	183	558	2006.837258
search	0.3685	0.245	4	34	68	2009.995035
season	0.4614	0.1332	4	240	678	2009.082749
seasonal changes	0.7023	-0.7421	6	45	90	2008.582435
seasonal differences	0.3437	-0.7039	5	38	76	2007.595376
seasonal variation	0.4736	0.1657	6	79	170	2007.929683
seawater	0.5908	-0.836	6	78	184	2009.025287
sections	-0.0472	-0.8475	2	20	40	2007.337998
sediment cores	-0.6445	0.1053	1	63	142	2009.210033
sedimentary	-0.979	0.0512	1	167	448	2007.774481
sedimentary record	-1.1828	0.3701	1	51	102	2008.910931
sediments	-0.7326	-0.0961	1	466	2026	2008.031847
selection	0.5197	-0.484	3	57	116	2009.482489
sensitivity	0.3652	-0.1522	6	135	324	2009.595052
sensors	-0.045	0.4207	2	25	50	2009.759019
sequence	0.2759	-0.4561	3	520	2624	2008.54367
sequencing	0.2684	-0.3123	6	448	1890	2012.979208
service	-0.1724	0.7113	2	55	110	2012.189453
settlement	0.4792	0.7587	4	71	164	2009.707972
shape	-1.1941	-0.1889	1	49	98	2008.770625
shark	0.5917	-0.792	6	72	154	2010.090643
shelf	0.4252	0.3847	6	95	194	2008.672172
shelves	0.5833	-0.0701	6	57	114	2009.828045
shift	-0.3904	0.0415	1	170	404	2010.334777
shore	-0.8589	-0.1708	5	33	66	2007.399663
shrub	-0.939	-0.251	1	152	362	2009.422878
siberia	-0.7779	-0.2867	1	140	366	2009.391116
siberian	-1.0354	-0.2678	1	113	274	2010.123978
signal	0.4618	-0.2211	3	87	194	2009.224031
signatures	0.5642	0.3876	4	110	226	2009.339117
significance	-0.842	-0.0966	1	28	56	2008.013281
similarity	0.1424	-0.6161	1	75	168	2009.020248
simulations	0.3943	-0.3219	3	29	58	2010.182554
sites	-0.0846	-0.1957	1	416	1554	2008.514265
size	0.3025	-0.4148	3	219	612	2008.248059
size classes	0.7596	0.3727	3	29	58	2007.336634
slip	-0.5718	0.1411	2	24	48	2008.519403
slope	0.354	-0.8273	6	74	164	2008.522006
sockeye	1.0294	0.6448	3	31	62	2009.175325
software	1.1765	-0.3134	3	37	74	2011.491499
soil	-0.4356	-0.1473	1	277	958	2010.0138
solution	-0.0403	0.8231	2	24	48	2008.161376
source	-0.0185	-0.2931	3	227	694	2008.933035
source areas	-0.7847	-0.3009	1	26	52	2007.934132
south	-0.2133	1.1585	4	90	194	2007.747219
southern	-0.1354	1.7883	4	32	64	2009.223665
southern annular mode	-0.1328	1.7888	4	32	64	2013.195364
southwest	0.4972	-0.9127	6	47	94	2008.084584
space	-0.7177	-0.3887	1	135	336	2009.666286
spatial	0.0167	0.5322	2	84	170	2009.53617
spatial variability	0.6804	0.1783	3	34	68	2009.941935
spawning	1.0923	1.0644	4	29	58	2007.202605
special issue	0.0266	0.1568	2	16	32	2011.816456
specialists	-0.4325	0.5657	2	22	44	2011.524096
specialization	0.344	-0.331	1	26	52	2010.324427
species	0.1149	-0.1799	3	811	4824	2008.521336
species composition	-0.2456	-0.7692	2	44	88	2007.678414
species diversity	0.505	-0.2967	3	145	348	2009.157588
species richness	-0.0987	-0.1414	6	139	352	2010.025611
specificity	0.2108	-0.5177	5	124	326	2008.574324
specimens	0.1235	-0.0263	2	26	52	2008.382593
spectra	-1.2417	-0.3036	1	46	92	2007.31392
spider	1.0861	-0.507	3	29	58	2010.855263
spitsbergen	-0.5282	-0.5825	1	35	70	2008.405823
spread	0.5776	-0.645	6	25	50	2008.634921
spring	0.9771	0.3933	3	57	130	2008.097068
spruce	-0.7454	-0.3271	1	43	86	2007.055077
squid	1.025	-0.2463	3	28	56	2005.540254
stadial	-0.9858	0.1213	5	49	98	2011.075668
stage	0.3827	0.3505	4	240	612	2008.259718
state	-0.2341	-0.5323	2	55	110	2009.742678
status	-0.1179	0.4464	4	214	504	2009.341864
steppe	-1.0255	-0.3113	1	27	54	2010.29052
steps	-0.3845	-0.0562	2	98	224	2009.019451
stock	0.179	0.4735	2	32	64	2007.807479
stomach	0.8287	-0.3885	3	140	396	2006.357895
stomach contents	0.8681	-0.3762	3	116	312	2007.050314
storage	0.3959	0.7701	4	64	132	2010.328125
strait	0.6901	0.5752	3	61	126	2007.897357
strategies	0.237	-0.1277	3	193	570	2010.305877
stratification	0.5452	0.7133	4	56	112	2009.44012
strength	-0.1336	1.7886	4	32	64	2009.266467
strengthening	-0.1334	1.788	4	32	64	2011.476431
structure	0.451	0.04	4	200	538	2008.655706
sub-antarctic islands	-0.6848	-0.1116	1	24	48	2008.984211
subarctic	0.4966	-0.9106	6	47	94	2009.71978
subsistence	-0.0732	-0.5699	1	56	116	2009.776294
substrate	0.6617	-0.1368	3	45	90	2008.452754
succession	-1.1847	0.3712	1	51	102	2008.154965
suitability	0.097	-0.3588	1	63	136	2011.117773
summer	-1.1838	0.3667	1	51	102	2008.716639
support	0.1052	-0.1444	2	56	120	2009.291409
surface	-0.2103	-0.0326	1	199	524	2008.863385
surface sediments	-1.2424	-0.3017	1	46	92	2007.793522
surveillance	-0.2444	-0.7713	2	44	88	2011.173729
survey	-0.055	-0.3675	2	377	1492	2009.037248
survival	0.3019	-0.0069	1	158	376	2009.016344
svalbard	-0.5107	-0.6783	1	104	250	2009.557134
sweden	-1.1847	0.3662	1	51	102	2007.514793
sylvestris	-0.3489	-0.1833	5	25	50	2007.257732
system	-0.2063	-0.034	2	237	642	2009.608581
tags	0.7228	-0.4156	3	29	58	2010.303237
taiga	-0.6196	-0.5237	5	63	126	2008.626959
taxon	0.3977	-0.5635	3	128	316	2009.654562
taxonomic	0.0521	-0.0394	2	152	376	2010.130435
taxonomic composition	-0.2251	-0.3064	1	111	254	2010.05
taxonomy	0.1309	-0.1545	2	143	350	2009.709079
techniques	0.4773	-0.2457	3	236	748	2007.972333
technology	0.2068	0.0797	2	266	864	2011.429895
teleconnection	-0.1342	1.788	4	32	64	2011.542562
teleost	0.98	0.837	4	56	118	2005.967603
temperate	0.2846	-0.0487	6	123	316	2008.513385
temperature	-0.2307	0.2569	1	233	584	2008.94464
template	0.7361	-0.3397	3	68	160	2010.42236
temporal changes	0.7023	-0.7394	6	45	90	2009.507895
temporal variations	0.2741	0.7848	4	40	80	2008.891602
terms	-0.0578	-0.4768	5	105	244	2008.49203
terrestrial	-0.3352	-0.1789	1	100	220	2008.824144
terrestrial ecosystems	-0.8034	0.101	1	26	52	2011.165254
testosterone	-0.339	0.7898	2	15	30	2007.386905
thermokarst lakes	-0.6221	-0.5226	5	63	126	2013.237288
threat	-0.1314	-0.0169	2	169	448	2012.027911
threshold	0.4846	-0.3683	3	48	104	2010.539227
tides	-0.2464	-0.7701	2	44	88	2008.175266
time	-0.2627	0.0974	1	391	1290	2008.831798
time series	0.2232	0.1261	2	40	80	2009.734317
timescales	-0.8646	0.6478	1	58	116	2010.244177
tissue	0.6612	0.0624	3	141	400	2007.792662
tools	-0.0406	0.3163	2	299	894	2011.918196
toothfish	0.872	-0.4291	3	36	72	2009.909548
total number	0.4259	-0.2014	6	30	60	2008.215054
tracing	-0.3489	-0.1827	5	25	50	2009.75
track	0.0159	0.062	2	92	200	2008.851477
trade	-0.1411	0.7239	2	42	92	2009.910891
traffic	0.3547	0.1122	4	51	102	2012.900277
training	0.3675	0.2453	4	34	68	2011.13913
trajectories	-0.223	0.7025	2	122	262	2008.784052
transect	0.2228	0.1269	2	40	80	2007.990277
transition	-0.99	-0.1029	1	200	596	2009.289721
transparency	-0.3715	-0.4533	2	47	94	2007.615385
transport	-0.317	0.3179	2	85	174	2008.638472
trawl	0.4952	-0.9122	6	47	94	2008.498674
treeline	-0.9952	-0.341	1	123	316	2007.675115
trees	-0.6553	-0.2524	1	132	294	2009.293127
trends	0.2457	1.2074	4	109	228	2009.691924
trophic interactions	0.606	-0.2931	3	63	140	2011.079861
trophic levels	0.564	0.6418	4	69	146	2010.503074
tropics	-0.2397	-0.1418	5	54	110	2009.002973
trout	0.6689	-0.4605	3	97	238	2006.411415
trutta	0.7263	-0.366	3	81	190	2007.549828
tundra	-0.6181	-0.2633	1	177	524	2009.070476
turnover	-0.5493	-0.204	1	160	404	2008.839506
types	-0.1118	-0.001	2	233	632	2008.677962
uk	0.7573	-0.4309	3	50	110	2008.548159
uncertainty	0.8729	-0.3716	3	73	156	2011.023214
university	0.3671	0.2444	4	34	68	2007.852518
urals	-0.5653	-0.3537	1	58	126	2009.983607
urchins	0.7462	0.1466	3	41	98	2008.14
usa	0.3433	-0.7049	5	38	76	2008.230569
utilization	0.4717	-0.5002	6	95	212	2009.166837
validation	0.2988	-0.6388	5	105	252	2010.014759
valley	-0.5273	-0.5815	1	35	70	2008.373746
values	0.6434	0.3726	4	284	762	2008.134938
variability	0.1468	0.6053	4	208	532	2009.910572
variance	0.2297	0.049	4	89	190	2008.262238
variations	-0.0275	0.4843	4	362	1074	2008.23722
vascular	-0.8449	-0.4708	1	69	162	2008.657068
vascular plants	-0.9317	-0.3078	1	125	346	2009.185446
vegetation	-0.8947	-0.257	1	305	1154	2009.373552
vegetation changes	-1.2139	-0.2302	1	82	190	2010.385417
vegetation dynamics	-1.2651	-0.3572	1	47	94	2012.555556
vegetation types	-0.8584	-0.1697	5	33	66	2009.833948
velocity	-0.5722	0.1415	2	24	48	2008.229763
vertebrates	-0.0377	-0.195	1	154	382	2009.081747
vessel	0.3557	0.1135	4	51	102	2009.364564
viability	0.3281	-0.4485	5	42	84	2010.057283
vision	-0.1148	1.0039	2	10	20	2010.176136
volume	0.455	-0.675	3	28	56	2008.390878
walrus	0.2157	-0.3373	1	53	114	2008.092
walruses	0.8998	0.0122	3	34	68	2008.537975
wap	0.5864	-0.0702	6	57	114	2013.527778
warming	-1.0522	-0.3926	1	46	92	2011.01791
water	-0.066	-0.2058	2	363	1286	2008.522927
water chemistry	-0.6218	-0.5244	5	63	126	2008.41573
water column	-0.0739	-0.7798	2	88	222	2007.355227
water samples	0.2596	-0.5069	6	140	362	2009.050998
water temperature	0.868	0.4398	4	32	64	2008.738971
web	0.6756	0.7292	4	42	84	2010.420063
weight	0.4268	-0.2019	6	30	60	2006.661831
wildlife	-0.4323	0.5661	2	22	44	2011.223022
wind	-0.1342	1.789	4	32	64	2008.553573
winter	0.6302	-0.4501	3	42	84	2008.309773
woodland	-0.9869	0.1206	5	49	98	2007.165254
woody	-0.7579	-0.0695	1	84	200	2010.35493
work	-0.0087	-0.2389	2	124	260	2010.485608
world	0.3079	-0.0924	2	112	258	2009.680768
worldwide	-0.2627	0.2573	2	45	90	2011.221441
worms	-0.0407	-0.4234	1	58	122	2008.603687
yukon	-0.1081	-0.5841	1	40	80	2008.592034
zone	-0.4876	0.2872	1	154	356	2007.966537
zooplankton	0.5062	0.2417	4	197	560	2007.879873
