id	x	y	cluster	weight<Links>	weight<Total link strength>	weight<Keyword count>	score<Avg year>
abundance	0.4114	0.0962	1	1592	36140	338	2012.159769
abundance distribution	0.383	-0.1837	4	720	3862	36	2011.488889
abundance estimates	0.6695	0.517	1	317	966	9	2012.722222
abundance indices	1.3099	-0.3892	1	229	708	7	2012.357143
acc	-0.595	-0.6299	2	377	1290	10	2008.705882
access	-0.0767	0.1147	1	432	1348	15	2013.769679
accumulation	-0.491	0.289	2	632	2632	28	2011.1675
accuracy	0.1443	-0.6104	1	251	722	8	2012.031588
acidification	-0.814	0.2354	2	300	942	8	2014.569472
acids	0.1768	0.8146	3	280	972	10	2009.964637
acoustic	-0.0277	-0.1256	4	615	2888	29	2009.018519
acoustic backscatter	0.1598	-0.419	4	262	816	7	2008.944444
acoustic data	0.0614	-0.2397	4	261	684	7	2007.764706
acoustic surveys	0.5848	-0.368	4	382	1414	13	2009.619048
activity	-0.3501	-0.1901	2	886	5110	51	2011.741747
acw	-1.1379	0.3072	2	286	1102	9	2006.901961
adaptation	0.6334	0.3278	1	390	1286	13	2013.458029
addition	-0.2159	-0.0732	2	1095	7496	70	2012.072879
additive models	0.5517	-0.361	1	454	1910	17	2013.628571
adult	0.8457	-0.097	1	1089	10224	93	2009.353846
advance	0.2394	-0.6947	1	401	1372	13	2012.223684
advection	-0.5551	-0.3106	2	1015	7736	66	2010.324162
aethia	-0.0095	-0.4419	4	292	1052	11	2009.166667
aethia cristatella	-0.1283	-0.5005	4	218	680	7	2011.625
age	0.8701	0.0015	1	1067	9050	97	2010.368729
age 0	1.0109	0.0138	1	1044	10816	97	2009.018349
age classes	0.9049	0.3236	1	375	1174	11	2010.72973
age-0	1.0111	0.1367	1	713	4186	38	2008.071429
age-0 juveniles	1.0148	-0.0492	1	285	834	7	2008
age-0 pollock	1.0263	-0.2164	4	602	3642	30	2007.533333
age-0 walleye pollock	1.1074	0.0364	1	572	3882	33	2007.69697
aggregation	0.3739	-0.1564	4	762	4416	46	2010.006757
agreement	-0.3939	-0.5999	2	482	1670	16	2010.554303
air	-0.6854	-0.562	2	629	3586	32	2011.976061
air temperature	-0.6533	-0.6339	2	540	2706	23	2012.218924
akutan	0.065	-0.4532	4	213	632	7	2007.714286
al	-0.4795	-0.1033	2	349	1034	10	2010.555118
alaska	0.3521	-0.2096	1	1595	34916	345	2010.597746
alaska bering sea	0.3399	-0.4691	1	476	1802	18	2009.366667
alaska coastal current	-0.2362	-0.6158	4	550	2632	24	2005.93617
alaska coastal water	-0.8318	0.5624	2	389	1602	13	2013.35
alaska fisheries	0.6681	-0.1444	1	406	1528	13	2013.866667
alaska peninsula	0.5271	-0.3005	1	560	2658	23	2009.0625
alaska plaice	1.1305	-0.2248	1	327	1316	12	2008.833333
alaskan	-0.4596	-0.3814	2	1036	7244	73	2011.071579
alaskan arctic	0.4454	0.5523	3	248	716	7	2012.864583
alaskan coastal current	-1.1965	-0.331	2	383	1622	14	2012.555556
alaskan coastal water	-1.4147	-0.2007	2	239	942	8	2014.428571
alaskan stream	-0.6985	-0.8774	2	517	2970	34	2004.186441
alcids	-0.1555	-0.508	4	217	696	7	2009.428571
aleutian	-0.426	-0.6339	2	1095	9982	101	2009.607143
aleutian archipelago	-0.0343	-0.5199	4	261	840	8	2008.6
aleutian islands	0.1906	-0.3955	4	622	2882	29	2009.933333
aleutian low	-1.0531	-0.5586	2	511	2466	22	2010.541401
aleutian passes	-0.5291	-0.7625	2	361	1286	12	2008.692308
algae	-0.3938	0.5042	3	671	2886	24	2012.039501
algorithm	-0.8706	-0.422	2	300	868	8	2011.916828
allocation	0.7685	0.3648	1	357	1226	10	2012.932584
alteration	0.0741	0.3119	3	364	1078	9	2012.662651
altimeter	-0.9859	-0.818	2	164	504	7	2009.018667
amchitka	-0.6856	-0.7756	2	293	1028	12	2004.5
ammodytes	0.6959	0.3821	1	694	3752	36	2006.731707
ammodytes hexapterus	0.7269	0.4759	1	439	1708	16	2009.526316
ammonium	-1.1559	0.3203	2	326	1310	13	2011.212264
amphipods	0.3031	0.7475	3	698	3782	34	2008.930556
amplitude	-0.6726	-0.5059	2	238	652	7	2010.372165
amukta pass	-1.0096	-0.9763	2	190	752	9	2009.090909
amundsen	-0.3105	0.5022	3	298	960	9	2012.553846
amundsen gulf	-0.3274	0.5414	3	302	984	9	2012.409091
anadyr water	-0.9814	0.3729	2	456	1998	18	2010.045455
analysis	0.1408	-0.1016	1	1615	29144	282	2011.656462
animals	-0.0051	0.4245	3	541	2140	20	2012.281022
annual	0.5381	-0.1554	1	539	2332	24	2010.264808
annual primary production	-0.6773	0.3084	2	279	938	9	2011.125
annual production	-0.0656	0.2153	1	308	908	9	2007.578947
annual variability	-0.163	-0.3091	4	431	1406	11	2012.096045
annual variation	0.1386	0.1695	4	427	1458	12	2011.130137
anomaly	-0.6916	-0.7152	2	675	3934	38	2010.997204
anoplopoma fimbria	0.9982	-0.4058	1	272	868	7	2012.608696
anticyclonic eddy	-1.158	-0.7254	2	169	582	8	2008.5
apex predators	0.0377	0.3893	4	587	2308	16	2010.375
application	0.3965	-0.3516	1	673	2764	26	2012.361823
approach	0.6094	-0.2429	1	1059	7720	73	2013.011682
archipelago	-0.1709	-0.2393	4	509	1972	18	2011.082609
arctic	-0.3699	0.4263	3	1559	35690	344	2012.189504
arctic basin	-0.893	0.2763	2	372	1232	11	2009.680952
arctic climate	-0.1375	0.6767	3	453	1754	18	2013.150824
arctic cod	0.5338	0.6035	1	893	6908	66	2010.220588
arctic cod boreogadus saida	0.5574	0.6128	1	787	5394	51	2010.117647
arctic ecosystems	-0.0862	0.6015	3	678	3226	26	2014.429967
arctic fish	0.6061	0.6371	1	461	1978	18	2013.583333
arctic food	-0.0806	0.7848	3	537	2322	21	2014.212121
arctic food web	-0.1251	0.8344	3	480	1936	18	2014.346154
arctic gadids	0.9058	0.4683	1	174	538	7	2015.285714
arctic high	-0.5639	0.4767	3	433	1456	11	2013.101695
arctic ice	-0.9625	-0.1676	2	368	1174	11	2013.034188
arctic marine	0.0707	0.6446	3	854	5676	50	2013.75576
arctic marine ecosystems	-0.1073	0.5855	3	633	3206	29	2015.589286
arctic ocean	-0.8915	0.1749	2	1051	9822	94	2010.893127
arctic oscillation	-0.0232	-0.6371	2	308	906	7	2011.24912
arctic regions	-0.5785	0.4237	3	655	2968	23	2013.278834
arctic research	-0.7878	0.4828	2	371	1484	16	2013.453782
arctic sea ice	-0.7767	0.421	3	493	1956	17	2014.367364
arctic seas	-0.6108	0.4031	3	824	4614	40	2014.010669
arctic shelf	-0.7272	0.5731	3	457	1836	15	2011.55615
arctic shelves	-0.9366	0.4061	2	330	1060	11	2010.447761
arctic species	0.1466	0.5398	3	545	2132	18	2013.654545
arctic waters	-0.2538	0.5738	3	555	2148	18	2011.466431
area	0.0599	0.1165	3	1660	41766	398	2011.37466
argo	-1.0075	-0.9794	2	187	658	7	2013.487705
array	-0.8162	-0.233	2	411	1376	13	2011.101235
arrival	-0.494	-0.351	2	287	860	9	2010.018349
arrowtooth flounder	1.0949	-0.3942	1	740	5236	42	2010.133333
assemblage structure	0.0221	0.3153	3	378	1398	11	2011.5
assemblages	0.1008	0.6459	3	1008	8092	68	2012.247588
assessment	0.3524	-0.3514	1	955	6626	60	2013.024899
assimilation	-0.6927	-0.0572	2	424	1502	16	2012.629787
association	0.4094	0.4157	1	985	6122	57	2011.081886
atheresthes	1.1183	-0.3531	1	680	4426	34	2010.527778
atheresthes stomias	1.1489	-0.3725	1	595	3250	26	2010.285714
atlantic	0.3561	0.1085	1	918	5940	59	2010.236737
atlantic cod	1.0714	0.2937	1	345	1496	17	2011.032258
atlantic cod gadus morhua	1.1068	0.282	1	251	1026	11	2011.380952
atlantic water	-0.5075	0.1889	2	323	1046	10	2010.080056
atmosphere	-0.8117	-0.4654	2	629	3008	27	2011.581199
attention	0.1262	0.2776	1	352	1028	10	2012.917808
auklets	-0.0112	-0.3654	4	347	1262	12	2010
autocorrelation	1.012	-0.3948	1	222	630	7	2010.202532
autumn	0.0686	-0.1032	1	791	4290	44	2011.726708
availability	0.258	0.2516	1	1294	12226	107	2012.908905
backscatter	0.285	-0.4035	4	344	1108	9	2011.126712
balaena	-0.669	0.3839	3	254	798	7	2014.333333
balaena mysticetus	-0.6576	0.3397	3	275	912	8	2014.7
balance	-0.8321	0.0055	2	508	1888	19	2011.539286
baltic	0.9344	-0.5222	1	236	722	7	2011.08982
baltic sea	0.9949	-0.4817	1	220	696	7	2011.529412
banks	0.6663	0.3848	1	292	830	7	2009.070423
barents	0.0623	-0.1308	1	552	2302	25	2010.39816
barents sea	0.1783	-0.3016	1	482	1882	21	2010.27735
barotropic	-1.0761	-0.6796	2	306	1112	13	2008.382671
barrier	-0.5429	-0.1426	2	386	1184	9	2010.248366
barrow	-1.0272	0.1817	2	752	5054	44	2011.224344
barrow alaska	-1.002	0.0447	2	249	778	7	2010.863014
barrow canyon	-1.1656	0.1011	2	650	4034	35	2011.671053
baseline	0.1237	0.5764	3	643	2730	23	2012.74934
basin	-0.8479	-0.2102	2	1214	12532	120	2010.09645
bathymetry	0.0599	-0.5095	4	600	2600	22	2011.112299
bay	0.5189	0.2112	1	1100	8806	91	2010.11814
beach	0.7655	0.4521	1	380	1276	12	2008.855932
beach seine	0.9043	0.4968	1	228	706	7	2007.571429
beam trawl	0.4618	0.7953	3	288	910	8	2013
beaufort	-0.4024	0.4508	3	1124	10400	96	2010.621769
beaufort high	-1.3371	-0.3281	2	227	880	8	2014.818182
beaufort sea	-0.4057	0.5143	3	1033	8492	79	2010.009921
beaufort sea shelf	-0.5645	0.6257	3	362	1134	10	2012.133333
beaufort shelf	-0.3128	0.6915	3	459	1648	15	2009.78125
behavior	0.6731	-0.15	1	747	4158	42	2011.103784
behaviour	0.7249	0.0686	1	420	1560	18	2010.943662
belt	-1.1676	-0.0868	2	308	1130	12	2010.458182
beluga	-0.2657	0.5763	3	351	1146	10	2013.571429
benefits	0.6183	-0.1045	1	394	1268	11	2014.038732
benthic	-0.1629	0.7875	3	645	3388	29	2011.160714
benthic biomass	-0.6362	0.6624	3	489	2076	18	2012.1
benthic communities	-0.2774	0.7478	3	668	3576	31	2010.78125
benthic food webs	-0.4877	0.9867	3	286	1006	9	2014.384615
benthic habitats	0.6805	0.4688	1	394	1248	11	2013.566667
benthic infauna	-0.227	0.6999	3	291	840	7	2010.083333
benthic invertebrates	-0.1383	0.8679	3	505	2016	17	2012.848485
benthic prey	-0.0601	0.965	3	369	1304	10	2013.272727
benthos	-0.3481	0.8284	3	746	4928	41	2011.247312
bering	-0.2879	-0.2225	2	1666	64548	649	2009.747987
bering sea	-0.2146	-0.2923	2	1658	58802	599	2009.417822
bering sea basin	-0.9089	-0.79	2	353	1516	17	2007.714286
bering sea ecosystem	-0.0746	-0.3809	4	712	3608	31	2009.682927
bering sea observations	-0.8361	-0.5602	2	224	600	7	2007.625
bering sea shelf	-0.396	-0.3117	2	1254	14306	131	2009.829114
bering sea slope	-0.5883	-0.1412	2	248	748	7	2014
bering sea walleye pollock	0.9817	-0.4572	1	388	1624	15	2008.285714
bering sea water	-0.6813	0.043	2	555	2558	25	2006.861111
bering shelf	-1.0147	-0.0117	2	710	3948	34	2010.76087
bering shelf water	-1.0169	0.3522	2	314	1106	9	2010.363636
bering slope	-0.8896	-0.718	2	589	3454	33	2010.538462
bering strait	-1.0209	-0.1215	2	1026	9656	89	2011.176923
bias	0.2532	-0.5395	1	373	1252	13	2013.065051
biodiversity	-0.3435	0.5504	3	495	2000	19	2013.864286
bioenergetics	1.0746	-0.057	1	520	2720	25	2009.75
bioenergetics model	1.1061	-0.2082	1	334	1352	12	2009.181818
biogeochemistry	-1.1022	0.4182	2	262	760	7	2014.025316
biogeography	0.6736	0.2517	3	367	1354	11	2012.833333
biological	-0.5211	0.2696	3	777	4040	33	2012.548387
biological factors	-0.1894	0.0234	4	318	882	9	2010.473684
biological processes	-0.4713	-0.1704	2	337	990	8	2011.762963
biological production	-0.9237	0.4461	2	353	1138	10	2012.25974
biological productivity	-0.8523	0.0301	2	237	658	7	2011.175824
biology	0.24	-0.5764	1	440	1694	18	2011.284153
biomass	-0.026	0.2746	3	1509	26204	233	2012.021332
biomass distribution	0.0247	0.55	3	251	658	7	2011.809524
biomass estimates	0.5658	0.1832	1	302	974	11	2010.21875
biophysical model	0.0971	-0.7806	1	349	1262	11	2007.888889
biota	-0.3548	0.1084	3	399	1302	9	2010.887755
birds	0.2949	0.1741	4	832	4768	44	2010.570776
bivalve	-0.2531	0.9232	3	602	2978	24	2012.816667
bloom	-0.8271	0.0175	2	1166	12870	112	2012.055462
body	0.7023	0.2499	1	1062	8542	80	2011.227462
body condition	0.5221	0.4822	3	567	2464	21	2014.5
body length	0.9751	0.4129	1	352	1324	13	2008.84
body size	0.8336	0.2677	1	534	2290	21	2009.647059
body weight	1.1091	0.042	1	376	1486	13	2008.038462
boreal	0.3149	0.7484	3	326	1064	11	2012.614137
boreogadus	0.4892	0.6594	1	984	9276	94	2011.876289
boreogadus saida	0.4931	0.654	1	994	9544	98	2011.366337
bottom sediments	-0.7541	0.5803	3	168	498	7	2010.605263
bottom temperature	0.2296	0.0365	3	638	2948	25	2010.236559
bottom trawl	0.8097	0.1965	1	730	4734	41	2011.840909
bottom trawl surveys	0.7873	0.067	1	605	3640	30	2011.466667
bottom up	0.6019	-0.3579	1	552	2588	19	2011.583333
bottom water	-0.2771	0.5813	3	899	5920	51	2008.220624
bottom water temperature	-0.1804	0.7629	3	529	2514	20	2011.571429
bottom-up	0.8216	-0.4092	1	299	956	7	2011.733333
boundary	-0.3061	-0.2314	2	706	3218	27	2008.420868
bowhead	-0.6099	0.3766	3	342	1332	12	2014.25
bowhead whales	-0.5481	0.4343	3	406	1678	15	2013.55
breakup	-0.2675	0.7896	3	301	904	8	2010.190083
breeding	0.3135	-0.3631	4	438	1762	18	2010.484848
brine	-0.9093	0.3297	2	286	880	8	2008.817204
bristol bay	0.3225	0.1347	3	471	1840	17	2009.18
brittle stars	-0.0744	0.9618	3	328	1068	9	2014.235294
budget	-1.0553	-0.1644	2	427	1636	16	2011.153068
buldir	-0.465	-0.6102	2	278	850	8	2006.375
buoy	-0.5212	-1.0097	2	170	488	8	2007.544828
c-13	-0.3533	0.998	3	444	2040	18	2013.180371
calanoid	0.4258	0.4013	4	298	880	8	2009.681818
calanoid copepods	0.3409	0.2871	4	323	946	8	2012.107143
calanus	0.091	0.5986	4	736	4618	40	2011.704225
calanus glacialis	-0.0171	0.7894	4	460	2046	18	2016.192308
calanus hyperboreus	0.0919	0.9248	4	264	942	8	2015.666667
calanus marshallae	0.2759	0.2198	4	345	1298	11	2008.5625
calanus spp	-0.0604	0.5641	4	265	926	8	2014.5
calcarea	-0.3747	1.0578	3	255	838	8	2014.583333
california	0.4581	-0.4112	1	301	914	10	2009.673387
callorhinus	0.88	-0.4452	4	343	1212	10	2010.363636
callorhinus ursinus	0.9215	-0.4244	4	325	1126	9	2010.5
calm	-0.6433	-0.4886	2	260	788	7	2008.25
camera	0.4784	0.4431	1	254	636	7	2013.671756
canada	-0.3406	0.2816	2	802	4490	44	2011.058788
canada basin	-1.3437	-0.0167	2	437	2060	18	2011.177966
canadian	-0.1067	0.5591	3	600	2630	24	2010.480463
canadian arctic	-0.2697	0.5342	3	457	1726	16	2012.163636
cannibalism	0.9935	-0.3877	1	486	2202	20	2004.416667
canyon	-0.9173	-0.2145	2	950	7714	71	2010.723005
capacity	0.1446	-0.3573	3	324	1032	11	2013.094099
cape	-0.6871	-0.1169	2	509	2020	22	2009.255255
capelin	0.7875	0.3246	4	777	4834	38	2009.818182
capelin mallotus villosus	0.8814	0.2824	4	635	3272	25	2009.655172
capture	0.7423	0.0912	1	468	1706	18	2012.315068
carbon	-0.7505	0.6162	3	1099	12290	106	2013.107259
carbon dioxide	-0.991	0.2222	2	310	1056	10	2013.148903
carbon isotopes	-0.584	1.0821	3	224	854	8	2012.083744
carbon uptake	-1.228	0.344	2	202	688	7	2013.70922
carbonate	-0.9606	0.2131	2	351	1196	11	2011.940552
case	0.2161	-0.1053	1	796	3878	36	2010.847835
case study	0.5043	-0.1998	1	387	1346	13	2012.678179
catch	0.9391	0.1497	1	747	4688	45	2009.262295
catch data	1.1314	0.0671	1	270	830	8	2008.25
cause	-0.0601	-0.3593	4	688	2944	29	2011.675244
cell	-0.6862	0.0207	2	626	3082	33	2011.359784
census	-0.8757	0.584	3	325	1180	12	2012.37931
century	-0.3107	-0.2838	2	535	2030	19	2012.205869
cetacean	-0.4639	0.4274	3	270	892	8	2011
chaetognaths	0.6816	0.5481	4	244	830	8	2004.777778
chain	-0.4	0.2755	3	509	1716	14	2011.096866
challenges	0.2602	0.1739	4	247	644	7	2014.48237
changes	-0.0443	0.0945	3	1664	45072	414	2012.206219
channel	-0.7924	-0.0603	2	522	2156	23	2009.903036
characteristics	0.0218	0.2683	3	1264	11528	111	2010.936545
chemical	-0.7237	0.3391	2	439	1536	14	2011.607029
chemistry	-0.8171	0.1576	2	422	1472	14	2012.465976
chicks	0.487	-0.2043	4	338	1188	10	2012.72
chinese	-1.0456	0.5412	2	221	862	7	2014.796296
chionoecetes	0.0985	0.9018	3	445	1776	15	2012.315789
chl-a	-1.0469	-0.2988	2	285	942	8	2013.903226
chlorophyll	-0.8907	0.2004	2	972	7962	70	2011.700197
chlorophyll alpha	-0.9727	0.1039	2	538	2456	22	2012.767568
chronology	0.7494	-0.4528	1	309	1042	10	2010.47
chukchi	-0.6968	0.4283	2	1392	26016	240	2012.695271
chukchi sea	-0.7269	0.4369	2	1340	21952	204	2012.877751
chukchi sea shelf	-0.9738	0.3329	2	605	3008	28	2014.170732
chukchi shelf	-1.1713	0.2352	2	718	5296	46	2011.895833
circulation	-0.7426	-0.5414	2	1119	11660	112	2010.44219
circulation model	-0.6637	-0.7321	2	387	1406	13	2009.61811
circulation patterns	-0.6612	-0.4423	2	579	2378	19	2010.597956
class	0.718	-0.1147	1	653	2840	25	2011.519757
classification	0.3652	0.0408	1	351	1086	10	2011.561043
climate	0.0675	-0.0305	3	1539	25258	225	2012.847305
climate change	0.1279	0.1975	3	1405	17018	151	2013.106897
climate driven	0.652	-0.1983	1	376	1254	10	2013.781513
climate effect	1.0157	-0.3273	1	255	820	8	2012.878049
climate indices	0.2001	-0.4625	1	309	958	7	2013.721925
climate model	-0.3254	-0.4728	2	459	1688	15	2013.16224
climate regime	0.5242	-0.5982	1	393	1456	12	2009.757895
climate regime shifts	0.4017	-0.6132	1	271	846	8	2009.405405
climate scenarios	0.2392	-0.7815	1	259	784	7	2013.937824
climate variability	0.1539	-0.5439	4	632	3194	29	2012.20898
climate variations	0.1367	-0.3844	4	393	1322	12	2011.1875
climate warming	0.1368	0.5663	3	461	1720	16	2013.628339
climatic conditions	0.3108	-0.0534	4	521	1952	17	2011.992424
climatic shifts	-0.0943	-0.1453	3	335	990	8	2010.337349
climatology	-0.7717	-0.6439	2	387	1354	14	2010.440048
clupea	1.058	0.2978	1	564	2570	22	2010.692308
clupea pallasi	1.2348	0.1239	1	286	918	7	2004.263158
clupea pallasii	0.8594	0.5627	1	370	1334	11	2013.916667
cluster	-0.109	0.6177	3	635	3158	28	2011.949896
cluster analysis	-0.1465	0.6663	3	595	2850	24	2012.636905
co2	-1.0001	0.1817	2	273	924	9	2013.165022
coast	-0.2242	-0.132	2	1104	7992	79	2010.134684
coastal	-0.4822	-0.0178	2	1125	9372	87	2010.739865
coastal areas	0.5728	-0.1711	1	431	1382	11	2012.54386
coastal currents	-0.6907	-0.395	2	792	4816	43	2008.525974
coastal regions	-0.2494	-0.1919	2	385	1166	10	2011.633188
coastal shelf	-0.0085	0.4515	3	350	962	8	2011.394737
coastal waters	-0.4693	0.2276	2	838	4878	43	2011.971338
coastal zone	0.0507	0.1482	1	292	888	11	2011.138158
coastline	-0.3996	-0.1165	2	363	1110	11	2010.273529
coccolithophore	-1.017	-0.1205	2	299	936	7	2010.657143
cod	0.7583	0.3714	1	1305	18896	181	2010.866667
cod diet	0.8843	0.6045	1	222	676	7	2013
cod gadus morhua	1.0736	0.1601	1	363	1526	17	2009.357143
cod larvae	0.7639	0.1969	1	336	1304	13	2009.066667
cod species	0.9413	0.4942	1	265	762	7	2009.125
coefficients	0.16	-0.0315	1	463	1700	16	2010.617647
coherent	0.1814	-0.4805	4	283	786	7	2010.047859
cohort	1.0562	-0.2499	1	618	3286	35	2008.169231
cold	-0.4078	-0.1315	2	763	4088	36	2011.824903
cold period	-0.0561	-0.2889	4	350	1168	10	2010.560976
cold pool	0.0242	-0.5806	2	687	3558	30	2012.361111
cold temperatures	0.3877	0.335	1	391	1282	10	2013.184874
cold water	-0.0735	-0.2732	4	762	3712	32	2009.137255
collection	0.6555	0.0354	1	621	2720	30	2011.129412
colonies	0.2384	-0.2442	4	527	2320	21	2010.888235
color	-0.9112	-0.3307	2	287	908	9	2011.308458
column	-0.5749	0.1942	2	1307	15016	136	2010.224159
commercial fisheries	0.6129	-0.1772	1	570	2404	21	2010.73913
community	-0.1466	0.4605	3	1475	23960	208	2013.620087
community composition	-0.0436	0.4879	3	771	4042	33	2014.941973
community dynamics	-0.0475	0.306	3	290	898	7	2015.230769
community production	-1.4095	0.296	2	200	736	7	2014.055556
community structure	-0.178	0.6855	3	912	6864	58	2013.563433
comparative	1.1579	-0.0411	1	227	634	7	2012.967391
comparison	0.127	-0.0058	1	1248	10068	99	2010.70057
competition	0.6068	0.2766	1	662	2958	24	2011.637209
complex	0.1517	0.0972	1	479	1630	15	2011.908387
composition	0.0893	0.5092	3	1415	18886	165	2012.45256
concentrations	-0.7173	0.0858	2	1360	18592	180	2011.643222
conceptual model	0.0537	-0.5733	1	325	1008	11	2011.796178
condition	0.5464	0.1202	1	1097	8906	85	2010.79798
condition index	0.6641	0.4041	1	319	962	8	2012.2
congeners	0.3337	0.6304	3	253	674	7	2013.24
connectivity	0.2261	-0.2066	1	557	2428	20	2015.170984
consequences	0.1762	0.1323	1	688	3124	29	2012.275862
conservation	0.4123	0.152	1	590	2432	25	2011.717256
constraints	0.3874	-0.3219	1	501	1720	15	2011.060453
consumers	-0.0085	0.8127	3	591	2656	21	2013.703297
consumption	0.4575	0.2586	1	891	5396	48	2011.012232
content	0.0635	0.4088	3	1060	7374	68	2011.761593
continental	-0.4444	0.4715	2	540	2084	18	2010.243993
continental shelf	0.1364	-0.005	4	1126	8978	79	2010.424501
continental shelves	-0.78	0.5201	2	526	2058	18	2010.369565
continental slope	-0.2205	-0.0083	2	672	3110	30	2008.694097
contrast	0.0215	0.1522	4	1203	10086	90	2011.509677
control	0.1763	-0.1346	1	942	6120	51	2012.474255
convection	-1.1788	-0.4055	2	324	1076	9	2009.024462
convergence	-0.7547	-0.5135	2	365	1210	11	2010.408056
cooling	-0.9474	-0.7577	2	309	1242	13	2010.829787
copepod nauplii	0.8049	-0.1749	1	404	1822	21	1996.809524
copepods	0.4311	0.2332	4	1119	12048	114	2009.285714
core	-0.6729	0.0361	2	758	3678	35	2010.446523
correlation	-0.0412	-0.1991	2	1103	7524	71	2011.333794
correspondence	-0.1799	0.3275	3	396	1284	12	2010.493023
costs	0.3313	0.1869	3	399	1252	13	2013.503597
counts	0.0942	0.3675	3	269	700	8	2011.546099
coupling	-0.6451	0.4697	3	635	2888	23	2011.935532
covariance	0.6307	-0.4637	1	512	2282	21	2012.039146
cover	-0.6566	0.0987	2	1143	10070	87	2011.664763
coverage	-0.3985	0.0533	2	774	3434	31	2012.329283
cpue	1.0386	0.1136	1	359	1338	12	2008.538462
crab	0.3284	0.6755	3	679	3236	29	2011.690476
crown	0.0594	0.9442	3	223	682	7	2011.075472
cruise	-0.9752	0.0404	2	580	2828	28	2008.733524
crustacean zooplankton	-0.1193	-0.5783	4	358	1460	12	2014.307692
crustaceans	-0.0249	0.8741	3	394	1420	13	2009.645833
ctd	-0.6035	-0.5352	2	431	1702	18	2007.172414
current	-0.6006	-0.5148	2	1336	17514	172	2008.757215
current meters	-0.7964	-0.8563	2	231	728	9	2003.461538
current velocity	-0.2809	-0.4189	4	272	792	8	2008.28125
cycle	-0.6719	-0.3347	2	881	5494	55	2011.47296
cycling	-0.9793	0.4128	2	419	1558	13	2014.035763
cyclonic eddies	-0.9614	-0.7007	2	206	586	7	2008.455556
daily ration	1.1794	-0.0437	1	238	766	7	2003.625
data	-0.1211	-0.2465	2	1675	44780	445	2011.015066
data analysis	0.1419	-0.2271	1	220	604	7	2011.003436
data set	-0.111	-0.4664	1	314	960	10	2010.433246
data sets	0.1629	-0.2779	1	533	1954	17	2011.63144
data/model	-0.352	-0.4699	2	386	1138	9	2011.4
database	-0.1398	-0.4141	2	467	1548	15	2012.403509
dataset	-0.2023	-0.0198	3	501	1628	14	2012.68054
date	0.5812	-0.3224	1	669	3630	34	2012.087051
dbo	-0.669	0.6414	3	383	1558	11	2018.416667
decadal	-0.4042	-0.6202	2	546	2286	18	2012.008761
decadal oscillation	-0.2632	-0.7895	2	444	1722	13	2012.751979
decadal scale	0.4761	-0.6946	1	356	1304	12	2010.775758
decapods	0.956	0.4866	1	247	748	8	2009.125
decline	0.2123	0.2554	4	878	5040	45	2013.254217
deep	-0.2778	0.1437	2	299	794	8	2008.172697
deep water	0.314	0.0542	1	584	2374	19	2008.094223
deepwater	0.1869	0.222	1	282	766	7	2009.210526
delivery	0.3722	0.0069	1	347	918	7	2013.849246
delta	-0.5032	0.4175	2	406	1288	11	2010.255844
demand	0.0114	0.3027	3	405	1182	10	2013.574627
demersal	0.732	0.575	1	568	2762	28	2010.666667
demersal fishes	0.6709	0.5369	1	445	1768	18	2009.956522
denitrification	-1.0638	0.346	2	266	1074	13	2011.339806
dense water	-1.1324	-0.4996	2	218	716	7	2008.603604
density	0.4175	0.0515	1	1492	21190	203	2009.879211
density dependence	1.1792	-0.3241	1	563	3152	31	2007.880597
dependence	0.4467	-0.2368	1	704	3202	29	2010.591411
depletion	-0.2475	0.3644	2	401	1432	12	2011.778068
deposit feeders	-0.4822	0.895	3	312	1046	9	2013.8
deposition	-0.3983	0.629	3	560	2358	21	2012.094256
deposits	-0.4739	0.8987	3	347	1224	11	2011.200561
depth	-0.093	0.1061	3	1446	18872	181	2010.672402
description	0.194	-0.3057	1	525	1866	19	2009.996622
design	0.3391	-0.2676	1	353	1102	11	2013.015625
detail	0.1186	-0.7062	2	217	588	7	2011.078886
detection	-0.2192	0.111	4	456	1466	14	2012.417625
development	0.1337	-0.1469	1	1238	10656	103	2011.773084
diameter	-0.5306	-0.6321	2	240	678	9	2010.091346
diatom	-0.9591	0.4382	2	719	4728	41	2012.261803
diatom bloom	-1.1729	0.4379	2	265	850	7	2011.26087
dic	-1.288	0.4252	2	216	736	7	2012.614865
diel	0.6951	-0.3436	1	429	1770	17	2008.645833
diel migration	0.5231	-0.5245	1	383	1438	12	2004
diel vertical migration	0.773	-0.1013	1	339	1310	12	2008.611111
diet	0.736	0.3174	1	1138	10574	96	2009.963303
diet composition	0.8575	0.5369	4	369	1348	13	2013.875
difference	-0.0831	0.1538	3	850	4448	45	2011.163032
diffusion	-0.5279	-0.2745	2	216	618	8	2008.759067
dinoflagellate	-1.0162	0.5682	2	328	1180	12	2012.671642
discharge	-0.8982	0.1032	2	338	1144	11	2012.354474
dispersal	0.1456	-0.1902	1	725	3538	35	2011.394973
displacement	-0.423	-0.8399	2	262	780	8	2010.607877
distance	0.2689	-0.2353	4	619	2398	25	2011.010448
distributed biological observatory	-0.7459	0.542	3	432	1864	14	2018.533333
distribution	0.1897	0.1068	4	1636	45596	435	2010.907306
distribution abundance	0.3426	0.1903	4	837	5076	47	2011.107143
distribution models	0.7509	-0.3379	1	242	822	8	2011.931624
distribution patterns	0.2418	0.4288	3	671	3336	30	2010.866972
distribution shifts	0.6173	-0.2974	1	337	1186	11	2015.384615
disturbance	0.5062	0.4731	1	385	1196	12	2011.750678
divergence	-0.5848	-0.5527	2	395	1306	13	2010.679372
diversity	-0.0553	0.67	3	838	5382	47	2013.553494
diving	-0.2642	0.4777	3	217	562	7	2010.142857
dna	0.8704	0.0705	1	294	926	11	2012.62578
domains	-0.3795	0.225	4	640	2908	28	2011.565217
dominance	-0.1047	0.4346	3	648	2834	25	2012.29375
dominant species	-0.4117	0.7606	3	449	1856	16	2010.869565
doppler	-1.1867	-0.3996	2	253	884	10	2008.887324
drawdown	-1.3228	0.3599	2	195	644	7	2012.950617
drift	0.2783	-0.7135	1	539	2480	23	2009.705986
drifters	-0.7828	-0.8932	2	430	2012	24	2008.415584
drivers	-0.2654	0.3269	3	760	3598	27	2015.864011
duration	-0.318	0.0134	2	858	4540	39	2012.189258
dynamics	-0.0976	-0.2458	2	1402	16224	150	2012.382241
early life	0.9527	-0.4557	1	853	7418	68	2011.419643
early life history	0.9549	-0.5043	1	611	3670	31	2011.422222
early life stages	0.9221	-0.4293	1	644	3862	36	2011.806452
early spring	-0.8299	-0.0826	2	563	2652	21	2010.921788
east	-0.7039	-0.3189	2	924	6040	59	2011.088561
east siberian sea	-1.1496	0.1507	2	344	1198	11	2012.258427
eastern	0.0596	-0.5695	1	936	6574	65	2011.347648
eastern bering	0.2452	-0.5836	1	975	7604	71	2012.589744
eastern bering sea	0.2909	-0.6085	1	928	7120	67	2012.662162
eastern bering sea shelf	-0.2511	-0.5981	2	343	1202	11	2012.272727
echinarachnius parma	-0.1323	0.9535	3	248	786	7	2012.714286
echinoderms	-0.1224	1.0294	3	292	1092	10	2013.485714
ecology	0.4654	0.2345	1	1047	7280	72	2012.514768
ecosystem	-0.0917	0.1422	3	1609	36262	316	2013.530062
ecosystem c	-0.2748	0.396	4	310	894	9	2012.970588
ecosystem changes	-0.0982	0.2872	3	607	2558	20	2013.350427
ecosystem dynamics	-0.2218	0.0947	3	476	1786	15	2012.313725
ecosystem models	-0.3964	-0.3834	2	578	2422	20	2013.345455
ecosystem processes	0.26	-0.2612	4	394	1206	9	2013.946903
ecosystem responses	-0.3397	-0.0081	4	567	2182	16	2013.298246
ecosystem structure	-0.525	0.374	3	419	1466	11	2012.914634
eddies	-0.7686	-0.7875	2	672	4836	54	2009.304565
eddy activity	-0.9209	-0.897	2	255	880	9	2009.548387
eelgrass	1.0629	0.4198	1	243	890	10	2010.166667
effects	0.3389	-0.139	1	1552	24238	230	2011.624055
efficiency	0.412	0.0413	1	413	1374	14	2012.80663
effort	0.3626	-0.0221	1	746	3712	34	2012.512579
egg mortality	1.0051	-0.5592	1	186	600	7	1997.285714
egg production	0.8938	-0.2604	1	231	728	10	2005.5
eggs	0.8146	-0.4651	1	927	8190	87	2006.792208
eiders	-0.5424	0.735	3	260	796	7	2015.75
ekman	-1.1303	-0.5288	2	356	1434	13	2010.002336
el nino	0.0459	-0.6807	2	268	814	8	2011.439268
el nino-southern oscillation	-0.1558	-0.8428	2	243	754	7	2011.537252
eleginus gracilis	0.8345	0.616	1	435	1696	13	2015.583333
elements	-0.3534	0.1554	3	461	1654	17	2011.89258
emiliania	-1.08	-0.1511	2	235	796	7	2009.411392
emiliania huxleyi	-0.9926	-0.1389	2	251	880	8	2009.396341
empirical orthogonal function	-0.7585	-0.8782	2	211	658	7	2009.847087
encounters	1.1596	-0.1114	1	283	830	8	2008.114286
energetics	0.5982	0.1155	1	435	1520	15	2009.923077
energy	0.2422	0.0152	1	1222	11166	102	2011.753532
energy allocation	0.8679	0.2534	1	312	1024	8	2014.214286
energy content	0.9564	0.3325	1	253	834	8	2009.125
energy density	0.7326	0.268	1	492	2086	19	2012.046512
energy flow	0.0391	-0.2734	4	405	1404	13	2012.028571
energy storage	1.0934	0.2914	1	337	1316	11	2014.173913
energy transfer	0.3336	0.4522	4	278	804	7	2013.313725
enrichment	-0.5952	0.4403	2	336	1086	10	2011.973485
environment	0.215	-0.0222	4	1380	14624	133	2012.515563
environmental	-0.2385	-0.2707	2	711	3276	28	2010.845217
environmental changes	-0.2438	0.3999	3	493	1808	17	2013.895683
environmental characteristics	0.0847	0.7711	3	280	882	7	2014.16129
environmental conditions	0.4581	0.07	1	1010	6614	60	2013.912338
environmental drivers	-0.083	0.6437	3	493	1694	11	2016.219178
environmental factors	0.113	0.4743	3	803	4082	34	2013.842444
environmental parameters	0.1558	0.6691	3	380	1164	10	2012.892157
environmental variability	0.5364	-0.3579	1	421	1558	14	2012.740741
environmental variables	0.2358	0.2963	3	716	3610	30	2012.972376
epibenthos	-0.0718	0.8052	3	247	864	7	2015.25
epifauna	-0.1126	0.8485	3	266	796	7	2012.142857
error	0.242	-0.5403	1	517	1920	21	2011.486384
eschrichtius robustus	-0.2904	0.6647	3	280	900	8	2012.375
essential fish habitat	0.9958	0.0435	1	253	798	7	2012.25
estimate	-0.2303	-0.1923	2	645	2550	26	2010.903093
estimation	0.4796	-0.3767	1	386	1256	16	2012.012407
estuary	0.8307	0.1328	1	222	604	7	2010.621212
eucalanus	0.0473	0.692	4	248	840	8	2008.153846
euphausia	0.5839	-0.0183	4	231	638	7	2009.076923
euphausiids	0.4222	0.0901	4	962	8284	76	2008.352941
euphotic zone	-1.1176	-0.053	2	381	1388	13	2011.97
evaluation	0.0371	-0.1051	1	538	1878	16	2013.100503
events	-0.5362	-0.2113	2	1070	7236	70	2012.030986
evolution	-1.0792	-0.4613	2	422	1648	14	2012.05694
exchange	-0.9362	-0.4076	2	586	2928	29	2010.706601
expansion	0.4139	-0.0695	1	603	2308	20	2012.969492
expedition	-0.8855	0.5252	2	523	2626	28	2010.922432
experiments	0.2768	-0.1404	1	977	6254	68	2011.075205
explanation	0.5045	0.3378	1	307	846	9	2009.867769
explanatory variables	0.0138	0.6612	3	292	886	7	2014.548387
exploration	0.6408	-0.1761	1	613	2696	25	2011.678466
export	-1.033	0.4037	2	544	2308	19	2011.295396
export production	-0.9913	0.3997	2	323	1014	9	2010.782609
exposure	0.2591	-0.0919	1	505	1728	15	2012.977505
extent	-0.2365	0.1161	3	1282	11472	103	2011.835219
extreme	0.1511	-0.4382	4	251	642	7	2013.461538
failure	0.404	-0.274	4	320	954	9	2011.859477
fall	-0.4924	-0.1381	2	1138	8584	78	2011.228402
family	0.356	0.5883	3	606	2724	29	2012.315615
fate	-0.7428	0.5663	3	328	996	9	2012.348684
fatty acids	-0.051	0.8414	3	398	1616	15	2009.789855
fauna	0.1337	0.5098	3	560	2196	19	2011.230769
features	-0.302	-0.3316	2	1018	6698	69	2010.384646
fecundity	0.9223	0.0105	1	244	792	11	2004.45
feeding	0.6647	0.1349	1	1157	10966	114	2008.431111
feeding success	0.943	0.1383	1	277	954	11	2001.818182
females	0.9123	0.1823	1	529	2610	33	2007.642105
field	-0.1946	-0.4072	2	1318	13224	128	2010.533445
field data	0.1792	-0.5214	1	381	1162	9	2011.688136
field observations	-0.0817	-0.5887	2	317	948	9	2011.242424
field studies	0.6895	-0.1579	1	392	1358	14	2010.034286
fin	-0.1982	0.3188	3	273	868	8	2008.928571
fish	0.6931	0.1725	1	1548	35278	338	2010.064516
fish abundance	0.5137	0.2446	1	450	1402	12	2011.666667
fish assemblages	0.5248	0.6636	3	525	2410	22	2011.666667
fish communities	0.7004	0.4933	1	704	3654	29	2012.026316
fish density	1.0123	0.3474	1	235	768	8	2008.444444
fish distribution	0.62	0.3426	1	616	3018	28	2010.823529
fish growth	1.059	-0.1994	1	339	1258	14	2012.631579
fish habitat	0.884	0.1109	1	552	2322	20	2013.307692
fish larvae	0.7448	0.1151	1	765	5192	53	2005.949153
fish length	1.0305	0.1995	1	306	1060	12	2009.352941
fish populations	0.6582	-0.09	1	440	1500	13	2010.783784
fish prey	0.6561	0.2919	1	467	1732	16	2009.208333
fish recruitment	1.1945	-0.2128	1	321	1058	9	2009.411765
fish size	0.9996	0.246	1	445	1800	18	2009.153846
fish species	0.6973	0.1639	1	1014	7790	67	2011.890756
fish stocks	0.7198	-0.4792	1	418	1520	14	2010.243243
fisheries	0.6724	-0.2968	1	1287	14524	138	2010.847545
fisheries management	0.8149	-0.4734	1	511	2472	22	2012.327869
fisheries oceanography	0.21	-0.7966	1	348	1220	12	2006.166667
fisheries science	0.6537	-0.2842	1	377	1420	12	2012.6
fishing	0.5901	-0.2561	1	573	2492	25	2011.058252
fjord	0.5801	0.3584	1	362	1152	14	2013.427767
flatfish	1.0039	-0.1078	1	596	3476	32	2009.609756
flathead sole	1.0731	-0.2992	1	415	1866	17	2007.588235
flexibility	0.7025	-0.106	1	263	700	7	2012.981818
floats	-0.7097	-0.8838	2	290	958	9	2010.92638
flounder	1.0897	-0.1565	1	830	6186	52	2009.563636
flow	-0.7747	-0.5428	2	1180	13768	141	2010.017411
flow patterns	-0.9392	-0.8488	2	236	744	8	2008.58156
fluctuations	0.1454	-0.2842	4	725	3714	34	2009.816514
fluorescence	-1.0517	-0.2759	2	390	1546	15	2012.243386
flux	-0.9984	-0.2566	2	928	7432	73	2010.974387
focus	-0.3501	0.1262	3	586	2366	19	2012.93921
food	0.2234	0.4029	3	1477	22432	203	2012.031915
food availability	0.6221	0.3991	1	483	1972	18	2010.185185
food chain	-0.3461	0.5789	3	418	1342	10	2012.625
food consumption	1.1721	-0.0057	1	271	922	9	2011.125
food habits	1.0587	0.215	1	428	1652	15	2007.944444
food resources	-0.1149	0.7834	3	363	1034	9	2011.259259
food supply	-0.3666	0.7927	3	290	1024	7	2012.3
food web	-0.0653	0.5387	3	1226	11768	100	2013.363874
forage fish	0.7478	0.1789	4	805	5228	41	2012.62963
forage fish species	0.8795	0.5204	4	303	1068	8	2016.5
forage species	0.6932	0.403	4	468	1952	14	2015.555556
foraging	0.5022	0.1345	4	1092	9884	87	2011.44385
force	-0.3156	-0.361	2	387	1180	11	2011.140909
forcing	-0.5583	-0.5558	2	1074	9082	81	2011.371506
forecasting	1.0089	-0.4244	1	292	1064	11	2014.057851
forecasts	0.5788	-0.59	1	435	1770	18	2012.850526
formation	-0.8878	-0.215	2	870	5362	52	2010.511811
fraction	-0.5932	0.4785	2	675	3080	29	2011.553026
framework	0.2075	-0.4895	1	661	2914	29	2013.208431
frequency	0.2036	-0.2612	1	900	4728	45	2011.174374
freshwater	-0.4064	-0.0114	2	724	3502	34	2011.825688
front	-0.3788	-0.2731	4	981	6938	70	2009.508357
frontal regions	0.5326	-0.1361	4	257	920	9	2007.833333
frontal zone	-0.1581	-0.1356	4	358	1370	15	2006.685897
fuel	-0.3518	0.0961	2	219	592	7	2012.496479
function	0.0266	-0.1946	1	991	5802	51	2010.972155
fur	0.8383	-0.4365	4	300	970	8	2009.592593
fur seals	0.7882	-0.4122	4	380	1408	12	2011.083333
future	0.026	-0.1489	3	709	3402	29	2013.712684
future climate	0.5761	-0.4547	1	329	1112	9	2013.848387
gadidae	0.7262	0.5434	1	251	724	9	2006.090909
gadids	0.9951	0.3841	1	550	2736	27	2011.875
gadus	1.0618	0.0235	1	1068	11150	100	2012.576271
gadus chalcogrammus	0.9933	-0.0348	1	745	5062	41	2017
gadus macrocephalus	1.1384	-0.042	1	754	5224	46	2012.520833
gadus morhua	1.0415	0.1833	1	392	1732	20	2008.875
gam	0.6849	-0.5084	1	415	1848	17	2012.4375
gap	0.578	0.2436	1	521	2090	20	2012.915572
gas	-0.1574	0.4302	3	425	1364	12	2012.319686
gastropods	-0.085	0.9817	3	301	906	7	2012.41791
genera	-0.1377	0.4973	3	477	1946	18	2012.72679
general circulation	-0.5571	-0.5933	2	273	908	9	2009.760621
generalists	0.486	0.6544	1	295	856	7	2014.914286
generalized additive model	0.6252	-0.3644	1	441	1720	15	2014.041667
generation	-0.441	-0.4728	2	348	1048	10	2012.050847
genus	0.5896	0.337	1	291	912	11	2012.443439
geographic	0.5551	-0.1754	4	258	776	8	2010
geographical distribution	-0.1625	0.1945	4	282	864	8	2010.97561
geostrophic transport	-1.0726	-0.7925	2	153	484	7	2004.269231
gis	-0.1339	0.3595	3	304	862	8	2011.154589
global	0.1172	0.1438	1	252	670	8	2012.401509
global climate	-0.1269	-0.4722	1	351	1198	11	2012.960148
gradient	-0.337	-0.0187	2	1143	7836	66	2011.354256
grain	-0.3646	0.7853	3	522	2314	19	2011.304833
grain size	-0.2518	0.76	3	558	2564	20	2011.854054
gray whales	-0.2857	0.7562	3	433	1782	15	2011.375
grazing	-0.5596	0.4984	3	431	1658	14	2012.554404
green	-1.2029	-0.2643	2	225	806	9	2010.590909
green belt	-1.1557	-0.0759	2	291	1034	11	2011.882353
greenland	0.9011	0.1665	1	646	3264	32	2011.434214
greenland cod	1.0743	0.3863	1	210	850	9	2008
grid	0.2439	-0.1964	4	464	1510	14	2011.079167
groundfish	0.9527	-0.1766	1	589	2932	24	2011.5
group	0.1864	-0.0232	1	694	3098	34	2011.722362
growth	0.5845	-0.0993	1	1417	21604	216	2011.406319
growth increments	0.8029	-0.6379	1	179	616	7	2012.576923
growth model	1.1751	0.0458	1	209	656	7	2012.107143
growth patterns	0.7667	-0.1968	1	245	698	7	2012.408163
growth potential	1.0207	-0.1332	1	221	678	7	2011.1875
growth rate	0.8271	-0.1143	1	889	6716	72	2010.818356
growth temperature	0.6917	-0.6339	1	311	982	9	2012.071429
gulf of alaska	0.8731	-0.3908	1	874	6824	68	2009.096774
gut	0.7349	0.2202	1	339	1194	13	2009.169811
gut contents	0.7795	0.1932	1	244	764	8	2008.545455
gymnocanthus tricuspis	0.4902	0.897	3	246	742	7	2013.571429
habitat	0.6184	0.2076	1	1384	19656	181	2012.561584
habitat characteristics	0.8469	0.2213	1	390	1354	12	2012.296296
habitat complexity	1.0095	0.2978	1	227	734	7	2010.8
habitat quality	0.9477	0.2032	1	285	874	9	2012.588235
habitat selection	0.8042	0.2823	1	504	2118	22	2010.59375
habitat types	0.6554	0.5254	1	329	1020	10	2012.66
habitat use	0.888	0.299	1	495	2002	18	2011.184211
halibut	0.9739	-0.2042	1	540	2544	21	2010.631579
halocline	-1.1323	0.1029	2	502	2134	18	2008.752727
hand	-0.5108	-0.4413	2	333	1016	11	2010.96875
hanna shoal	-1.1246	0.2522	2	441	2032	18	2015.4
harvest	0.5751	-0.1086	1	317	1048	12	2012.107692
hatch date	0.807	-0.5658	1	312	1146	12	2007.538462
hatching	0.7462	-0.4054	1	415	1666	18	2010.631579
head	-1.1789	-0.1701	2	335	1312	12	2010.621429
heat	-1.0156	-0.4735	2	763	5478	49	2011.129975
heat content	-1.1907	-0.33	2	293	948	8	2012.877419
heat flux	-1.1312	-0.5606	2	422	2096	20	2010.709804
heat transport	-1.303	-0.5457	2	245	814	7	2012.027726
heating	-0.9615	-0.3253	2	273	816	8	2011.378428
height	-0.898	-0.7526	2	425	1932	20	2010.601343
herald canyon	-1.239	-0.0746	2	260	990	9	2013.1875
herring	0.9599	0.3364	1	611	2982	26	2010.063492
heterogeneity	-0.0086	0.4697	3	395	1344	13	2014.002481
high abundance	0.2488	0.4975	3	451	1456	12	2012.462687
high arctic	-0.3865	0.325	3	261	740	8	2013.319239
high latitudes	-0.3659	0.2733	3	736	3494	28	2011.932029
high productivity	-0.5501	0.1718	3	449	1450	13	2011.607843
high-frequency	-0.5901	-0.5148	2	313	1002	10	2011.689759
high-resolution	-0.7501	-0.489	2	538	2346	24	2012.264879
hindcast	-0.536	-0.6376	2	381	1186	10	2013.59322
hippoglossus	1.1476	-0.1827	1	411	1744	15	2010.590909
hippoglossus stenolepis	1.1474	-0.2057	1	403	1664	14	2011.263158
historical data	-0.0097	-0.3249	1	405	1244	10	2008.327869
history	0.7746	-0.286	1	950	7210	65	2011.001969
hokkaido	0.5731	-0.0042	1	341	1148	12	2008.23913
hokkaido japan	0.8164	0.0999	1	214	644	7	2007.428571
hope	-0.5737	0.5518	3	334	1082	10	2008.74359
horizontal distribution	0.4206	0.2101	1	257	760	9	2007.365854
hotspot	-0.9374	0.4205	2	572	2758	22	2015.44586
hudson	0.4356	0.5344	1	262	1058	10	2008.012876
hudson bay	0.4357	0.5331	1	262	1058	10	2008.175879
humpback	-0.3082	0.2973	3	306	996	9	2013.230769
hydroacoustic	0.2199	0.3094	4	286	1012	10	2009.166667
hydrodynamic model	-0.0642	-1.0554	2	237	898	8	2009.535714
hydrographic	-0.746	0.0838	2	522	2150	19	2008.115894
hydrographic conditions	-0.9172	0.3033	2	331	1020	10	2009.395833
hydrographic data	-0.824	-0.2992	2	432	1574	15	2006.497059
hydrography	-0.4288	0.29	4	751	3866	33	2009.277922
hypotheses	0.8195	-0.2976	1	616	2888	24	2011.496
hypothesis	0.6285	-0.1983	1	1039	7858	74	2011.082126
ice	-0.59	0.1964	2	1530	32496	281	2011.721291
ice algae	-0.3878	0.5591	3	538	2072	17	2013.987179
ice breakup	-0.3599	0.7664	3	330	1034	9	2010.064516
ice concentration	-0.8033	0.1471	2	522	2230	19	2013.492537
ice conditions	-0.5357	0.1991	2	659	2856	24	2011.713198
ice coverage	-0.7166	0.0521	2	543	2050	18	2012.512195
ice dynamics	-1.0411	0.2324	2	314	946	8	2013.540943
ice edge	-0.7206	-0.1384	2	615	2964	27	2010.185455
ice extent	-0.7009	0.0169	2	736	4096	34	2012.764347
ice formation	-0.9638	-0.0821	2	448	1794	14	2009.892857
ice loss	-0.3972	0.3628	3	494	1982	16	2014.762324
ice melt	-1.1635	0.1045	2	558	2564	21	2012.747368
ice production	-0.8292	0.4491	3	364	1370	12	2010.6
ice retreat	-0.6267	0.1192	2	1016	7640	59	2013.800752
ice shelf	-0.56	-0.4261	2	257	810	8	2011.573026
ice surface	-1.0008	-0.049	2	353	1118	10	2011.816258
ice temperature	-0.7521	0.1896	2	294	858	7	2010.902256
ice zone	-0.8848	0.2512	2	418	1600	14	2011.325359
ice-cover	-0.7229	0.1387	2	1093	9178	78	2011.210019
ice-free	-0.8138	0.1492	2	742	3974	35	2013.322981
icebreaker	-0.5783	0.2499	2	257	688	7	2009.3875
ichthyoplankton	0.7947	-0.2676	1	698	4428	43	2009.040816
identification	-0.1093	0.2958	3	473	1628	15	2011.944837
imagery	-0.7566	-0.0342	2	329	966	10	2011.982143
impact	-0.2746	-0.0264	2	1353	14410	129	2013.206627
implications	0.0511	-0.1599	1	1108	8106	75	2011.871583
improvement	0.5399	-0.604	1	231	634	7	2012.529851
incidence	0.7834	0.1471	1	230	766	9	2011.204819
inclusion	0.5846	-0.4137	1	326	1050	11	2010.77907
increment	0.6888	-0.478	1	343	1238	14	2012.521008
incubation	-0.2478	0.0972	2	318	1102	13	2012.64375
index	0.3038	-0.1717	1	1110	7656	69	2011.380952
indices	0.3862	-0.1458	1	1197	11226	97	2012.102711
individual-based model	0.5486	-0.8795	1	204	708	7	2010.818182
individuals	0.8459	0.1295	1	956	7234	73	2011.172646
infauna	-0.0352	0.7504	3	431	1872	16	2011.076923
inflow	-0.8762	-0.2463	2	568	2508	30	2009.568182
influence	-0.1361	0.0517	3	1238	10162	100	2011.779275
information	0.3875	-0.1656	1	1231	10404	98	2011.767792
inner front	-0.1877	-0.3078	4	383	1428	15	2005.866667
inner shelf	-0.2432	-0.0067	4	712	3548	32	2009.673077
inorganic carbon	-1.2437	0.3718	2	264	974	9	2012.45614
inshore	0.2848	-0.0771	4	635	2816	27	2007.307692
insight	0.4195	-0.4211	4	468	1608	15	2012.936061
instability	-0.8868	-0.8066	2	219	656	7	2009.776848
integrated	0.3084	0.3998	4	324	980	9	2013.689655
integration	0.0483	-0.3725	1	356	1068	10	2010.47619
intensity	-0.1509	-0.3322	2	680	3202	35	2011.663823
inter-annual variability	-0.3103	-0.25	4	384	1168	9	2012.122807
interactions	0.4713	-0.2	1	1178	9628	84	2011.626733
interannual	-0.137	-0.5797	4	681	3558	36	2009.011628
interannual variability	-0.5975	-0.5433	2	917	6140	55	2010.7663
interannual variations	-0.1318	-0.365	4	789	4102	39	2010.739437
interface	-0.1719	0.4457	2	381	1250	12	2010.689655
international	0.7066	-0.3126	1	564	2394	22	2009.59081
interpretation	-0.0343	-0.4908	2	441	1520	15	2010.411609
introduction	0.2262	0.1575	1	302	876	16	2010.370629
intrusion	-0.9374	-0.3597	2	215	624	7	2011.398892
inventory	-0.8091	0.8073	3	390	1560	13	2012.165029
inversion	-0.3483	-0.6773	2	348	1160	12	2010.501809
invertebrate communities	0.0267	0.8345	3	280	930	8	2011.409091
invertebrates	0.1296	0.7454	3	798	4696	41	2011.049793
iron	-1.0132	-0.2722	2	257	816	8	2012.176678
island	0.0414	-0.2807	4	1484	23354	231	2009.956692
isotope	-0.3589	0.7843	3	682	3860	35	2011.966793
isotope ratios	-0.2427	0.6215	3	318	1084	10	2011.051724
isotopic composition	-0.6659	0.8367	3	253	796	7	2011.032751
japan	0.8114	-0.1677	1	412	1802	22	2010.171958
jet	-1.0739	-0.2869	2	364	1244	11	2011.139834
juvenile	0.8723	-0.0512	1	1360	22410	208	2009.733918
juvenile cod	0.8686	0.4737	1	370	1488	14	2011.571429
juvenile fish	0.8923	0.1932	1	606	2908	26	2009.1
juvenile flatfish	1.0723	0.1214	1	252	796	7	2011.875
juvenile nursery	0.9736	-0.4274	1	284	1058	10	2006.272727
juvenile pollock	0.8136	-0.4271	4	626	3806	32	2007.71875
juvenile stages	0.8527	-0.3586	1	360	1124	10	2007.785714
juvenile walleye	1.0957	-0.1199	1	682	4234	40	2006.219512
juvenile walleye pollock	1.0957	-0.1175	1	682	4234	40	2006.219512
kamchatka	-0.8408	-0.8001	2	407	1928	24	2008.134328
kamchatka current	-1.0168	-0.945	2	203	894	12	2003.285714
kamchatka strait	-0.9486	-0.9052	2	197	716	8	2007.2
key	0.082	0.4916	3	342	1036	10	2013.075472
key species	0.5654	0.6013	3	360	1262	13	2011.934783
kittiwakes	0.5991	-0.2903	4	491	2434	20	2012.26087
klondike	-0.1944	0.9023	3	251	892	8	2013.083333
knowledge	0.3416	0.1642	1	933	5626	53	2012.895394
knowledge gap	0.4101	0.5056	3	303	904	9	2015.416667
kodiak	1.0581	-0.1286	1	633	3768	36	2007.52459
kodiak island	1.0064	-0.2024	1	574	2940	28	2005.4
krill	0.3917	-0.047	4	365	1296	11	2012.106061
laboratory	0.6239	0.0326	1	787	4298	44	2010.526248
laboratory experiments	0.867	0.0929	1	481	1880	19	2009.102804
lag	-0.3834	-0.126	3	290	746	7	2010.653179
lagrangian	-0.4396	-0.9127	2	311	1034	10	2011.144928
land	-0.3545	-0.2362	2	315	980	10	2012.42268
landscape	0.6117	0.1153	1	262	712	7	2013.677302
language	-1.1505	-0.2663	2	300	890	7	2018.048117
large	-0.3522	-0.0051	3	532	2114	18	2011.479452
large copepods	0.5117	-0.0988	4	411	1480	11	2010.590909
large marine ecosystems	0.0453	-0.4047	3	407	1412	12	2014.576923
large-scale	-0.5055	0.003	2	886	4594	38	2011.165527
larvae	0.7706	-0.256	1	1229	17750	190	2007.544262
larval abundance	0.8802	-0.5907	1	324	1170	13	2003.3125
larval development	1.0264	-0.2954	1	313	1120	10	2011.727273
larval fish	0.7389	0.0721	1	778	4618	46	2006.980392
larval fish assemblages	0.3344	0.8487	3	228	758	7	2010.444444
larval growth	1.244	-0.2822	1	277	1122	13	2010.380952
larval mortality	0.722	-0.8652	1	243	858	10	2001.461538
larval pollock	0.3742	-0.718	1	268	948	10	1999.8
larval size	1.0255	-0.1704	1	220	624	7	2006.615385
larval stages	0.9814	-0.2745	1	540	2432	26	2009.636364
larval survival	1.0732	-0.625	1	255	780	7	2009
larval transport	0.6841	-0.5125	1	428	1690	16	2005.823529
late	-0.6614	0.2401	2	397	1318	9	2009.495327
late spring	-0.2896	-0.0499	4	549	2046	18	2010.732026
late summer	-0.2385	0.2859	3	791	4010	34	2011.54902
latitude	-0.05	0.6609	3	724	3646	29	2011.054819
latitudinal	0.1297	0.6018	1	275	782	8	2012.851064
latitudinal gradient	-0.3796	0.1716	3	333	1024	7	2012.966942
lawrence	-0.8459	0.3489	2	659	3302	28	2010.132653
layer	-0.7848	-0.1702	2	1109	10850	112	2010.321275
lead	-0.5719	0.4351	2	347	1058	9	2010.716069
length	0.8253	0.1	1	1247	14948	153	2010.5328
lepidopsetta polyxystra	0.959	-0.3052	1	529	3056	29	2012.413793
levels	0.1497	0.2844	1	1295	11920	109	2011.25209
life	0.8086	-0.2557	1	1166	13390	124	2011.876747
life history	0.8612	-0.1901	1	986	8652	77	2011.362319
life stages	0.9326	-0.3732	1	721	4470	41	2012.336842
life-history strategies	1.0228	0.127	1	267	830	7	2013.176471
life-history traits	0.9134	-0.0045	1	331	1094	10	2013.481481
light	-0.2517	0.1121	2	869	5282	49	2011.753582
light availability	-1.1365	0.4358	2	236	852	8	2014.646154
light conditions	0.2505	0.3828	1	237	696	8	2012.46
limit	0.3302	0.0908	1	466	1552	14	2010.544865
limitations	0.255	-0.2189	1	626	2466	22	2012.614846
line	-0.4076	0.1678	3	558	2012	19	2011.363128
linear regression	-0.2159	-0.6066	2	223	636	8	2012.840304
links	0.1013	0.0678	1	513	1718	13	2012.592814
lipid storage	0.8461	0.2287	1	402	1512	11	2013.5
lipids	0.8276	0.4072	1	462	2058	18	2011.738351
literature	0.3486	-0.0531	1	392	1236	14	2011.726524
liver	0.707	0.5373	1	222	656	7	2010.555556
living	0.2928	0.4875	1	263	714	7	2011.447853
local wind	-1.0944	-0.8072	2	215	780	8	2009.359551
location	0.0636	-0.2035	4	1209	9442	86	2010.881081
long-term	-0.313	-0.0077	3	1067	7184	66	2012.366366
long-term trends	-0.8796	-0.0345	2	269	790	7	2012.589226
longitude	0.3265	0.5493	4	272	818	7	2008.678832
loss	-0.2196	0.2563	3	957	5664	55	2013.251087
low pressure	-0.8108	-0.6347	2	289	914	8	2011.422018
low salinity	-0.2498	-0.144	2	410	1362	13	2007.542553
low temperatures	0.4419	-0.1445	1	495	1754	15	2011.076759
m2	-0.3223	-0.7176	2	269	812	7	2010.244444
mackenzie	-0.2184	0.7108	3	383	1376	13	2009.683007
mackenzie river	-0.227	0.7484	3	283	908	9	2009.6375
macoma	-0.4204	1.0273	3	313	1134	11	2014.307692
macoma calcarea	-0.3738	1.0577	3	255	838	8	2014.2
macrobenthos	-0.4171	0.9616	3	226	776	7	2014.75
macrofauna	-0.3841	0.8973	3	313	1116	10	2011.078947
magnitude	-0.2035	-0.1989	2	1099	7668	72	2011.364091
males	0.8978	0.2535	1	370	1386	18	2006.916667
mallotus	0.8912	0.2783	4	639	3376	26	2010.258065
mallotus villosus	0.882	0.2805	4	635	3272	25	2009.655172
mammals	0.0434	0.5095	3	971	6326	55	2011.107784
management	0.6839	-0.2158	1	1106	9212	84	2013.088766
management strategies	0.6079	-0.4973	1	274	870	9	2013.637931
map	-0.3462	-0.2466	2	510	1832	16	2011.727201
margin	-0.3731	-0.017	2	494	1684	16	2010.972504
marginal ice	-0.9293	0.1705	2	428	1742	16	2011.113924
marginal ice zone	-0.9097	0.2044	2	412	1556	14	2011.202899
marine	0.2001	0.2687	3	1524	24772	220	2012.020366
marine birds	0.4615	-0.0768	4	574	2484	21	2009.758621
marine ecology	-0.364	0.3208	3	334	1032	10	2014.296296
marine ecosystems	-0.1051	0.0769	3	1250	12394	107	2013.642259
marine environment	0.5566	-0.3712	4	387	1350	12	2012.287625
marine fish	0.8438	0.0138	1	843	6166	59	2009.474359
marine fish larvae	0.7257	0.2066	1	320	1352	14	2003.357143
marine fisheries	0.852	-0.3242	1	344	1134	10	2009.111111
marine food	0.1445	0.5263	3	558	2236	20	2013.103448
marine food web	0.1907	0.5743	3	539	2122	19	2013.207547
marine habitats	0.2382	-0.3641	4	280	802	7	2013.294118
marine mammals	-0.0678	0.5308	3	929	5980	51	2011.844444
marine predators	0.6195	0.2383	4	307	1078	10	2011.529412
marine species	0.3481	0.229	1	402	1250	10	2012.688525
markers	-0.3033	0.8917	3	269	920	9	2013.021898
mass	-0.4735	0.1783	2	1355	15870	143	2010.941993
match	0.6869	0.031	1	281	854	8	2011.964286
match-mismatch	0.9404	-0.0046	1	302	1038	9	2009.222222
materials	-0.7029	0.5209	3	270	796	9	2011.458333
maturation	0.9056	0.2197	1	288	984	12	2009.521739
mature	0.9754	-0.0459	1	474	2334	28	2010.101124
maximum	-0.4946	-0.2826	2	911	5154	55	2010.287843
mean	-0.2834	-0.4743	2	1074	7572	76	2010.953636
meanders	-0.8271	-0.8927	2	239	704	8	2007.291045
measurements	-0.4731	-0.0718	2	1329	12796	123	2010.932763
mechanisms	0.0141	-0.3293	2	1294	11964	110	2011.610479
melt	-1.1719	0.1238	2	680	3930	33	2013.146853
melting	-0.9687	0.1577	2	385	1396	14	2012.110283
mesoscale	-0.5364	-0.744	2	485	2070	21	2009.976526
mesoscale eddies	-0.7611	-0.8561	2	351	1510	17	2011.271028
mesozooplankton	-0.2182	0.587	4	392	1476	13	2009.5
metabolism	0.1651	0.4576	3	366	1110	10	2013.696486
metamorphosis	0.9974	-0.1671	1	198	656	7	2012.75
method	0.3914	-0.2743	1	1083	7742	80	2012.144788
methodology	-0.2112	-0.2429	2	392	1240	12	2012.912525
metrics	0.7431	0.0177	1	477	1760	16	2015.541833
metridia	0.2322	0.7028	4	417	1540	15	2005.909091
metridia pacifica	0.2297	0.7107	4	272	824	7	2008.2
mg	-0.8987	0.2341	2	672	3484	34	2010.971279
microstructure	0.4902	-0.6415	1	164	482	7	2010.798561
microzooplankton	0.0122	0.034	4	358	1390	14	2011.483871
midwater	1.0066	0.0676	4	530	2472	22	2006.535714
midwater trawl	1.1135	0.1553	1	310	1014	10	2003.833333
migration	0.2286	-0.349	1	917	6192	59	2011.023474
migratory	0.5524	0.1067	4	325	1022	10	2011.888889
minimum	-0.9047	-0.5821	2	304	980	11	2009.779051
mismatch	0.8001	0.1311	1	381	1254	11	2014.305556
mixed-layer	-0.448	-0.6543	2	313	1022	9	2011.050847
mixing	-0.8116	-0.3856	2	951	7172	67	2009.902919
mixture	-0.2276	-0.0335	4	305	838	9	2010.906921
mode	-0.2627	-0.2584	2	674	2716	26	2010.915266
model	0.0781	-0.4614	1	1579	31742	304	2011.651901
model simulations	-0.3096	-0.6406	2	340	1028	9	2012.477137
model species	1.0501	-0.326	1	228	648	7	2012.512821
modeling	0.1407	-0.4373	1	970	5916	51	2012.080047
mollusks	-0.1137	0.9808	3	243	758	8	2011.988889
monitoring	-0.0554	0.3259	3	762	3816	35	2012.828676
moorings	-0.9641	-0.6156	2	663	4694	52	2010.555556
morphology	0.8021	0.1648	1	279	844	10	2011.797508
mortality	0.9816	-0.3712	1	974	9030	92	2009.693662
mortality rates	0.9159	-0.3698	1	445	1750	19	2006.432432
motion	-0.8484	-0.7009	2	278	1010	11	2009.832335
mouth	-0.3829	0.1359	2	261	724	7	2011.528409
movement	0.2365	0.073	1	902	5280	52	2009.813333
msvpa	1.1092	-0.6418	1	208	850	9	2004
multispecies	1.0179	-0.5119	1	324	1284	13	2008.263158
multispecies model	1.1383	-0.5254	1	208	712	7	2005.166667
multispecies virtual population analysis	1.1337	-0.6509	1	184	744	8	2003.625
multivariate	0.2661	0.1316	3	481	1770	17	2013.099057
murres	0.5434	-0.3908	4	469	2306	21	2010.37037
muscle	0.5738	0.5236	1	373	1310	14	2009.633333
myoxocephalus	0.7511	0.672	1	341	1064	9	2011.7
myoxocephalus scorpius	0.6709	0.7581	1	277	842	7	2013.625
n-15	-0.1704	0.8545	3	367	1306	12	2013.565217
national	-0.3202	-0.3304	2	799	4288	38	2010.195652
nature	-0.1814	-0.3372	2	489	1742	18	2010.788145
nauplii	0.6445	-0.0359	1	447	2040	23	1998.851852
near strait	-0.7536	-0.7815	2	320	1226	12	2009.333333
near-surface	-0.546	-0.4242	2	381	1308	13	2011.177419
nearshore	0.4886	0.4785	1	659	2986	27	2010.655462
neocalanus	0.0366	0.207	4	442	1736	16	2009.060606
net	0.201	0.433	3	614	2668	25	2010.964126
net community production	-1.4101	0.2968	2	200	736	7	2013.923077
net primary production	-0.7412	-0.3434	2	270	886	7	2012.467391
net samples	0.2639	-0.0247	4	247	834	9	2003.9
network	-0.3756	0.5093	3	338	1088	9	2012.964962
new production	-1.2408	-0.0583	2	317	1176	10	2006.707317
newfoundland	1.0589	0.3737	1	231	928	10	2008.690265
niche	0.7696	0.4888	1	435	1664	14	2014.209184
nitrate	-1.132	0.076	2	666	4124	39	2010.126471
nitrogen	-0.7007	0.5632	2	685	3880	38	2012.807923
nitrogen cycle	-1.13	0.3725	2	155	538	7	2014.719298
no3-	-1.0923	0.4821	2	314	1188	11	2011.56
noaa	-0.0289	-0.7117	2	381	1286	11	2008.907609
north	-0.2466	-0.3588	2	1484	19910	188	2010.374238
north atlantic	-0.1419	-0.0308	2	435	1470	13	2010.017846
north pacific	-0.1087	-0.4945	2	1188	10014	92	2010.653333
north pacific ocean	-0.1897	-0.5853	2	427	1524	15	2009.464706
north sea	0.7888	-0.3726	1	284	874	10	2009.958333
north slope	-1.1774	-0.7428	2	251	944	10	2011.833333
northeast pacific	0.4071	-0.4607	1	279	800	7	2009.106195
northern	-0.2866	-0.1326	2	682	3250	38	2011.106605
northern bering sea	-0.5522	0.4086	2	436	1656	19	2007.692308
northern fulmars	0.0487	-0.2119	4	272	878	9	2011.545455
northern fur seals	0.8496	-0.4313	4	362	1314	11	2009.769231
northern hemisphere	-0.515	0.0296	4	247	712	7	2010.714878
northern rock sole	0.9556	-0.2836	1	580	3560	33	2012.30303
northwest	0.0705	-0.1949	1	501	1746	18	2011.701835
norway	0.431	0.2393	1	214	592	8	2011.264414
numerical model	-1.0301	-0.529	2	437	1946	18	2009.365706
nunivak	-0.4224	0.1618	4	318	946	8	2012.625
nunivak island	-0.4214	0.1636	4	318	946	8	2012.625
nursery	1.0642	-0.0255	1	718	4764	45	2011.46875
nursery areas	0.8946	-0.2792	1	686	4574	45	2009.230769
nursery grounds	0.927	-0.3605	1	509	2334	21	2010.481481
nursery habitat	1.1912	0.0342	1	320	1132	10	2010.928571
nutrient availability	-0.9787	0.1921	2	314	1104	10	2013.783582
nutrient concentrations	-1.2588	0.1742	2	402	1694	15	2011.871795
nutrient fluxes	-0.8853	0.0713	2	353	1154	10	2011.357143
nutrients	-0.9922	0.044	2	1116	12042	108	2011.870968
nutritional condition	0.9904	-0.2211	1	224	712	8	2006.153846
objective	0.003	-0.0802	3	433	1398	12	2011.917647
observational data	-0.6867	-0.6243	2	347	992	7	2011.486413
observations	-0.5862	-0.3772	2	1432	18668	190	2011.448164
observatory	-0.6755	0.5348	3	457	2090	16	2013.863636
occurrence	0.0464	-0.0259	1	995	6252	61	2011.803551
ocean	-0.6348	-0.1059	2	1445	20732	192	2010.965167
ocean acidification	-1.0701	0.209	2	247	792	7	2014.72093
ocean circulation	-0.9117	-0.4673	2	608	2818	24	2010.55339
ocean color	-1.1497	-0.2981	2	311	1100	10	2012.620438
ocean currents	-0.4117	-0.5166	2	547	2168	19	2010.666667
ocean ecosystems	-0.494	0.0372	3	310	890	7	2013.328571
ocean model	-1.0452	-0.5978	2	477	2398	21	2010.792558
ocean surface	-0.9043	0.0701	2	351	1080	8	2011.97351
ocean temperature	-0.0508	-0.6045	4	522	2124	19	2012.187952
oceanographic conditions	0.2721	0.0937	4	601	2526	22	2008.192771
oceanographic data	-0.0429	0.151	4	318	1024	9	2008.973333
oceanographic processes	-0.0637	-0.0196	2	303	862	7	2010.333333
oceanographic variables	-0.0251	-0.366	4	382	1238	10	2013.548387
oceanography	0.0088	-0.4147	4	824	4556	43	2009.138686
odobenus	-0.3419	0.8146	3	333	1166	11	2014.266667
odobenus rosmarus	-0.3413	0.815	3	333	1166	11	2014.266667
odobenus rosmarus divergens	-0.3328	0.836	3	284	894	8	2015.3
offshore	-0.198	0.0243	3	791	3770	35	2009.651466
oil	0.372	0.313	1	432	1520	15	2011.484241
oithona	0.2711	0.636	4	275	910	8	2007.2
okhotsk	-0.0157	-0.1395	4	415	1542	17	2010.130719
onset	-0.136	-0.2777	2	581	2252	23	2011.400894
ontogeny	0.9658	-0.0735	1	462	1876	17	2011.515152
open water	-0.7391	0.3029	2	872	5588	47	2011.389671
ophiura	-0.0883	1.0069	3	306	1044	9	2014.333333
order	0.0262	0.0056	1	963	5232	53	2010.598046
ordination	0.4703	-0.1003	1	316	956	8	2011.275362
organic carbon	-0.8751	0.7121	3	658	4194	34	2012.96863
organic matter	-0.7207	0.7387	3	691	4276	38	2012.485771
organisms	-0.0082	0.2951	3	827	4148	38	2012.67134
origin	-0.7058	0.099	2	449	1516	16	2010.187679
oscillating control hypothesis	0.6524	-0.5358	1	307	1158	8	2008.5
oscillation	-0.15	-0.7636	2	652	3114	26	2010.801829
otolith growth	0.78	-0.3733	1	348	1372	16	2013.9375
otolith microstructure	0.9168	-0.5012	1	212	730	10	2007.6
otoliths	0.8216	-0.3136	1	541	2960	35	2010.355556
outer shelf	-0.4716	-0.2317	2	922	6288	56	2011.282209
outflow	-0.9871	-0.279	2	329	1056	10	2008.807601
overlap	0.6056	0.0187	1	746	3712	32	2012.007874
overwinter	1.0951	0.1651	1	261	894	8	2011.294118
overwinter survival	1.0642	0.1515	1	260	862	7	2011.444444
oxygen	-0.6556	0.3126	2	754	4036	38	2009.83871
oxygen isotopes	-0.522	0.2044	2	282	900	8	2009.387435
pacific	-0.0323	-0.0568	2	1625	34732	315	2010.950879
pacific arctic	-0.6047	0.4334	3	913	6230	50	2014.617188
pacific arctic region	-0.7587	0.3445	3	442	1668	13	2016.470588
pacific cod	1.1032	-0.1187	1	852	6690	58	2011.621212
pacific cod gadus macrocephalus	1.1637	-0.1237	1	678	4396	39	2012.463415
pacific decadal	-0.2648	-0.7896	2	444	1722	13	2012.792717
pacific decadal oscillation	-0.2646	-0.7886	2	444	1722	13	2012.919403
pacific halibut	1.0557	-0.2349	1	485	2292	19	2009.928571
pacific herring	1.0485	0.4293	1	473	2080	17	2009.2
pacific ocean	-0.0313	-0.4158	2	836	4426	40	2010.089431
pacific ocean perch	1.033	-0.3569	1	277	938	7	2014.8
pacific sand lance	0.8005	0.4256	1	352	1320	12	2011.375
pacific walrus	-0.3464	0.8145	3	281	938	8	2014.777778
pacific water	-1.2508	-0.1527	2	513	2706	26	2010.575949
pacific winter water	-1.2659	-0.0957	2	262	966	9	2015.32
pack	-0.7965	0.3632	2	347	1172	13	2009.298805
pack ice	-0.7015	0.3234	2	434	1582	17	2008.853081
pallasii	0.8571	0.5771	1	360	1268	9	2014.857143
panel	0.0073	-0.8414	1	258	766	7	2011.552419
par	-1.1645	-0.1281	2	339	1100	8	2013.039216
parameters	0.0368	-0.0076	3	1042	6306	63	2010.962104
part	-0.2744	0.1952	2	1285	11608	118	2010.410034
particles	-0.6765	-0.009	2	465	1724	16	2011.108822
particulate	-0.8569	0.7769	3	514	2752	25	2012
particulate carbon	-0.9462	0.6808	3	368	1396	11	2012.166667
particulate matter	-0.7851	0.9024	3	334	1428	13	2012.141264
particulate organic	-0.8944	0.8161	3	493	2530	21	2012.208791
particulate organic carbon	-1.0399	0.6794	3	390	1560	12	2012.516854
particulate organic matter	-0.7612	0.949	3	290	1178	10	2011.806122
partitioning	0.2061	0.5301	3	359	1124	10	2012.216749
past	0.2213	0.2834	1	318	892	8	2012.316703
patches	0.462	-0.2101	4	445	1778	19	2011.337979
patchiness	0.5864	-0.35	1	308	988	9	2010.375
pathways	-0.7271	0.0133	2	761	4116	38	2013.213274
patterns	0.0621	-0.1839	1	1611	31486	290	2011.236066
pelagic	0.0897	0.2604	4	978	5884	49	2011.982143
pelagic ecosystem	0.0754	-0.1431	4	549	2108	15	2011.277778
pelagic environment	0.6635	-0.0808	1	310	928	7	2012
pelagic fish	0.0792	0.3476	4	563	2168	18	2011.081081
penetration	-1.0031	0.3163	2	366	1234	10	2009.4875
peninsula	0.3247	-0.3296	1	679	3452	32	2011.596904
perch	1.0448	-0.327	1	302	1014	8	2013.333333
performance	0.4803	-0.3217	1	450	1496	16	2013.489921
period	-0.0897	-0.184	2	1535	23216	219	2011.210316
persistence	-0.6286	0.1843	3	610	2562	22	2012.073254
perspective	0.5036	-0.4245	1	477	1642	16	2012.901235
perturbations	0.2506	-0.6824	1	317	928	9	2010.583086
phase	0.0627	-0.5266	1	683	3138	28	2011.300144
phenology	0.1854	0.0875	3	455	1694	15	2014.085938
phosphate	-1.1853	-0.1877	2	305	1056	11	2010.048128
photosynthesis	-1.268	0.1891	2	273	956	10	2012.442424
physical	-0.306	-0.1501	2	550	2196	20	2009.0625
physical conditions	-0.1568	0.0601	2	367	1116	10	2011.75
physical environment	-0.0317	-0.0833	3	538	2196	19	2010.739726
physical oceanography	0.2597	-0.7637	1	346	1246	11	2007.84507
physical processes	-0.7771	-0.4279	2	359	1152	11	2012.057576
physics	-0.6352	-0.193	2	416	1442	14	2011.674359
phytoplankton	-0.912	0.152	2	1211	15990	146	2012.529026
phytoplankton abundance	-0.9738	0.3779	2	228	774	7	2013.363636
phytoplankton biomass	-0.9557	0.1196	2	588	2918	26	2013.33125
phytoplankton bloom	-0.886	-0.0212	2	887	6756	58	2012.516129
phytoplankton community	-1.0342	0.5022	2	515	2876	24	2014.607595
phytoplankton community structure	-1.0881	0.5267	2	298	1238	10	2014.384615
phytoplankton dynamics	-1.035	-0.0394	2	250	756	7	2013.8
phytoplankton growth	-1.1277	0.0092	2	404	1620	14	2011.444444
phytoplankton production	-0.7775	0.381	2	372	1292	12	2009.969231
phytoplankton productivity	-1.1457	0.1557	2	273	952	9	2013.904762
pigments	-0.8061	0.5729	2	418	1644	16	2012.420814
pinnipeds	-0.089	0.4669	3	281	794	7	2011.8125
place	0.0935	-0.136	4	614	2534	24	2009.958042
plaice	1.0637	-0.2221	1	425	1854	21	2004.809524
plankton	-0.0959	0.0913	4	949	6166	55	2010.853821
plankton communities	-0.0612	0.4944	4	274	800	7	2013.029412
planning	-0.1811	0.2032	3	357	1084	9	2013.468421
pleuronectes	1.1143	-0.2218	1	435	1950	20	2004.619048
pleuronectidae	0.8605	0.3845	1	294	866	8	2011.7
plume	-0.2191	0.5405	3	421	1706	17	2009.9
polar	0.1969	0.7326	3	583	2776	29	2011.082686
polar cod	0.4244	0.6942	3	699	4320	46	2013.42
polar cod boreogadus saida	0.3544	0.8281	3	191	554	7	2009.714286
poleward	-0.3098	-0.0584	2	284	774	7	2010.827273
pollock	0.8631	-0.3366	1	1345	27698	265	2006.729825
pollock eggs	1.0614	-0.4741	1	290	1218	14	2002.5
pollock fishery	0.3429	-0.771	1	231	696	7	2011.888889
pollock larvae	0.597	-0.691	1	463	2490	28	1999.892857
polychaetes	-0.052	0.8983	3	485	2146	17	2012.851064
polynya	-0.8561	0.0938	2	597	3028	26	2008.42
ponds	-0.6136	0.3936	2	209	592	7	2013.328622
population	0.4737	-0.052	1	1493	23454	222	2011.362024
population abundance	0.9046	-0.2325	1	261	822	8	2011
population density	0.7044	-0.4406	1	274	870	8	2010.9
population dynamics	0.8623	-0.3484	1	540	2554	24	2011.758929
population size	0.6721	-0.555	1	268	810	8	2010.705882
population structure	0.1436	0.4775	3	341	996	9	2011.321429
population trends	0.5243	-0.5826	4	261	726	7	2010.4375
porcupine bank	0.3576	-0.4232	1	172	556	7	2001.181818
position	-0.4224	-0.176	2	627	2676	23	2010.689373
potential	0.4989	-0.0747	1	888	4748	43	2012.784435
predation	0.9188	-0.1581	1	1012	8364	76	2008.722222
predation mortality	1.1638	-0.563	1	379	1596	13	2005.8
predation rates	1.1818	-0.0295	1	260	736	7	2001.666667
predation risk	1.1412	0.1516	1	279	860	7	2012.272727
predator-prey	0.8992	-0.1835	1	615	2984	27	2010.960784
predator-prey interactions	0.8866	-0.1108	1	358	1276	12	2011.652174
predators	0.5861	0.1752	1	1306	16130	143	2010.345515
predatory	0.4325	0.4329	3	305	824	8	2011.481481
prediction	0.3053	-0.3764	1	776	3638	36	2012.073267
predictors	0.5972	-0.3767	1	300	874	8	2013.270142
preference	0.7694	0.345	1	611	2678	26	2012.214286
preflexion larvae	1.0637	-0.5379	1	244	794	7	2012.142857
present	-0.1274	0.0308	2	355	996	9	2011.176606
pressure	-0.5649	-0.4971	2	846	4626	42	2010.477108
pressure gradient	-1.1447	-0.5923	2	243	836	8	2009.674797
prey	0.5913	0.2262	1	1427	23852	219	2009.116992
prey abundance	0.8457	-0.2314	1	450	1548	15	2007.714286
prey availability	0.6364	0.223	1	709	3370	30	2010
prey biomass	0.1266	0.391	4	335	1054	9	2010.866667
prey density	0.8827	-0.086	1	425	1456	13	2005.666667
prey distribution	0.5027	0.2242	4	337	1028	9	2008.4
prey fish	0.6983	0.086	4	372	1110	8	2008.636364
prey items	0.456	0.4053	3	550	2108	17	2010.970588
prey quality	1.0384	0.037	1	320	1074	10	2013.307692
prey selection	0.9045	0.2356	1	348	1252	13	2005.933333
prey size	0.9781	0.368	1	312	1116	11	2005.923077
prey species	0.8008	0.0503	1	503	2006	19	2009.090909
prey taxa	0.2556	0.828	3	285	826	7	2011.25
prey type	0.8135	0.3752	4	299	942	8	2010.727273
pribilof canyon	-0.5025	-0.7991	2	201	638	8	2005.5
pribilof islands	0.247	-0.4943	4	873	6798	65	2006.030303
primary	-0.5177	0.1982	3	554	2064	20	2011.961353
primary producers	-0.2207	0.2158	4	424	1462	10	2014.795455
primary production	-0.8065	0.2017	2	1107	10766	94	2012.113402
primary productivity	-0.9549	0.0824	2	728	4098	35	2013.138889
primitive equation	-0.4372	-1.002	2	216	712	7	2002.795276
prince william sound	0.8807	0.3204	1	296	874	9	2009.176471
principal component analysis	0.5754	-0.1134	4	269	746	7	2010.580645
principal components	0.2604	-0.3785	4	330	992	9	2010.402597
probability	0.0974	-0.0471	1	478	1606	16	2011.876866
processes	-0.2193	-0.2116	2	1421	15966	147	2011.967406
production	-0.4497	0.2379	2	1491	24030	222	2011.637878
production model	-0.1017	-0.4189	1	306	862	7	2011.558824
production rates	-0.6578	0.4651	3	312	1040	11	2011.385714
productivity	-0.4715	0.0694	2	1349	15422	133	2012.484007
profiler	-1.0297	-0.3407	2	316	1134	12	2008.733083
profiles	-0.7594	0.0088	2	744	3506	33	2010.526606
progress	-0.0783	-0.3175	4	419	1438	11	2012.411765
project	-0.2221	0.2885	3	652	2618	27	2012.453668
projection	0.1619	-0.6789	1	510	2178	20	2014.197635
properties	-0.4329	-0.315	2	954	6234	62	2011.071907
proportion	0.3089	0.3784	1	846	4620	43	2011.055556
protein	1.0366	0.0844	1	230	710	9	2012.85274
proximity	0.0431	-0.0745	4	430	1434	15	2011.075099
proxy	0.4598	0.1201	1	610	2440	22	2013.127907
pseudocalanus	0.2168	0.5534	4	430	1830	18	2009.625
pseudocalanus spp	0.1116	0.6227	4	329	1212	12	2009.117647
puffins	0.3875	-0.41	4	285	890	7	2010.428571
puffinus tenuirostris	-0.1889	-0.1889	4	327	1298	13	2004.928571
pulses	0.0454	-0.2415	1	331	898	9	2011.138996
pycnocline	-0.9608	-0.103	2	429	1594	15	2007.93125
quality	0.5587	0.3502	1	790	4104	39	2012.741898
quantification	-0.7774	-0.2448	2	290	804	7	2013.40625
radar	-0.7891	-0.6295	2	235	698	8	2011.711931
radiation	-1.0144	-0.3989	2	383	1404	13	2011.331925
range	0.2803	0.0429	1	1336	12904	125	2011.410547
rates	0.2816	0.0175	1	1356	17096	170	2011.494306
ratio	-0.0542	0.3618	3	982	6592	67	2010.925387
ration	1.1607	-0.0804	1	322	1168	11	2005.380952
reanalysis	-1.0374	-0.5887	2	491	2660	24	2012.860412
reanalysis fields	-1.3592	-0.4092	2	244	844	7	2014.451613
recent	-0.5075	0.0168	2	674	2818	26	2011.804991
reconstruction	-0.841	-0.5101	2	252	848	9	2012.728025
record	-0.5491	-0.3468	2	525	2066	22	2011.508365
recovery	0.3484	-0.0944	1	397	1260	13	2012.7654
recruitment	0.8147	-0.4597	1	1173	14558	131	2009.700704
recruitment age	0.8734	-0.415	1	266	820	7	2012.777778
recruitment success	0.7364	-0.59	1	399	1416	11	2009.375
redistribution	-0.1144	0.2308	3	367	1042	9	2011.996795
reduction	-0.2178	0.1339	3	781	3634	35	2012.202875
refuge	0.5123	0.0801	4	419	1294	11	2009.78
regime	-0.1334	-0.2175	2	1107	7838	70	2010.768478
regime shifts	0.5173	-0.6015	1	511	2332	22	2009.757062
region	-0.3477	0.0213	2	1652	39806	367	2011.608772
regional	-0.4807	-0.1414	2	378	1210	11	2012.480198
regional differences	-0.0425	0.3243	4	531	2086	18	2012.228758
regression	0.3419	-0.315	1	717	3632	41	2011.924945
regression analysis	0.6445	-0.4709	1	201	546	7	2012.005714
regulation	0.579	-0.5505	1	342	1000	9	2011.631579
reinhardtius	1.2921	-0.3333	1	239	790	7	2008.1
reinhardtius hippoglossoides	1.2919	-0.3346	1	239	790	7	2008.1
relationship	0.386	-0.118	1	1447	18614	174	2011.52721
relative abundance	0.6779	0.2909	1	545	2288	21	2013.82
relative importance	-0.0613	-0.0576	4	492	1698	16	2010.879562
release	-0.4592	0.0976	2	361	1144	11	2012.712924
remineralization	-1.0122	0.5041	2	329	1142	11	2012.768421
remote	-0.8921	-0.3712	2	308	934	8	2012.899032
remote sensing	-1.0528	-0.3803	2	299	986	9	2012.958159
representation	-0.6544	-0.1728	3	258	760	7	2013.246886
reproduction	0.5304	0.0513	1	557	2256	22	2010.931818
reproductive success	0.4116	-0.4918	4	328	1038	9	2012.555556
requirements	0.3852	-0.0173	1	358	1120	11	2011.322368
res	-0.7942	-0.0821	2	260	716	9	2010.48537
research	0.0992	-0.0797	1	1296	12160	120	2012.25614
reserves	0.9758	0.0735	1	452	1916	16	2012.715328
residence	0.192	0.1983	1	499	1786	17	2010.135762
resilience	0.6296	0.0344	1	445	1500	12	2014.867816
resolution	-0.5552	-0.3682	2	740	3544	30	2011.918993
resources	0.2026	0.36	3	1152	8380	76	2013.251701
respiration	-0.9189	0.3809	2	340	1126	11	2013.448352
response	0.1165	-0.0752	1	1360	14018	126	2012.161066
retention	0.3753	-0.5734	1	462	1906	20	2011.192053
retreat	-0.6616	0.0995	2	1071	9012	71	2012.69985
retrospective analysis	-0.2129	-0.4842	2	339	1014	8	2014.914894
reversal	-0.5312	-0.8377	2	241	700	7	2011.354497
richness	0.2247	0.5635	3	500	2050	17	2013.813953
ridge	-0.9378	-0.9089	2	175	608	8	2008.953586
risk	1.0273	0.0774	1	409	1420	13	2014.229167
rissa	0.595	-0.3262	4	479	2338	19	2011.826087
rissa tridactyla	0.596	-0.3187	4	418	1926	16	2012.526316
river	-0.2783	0.4703	3	686	3470	35	2011.920886
river discharge	-0.914	0.1337	2	238	694	7	2011.398406
river plume	0.0654	0.6977	3	234	924	9	2011.19697
rna	1.1173	0.016	1	194	602	7	2012.641379
rna/dna	1.067	0.081	1	224	732	9	2007.4
rock sole	1.0467	-0.3013	1	653	4410	40	2009.926829
rocks	1.0135	-0.235	1	697	4714	43	2010.835085
role	-0.1915	-0.0047	2	1196	9378	92	2012.568357
roms	-0.8432	-0.7938	2	262	876	7	2013.574468
runoff	-0.6114	-0.0022	2	501	1776	17	2012.212743
rusalca	-0.9606	0.7264	3	259	918	10	2013.071429
russia	-0.4851	0.4646	3	304	854	9	2012.192015
saffron cod	0.8527	0.5918	1	466	1934	15	2015
saline water	-0.1766	0.2641	2	364	1212	12	2007.471074
salinity	-0.625	-0.0015	2	1289	14836	136	2009.248247
salmon	0.5773	0.2311	1	490	1820	17	2009.740525
salt	-0.9252	-0.6313	2	267	790	7	2008.72546
samalga pass	-0.3556	-0.5389	4	270	888	8	2008.7
sample	0.6671	0.1844	4	377	1104	9	2011.599617
sampling	0.2872	0.2354	1	1006	6502	63	2012.100775
sand	0.5927	0.4231	1	812	4752	44	2010.211726
sand lance	0.681	0.4009	1	614	3152	28	2007.59375
satellite	-1.0072	-0.4289	2	666	3810	36	2011.755822
satellite data	-1.0573	-0.2837	2	339	1176	11	2011.686028
satellite imagery	-0.8923	-0.143	2	234	668	7	2012.772222
satellite observations	-1.1925	-0.2622	2	306	962	9	2012.973832
saturation	-1.0322	0.2192	2	324	1154	12	2011.875
saturation state	-1.2474	0.2176	2	193	686	7	2013.78022
scale	-0.083	-0.1378	2	1306	11986	108	2011.804989
scaling	0.0801	0.6803	3	425	1524	12	2011.411765
scattering	0.007	-0.3192	4	215	586	7	2010.183486
scenarios	0.0883	-0.4417	1	785	3956	35	2012.882212
school	0.7424	0.0864	1	365	1216	12	2008
schooling	0.7929	0.2376	1	241	800	9	1999.666667
science	0.2991	-0.3622	1	983	6854	68	2005.441336
sculpin	0.7506	0.658	1	482	2006	19	2008.130435
se	-0.4568	-0.209	4	254	642	7	2011.945205
sea	-0.2577	-0.047	2	1693	90928	922	2010.929745
sea bottom	0.6927	-0.3035	1	296	884	7	2005.488636
sea floor	-0.1836	0.6268	3	276	740	7	2010.099237
sea ice	-0.6587	0.2239	2	1471	28686	245	2012.341204
sea ice algae	-0.5454	0.7128	3	288	938	8	2015.193548
sea ice area	-0.871	-0.7066	2	246	812	7	2013.829787
sea ice concentration	-0.9908	0.0864	2	467	1956	17	2014.074
sea ice conditions	-0.6931	0.0868	2	467	1686	14	2012.497942
sea ice cover	-0.944	0.1864	2	694	3538	29	2012.742173
sea ice coverage	-0.8566	-0.0335	2	365	1138	10	2013.327586
sea ice dynamics	-1.0346	0.3105	2	285	828	7	2013.672727
sea ice extent	-0.7385	-0.0656	2	693	3740	31	2013.195775
sea ice formation	-0.8564	-0.0128	2	317	1080	7	2011.537037
sea ice loss	-0.3842	0.3707	3	469	1834	15	2015.52349
sea ice model	-0.9691	-0.5329	2	401	1756	13	2011.770171
sea ice production	-0.7737	0.6149	3	279	924	8	2013.069307
sea ice retreat	-0.8726	0.3168	2	728	4100	32	2014.660606
sea ice surface	-1.1549	-0.1487	2	264	794	7	2012.084967
sea level	-0.5958	-0.7551	2	452	1862	19	2011.153319
sea level pressure	-0.554	-0.77	2	274	898	8	2009.567201
sea lions	0.3681	-0.5859	4	341	1122	10	2006.8
sea surface	-0.3705	-0.5789	2	1172	10748	99	2011.29989
sea surface height	-1.071	-0.7615	2	368	1850	18	2010.567114
sea surface temperature	-0.1316	-0.5442	2	1033	8026	73	2011.542882
sea temperatures	-0.0812	-0.4597	3	419	1446	13	2009.267241
sea water	-0.6468	0.2008	2	692	3692	35	2008.442735
seabed	-0.2311	0.6051	3	295	766	8	2011.466667
seabird communities	-0.0317	-0.2323	4	268	820	7	2015.857143
seabird distribution	-0.0167	-0.1496	4	361	1310	12	2011.461538
seabirds	0.0823	-0.0124	4	989	8436	72	2010.981707
seafloor	-0.4113	0.4518	3	589	2312	19	2012.700565
seals	0.2194	0.203	4	746	3910	33	2012.111111
season	-0.1784	-0.045	2	1476	18890	182	2012.178114
seasonal cycle	-0.8899	-0.5858	2	504	2388	21	2011.135957
seasonal ice	-0.6317	0.1577	3	572	2490	19	2012.547486
seasonal pattern	-0.0119	-0.4799	4	358	1188	11	2011.586207
seasonal sea ice	-0.7947	0.2905	2	754	4240	30	2014.051471
seasonal variability	-0.7596	-0.2748	2	533	1974	17	2011.582043
seasonal variation	-0.5072	0.1054	2	550	2018	19	2011.013917
seawater	-0.8325	0.3492	2	553	2308	19	2011.626116
seawater temperature	-0.3736	0.362	3	456	1600	13	2012.206349
seawifs	-1.0033	-0.539	2	306	1112	10	2008.102273
sebastes	0.8901	-0.3403	1	368	1362	11	2012.705882
secondary production	-0.3663	0.4453	3	484	1838	16	2009.378378
sections	-1.1017	-0.4579	2	264	878	11	2007.846599
sediment cores	-0.9086	0.4475	2	241	742	8	2012.336207
sediment grain size	-0.2002	0.8656	3	417	1568	11	2013.173913
sediment organic matter	-0.5202	0.9089	3	306	1014	8	2013.2
sediment type	0.2815	0.5776	3	334	1058	10	2012.086957
sedimentation	-0.9133	0.6752	3	310	1120	11	2009.867797
sediments	-0.4936	0.6636	3	992	8882	83	2011.206075
segregation	0.464	0.2611	1	319	844	7	2010.484848
seine	0.9438	0.4509	1	232	706	7	2009
selection	0.797	0.1362	1	726	3806	40	2012.335938
selective mortality	1.3407	-0.2916	1	194	632	7	2009.384615
selectivity	1.1548	0.0265	1	295	942	10	2010.717949
sensing	-0.8865	-0.3058	2	310	910	7	2012.945017
sensitivity	0.3693	-0.4969	1	717	3580	32	2012.152936
sensitivity analysis	0.2363	-0.7946	1	311	1008	11	2013.137681
sensors	-0.9524	-0.329	2	449	1664	14	2011.517949
separation	0.2915	0.0639	1	462	1554	14	2009.887195
sequence	-0.0607	-0.3741	2	271	750	8	2012.290017
series	-0.0139	-0.3982	2	1200	9612	91	2010.601012
service	0.7531	-0.3489	1	328	1104	10	2013.140288
settlement	0.8411	-0.1744	1	568	2602	23	2011.937107
sex	0.7456	0.1272	1	222	584	7	2008.45
shallow water	0.4477	0.3337	1	558	2248	23	2010.653846
shearwaters	-0.1869	-0.2105	4	444	2110	21	2008.115385
shelf	-0.4359	-0.0197	2	1638	47596	437	2010.587376
shelf domain	-0.5457	-0.2521	2	525	2304	20	2009.24
shelf edge	-0.656	-0.5647	2	443	1646	16	2008.781513
shelf seas	-0.6719	0.0438	2	509	2108	18	2011.734043
shelf slope	-0.1174	-0.0162	4	960	5952	48	2009.940928
shelf waters	-0.7797	0.1022	2	888	6132	55	2009.09329
shelf-break	-0.6416	-0.3376	2	894	5360	50	2009.840909
shelfbreak	-1.3069	-0.277	2	295	1134	11	2011.865385
shelikof strait	0.4947	-0.7792	1	641	4466	52	1999.810345
shelves	-0.7421	0.3315	2	932	6060	54	2011.760377
shift	0.2954	0.0467	1	1410	17060	151	2012.333333
shipboard	-1.3434	-0.1289	2	312	1222	11	2011.378049
shoals	-1.0147	0.2203	2	581	2830	25	2009.835821
shore	-0.0225	0.162	3	553	2050	17	2010.122222
short-tailed shearwater	-0.0461	-0.2277	4	223	730	8	2006.444444
short-term	-0.3689	0.1097	3	481	1660	15	2012.055432
shrimp	0.9804	0.3642	1	305	974	10	2006.117647
siberian	-1.0089	-0.2484	2	619	3266	29	2012.301282
signal	-0.4648	0.0542	2	653	2714	26	2011.038817
signatures	-0.1183	0.8302	3	272	778	8	2011.86758
significance	0.2556	-0.2084	1	318	964	11	2011.019928
silicate	-1.0131	-0.1101	2	373	1210	9	2008.463158
similarity	0.2034	0.2184	3	567	2186	18	2011.516971
simulations	-0.1021	-0.7176	2	904	6286	58	2012.277903
sink	-0.9111	0.2008	2	285	872	10	2013.060748
sites	0.0588	0.1638	3	1239	10460	101	2011.507274
size	0.6717	0.1429	1	1466	23068	219	2010.965923
size classes	0.4877	0.3225	1	506	1830	17	2012.517241
size composition	0.372	0.0565	4	287	804	7	2010.444444
size dependent	1.0632	-0.0845	1	322	1142	11	2010.857143
size distribution	0.3767	0.2631	1	370	1204	12	2010.853862
size structure	-0.1256	0.1799	3	373	1216	10	2012.451613
size-at-age	1.2174	-0.0938	1	207	632	7	2015.875
slope	-0.4787	-0.3519	2	1307	15114	141	2010.341082
slope current	-1.0196	-0.753	2	531	3356	34	2011.257143
slope waters	0.2207	-0.1752	1	359	1120	10	2009.357143
small copepods	0.7014	0.3097	4	262	826	7	2006.071429
small-scale	0.543	0.1376	4	444	1460	15	2011.469512
snow crab	0.1305	0.964	3	331	1096	9	2011.5
society	0.7941	-0.1451	1	502	1796	22	2010.520354
sole	1.0121	-0.2845	1	808	6442	61	2009.101449
somatic growth	0.9483	0.011	1	313	986	9	2011.692308
sound	0.5516	0.2833	1	607	2430	26	2009.438406
source	-0.3033	0.0171	2	1186	9376	95	2011.544715
south	-0.5958	-0.2756	2	1150	9406	86	2009.816077
southeast bering sea	0.3107	-0.1462	4	508	2136	20	2007.24
southeastern bering sea	-0.1389	-0.4964	4	401	1406	13	2009.214286
southern	-0.1208	-0.7111	2	307	918	9	2011.247603
southwest	-0.2954	-0.5109	2	450	1462	13	2010.224324
space	0.4199	-0.1881	1	651	2852	26	2011.281958
spatial	0.0622	0.4367	3	1003	6580	55	2011.877747
spatial distribution	0.3253	-0.0338	1	1014	7786	71	2012.602028
spatial extent	0	-0.0148	3	295	834	8	2012.475806
spatial overlap	0.9339	-0.7132	1	313	1114	9	2012.461538
spatial patterns	0.0765	-0.0319	3	840	4438	38	2012.024523
spatial resolution	-0.4589	-0.0524	2	356	1026	8	2012.877034
spatial scales	0.1422	0.1634	3	769	3490	32	2012.42723
spatial structure	-0.2834	-0.3286	3	477	1660	14	2010.597156
spatial trends	0.0326	0.2911	3	347	970	7	2011.969697
spatial variability	-0.2983	0.3857	3	707	3184	27	2011.858628
spatial variation	-0.1344	0.4869	3	591	2476	21	2011.835735
spawning	0.8678	-0.4089	1	836	6424	67	2008.291262
spawning season	0.7542	-0.1444	1	287	900	9	2004.909091
species	0.4439	0.22	1	1620	46716	440	2011.629341
species abundance	0.2038	0.0466	1	543	2196	17	2012.15625
species age	0.9156	0.1897	4	290	882	8	2011.5
species assemblages	0.1774	0.6678	3	537	2294	19	2012.928571
species composition	0.0235	0.5314	3	888	5612	45	2011.337662
species differences	0.7063	0.4904	1	325	936	10	2012.414634
species distribution	0.6338	-0.0713	1	574	2582	24	2013.282486
species distribution models	0.7179	-0.373	1	216	726	7	2015.268293
species diversity	0.0015	0.5205	3	436	1824	16	2011.076923
species range	0.5225	0.267	1	305	926	8	2011.666667
species responses	0.5808	0.1117	1	307	942	9	2014.096154
species richness	0.2007	0.4898	3	526	2174	17	2013.089796
specimens	0.4774	0.2137	1	396	1344	17	2012.251232
spectrum	0.4553	-0.2963	1	250	730	7	2010.348901
speed	-0.4769	-0.3723	2	734	3618	37	2010.795455
spots	0.102	-0.0524	4	278	776	7	2012.598985
spring	-0.3915	-0.0858	2	1512	24268	222	2011.445356
spring bloom	-0.6524	-0.0739	2	849	5342	44	2011.73913
spring phytoplankton	-0.8263	-0.3155	2	533	2430	20	2012.440678
spring phytoplankton bloom	-0.8204	-0.2693	2	501	2182	18	2013
spring sea ice	-0.6175	0.4315	3	414	1518	12	2014.035714
squid	0.7691	-0.2309	4	330	1216	10	2008.282051
st lawrence island	-0.8137	0.3718	2	604	2858	24	2008.4
st paul island	0.0487	-0.541	4	412	1562	14	2006.647059
stability	-0.1311	-0.3206	4	502	1738	16	2011.601934
stable carbon	-0.6101	1.0867	3	198	762	7	2011.428571
stable carbon isotopes	-0.6317	1.0489	3	230	968	9	2011.747664
stable isotopes	-0.1411	0.8046	3	571	2614	22	2012.393939
stage	0.7208	-0.2198	1	1252	15260	147	2011.432692
standard	0.5178	-0.0025	1	534	2066	19	2011.405751
standard length	0.9711	-0.0036	1	489	2354	23	2007.48
star	0.0515	0.8711	3	351	1246	12	2012.340426
starvation	1.0188	-0.0272	1	409	1662	18	2008.575758
state	-0.5253	-0.2179	2	658	2828	25	2012.176355
stations	-0.1216	0.5742	3	1090	8290	78	2010.728667
statistical model	1.0508	-0.6142	1	264	842	8	2011.85
statistics	0.1419	-0.8452	1	259	758	8	2010.724252
status	0.4584	0.2988	1	634	2746	23	2011.737569
steller sea lion	0.4094	-0.6344	4	324	1028	9	2005.666667
stock	0.6441	-0.4569	1	1114	10806	105	2011.522491
stock assessment	0.8958	-0.6572	1	479	2530	23	2010.825
stock biomass	0.8954	-0.5647	1	331	1240	12	2010.8
stock size	1.0552	-0.6976	1	234	852	8	2007.388889
stock-recruitment	0.9666	-0.6793	1	264	880	8	2009.04
stomach	0.851	0.2048	1	837	5324	50	2008.825581
stomach contents	0.9299	0.2997	1	621	3268	32	2009.135593
storage	0.9116	0.204	1	485	2154	17	2013.435429
storm	-0.7034	-0.4414	2	620	2976	28	2010.368357
strait	-0.5809	-0.3715	2	1315	16540	166	2008.864542
strategies	0.73	-0.12	1	900	5182	50	2013.49449
stratification	-0.7612	-0.1802	2	1027	7932	70	2010.765734
stream	-0.6954	-0.8101	2	633	3872	43	2011.208251
strength	0.034	-0.6647	2	1000	7570	71	2011.147674
stress	-0.7243	-0.3967	2	747	3816	36	2010.771906
structure	-0.3207	0.1253	3	1496	22902	208	2010.587788
subarctic	-0.0883	0.0093	2	493	1736	16	2012.483254
subsistence	-0.0081	0.228	4	395	1354	13	2013.259259
substrate	0.7876	0.2556	1	405	1346	13	2012.694517
subsurface	-0.8706	-0.2192	2	790	4476	44	2011.621895
subsurface chlorophyll	-1.1885	0.4953	2	240	802	7	2014.25
succession	-0.5423	0.5437	2	326	1034	10	2012.128814
suitability	1.1176	-0.2977	1	312	1018	9	2012.969697
suitable habitat	1.0722	-0.0779	1	301	878	7	2014.057143
summer	-0.3929	0.0194	2	1627	36688	339	2011.747886
summertime	-1.2724	-0.1889	2	295	1030	12	2011.985294
supply	-0.6172	0.219	2	764	4004	36	2011.339312
support	0.0523	0.1708	3	853	4456	39	2012.160714
surface	-0.5723	-0.1582	2	1565	29938	279	2011.274886
surface air	-0.7997	-0.8103	2	298	1222	10	2012.202151
surface air temperature	-0.7988	-0.8105	2	298	1222	10	2012.177381
surface area	0.0361	0.1247	3	224	644	7	2011.96
surface currents	-0.2743	-0.863	2	368	1298	12	2010.982456
surface height	-1.055	-0.7862	2	355	1726	17	2010.910364
surface layer	-0.918	0.1351	2	492	1932	20	2009.563452
surface sediments	-0.734	0.8043	3	500	2464	21	2010.917355
surface temperature	-0.1248	-0.5391	2	1045	8340	75	2011.552855
surface waters	-0.7314	-0.0302	2	938	6394	57	2010.917469
surface wind	-0.8177	-0.5231	2	336	1160	11	2010.352381
survey	0.2584	-0.1219	1	1498	23308	223	2010.854962
survey data	0.6655	-0.3001	1	668	3466	32	2011.283784
survival	0.9517	-0.2567	1	1048	10380	95	2011.249489
survival rates	1.0182	-0.4804	1	270	808	7	2008.853659
svalbard	0.5719	0.5671	1	225	696	9	2012.982836
swimming	1.0063	0.0711	1	255	866	10	2009
switch	1.0452	-0.0586	1	260	738	7	2012
synchrony	0.8373	-0.6168	1	271	838	7	2011.365854
synthesis	0.2675	-0.043	1	757	3606	29	2012.494924
system	-0.4928	-0.1696	2	1281	11660	111	2012.244703
tags	0.4715	0.0719	1	239	674	8	2012.32
taxon	0.4676	0.4041	4	440	1476	13	2012.46
taxonomic composition	-0.4797	0.6504	3	420	1592	14	2013.044776
techniques	7e-04	-0.15	1	895	5056	52	2010.995925
temperature	0.0862	-0.1802	1	1662	45446	414	2011.477652
temperature changes	-0.1076	-0.0343	3	338	1038	10	2012.055092
temperature data	-0.0869	-0.1992	2	287	804	7	2009.906752
temperature dependence	1.1843	0.0401	1	213	644	7	2010.130435
temperature effect	1.1995	-0.2398	1	247	852	9	2012.081633
temporal	-0.0454	-0.0574	3	551	2038	20	2010.883534
temporal changes	-0.2754	-0.0391	2	272	748	7	2011.742138
temporal patterns	0.5732	-0.1486	1	388	1294	10	2011.927711
temporal variability	-0.5246	0.0349	2	720	3268	29	2011.288462
temporal variations	0.2321	0.1785	3	630	2686	23	2011.722063
terms	0.054	-0.2486	1	863	4460	42	2011.105954
thalassiosira	-0.9499	0.4998	2	291	1126	9	2013.52381
the bering sea	-0.928	-0.5466	2	337	1198	16	1996.615385
themisto	0.5866	0.8005	4	232	768	8	2008.666667
theory	-0.0521	-0.3294	2	436	1346	14	2009.714706
theragra	0.9369	-0.366	1	1158	16976	170	2004.107955
theragra chalcogramma	0.9288	-0.3882	1	1162	17456	179	2003.572973
thermal conditions	0.8622	-0.1627	1	342	1022	10	2011.526316
thermal sensitivity	1.214	0.1333	1	234	792	7	2014.272727
thermocline	-0.2533	0.0765	4	564	2530	26	2007.472727
thermohaline	-0.4276	-0.3611	2	369	1262	12	2007.343511
thickness	-0.7833	0.3015	2	417	1316	9	2010.814467
three dimensional	-0.4006	-0.3973	2	355	1082	11	2009.329939
threshold	0.5727	-0.129	1	341	1030	10	2012.8
thysanoessa	0.4268	0.2973	4	553	2548	25	2008.264706
thysanoessa inermis	0.3818	-0.0878	4	296	910	10	2009.307692
thysanoessa raschii	0.3899	0.3759	4	346	1252	12	2007.769231
tidal	-0.7984	-0.7264	2	316	1308	16	2009.893939
tidal currents	-0.6034	-0.6198	2	330	1276	15	2008.020619
tidal fronts	0.0716	-0.4479	4	231	764	8	2004.25
tides	-0.5188	-0.6592	2	425	1632	15	2010.001852
time	-0.0444	-0.343	2	1596	27882	267	2011.191579
time scales	-0.7761	-0.476	2	627	2980	26	2011.351464
time-series analysis	0.0282	-0.5181	2	1107	8430	76	2010.95228
timing	-0.1208	-0.1337	2	1186	11038	97	2012.348348
tissue	0.4872	0.5476	1	422	1464	15	2011.777778
tl	0.6598	0.4975	1	280	828	9	2009.684211
tools	0.5275	-0.0662	1	448	1450	14	2013.795322
top down	0.6884	-0.3681	1	467	1906	14	2012.85
top predators	0.2433	0.4052	4	439	1626	15	2012.447368
top-down control	0.7287	-0.5335	1	331	1052	7	2010.428571
topography	-0.5543	-0.4819	2	534	2084	22	2010.120382
total length	0.9083	0.1175	1	396	1486	17	2010.25641
tracer	-1.1521	0.044	2	321	1242	14	2009.231405
track	-0.9275	-0.3958	2	413	1294	12	2010.190476
trade-off	0.8919	0.0741	1	398	1332	13	2013.210526
traits	0.8889	-0.0013	1	485	2008	20	2014.46
trajectories	0.115	-0.6351	1	472	1764	19	2011.384117
transect	-0.0132	0.1444	4	836	4504	42	2011.199708
transfer	0.1068	0.211	4	644	2778	24	2010.678679
transformation	-0.5465	0.1804	2	320	940	9	2011.951786
transition	-0.0413	-0.1258	4	884	4818	43	2011.648928
transition zone	-0.5392	-0.0692	4	274	770	7	2010.954545
transport	-0.5666	-0.6112	2	1250	14810	148	2010.537155
trawl	0.7546	0.3549	1	1020	9396	86	2010.189189
trawl catches	0.858	0.4417	1	374	1290	11	2008.842105
trawl surveys	0.7623	0.0107	1	813	6242	55	2010.984127
trawling	0.2826	0.7199	3	323	990	8	2010.0625
treatment	0.7859	0.0597	1	310	1078	14	2012.769355
trends	0.034	-0.0323	3	1358	13970	125	2012.269204
trophic	0.4796	0.6896	3	478	1918	19	2011.960784
trophic interactions	0.9692	-0.1108	1	404	1400	10	2013.454545
trophic levels	-0.122	0.5082	3	1110	9068	71	2012.898374
trough	0.2938	-0.1768	4	365	1194	10	2010.984962
turbulence	0.0185	-0.2946	1	351	1240	14	2009.838323
types	0.0232	0.3898	3	907	5056	47	2011.720352
uncertainty	0.2748	-0.4979	1	585	2316	19	2013.221957
under ice	-1.0319	0.2636	2	470	2290	22	2013.021739
under-ice blooms	-1.2733	0.3364	2	238	956	9	2015.75
united states	0.3723	0.2452	1	413	1324	11	2011.349593
upper layer	-1.2511	-0.2597	2	178	552	7	2007.07173
upper ocean	-0.9924	-0.5374	2	336	1152	9	2010.440079
upper trophic	-0.4361	0.5799	3	537	2226	16	2015.517241
uptake	-1.146	0.2634	2	377	1706	17	2012.895082
upwelling	-0.8085	-0.1564	2	720	3634	32	2010.661939
uria	0.5286	-0.398	4	464	2214	20	2009.5
uria lomvia	0.6409	-0.3121	4	323	1280	11	2010.4
usa	0.6018	-0.2741	1	710	3464	32	2010.335681
utility	0.4902	0.24	1	383	1156	12	2012.942222
utilization	-0.1877	0.2005	2	495	1748	16	2011.783251
validation	0.2944	-0.5016	1	415	1370	12	2012.727575
valley	-0.1995	-0.5057	2	400	1530	15	2011.024
values	-0.2005	0.3391	3	1279	11702	113	2010.746562
variability	-0.094	-0.2797	2	1636	38414	351	2011.545737
variance	0.4395	0.1484	1	579	2288	21	2010.046067
variations	0.0438	0.0362	1	1585	26934	250	2010.901917
vector	-0.3187	-0.1621	2	388	1132	10	2010.835404
velocity	-0.767	-0.6903	2	665	4058	43	2010.066944
velocity field	-0.678	-0.8435	2	286	1036	10	2009.17301
vertical	-0.449	-0.3817	2	451	1704	19	2009.544379
vertical distribution	0.3007	-0.0196	1	788	4440	44	2010.595331
vertical migration	0.5527	-0.3957	1	540	2400	21	2009.208333
vessel	-0.0679	-0.1019	4	313	914	9	2011.268293
virtual population analysis	1.1114	-0.6497	1	227	926	10	2004
volume	-0.741	-0.4195	2	745	3940	42	2010.936662
volume transport	-1.1508	-0.6773	2	373	1744	19	2009.307692
vulnerability	0.446	0.0655	1	514	1838	15	2013.925926
walleye	0.896	-0.3604	1	1286	23758	233	2005.971774
walleye pollock	0.8927	-0.332	1	1325	26184	252	2006.366667
walleye pollock larvae	0.8493	-0.5065	1	325	1484	19	1999.789474
walrus	-0.3216	0.7809	3	398	1544	14	2012.9
walruses	-0.4346	0.8307	3	413	1716	14	2014.4375
warm	-0.2397	-0.5419	4	547	2324	22	2011.29985
warm period	0.387	-0.6591	4	254	776	7	2011.509615
warming	-0.195	0.1776	3	1078	7124	63	2012.978577
water	-0.3294	0.0512	2	1686	64402	607	2010.775054
water circulation	-0.3303	0.0852	3	389	1226	11	2007.634146
water column	-0.5575	0.2414	2	1339	15796	141	2010.123234
water column structure	-1.1523	-0.2531	2	235	758	7	2010.884615
water depth	-0.5398	0.3656	3	585	2624	23	2011
water exchange	-0.7385	-0.0419	2	280	886	8	2010.149533
water ice	-0.7608	-0.0464	2	378	1180	10	2010.074941
water masses	-0.6661	0.3338	2	1162	11894	101	2009.047927
water properties	-0.8282	-0.5802	2	431	1732	18	2008.879167
water surface	-0.8665	0.1211	2	318	940	8	2010.707692
water temperature	0.3079	0.2472	1	1130	8972	80	2010.526448
wave	-0.3139	-0.4367	2	256	748	9	2010.934812
weather	-0.7562	-0.294	2	417	1560	16	2012.202602
web	-0.0342	0.4617	3	923	5676	47	2013.376068
weight	0.8621	0.3032	1	799	4968	49	2010.632353
west coast	0.2254	-0.4515	1	280	794	8	2010.449541
western arctic	-0.6792	0.6242	3	412	1504	12	2012.228916
wet weight	-0.0579	0.909	3	243	710	7	2011.578947
whales	-0.3506	0.5227	3	821	5002	45	2010.62766
william	0.8806	0.322	1	296	874	9	2009.173913
wind	-0.7005	-0.5099	2	1266	15982	151	2010.366929
wind forcing	-1.0625	-0.5236	2	355	1302	11	2008.535545
wind mixing	-0.4062	-0.6136	2	470	1878	16	2008.333333
wind speed	-0.5056	-0.4844	2	409	1492	15	2011.054286
wind stress	-0.971	-0.5845	2	474	2150	20	2008.608177
winter	-0.4446	-0.1649	2	1422	18312	166	2011.016141
winter sea ice	-0.6392	-0.3981	2	414	1622	13	2012.321053
winter water	-1.0946	0.01	2	593	3100	27	2010.432749
work	-0.1603	-0.0902	3	717	2926	26	2012.585814
world	-0.1722	0.1576	3	620	2632	26	2011.293273
year-class	0.7941	-0.5466	1	408	1620	17	2004.24
year-class strength	0.9581	-0.5508	1	511	2604	24	2008.30303
yellowfin sole	1.0324	-0.2671	1	514	2378	21	2010.238095
yield	0.3474	-0.6435	1	256	718	7	2011.766667
yolk	0.9565	0.0176	1	272	828	8	2010.416667
zone	-0.4294	0.0435	2	1105	8608	86	2010.917256
zooplankton	0.1449	0.1832	4	1372	19114	169	2009.773438
zooplankton abundance	-0.1558	0.0011	4	492	1924	17	2008.967742
zooplankton biomass	-0.0265	-0.4354	4	415	1492	13	2007.977778
zooplankton community	-0.042	0.5118	4	605	3268	28	2011.71875
zooplankton composition	0.5161	0.5274	4	293	936	7	2008.2
zooplankton prey	0.4255	0.1783	4	585	2476	22	2010.357143
