id	x	y	cluster	weight<Links>	weight<Total link strength>	weight<Keyword count>	score<Avg year>
abiotic degradation	-1.1909	0.4694	2	250	1028	11	2015.272727
abundance	-0.3573	-0.1061	2	1082	11340	115	2012.159769
accumulation	0.1295	-0.37	3	579	2512	24	2011.1675
accumulation rates	0.2359	-0.3462	3	367	1260	11	2010.201613
accuracy	0.3439	0.4213	1	262	808	7	2012.031588
ace	-0.8684	-0.5282	2	204	686	9	2005.44186
ace lake	-0.8699	-0.5274	2	204	686	9	2005.785714
acid composition	-1.101	-0.0344	2	211	680	11	2007.131579
acids	-0.8522	-0.2919	2	899	8526	96	2009.964637
activity	-0.1269	-0.0395	2	726	3408	33	2011.741747
adaptation	-0.4596	-0.1524	2	372	1090	11	2013.458029
addition	-0.2164	-0.0802	2	789	4276	43	2012.072879
adelie	-1.1305	0.1654	2	153	446	5	2010.903226
adenosylhopane	-0.5617	-0.843	3	164	506	5	2012.8
advance	-0.3303	0.0135	2	294	770	6	2012.223684
advection	0.6997	0.6841	1	291	876	8	2010.324162
aerosol	-0.732	-0.1189	2	262	762	6	2011.217627
africa	1.1437	-0.216	1	636	5246	49	2009.943515
age	0.6028	-0.0186	1	693	3982	37	2010.368729
aggregation	-0.7179	0.6454	2	222	638	6	2010.006757
agreement	0.3117	0.4148	1	588	2674	24	2010.554303
agulhas	1.1306	0.1953	1	243	802	6	2007.994565
air	0.6347	-0.4632	1	631	3916	36	2011.976061
air temperature	0.643	-0.4381	1	564	3262	30	2012.218924
al	0.0816	0.6678	2	363	1302	11	2010.555118
alaska	0.1388	-0.5644	3	420	1680	15	2010.597746
alaskan	0.3479	-0.2835	1	207	544	5	2011.071579
alcohols	-0.8812	-0.2002	2	317	1056	11	2010.3125
algae	-0.6231	0.213	2	746	4518	47	2012.039501
algal blooms	-0.9295	0.267	2	204	554	6	2013.245902
alkanes	-0.3334	-0.5049	3	466	1874	20	2011.205128
alkanoic acids	-0.4068	-0.8704	3	420	1840	17	2008.111111
alkenes	-0.8386	0.5504	2	549	3128	32	2008.942857
alkenone	0.2593	0.3264	1	882	8260	87	2008.479167
alkenone temperature	0.0271	0.7198	2	160	440	5	2003.2
alkenone unsaturation index	0.5113	0.692	1	267	870	8	2007.375
alkyl diols	-0.1199	-0.3427	3	260	804	7	2012.428571
alteration	-0.3756	-0.1193	3	468	1764	15	2012.662651
amazon	0.079	-0.4912	3	235	776	7	2013.459459
america	0.8102	-0.408	1	268	842	9	2011.440252
amino acids	-1.0901	-0.1795	2	213	590	6	2012.884393
amplitude	1.0094	0.3105	1	346	1204	11	2010.372165
amundsen	-0.9979	0.7031	2	201	588	5	2012.553846
amundsen gulf	-0.9974	0.7043	2	201	588	5	2012.409091
anaerobic bacteria	-0.8172	-0.5426	2	156	456	6	2007.615385
analogue	-0.312	0.0374	2	257	612	7	2011.282609
analysis	-0.4127	0.0178	2	1190	15426	162	2011.656462
ancient	-0.4282	-0.4766	2	252	670	8	2012.618557
animals	-0.4748	0.3965	2	248	750	9	2012.281022
annual precipitation	0.6327	-0.6833	1	231	676	6	2011.851852
anomaly	0.4499	0.4814	1	373	1186	10	2010.997204
anoxia	-0.295	-0.481	2	230	598	5	2012.36
antarctic	0.056	0.2567	2	940	8434	91	2010.797819
antarctic ice	1.0173	0.0591	1	287	860	7	2012.455772
antarctic lakes	-0.7796	-0.5244	2	149	372	5	2011.024096
antarctic marine	-1.1659	0.1197	2	142	374	5	2010.642105
antarctic peninsula	-0.2318	0.4518	2	351	1232	12	2011.82716
antarctic sea	0.7038	0.3759	1	410	1780	18	2013.249337
antarctic sea ice	0.7052	0.373	1	410	1780	18	2013.381098
antarctic sea ice extent	1.2996	0.1335	1	188	594	5	2014.527778
antarctica	-0.5556	-0.2623	2	807	5880	68	2011.220175
application	0.0603	-0.1228	3	822	5866	56	2012.361823
approach	-0.2654	0.18	2	889	5912	59	2013.011682
aquatic environments	-0.0025	-0.6506	3	188	552	6	2012.515152
aquatic macrophytes	0.2526	-0.942	1	219	676	6	2014.25
arabian sea	0.0214	0.0737	2	194	526	5	2009.5
archaea	-0.3463	-0.5316	2	445	2006	22	2013.73913
archaeol	-0.6333	-0.6633	2	150	396	5	2013.5
archaeological sites	0.8342	-0.3141	1	186	512	5	2010.764706
archipelago	-0.2459	1.0182	2	187	620	5	2011.082609
archives	0.4886	-0.4646	1	579	2558	22	2012.62249
arctic	-0.3682	0.3291	2	1128	17728	169	2012.189504
arctic antarctic	-0.6968	0.9239	2	270	982	9	2012.938182
arctic archipelago	-0.2469	1.0177	2	187	620	5	2012.018987
arctic climate	0.0462	-0.1721	1	248	706	7	2013.150824
arctic ecosystems	-0.7521	0.6775	2	238	904	10	2014.429967
arctic environments	-0.5623	-0.5742	3	302	938	8	2012.708108
arctic high	-0.2332	-0.0707	3	325	1002	9	2013.101695
arctic lakes	0.5177	-0.6577	1	198	542	5	2013.72807
arctic marine	-0.9118	0.6423	2	393	1714	15	2013.75576
arctic ocean	-0.2617	0.4568	3	740	5308	47	2010.893127
arctic regions	-0.6127	0.2544	3	481	2092	18	2013.278834
arctic rivers	-0.3854	-0.9138	3	210	684	6	2011.739496
arctic sea ice	-0.5628	0.9277	2	607	4812	45	2014.367364
arctic seas	-0.5548	0.9036	2	640	5046	47	2014.010669
arctic sediments	-0.824	0.548	2	309	1162	11	2009.5875
arctic temperature	0.414	-0.6698	1	174	504	5	2012.593301
arctic waters	-0.4327	0.4101	2	209	508	5	2011.466431
area	0.0871	0.0382	3	1064	10884	101	2011.37466
aridification	1.1681	-0.2456	1	243	770	7	2012.7
aridity	0.9185	-0.3908	1	396	1520	14	2011.457143
asia	0.9901	-0.0592	1	363	1300	11	2013.012594
assemblages	-0.2169	0.2766	2	597	2616	25	2012.247588
assessment	-0.115	0.3438	2	564	2452	24	2013.024899
assimilation	-0.4558	0.0502	2	227	572	5	2012.629787
association	-0.6729	0.4133	2	291	936	10	2011.081886
atlantic	0.6257	0.4431	1	933	8834	82	2010.236737
atlantic meridional overturning	1.4253	0.1396	1	204	598	5	2014.908714
atlantic meridional overturning circulation	1.4268	0.1373	1	204	598	5	2014.995726
atlantic ocean	0.8357	0.0931	1	394	1376	13	2009.615463
atlantic oscillation	0.5714	0.6312	1	238	778	7	2010.516074
atlantic water	0.4099	0.9273	1	379	1492	12	2010.080056
atlantic water inflow	0.3985	1.0052	1	230	724	5	2013.848485
atmosphere	0.6715	0.2234	1	359	1076	10	2011.581199
atmospheric circulation	1.0383	0.1526	1	469	2068	18	2012.002058
atoms	-0.1379	0.9906	2	303	1184	11	2010.941176
attention	-0.6629	0.1751	2	247	654	7	2012.917808
australia	-0.1626	0.0094	2	199	502	6	2010.617438
autoxidation	-1.1668	0.3788	2	263	1100	12	2016.083333
availability	-0.0631	0.1356	2	332	918	9	2012.908905
average chain length	-0.177	-0.8763	3	289	1144	11	2013
bacteria	-0.7096	-0.4673	2	777	5666	62	2012.900394
bacterial	-0.8162	-0.5643	2	238	698	7	2014.217252
bacteriohopanepolyols	-0.5431	-0.6776	2	398	1878	20	2012.7
baffin	-0.054	0.4198	1	252	734	7	2010.510917
balance	0.0055	0.0667	3	335	1142	9	2011.539286
barents	-0.2209	1.1789	2	347	1712	15	2010.39816
barents sea	-0.244	1.2043	2	319	1624	14	2010.27735
barrow	-0.1236	0.8947	2	174	504	5	2011.224344
basin	0.0873	-0.1798	1	812	5088	49	2010.09645
bay	-0.7286	0.0994	2	583	2552	27	2010.11814
beaufort	-0.9059	0.293	3	340	1230	10	2010.621769
beaufort sea	-0.9429	0.2261	3	340	1244	10	2010.009921
behavior	0.219	-0.0176	1	260	670	7	2011.103784
behaviour	0.1986	-0.659	3	283	908	8	2010.943662
belt	1.0842	0.0224	1	310	1002	8	2010.458182
benguela	0.8786	0.1751	1	254	822	7	2007
benguela upwelling	0.8784	0.1726	1	254	822	7	2009.8
benguela upwelling system	0.8266	0.1606	1	184	532	5	2009.714286
bering	-0.0911	0.3477	3	421	1800	17	2009.747987
bering sea	-0.1658	0.4008	3	381	1560	15	2009.417822
beta	-0.3752	-0.6373	2	174	450	5	2009.417219
bias	0.7008	0.2488	1	360	1388	13	2013.065051
biases	0.2702	0.6421	2	177	524	5	2013.826211
biodegradation	-1.2127	0.4578	2	193	592	6	2014.342466
biogenic silica	-0.1682	0.7383	2	197	586	5	2013.37931
biogeochemical cycles	-0.012	-0.2829	2	217	552	5	2013.854651
biogeochemical processes	-0.5216	-0.1984	2	341	1042	10	2013.733333
biogeochemistry	-0.3762	-0.7571	2	188	462	5	2014.025316
biomarker	-0.3567	0.1863	2	1217	23570	229	2012.628169
biomarker analysis	-0.2873	-0.4609	2	219	592	7	2013.857143
biomarker approach	-0.4403	0.1591	2	282	856	8	2016
biomarker proxies	0.32	-0.0406	3	278	808	8	2015.5
biomarker record	0.5144	0.123	1	232	656	6	2010.857143
biomass	-0.8009	-0.1936	2	558	2608	30	2012.021332
biosynthesis	-0.6273	-0.0481	2	265	716	7	2012.25
bit	-0.3075	-0.3671	3	479	2640	22	2012.967742
bit index	-0.3527	-0.2894	3	452	2426	20	2013.55
black	-0.0574	-0.2879	2	218	600	6	2012.681373
black sea	-0.0316	-0.2941	2	196	506	5	2010.685185
bloom	-0.5744	0.5949	2	563	2734	28	2012.055462
body	0.3097	0.1507	1	258	680	6	2011.227462
bog	-0.0674	-0.8613	3	196	612	7	2013.827273
bolling-allerod	0.7528	0.3271	1	352	1258	10	2014.814815
bottom sediments	-0.9858	0.2744	2	121	286	5	2010.605263
bottom water	-0.2185	-0.285	2	210	554	6	2008.220624
boundary	-0.208	0.0625	2	386	1144	13	2008.420868
bp	0.7565	0.116	1	824	5890	51	2012.006369
branched gdgts	0.4672	-0.5634	3	537	2744	23	2015.791667
brazil	-0.2561	-0.014	2	201	556	7	2006.401914
brgdgts	0.161	-0.6829	3	452	2154	19	2016.736842
budget	-0.6201	0.5041	2	231	646	6	2011.153068
bulk parameters	-0.5448	0.5175	3	216	612	6	2010.142857
burial	-0.134	-0.0677	3	326	976	9	2012.020619
c-13	-0.0719	-0.4923	3	954	7768	75	2013.180371
c-14	0.0407	-0.074	3	503	1938	18	2010.938406
c-20	-0.9151	-0.5748	2	179	558	7	2010.375
c-4	0.931	-0.549	1	352	1540	14	2009.930233
c/n ratio	-0.4636	-0.4449	3	398	1510	15	2011.188679
calibration	0.3481	0.1275	1	718	5862	56	2011.99511
canada	-0.4076	0.3458	2	308	910	9	2011.058788
canadian	-0.717	0.6575	2	460	2300	22	2010.480463
canadian arctic	-0.7649	0.6398	2	436	2114	20	2012.163636
capacity	-0.2588	-0.3543	2	173	428	5	2013.094099
cape	0.8495	-0.0456	1	403	1594	14	2009.255255
carbohydrates	-0.9439	-0.4215	3	182	448	5	2011.868852
carbon	-0.305	-0.1833	3	1193	17374	167	2013.107259
carbon content	-0.9258	0.231	3	245	842	8	2012.688
carbon cycle	-0.2156	-0.4184	3	437	1552	14	2014.082353
carbon cycling	-0.3154	-0.6314	2	213	592	5	2014.143411
carbon isotope composition	-0.0523	-0.4824	3	404	1458	14	2012.708333
carbon isotopes	-0.1401	-0.6605	3	640	3308	32	2012.083744
carbon pools	-0.4919	-0.5313	3	203	512	5	2013.806667
carbon source	-0.6725	-0.0345	3	542	2398	21	2012.515152
carbon transport	-0.2796	0.1104	3	202	598	5	2011.794872
carboxylic acids	-0.849	-0.5394	3	141	432	5	2012.078947
carotenoids	-0.6472	-0.4482	2	195	466	5	2012.688889
case	-0.6586	0.3841	2	474	1920	18	2010.847835
case study	-0.3038	0.7067	2	253	714	6	2012.678179
catchment	0.5159	-0.4966	1	533	2600	24	2013.188825
catchment area	0.4214	-0.5827	3	260	722	7	2011.321429
cause	0.5275	0.2583	1	327	966	9	2011.675244
cave	1.0154	-0.2628	1	208	616	6	2012.349206
cbt	0.053	-0.7809	3	247	904	8	2013.777778
cell	-0.9326	0.1449	2	560	2566	32	2011.359784
century	0.3792	0.0043	1	345	1188	11	2012.205869
chain	-0.3341	-0.4553	3	736	4650	51	2011.096866
chain length	-0.3213	-0.7481	3	442	1886	19	2012.225806
challenges	-0.2612	0.1616	2	343	1018	10	2014.48237
changes	0.4245	-0.1034	1	1231	24318	235	2012.206219
characterisation	-0.9353	0.335	2	287	950	10	2012.422535
characteristics	-0.3408	0.1497	3	336	1128	12	2010.936545
characterization	-1.0049	-0.1688	2	211	546	7	2012.72969
chemical	-0.5309	9e-04	2	451	1670	20	2011.607029
chemotaxonomy	-0.9386	-0.1666	2	198	524	7	2007.5
chile	-0.0108	-0.2412	2	238	664	6	2012.697531
china	0.6541	-0.2444	1	455	2032	19	2013.948798
china sea	0.4481	-0.1582	3	299	990	9	2013.311594
chlorophyll	-1.0685	0.3619	2	308	1012	10	2011.700197
cholesterol	-1.1576	0.1864	2	227	692	8	2009.8
chromatography	-0.9945	-0.2756	2	249	758	11	2010.861702
chronology	0.8383	0.4419	1	224	632	5	2010.47
chukchi	-0.4245	0.8524	3	344	1514	12	2012.695271
chukchi sea	-0.4505	0.7835	3	343	1384	11	2012.877751
circulation	0.9999	0.2499	1	717	4582	39	2010.44219
class	-0.806	-0.1469	2	238	774	8	2011.519757
cleavage	-1.1323	0.0735	2	202	554	6	2011.15
climate	0.6068	-0.0966	1	1137	17272	161	2012.847305
climate change	0.5112	-0.2331	1	930	7482	69	2013.106897
climate dynamics	1.0945	0.0771	1	203	602	6	2013.25
climate model	0.8598	0.3541	1	421	1598	14	2013.16224
climate proxies	0.5473	0.0871	1	296	946	9	2013.809524
climate reconstructions	0.3176	-0.4201	1	233	674	7	2013.666667
climate records	1.3089	0.4202	1	169	464	5	2011.428571
climate system	0.7146	0.5417	1	342	1176	10	2012.717277
climate variability	0.916	-0.1864	1	597	3130	26	2012.20898
climate variations	0.1106	-0.3004	1	209	532	5	2011.1875
climate warming	-0.2948	-0.0376	2	229	582	5	2013.628339
climatic conditions	0.4763	-0.2679	1	513	1904	17	2011.992424
climatic events	0.9828	-0.1162	1	238	692	6	2012.435644
climatic optimum	0.4481	-0.31	1	224	616	6	2010.606061
cluster	-0.7878	-0.0668	2	278	792	9	2011.949896
co2	0.4034	-0.3664	1	513	2004	19	2013.165022
co2 concentrations	0.6397	-0.3211	1	245	734	7	2012.696319
coast	0.5674	-0.263	1	554	2508	24	2010.134684
coastal	0.3245	0.0608	3	333	990	11	2010.739865
coastal areas	-0.1713	0.0442	3	250	748	8	2012.54386
coastal environments	-0.036	-0.1462	3	312	950	8	2012.679012
coastal erosion	-0.3129	-0.6945	3	232	690	5	2012.326087
coastal marine	-0.1832	-0.4848	3	222	640	6	2012.349206
coastal regions	-0.0828	-0.4181	3	215	556	6	2011.633188
coastal seas	-0.6103	0.073	3	226	634	5	2011.26087
coastal sediments	-0.208	-0.5607	3	154	368	5	2009.054054
cold	0.6968	0.154	1	342	1048	10	2011.824903
column	-0.508	0.2194	2	843	5634	56	2010.224159
community	-0.601	-0.3074	2	759	4830	54	2013.620087
community structure	-0.6646	-0.263	2	275	928	11	2013.563433
comparison	0.0027	0.3718	2	935	6728	65	2010.70057
compilation	0.1769	-0.0388	1	183	476	5	2012.019048
complex	-0.1826	-0.6203	3	380	1318	12	2011.908387
complex mixture	-0.6186	-0.2225	3	201	510	5	2010
composition	-0.4404	-0.2729	2	1080	12182	125	2012.45256
compound-specific	-0.0662	-0.7411	3	512	2654	25	2012.975
compounds	-0.5346	-0.4273	2	837	6006	68	2012.161238
concentrations	-0.3481	0.0111	2	1180	15568	156	2011.643222
concept	-0.108	0.5456	2	197	536	5	2011.306773
configuration	-0.258	-0.4423	2	205	480	5	2012.603053
congo	0.7921	-0.6022	1	236	648	7	2012.482759
consequences	-0.2047	0.0174	2	299	812	8	2012.275862
consistency	0.1205	0.8391	1	214	538	5	2011.881356
constituents	-0.7639	-0.2456	2	246	706	8	2010.319372
constraints	0.3681	-0.2375	1	298	870	8	2011.060453
contamination	-0.9143	-0.4945	2	154	392	5	2011.920245
content	-0.7148	0.0279	2	772	4780	49	2011.761593
continent	0.9884	-0.3475	1	326	1058	9	2011.202884
continental	0.4663	0.318	3	310	968	9	2010.243993
continental margins	0.3796	0.4163	3	306	958	9	2010.39759
continental shelf	0.3242	0.4716	3	266	742	7	2010.424501
continental slope	0.4353	0.4254	1	292	906	8	2008.694097
contrast	-0.2738	0.5011	2	883	6086	57	2011.509677
control	0.2167	-0.3948	1	789	4554	43	2012.474255
convergence	1.4249	0.017	1	254	926	8	2010.408056
conversion	-0.876	0.1212	2	186	464	6	2010.995798
cooling	1.0198	0.3519	1	489	2496	24	2010.829787
core	0.4178	0.1009	1	1186	19042	179	2010.446523
core top	0.6827	0.3512	1	508	2504	23	2010.772727
core-top sediments	0.4347	0.2705	3	196	562	5	2013.333333
correlation	0.014	0.2923	3	841	5662	54	2011.333794
correspondence	0.4534	-0.1201	1	276	786	8	2010.493023
coupling	0.5787	0.5733	1	334	1076	10	2011.935532
cover	0.1287	0.7687	1	830	6190	53	2011.664763
coverage	0.1173	0.7908	3	275	856	7	2012.329283
crater	0.0055	-0.9146	2	201	530	5	2010.333333
crenarchaeol	-0.1576	-0.4594	3	465	2310	23	2013.875
crenarchaeota	0.1302	0.1029	3	245	684	7	2012.290323
crown	-0.7978	0.0155	2	202	496	5	2011.075472
crude oil	-1.0476	-0.1324	2	158	422	6	2010.076923
cruise	-0.5942	0.1758	2	190	480	5	2008.733524
culture	-0.8751	0.1619	2	477	2038	25	2011.379653
current	0.8082	0.5007	1	559	2612	21	2008.757215
cyanobacteria	-0.7634	-0.554	2	288	942	11	2013.32964
cycle	0.4513	-0.0251	1	762	4330	40	2011.47296
cycling	-0.4441	-0.6669	2	346	1160	11	2014.035763
cyclopentane	-0.2337	-0.6225	3	209	688	7	2014.7
cysts	-0.0143	0.4424	2	252	776	8	2010.375
data	0.0192	0.1838	1	1222	17994	176	2011.015066
data set	-0.0964	0.7225	3	271	944	9	2010.433246
data sets	-0.0948	-0.546	3	217	598	7	2011.63144
dataset	-0.0228	0.197	2	221	560	5	2012.68054
date	0.1063	0.3307	2	409	1328	12	2012.087051
dating	0.5443	0.1631	1	299	816	7	2010.925926
debris	-0.3495	-0.3002	2	320	988	10	2009.221983
decline	0.1618	0.214	1	539	2152	20	2013.254217
decomposition	-0.4196	-0.7036	3	267	792	8	2012.585736
deep	0.5881	0.2568	1	286	834	8	2008.172697
deep ocean	-0.1583	0.5223	2	244	634	6	2011.244019
deep sea	0.036	-0.4067	2	428	1524	16	2010.4
deep water	0.4871	0.6324	1	354	1234	12	2008.094223
deglaciation	1.0364	0.1001	1	588	3158	29	2010.986813
degradation	-0.7477	-0.0308	2	816	5564	58	2013.464824
degradation products	-1.0945	0.0587	2	256	790	7	2011.363636
delivery	0.0862	-0.5858	3	491	2326	20	2013.849246
delta	-0.0184	-0.7159	3	851	6404	64	2010.255844
delta d	0.5525	-0.7404	1	419	2176	22	2013.428571
density	-0.3811	0.0463	2	221	588	6	2009.879211
dependence	-0.1745	0.2994	3	234	642	6	2010.591411
deposition	-0.0572	0.1983	3	638	2796	25	2012.094256
deposits	0.2828	-0.6637	3	629	3190	27	2011.200561
depth	-0.1487	0.2172	2	796	5188	53	2010.672402
description	-0.5352	0.5242	2	171	500	5	2009.996622
desert	0.1047	-0.4629	2	262	748	8	2011.209622
detail	-0.4806	-0.0301	2	231	572	6	2011.078886
detection	-0.9159	0.0702	2	437	1640	18	2012.417625
determination	-0.7893	0.299	2	190	514	6	2010.57381
deuterium	0.2197	-0.5627	1	289	902	9	2009.357143
development	0.3878	-0.1244	1	571	2326	23	2011.773084
diagenesis	-0.5332	-0.4888	3	191	476	5	2009.21875
diatom	-0.625	0.5586	2	932	9216	93	2012.261803
diatom assemblages	-0.4099	0.7842	2	253	742	6	2011.137931
diet	-1.0051	0.4491	2	190	582	8	2009.963303
difference	-0.1258	-0.4021	3	440	1636	17	2011.163032
dinoflagellate	-0.112	0.2379	2	503	2044	21	2012.671642
dinoflagellate cysts	0.4527	0.5973	1	187	536	5	2011.8
dinosterol	-0.0054	0.5452	3	500	2408	22	2010.090909
discharge	0.2773	-0.1304	3	497	1916	16	2012.354474
discovery	-0.0562	-0.0793	2	408	1366	12	2012.116822
discrepancies	0.3904	0.4781	1	269	770	7	2011.321353
distribution	-0.2406	-0.0471	2	1192	18038	184	2010.907306
distribution patterns	-0.145	-0.8063	3	183	494	6	2010.866972
diversity	-0.4893	-0.5516	2	482	2084	24	2013.553494
dna	-0.3823	-0.5304	2	276	960	12	2012.62578
dominance	-0.1104	-0.2742	3	567	2254	22	2012.29375
drainage	0.2097	-0.3206	3	226	626	6	2012.254459
drier conditions	1.2183	-0.3759	1	252	820	7	2014.106383
drilling	0.0927	-0.1446	1	280	894	9	2011.883459
drivers	0.566	-0.7044	1	210	554	5	2015.864011
drought	0.9544	-0.3808	1	190	482	5	2012.975684
dry valleys	-0.919	-0.7353	2	155	486	6	2011.870229
dryas	0.9051	0.2776	1	534	2550	21	2010.77931
duration	0.5331	0.4355	1	234	650	6	2012.189258
dust	0.7769	0.2612	1	359	1204	11	2012.455882
dynamics	0.4168	-0.105	1	757	4164	40	2012.382241
early holocene	0.5649	0.1957	1	295	792	6	2013.088889
earth	0.4628	-0.1377	1	450	1576	17	2012.416212
east	0.53	-0.0586	1	811	5330	49	2011.088561
east africa	1.3928	-0.1717	1	187	602	6	2011.714286
east antarctica	-1.2442	0.281	2	155	446	5	2012.024096
east asia	1.1035	-0.2157	1	264	842	7	2013.696023
east china	0.327	-0.0794	3	205	598	6	2012.924242
east china sea	0.3275	-0.0768	3	205	598	6	2012.422222
eastern	-0.8239	-0.5845	3	224	718	7	2011.347648
ecology	-0.3775	-0.0748	2	367	1162	13	2012.514768
ecosystem	-0.4866	0.1574	2	692	3678	40	2013.530062
effects	-0.061	-0.2607	2	698	3972	44	2011.624055
efficiency	-0.7399	0.0639	2	207	558	6	2012.80663
el nino	0.9741	0.4405	1	237	762	6	2011.439268
el nino-southern oscillation	0.9344	0.2877	1	292	1046	9	2011.537252
elements	0.5271	-0.0144	1	393	1258	13	2011.89258
emiliania	-0.0955	0.581	1	248	1050	13	2009.411392
emiliania huxleyi	-0.0977	0.5801	1	248	1050	13	2009.396341
energy	-0.504	0.3545	2	243	680	10	2011.753532
enhanced	-0.5761	0.0776	3	220	568	5	2012.845902
enrichment	0.1309	-0.7541	1	426	1716	15	2011.973485
environment	-0.2841	-0.3163	2	1097	11436	119	2012.515563
environmental	-0.0026	-0.6731	3	210	516	5	2010.845217
environmental changes	0.3691	-0.3657	3	511	2020	20	2013.895683
environmental conditions	-0.4035	-0.6269	2	486	1818	18	2013.912338
environmental factors	0.3797	-0.1812	1	267	766	7	2013.842444
eocene	0.2562	-0.4265	1	305	1078	12	2011.117647
epi-brassicasterol	-0.9845	0.8951	2	198	656	6	2016.666667
epsilon	0.3562	-0.9665	1	191	792	7	2010.961111
erosion	0.0367	-0.5795	3	562	2616	22	2011.871716
error	0.3469	-0.0837	1	181	448	5	2011.486384
establishment	0.4445	0.2945	1	221	554	5	2011.445578
esters	-0.8362	-0.4514	2	271	826	10	2005.388889
estimate	-0.2587	0.6505	2	349	1096	10	2010.903093
estimation	-0.1179	0.3963	3	350	1350	14	2012.012407
estuarine	-0.4502	-0.6093	3	209	602	7	2010.194444
estuarine sediments	-0.2411	-0.6984	3	211	638	6	2011.692308
estuary	-0.4284	-0.5031	3	441	1828	18	2010.621212
euphotic zone	-0.6414	0.4219	2	256	708	7	2011.97
europe	0.7589	-0.3461	1	242	706	7	2011.79689
euryarchaeota	-0.243	-0.515	3	168	472	5	2015.6
evaluation	-0.1798	0.5347	2	429	1614	15	2013.100503
evaporation	0.6573	-0.6177	1	285	936	8	2011.268156
evapotranspiration	0.5874	-0.8357	1	203	614	5	2013.497207
events	0.8245	0.0066	1	687	3712	34	2012.030986
evolution	0.9406	0.1355	1	657	3682	33	2012.05694
exchange	-0.0416	0.2871	1	395	1184	11	2010.706601
excursions	0.5743	-0.7466	3	218	570	5	2009.960784
expansion	0.8875	-0.1331	1	486	1800	16	2012.969492
expedition	-0.1516	0.1213	1	296	1040	10	2010.922432
experiments	-0.2152	-0.3014	2	337	1044	11	2011.075205
explanation	0.0666	0.5358	2	289	848	8	2009.867769
export	0.0781	0.3768	3	510	2182	19	2011.295396
exposure	0.0297	-0.8313	2	216	550	6	2012.977505
extension	0.931	0.2467	1	288	850	7	2010.251641
extent	0.2432	0.488	1	785	5036	48	2011.835219
extraction	-0.8568	0.106	2	227	656	8	2013.323651
extracts	-0.9529	-0.1565	2	425	1722	20	2011.888889
fan	0.1583	-0.6427	3	211	580	5	2010.271845
fate	-0.7833	-0.1851	2	339	1120	10	2012.348684
fatty acid composition	-1.1009	-0.0353	2	211	680	11	2006.483871
fatty acids	-0.9268	-0.1678	2	850	7444	87	2009.789855
features	-0.4934	-0.0553	2	462	1722	20	2010.384646
feedback	0.3789	-0.4387	1	388	1272	11	2013.003957
fen	0.2171	-0.8325	3	220	670	6	2013.736264
field	-0.5507	-0.2357	2	354	1154	13	2010.533445
fingerprints	-0.5924	-0.2401	2	382	1172	11	2013.054726
fish	0.0452	-0.0062	2	180	414	5	2010.064516
fjord	-0.3046	0.4116	2	401	1380	12	2013.427767
flow	0.1769	0.4817	1	420	1362	13	2010.017411
fluctuations	0.6082	-0.2387	1	533	2168	21	2009.816514
flux	-0.1103	0.6035	2	660	3444	33	2010.974387
food	-0.8964	0.4583	2	334	1354	16	2012.031915
food web	-0.9344	0.5699	2	235	902	11	2013.363874
foraminifera	0.6226	0.6988	1	306	956	8	2011.592
forcing	1.0882	0.1891	1	558	2914	25	2011.371506
forest	0.5961	-0.6059	1	303	1000	10	2011.961222
formation	-0.1596	0.1164	2	744	3534	35	2010.511811
fossil	-0.0065	-0.3494	2	591	2292	23	2010.893617
fraction	-0.4083	-0.1713	3	659	3300	34	2011.553026
fractionation	0.0659	-0.6971	1	343	1508	15	2011.073171
fragmentation	-0.2629	-0.3066	2	141	392	5	2010.864198
fram strait	-0.2958	0.7844	2	243	706	7	2009.019324
frequency	0.63	-0.1725	1	203	532	6	2011.174374
freshening	0.7138	0.7849	1	169	470	5	2010.903704
freshwater	0.0295	-0.2168	1	627	3242	32	2011.825688
freshwater lakes	-0.1758	-0.6139	2	217	776	9	2013.1875
front	0.226	0.4189	1	368	1210	11	2009.508357
function	0.6354	0.0506	1	386	1376	13	2010.972155
future	-0.529	0.6012	2	433	1738	17	2013.712684
future climate	0.2942	0.6416	1	254	692	6	2013.848387
gap	0.3819	0.1245	1	264	654	6	2012.915572
gas	-0.6144	-0.1508	2	579	2494	27	2012.319686
gas chromatography	-0.9867	-0.1734	2	356	1372	18	2010.857143
gas chromatography-mass spectrometry	-0.9631	-0.2777	2	221	700	9	2009.722222
gc	-0.8618	-0.2877	2	239	658	10	2009.583333
gc-ms	-0.9981	-0.17	2	363	1404	19	2010.142857
gdgt	0.262	-0.3142	3	932	9800	90	2014.829787
gene	-0.6659	-0.6348	2	320	1172	14	2014.058192
genera	-0.6193	0.1621	2	179	432	5	2012.72679
genus	-0.8104	0.3195	2	235	652	7	2012.443439
geochemical	-0.0263	-0.1251	2	275	716	7	2011.369231
geochemical analyses	0.9028	-0.0271	1	220	546	5	2015.35
geochemical proxies	0.5006	-0.4857	3	298	916	8	2012.0625
geochemistry	-0.4435	-0.6205	3	417	1518	14	2011.778947
geological record	-0.1776	-0.485	2	165	424	5	2011.470588
glacial	1.0304	0.0246	1	675	4288	41	2011.612378
glacial maximum	1.1477	-0.0128	1	582	3436	33	2011.882521
glacial period	0.9008	0.0351	1	411	1430	13	2010.808333
glacial-interglacial	0.9881	0.0571	1	559	2666	23	2011.028037
glacial-interglacial cycles	1.2112	0.467	1	239	674	6	2011
glaciation	0.8629	-0.3114	1	289	846	8	2009.656667
glacier	0.1337	-0.1952	2	293	820	9	2012.551157
global climate	0.6485	-0.0799	1	444	1724	16	2012.960148
glycerol	0.1522	-0.3773	3	891	8740	81	2014.567308
glycolipids	-1.0572	-0.2134	2	140	324	5	2010
gradient	0.1626	-0.2776	1	651	3174	32	2011.354256
grain	0.9096	-0.1058	1	308	956	8	2011.304833
grain size	0.9602	0.0616	1	332	1180	11	2011.854054
grass	1.021	-0.4383	1	286	940	9	2011.455782
grassland	1.1506	-0.3932	1	187	546	5	2012.242424
greenhouse	0.4188	-0.6482	1	366	1250	12	2012.619866
greenhouse gas	0.3989	-0.8078	1	221	614	5	2013.545016
greenland	0.3838	0.0538	1	669	3824	37	2011.434214
greenland ice	1.1268	-0.3039	1	262	888	8	2013.011636
group	-0.2787	-0.3267	2	527	2166	24	2011.722362
growth	-0.2686	0.0801	2	631	2902	34	2011.406319
growth rate	-0.3638	0.5852	2	198	554	6	2010.818356
h-2	-0.0254	-0.8292	1	221	658	6	2014.017857
h-print	-0.932	0.7511	2	130	468	6	2016.833333
habitat	-0.2788	0.3599	2	439	1794	19	2012.561584
hand	-0.1867	0.6718	2	247	656	6	2010.96875
haptophytes	-0.0551	-0.2492	2	418	1838	22	2013.092308
haslea	-0.9558	0.5206	2	209	608	6	2008.428571
hbi	-0.8077	0.7177	2	655	5166	50	2014.346154
hbi alkenes	-0.9518	0.4854	2	303	1104	11	2012.272727
heat	0.9777	0.6561	1	306	1164	10	2011.129975
heinrich	1.0341	0.0892	1	402	1680	15	2011.948276
heinrich events	0.8631	0.2247	1	190	518	5	2011.333333
heinrich stadial	1.0106	0.129	1	282	920	8	2014.8125
hemisphere	1.0168	-0.0672	1	681	4424	38	2010.968158
heterogeneity	-0.3281	-0.4564	2	307	880	8	2014.002481
high arctic	-0.1542	0.2732	2	301	980	9	2013.319239
high latitudes	0.6004	-0.1725	1	805	5492	52	2011.932029
high performance	-0.9716	-0.3422	2	166	430	5	2013.72
high-performance liquid chromatography	-0.9709	-0.3439	2	166	430	5	2013.35
high-resolution	0.5143	0.1288	1	790	4482	39	2012.264879
highly branched isoprenoid	-0.9446	0.8365	2	316	1412	15	2015.2
history	0.4945	0.0464	1	479	1840	19	2011.001969
holocene	0.6903	0.0135	1	1044	12702	115	2010.62959
holocene climate	0.7648	0.4263	1	426	1602	13	2012.389831
holocene record	0.6198	0.7563	1	234	630	5	2011.857143
holocene sediment	-0.4989	0.046	2	225	568	5	2010.294118
holocene sediments	0.2837	-0.2007	1	286	804	9	2008.829787
holocene temperature	1.083	-0.0012	1	312	1014	9	2012.625
homologues	-0.5797	-0.7643	3	276	830	9	2011.133333
hopanes	-0.3888	-0.5943	3	186	486	6	2011.714286
hopanoids	-0.6622	-0.4922	2	293	888	9	2012.454545
hplc	-1.0381	-0.1258	2	192	496	6	2011.786885
humidity	1.111	-0.1431	1	330	1250	11	2011.561033
hydrocarbons	-0.8025	-0.3762	2	665	4416	51	2010.627692
hydroclimate	0.8477	-0.7663	1	213	622	6	2016.26087
hydrogen	0.5496	-0.5585	1	674	4146	39	2011.895706
hydrogen isotope fractionation	0.45	-0.8468	1	178	596	5	2014.6
hydrogen isotope ratios	0.4416	-1.0752	1	161	514	5	2013.25
hydrogen isotopes	0.5827	-0.7252	1	496	2742	25	2015.108108
hydrological changes	0.9676	-0.3971	1	190	516	6	2015.863636
hydrology	0.624	-0.2666	1	345	1058	11	2013.474126
hypersaline	-1.3052	0.0449	2	117	314	5	2009.37037
hypothesis	-0.1798	0.0608	2	386	1196	13	2011.082126
ice	0.0449	0.5552	2	1173	19082	178	2011.721291
ice age	0.955	0.4141	1	436	2050	16	2011.186842
ice algae	-0.9466	0.7508	2	401	1944	18	2013.987179
ice complex	-0.3453	-0.7823	3	200	624	5	2012.576271
ice conditions	-0.2596	1.0916	2	531	3538	30	2011.713198
ice cores	0.7248	-0.1176	1	525	2276	20	2010.322795
ice coverage	0.195	0.7424	3	222	662	5	2012.512195
ice edge	-0.2746	1.1821	2	330	1348	11	2010.185455
ice extent	0.3545	0.7986	1	504	2556	22	2012.764347
ice melt	-1.0241	0.6107	2	262	950	9	2012.747368
ice production	-0.5463	0.832	2	217	678	6	2010.6
ice proxy	-0.3849	1.0889	2	489	3098	28	2014.1875
ice record	0.4614	1.0132	1	258	944	7	2013.71875
ice sheet	0.9116	-0.0025	1	596	2954	28	2012.194459
ice shelf	-0.2982	0.1966	2	207	584	6	2011.573026
ice surface	-0.3984	1.186	2	204	648	5	2011.816258
ice zone	-0.6436	1.0189	2	390	1774	14	2011.325359
ice-cover	0.018	0.9009	2	683	4760	42	2011.210019
ice-free	0.1078	0.9451	1	384	1598	13	2013.322981
iceland	0.5127	0.9088	1	245	756	6	2009.361905
identification	-0.7993	0.4189	2	577	3300	36	2011.944837
impact	-0.1276	0.0713	2	913	6812	64	2013.206627
implications	-0.1931	-0.1692	3	755	4422	43	2011.871583
in-situ	-0.1226	-0.5205	3	282	1032	9	2013.712
in-situ production	-0.0476	-0.7371	3	204	718	6	2014.1
incorporation	-0.5656	-0.2651	2	266	750	8	2011.174419
index	0.0575	0.3788	3	1003	11698	107	2011.380952
indian ocean	0.9834	0.0531	1	427	1792	16	2010.03125
indices	-0.1005	-0.0343	3	992	8884	87	2012.102711
inflow	0.4411	0.8293	1	432	1782	14	2009.568182
influence	0.3027	-0.1594	1	830	5444	52	2011.779275
information	-0.023	-0.119	2	801	4704	48	2011.767792
inorganic carbon	-0.7754	-0.4973	2	171	452	5	2012.45614
insight	-0.103	-0.0648	2	365	1060	10	2012.936061
insolation	1.0678	0.166	1	568	3096	27	2010.586826
instrumental records	-0.001	0.4464	3	190	566	5	2013.05618
integrated	-0.0278	-0.4014	1	204	584	6	2013.689655
intensification	1.0768	-0.1233	1	364	1258	11	2011.672775
intensity	0.6005	-0.231	1	517	1934	19	2011.663823
interactions	0.5675	0.0575	1	428	1500	15	2011.626733
interface	-0.1319	0.3786	2	337	1084	10	2010.689655
interglacial	1.171	0.0997	1	191	560	5	2010.910891
interglacial cycle	1.1965	0.5137	1	220	604	5	2012.777778
interglacial period	1.0654	-0.2826	1	269	766	7	2011.269841
interior	0.7512	-0.3975	1	223	584	6	2010.221733
interpretation	0.0143	-0.2499	1	648	2964	30	2010.411609
interstadial	0.5386	0.4909	1	266	770	6	2012.424242
intertropical	1.3932	0.0235	1	202	612	5	2011.517241
intertropical convergence zone	1.4092	0.0012	1	235	788	7	2010.952381
intrusion	0.4936	0.5606	1	249	698	6	2011.398892
ion	-0.8757	-0.0479	2	282	848	10	2012.411616
ionization	-0.9201	-0.1869	2	176	490	6	2011.269231
ip25	-0.3935	0.9685	2	729	7262	67	2015.161765
ip25 biomarker	-0.3079	1.0735	2	209	716	6	2015.166667
ipso25	-0.7791	0.9888	2	198	714	7	2018.142857
iron	0.2092	-0.3843	2	198	480	5	2012.176678
irradiance	-0.9577	-0.0502	2	229	676	7	2010.337793
island	0.3672	-0.4605	1	510	2210	24	2009.956692
isolation	-0.7357	-0.3616	2	273	742	10	2010.695946
isomers	-0.8021	-0.0431	2	428	1622	18	2011.12
isoprenoid	-0.7062	0.5441	2	828	7180	71	2013.24
isoprenoid gdgts	0.143	-0.208	3	259	908	8	2013.5
isotope	0.262	-0.46	1	1014	9862	92	2011.966793
isotope fractionation	0.1351	-0.7448	1	248	940	9	2011.164179
isotope ratios	-0.0023	-0.8968	3	481	2168	21	2011.051724
isotope record	1.1338	-0.4589	1	201	570	6	2010
isotope signatures	0.5093	-0.2914	1	199	490	5	2012.965517
isotopic analysis	-0.3287	-0.5293	3	296	920	9	2012.230769
isotopic composition	-0.0286	-0.4753	1	836	5778	57	2011.032751
itcz	1.4652	-0.0248	1	186	564	5	2009.907692
japan	0.2347	-0.3268	1	181	478	7	2010.171958
john	0.0324	-0.1331	2	334	918	10	2008.988287
kalahari	1.1323	-0.1005	1	208	628	6	2007.333333
kara	-0.3184	-0.0816	3	243	846	9	2011.634058
kara seas	-0.3132	-0.3402	3	246	866	9	2012.917722
ketones	-0.7022	-0.3401	2	288	942	11	2006.142857
kinetics	-0.6473	-0.3696	2	188	480	5	2012.178808
knowledge	-0.3595	-0.0843	2	646	2756	25	2012.895394
korea	-0.3175	-0.9573	3	147	424	5	2013.351351
labile	-0.853	-0.1361	3	301	922	8	2014.549296
laboratory	-0.931	0.6708	2	373	1532	15	2010.526248
lacustrine	-0.273	-0.5533	2	450	1908	19	2010.425926
lacustrine sediments	-0.3384	-0.7363	2	225	630	7	2011.5
lag	0.4998	-0.1746	1	279	814	8	2010.653179
lake	0.0376	-0.6233	1	922	9204	96	2012.017794
lake sediment core	0.1272	-0.8603	1	184	508	5	2016
lake sediments	0.1541	-0.7308	1	653	3964	38	2012.512658
lake systems	0.0703	-0.2214	2	181	494	5	2014.347826
lake water	0.0282	-0.8508	1	362	1504	15	2011.325444
land	-0.2452	-0.3617	3	632	2962	31	2012.42268
landscape	0.3524	-0.576	1	282	840	8	2013.677302
laptev sea	-0.4634	-0.4619	3	232	680	6	2011.257143
large	0.7402	-0.1146	1	187	458	5	2011.479452
large-scale	0.3033	-0.3192	3	289	814	9	2011.165527
last glacial	1.239	0.258	1	226	702	6	2011.632353
last glacial maximum	1.2774	0.261	1	206	600	5	2012.258621
late	0.8434	-0.3945	1	431	1696	16	2009.495327
late holocene	0.4922	-0.0599	1	312	912	9	2010.923729
late pleistocene	0.5839	-0.5377	1	392	1440	13	2008.182609
late quaternary	1.1483	-0.0677	1	347	1398	13	2008.162162
latitude	0.5319	-0.3152	1	608	2748	25	2011.054819
layer	-0.0449	0.2031	2	664	3002	31	2010.321275
lca	0.0847	-0.6033	1	139	430	5	2011.6
ldi	0.6852	-0.0331	3	205	718	7	2015.222222
leaf	0.525	-0.8288	1	466	2276	20	2012.706667
leaf waxes	0.5686	-0.7912	1	499	2486	22	2014.884615
lena	-0.6752	-0.719	3	308	1134	11	2011.554054
lena river	-0.7242	-0.6898	3	185	578	6	2011.964539
length	0.0294	-0.7829	3	504	2394	25	2010.5328
levels	-0.6354	-0.0682	2	599	2638	30	2011.25209
lgm	1.1983	0.1424	1	464	2198	20	2011.552083
life	-0.6857	-0.5103	2	236	702	8	2011.876747
light	0.0749	-0.3473	1	419	1338	15	2011.753582
limit	-0.212	0.2739	2	400	1312	11	2010.544865
limitations	0.0324	0.6829	2	386	1244	12	2012.614846
line	0.3417	0.0896	1	279	862	9	2011.363128
linear correlation	0.2816	0.3399	3	184	506	5	2010.081633
linkage	0.1051	-0.1077	2	290	770	8	2012.484733
lipid biomarkers	-0.4834	-0.3212	2	826	5496	53	2012.480519
lipid class	-1.0528	-0.0781	2	177	544	6	2005.916667
lipid composition	-0.9466	0.1084	2	221	640	7	2008
lipid content	-1.0477	0.4963	2	180	486	5	2010.925926
lipids	-0.6387	-0.0895	2	1105	14342	144	2011.738351
little ice age	0.8658	0.7048	1	353	1540	12	2011.269784
living	-0.6545	-0.3269	2	244	616	6	2011.447853
location	0.464	0.5993	1	529	2356	20	2010.881081
loess	0.9377	-0.4373	1	222	666	6	2011.913043
long	-0.1989	-0.7948	3	167	464	5	2009.685185
long chain	-0.1603	-0.3906	3	912	8486	87	2010.192982
long chain diol index	0.593	0.0366	3	208	736	7	2016.571429
long chain diols	0.7139	0.0735	3	153	486	5	2015.833333
long-chain alkenones	0.2681	0.2759	1	300	1034	11	2008.090909
long-chain n-alkanes	-0.0856	-0.5692	3	526	2908	26	2010.785714
long-term	0.4909	0.1227	1	624	2786	26	2012.366366
loss	-0.3556	-0.3494	2	327	1018	11	2013.251087
low latitudes	1.0139	-0.1824	1	203	544	5	2010.434286
low temperatures	-0.7632	0.0908	2	314	1078	12	2011.076759
mackenzie	-0.8664	-9e-04	3	291	1010	9	2009.683007
mackenzie river	-0.8181	0.2476	3	201	600	5	2009.6375
macrofossils	0.054	-0.9853	3	190	594	6	2014.621622
macrophytes	0.247	-1.0101	1	211	654	6	2013.454545
magnitude	0.3381	0.1669	1	537	2130	21	2011.364091
mangrove	-0.8198	-0.4546	3	156	494	7	2010.076923
margin	0.3493	0.4031	1	710	3998	38	2010.972504
marginal ice	-0.5887	1.0519	2	376	1672	13	2011.113924
marginal ice zone	-0.5906	1.0511	2	376	1672	13	2011.202899
marginal seas	0.2807	1.0046	1	190	550	5	2011.022222
marine	-0.1228	0.1023	3	1156	14694	139	2012.020366
marine biomarkers	-0.2534	0.272	3	245	650	5	2014.125
marine cores	1.0433	0.164	1	279	848	8	2012.615385
marine diatoms	-1.1349	0.3251	2	157	454	6	2009.4375
marine environment	-0.3446	-0.4096	2	614	2690	28	2012.287625
marine isotope stage	0.8789	-0.1015	1	444	1832	16	2013.362637
marine organic matter	0.2397	0.6475	3	223	664	5	2007.875
marine origin	-0.3338	0.0736	3	290	852	7	2008.636364
marine productivity	0.2793	0.5886	3	279	944	8	2011.882353
marine records	1.2642	0.172	1	241	674	5	2011.363636
marine sediment cores	0.9011	0.4741	1	473	2134	17	2013.44186
marine sediments	0.0109	0.2264	2	971	9024	87	2011.473418
marine sources	-0.6506	0.1309	3	265	944	7	2011.107143
marine surface	-0.1527	-0.2265	3	291	940	9	2011.757576
marine systems	-0.784	0.319	2	243	706	6	2014.228916
marine waters	-0.3361	-0.0797	3	281	864	8	2011.891566
markers	-0.7336	-0.2171	2	694	3882	41	2013.021898
mass	-0.4121	0.1819	2	801	4864	53	2010.941993
mass accumulation	0.1638	-0.4611	3	253	752	7	2011.85
mass accumulation rates	0.1636	-0.4591	3	253	752	7	2011
mass spectrometry	-0.9035	-0.3238	2	414	1792	23	2012.604502
mat	-0.0752	-0.3574	3	412	1624	15	2010.666667
materials	-0.2378	-0.5431	2	301	936	10	2011.458333
matrix	-1.078	0.3088	2	216	582	5	2011.695341
mats	-0.4843	-0.7998	2	294	1036	11	2011.689441
mature	-0.35	-0.3823	2	179	438	5	2010.101124
maximum	0.7599	0.0359	1	848	6246	57	2010.287843
mbt	0.0831	-0.7722	3	255	914	8	2014.727273
mcmurdo	-0.9526	-0.5647	2	191	622	8	2012.070652
mcmurdo dry	-0.9183	-0.7354	2	155	486	6	2012.629213
mcmurdo dry valleys	-0.9171	-0.7364	2	155	486	6	2012.629213
mean	0.3921	-0.214	1	436	1542	14	2010.953636
measurements	-0.1662	0.3395	2	731	3870	36	2010.932763
mechanisms	0.428	0.0963	1	747	4040	38	2011.610479
medieval	0.9731	0.71	1	246	796	6	2012.22449
medieval warm period	0.8447	0.7768	1	189	624	5	2010.066667
mediterranean	-0.378	-0.156	2	345	1202	12	2009.594488
mediterranean sea	-0.5954	-0.0438	2	255	746	8	2009.836735
melt	-0.7269	0.6611	2	333	1218	11	2013.146853
melting	-0.5552	0.6283	2	309	1012	9	2012.110283
meltwater	0.2968	0.4333	1	317	922	8	2012.781925
membrane	-0.3191	-0.3287	2	626	3010	30	2012.060241
membrane lipid	0.0533	-0.3488	2	210	572	6	2012.833333
membrane lipids	-0.1047	-0.4842	2	613	3104	30	2012.794872
meridional overturning	1.4266	0.1334	1	204	598	5	2014.108635
meridional overturning circulation	1.425	0.134	1	204	598	5	2014.37574
meromictic lakes	-1.0012	-0.4883	2	119	336	5	2005.857143
metabolism	-0.7024	-0.3286	2	221	538	6	2013.696486
methane	-0.4349	-0.772	2	350	1310	13	2013.074286
methane oxidation	-0.1315	-0.7189	3	197	528	5	2012.352941
methanogens	-0.676	-0.8023	2	167	488	5	2013.962264
methanotrophic bacteria	-0.5897	-0.6735	2	250	746	8	2013.04
method	-0.6325	0.2035	2	718	4274	47	2012.144788
methylation	0.2774	-0.7312	3	393	1602	15	2013.130435
mg	-0.7352	0.4504	2	237	614	5	2010.971279
microalgae	-0.9387	-0.1536	2	234	684	9	2011.67033
microbial	-0.5994	-0.5571	2	320	1080	13	2014.133333
microbial biomass	-1.0619	-0.2371	2	138	408	6	2012.267857
microbial communities	-0.7736	-0.6339	2	384	1696	20	2014.731973
microbial mats	-0.8049	-0.7506	2	153	460	5	2012.786517
microfossils	0.1971	0.8271	1	266	786	8	2011.727273
microorganisms	-0.7023	-0.4895	2	368	1406	15	2013.878151
mid-holocene	0.7878	0.3121	1	385	1302	10	2012.07874
migration	1.251	0.0153	1	301	1038	10	2011.023474
millennial scale climate	0.9732	0.4331	1	219	612	5	2013.4
millennial-scale	1.1432	0.2606	1	404	1596	14	2013.269841
minimum	0.61	0.0803	1	264	770	7	2009.779051
miocene	0.3243	-0.2828	1	305	878	8	2010.507937
mis	0.9171	-0.1644	1	476	2070	18	2013.46875
mixing	-0.1336	0.1758	3	340	1180	11	2009.902919
mixture	-0.7107	-0.4181	3	442	1922	20	2010.906921
miz	-0.6655	1.1329	2	240	884	7	2009.815789
mode	0.1845	-0.0214	1	339	1086	12	2010.915266
model	0.3292	0.2963	1	870	5718	55	2011.651901
model simulations	0.8451	0.2463	1	188	488	5	2012.477137
modification	0.2825	0.1524	1	282	774	8	2009.923977
moisture	0.7407	-0.4077	1	522	2300	20	2012.602086
molecular	-0.3579	-0.6632	3	414	1590	16	2012.319372
molecular biomarkers	-0.8049	-0.7221	3	192	588	5	2010.909091
molecular weight	-0.497	-0.3884	3	398	1454	16	2011.919355
molecules	-0.883	-0.1544	2	240	640	6	2011.769231
monitoring	-0.9223	0.253	2	218	616	7	2012.828676
monoene	-1.1466	0.343	2	136	444	6	2008.666667
monsoon	1.1641	-0.0993	1	459	2242	20	2012.152749
monsoon precipitation	1.2694	-0.3237	1	223	638	5	2013.041667
moss	-0.1398	-0.8328	3	293	978	11	2010.479651
mountains	0.7059	-0.5304	1	255	704	7	2011.617276
mouth	0.0371	-0.4149	3	439	1864	16	2011.528409
ms analysis	-0.9817	-0.2368	2	183	438	5	2011.588235
multi-proxy	0.6141	-0.1588	3	277	754	6	2015.4
multi-proxy approach	0.2857	-0.1199	3	261	724	6	2015.666667
multiproxy	0.646	0.4894	1	224	588	5	2015.25
multivariate	-0.6775	0.4683	2	210	602	6	2013.099057
n-15	-0.3102	0.0502	3	403	1458	14	2013.565217
n-alkanes	0.0162	-0.6515	3	963	10138	97	2011.125984
n-alkanoic acids	-0.3394	-0.8672	3	403	1672	15	2008.227273
n-alkanols	-0.4586	-0.3878	3	380	1352	11	2006.846154
namibia	1.0215	-0.0486	1	253	812	9	2009.62963
nature	0.3077	0.0532	1	424	1496	15	2010.788145
near-surface	-0.8954	0.52	2	316	1114	9	2011.177419
new data	0.3998	0.6419	1	271	842	9	2011.109375
nitrogen	-0.4546	-0.4912	2	457	1646	17	2012.807923
nitrogen isotopes	0.0411	-0.3537	3	191	496	5	2012.5625
nmr	-1.13	0.0425	2	164	506	7	2012.099099
nordic	0.5416	0.9239	1	264	1002	10	2010.496583
nordic seas	0.5088	0.9346	1	245	908	9	2010.261658
north	0.5622	0.2789	1	954	8258	79	2010.374238
north america	0.7723	-0.4047	1	219	602	6	2011.532207
north atlantic	0.7237	0.5116	1	665	4186	39	2010.017846
north atlantic oscillation	0.5695	0.6324	1	238	778	7	2010.430401
north pacific	0.7132	0.4449	1	411	1682	16	2010.653333
northern	1.0589	-0.175	1	557	3030	27	2011.106605
northern hemisphere	1.0708	-0.1984	1	510	2664	24	2010.714878
norway	0.0536	0.5521	3	260	762	6	2011.264414
norwegian	0.0582	0.7297	2	300	932	9	2008.200426
novel	-0.7759	0.1307	2	215	588	8	2013.967568
nutrient availability	-0.361	0.2197	2	212	516	5	2013.783582
nutrients	-0.181	-0.168	2	429	1606	16	2011.870968
o-18	0.9564	-0.1929	1	389	1284	11	2011.806034
observations	-0.2208	0.0696	3	706	3534	33	2011.448164
oc	-0.5099	-0.558	3	399	1570	14	2013.484305
occurrence	-0.4385	0.2805	2	846	5788	57	2011.803551
ocean	0.1537	0.3507	1	1130	15338	145	2010.965167
ocean circulation	0.848	0.4567	1	385	1458	12	2010.55339
ocean drilling	0.1031	-0.1231	1	261	822	8	2010.964912
ocean drilling program	0.3178	-0.0664	1	218	642	6	2010.897959
ocean sediments	-0.3922	0.1856	3	403	1448	13	2010.039474
ocean surface	0.2541	0.7915	1	346	1198	11	2011.97351
odp	0.7124	-0.2334	1	241	610	5	2008.512821
offset	0.3868	-0.4884	1	326	1120	10	2010.854749
oil	-1.0238	-0.2419	2	223	652	9	2011.484241
okhotsk	1.108	0.5836	1	274	1052	10	2010.130719
okhotsk sea	1.1848	0.5433	1	249	888	8	2009.5
onset	0.7225	0.0975	1	540	2402	20	2011.400894
open ocean	-0.5982	0.4015	2	262	800	7	2011.015873
open water	-0.5834	0.9829	2	330	1298	13	2011.389671
optimum	0.5385	-0.3094	1	243	700	7	2011.211009
order	-0.3087	0.054	2	775	4430	44	2010.598046
organic	-0.4342	-0.1502	3	648	3062	31	2013.072464
organic biomarkers	-0.1931	0.534	3	270	838	7	2008
organic carbon	-0.5173	-0.0581	3	936	8422	77	2012.96863
organic carbon content	-0.9246	0.2332	3	245	842	8	2011.984615
organic carbon sources	-0.5231	-0.0908	3	380	1442	12	2012.125
organic compounds	-0.3111	-0.495	3	198	536	8	2012.030075
organic geochemistry	-0.1001	-0.3981	2	255	702	8	2010.285714
organic material	-0.5027	-0.2112	3	381	1366	13	2010.225
organic matter	-0.5373	-0.1816	3	1101	13984	140	2012.485771
organic matter sources	-0.8079	-0.4545	3	249	834	8	2011.16
organisms	-0.8977	-0.0994	2	580	2820	32	2012.67134
origin	-0.6213	-0.1015	2	843	5910	62	2010.187679
oscillation	0.8687	0.3416	1	580	2914	26	2010.801829
outcomes	-0.6593	1.0241	2	352	1638	13	2014.259036
outflow	0.0872	-0.4185	3	255	822	8	2008.807601
overturning	1.4249	0.1366	1	204	598	5	2012.406393
overturning circulation	1.4271	0.1353	1	204	598	5	2013.703911
oxidation	-0.8813	0.0102	2	582	2942	31	2011.836614
oxygen	-0.1612	-0.0743	2	482	1962	19	2009.83871
oxygen isotopes	1.0933	-0.2867	1	271	840	7	2009.387435
pacific	0.5552	0.4266	1	652	3690	36	2010.950879
pacific ocean	0.5603	0.0191	1	254	816	8	2010.089431
palaeo	-0.6079	0.9337	2	383	1974	18	2013.321429
palaeo sea ice reconstruction	-0.9057	0.9712	2	227	826	7	2015.142857
palaeo-environment	0.611	-0.2121	1	341	1088	10	2011.625
palaeoenvironmental	0.7146	-0.1277	1	199	518	5	2012.133333
palaeoenvironmental reconstruction	0.4377	-0.0765	1	217	522	5	2012.85
paleo	-0.2224	0.9621	2	350	1424	14	2014.933333
paleo-climate	0.6861	0.0237	1	477	1848	17	2011.35
paleoceanography	0.3412	0.5811	1	310	1182	12	2010.041667
paleocene	0.2591	-0.6826	1	192	486	5	2011.947368
paleoclimate	0.5411	-0.4459	1	754	4796	45	2013.189349
paleoclimate reconstructions	0.0927	-0.6733	1	289	956	9	2013.72
paleoclimate records	0.6394	-0.5638	1	196	522	5	2012
paleoclimatology	0.5725	-0.7658	1	217	580	5	2013.166667
paleoenvironment	-0.3757	-0.4115	2	230	630	7	2010.363636
paleoenvironmental reconstructions	-0.1005	-0.088	2	255	682	6	2015.083333
paleogene	0.2317	-0.5738	1	216	586	6	2014.470588
paleotemperature	0.5056	-0.1504	1	619	3480	35	2010.681818
paleotemperature reconstructions	0.2056	-0.4545	1	305	1152	11	2013.75
paleothermometer	0.2981	-0.6918	3	250	846	9	2013.7
paleothermometry	0.88	0.5068	1	210	672	7	2013.625
paleovegetation	0.178	-0.9473	3	188	560	6	2015.444444
parameters	-0.1417	0.0731	3	717	3760	35	2010.962104
part	0.0147	-0.1217	3	804	4462	42	2010.410034
particles	-0.4347	0.5422	2	675	4024	38	2011.108822
particulate	-0.6065	0.2129	2	719	4392	43	2012
particulate matter	-0.5664	0.1772	2	619	3342	33	2012.141264
particulate organic	-0.578	0.5057	2	441	1740	16	2012.208791
particulate organic carbon	-0.4715	0.532	2	225	654	6	2012.516854
particulate organic matter	-0.6469	0.4863	2	317	1086	10	2011.806122
past	0.4863	-0.3966	1	416	1490	14	2012.316703
past climate	0.6246	-0.6166	1	271	818	8	2012.666667
pathways	-0.7914	-0.2817	2	440	1628	18	2013.213274
patterns	0.4717	-0.2503	1	861	5402	53	2011.236066
pb-210	-0.2954	0.675	3	238	632	6	2010.621622
pca	-0.7993	0.0773	3	204	590	5	2012.184466
peat	0.1676	-0.7391	3	463	1940	19	2013.503205
peat deposits	0.4844	-0.7907	3	236	622	5	2013.428571
peatlands	0.7444	-0.5981	1	238	732	8	2014.40553
pelagic	-1.0996	0.5139	2	186	588	7	2011.982143
peninsula	-0.025	0.0262	2	495	2078	22	2011.596904
performance	-0.7455	-0.2065	2	278	844	9	2013.489921
period	0.4589	0.2216	1	954	7872	74	2011.210316
periodicity	0.6371	0.5611	1	198	574	5	2010.060403
permafrost	-0.2867	-0.7265	3	551	2706	25	2012.799678
permafrost deposits	-0.4128	-0.9346	3	237	746	6	2014.566667
permafrost thaw	-0.2278	-0.823	3	250	698	6	2014.917369
petroleum	-0.61	-0.5942	3	264	840	10	2012.240964
ph	-0.174	-0.6866	3	508	2386	23	2013.361345
phase	0.6166	-9e-04	1	564	2308	22	2011.300144
phospholipid fatty acids	-0.9084	-0.4341	2	211	638	7	2011.181818
phospholipids	-0.9199	-0.3205	2	346	1222	14	2008.454545
photodegradation	-1.2567	0.4283	2	143	440	5	2013.276596
photooxidation	-1.1465	0.4087	2	217	758	8	2010.851852
photosynthesis	0.587	-0.526	1	212	578	5	2012.442424
phytoplankton	-0.4468	0.7186	2	773	5768	54	2012.529026
phytoplankton bloom	-0.9221	0.7726	2	205	612	6	2012.516129
pigments	-0.9523	0.1805	2	226	658	7	2012.420814
pip25	-0.2445	1.1373	2	425	2610	21	2015.666667
pip25 index	-0.2917	1.1789	2	330	1638	13	2015.923077
place	-0.6364	-0.0093	2	230	602	6	2009.958042
plankton	-0.4771	0.4271	2	223	594	6	2010.853821
plant	-0.0629	-0.5979	3	990	10484	106	2012.538334
plant material	-0.7391	-0.1445	3	294	906	9	2011.580645
plant waxes	0.3945	-0.5753	1	573	2856	25	2012.645161
plateau	0.3105	-0.7089	3	464	2040	20	2012.169659
pleistocene	0.575	-0.453	1	679	3706	35	2009.611702
pleistocene holocene	0.727	-0.6448	1	257	728	6	2010.096154
plfa	-1.0809	-0.4072	2	144	458	6	2009.363636
pliocene	0.6423	-0.2247	1	311	964	9	2013.66129
polar	-0.3327	0.4852	2	510	2182	21	2011.082686
polar front	0.1636	0.6132	1	295	934	8	2009.072327
polar lipids	-0.7846	-0.2853	2	201	550	7	2006.583333
polar regions	-0.0905	0.6843	3	359	1216	10	2011.606775
polar waters	0.2631	0.9469	1	248	886	8	2010.440367
pollen	0.9028	-0.3314	1	459	1936	21	2011.027027
pools	-0.5362	-0.415	3	349	1158	10	2013.203252
population	-0.5621	-0.5167	2	366	1290	15	2011.362024
position	0.1836	0.2534	1	512	2046	21	2010.689373
potential	-0.3386	0.14	2	690	3424	32	2012.784435
precession	1.0636	-0.2412	1	198	514	5	2007.684211
precipitation	0.8797	-0.4166	1	731	5656	50	2012.247478
precursors	-0.4982	-0.6025	2	164	410	6	2012.869565
predators	-0.9858	0.6325	2	153	446	5	2010.345515
prediction	0.0275	0.8211	2	201	580	6	2012.073267
preference	-0.6071	-0.7235	3	360	1530	17	2012.214286
present	-0.1329	0.1182	1	506	1910	18	2011.176606
present day	0.2022	-0.5122	1	282	820	8	2011.295673
preservation	-0.6412	-0.1179	2	679	3518	37	2011.649533
pressure	-0.5151	-0.1578	2	248	632	8	2010.477108
prevalence	-0.0185	-0.0414	2	235	606	5	2013.013245
primary production	-0.5029	0.6602	2	460	1898	18	2012.113402
primary productivity	0.0785	0.2619	3	609	2790	24	2013.138889
principal component analysis	-0.8443	0.2035	3	297	908	8	2010.580645
principal components	-0.7343	0.2317	3	314	994	9	2010.402597
processes	-0.3841	-0.0297	2	1012	7810	75	2011.967406
production	-0.2588	0.3162	2	1017	9762	93	2011.637878
productivity	0.2607	0.2268	3	859	6240	55	2012.484007
profiles	-0.53	-0.1241	2	774	4370	48	2010.526606
properties	-0.4211	-0.1852	2	339	946	8	2011.071907
proportion	-0.5731	0.13	2	629	2828	28	2011.055556
provenance	0.7485	-0.4848	1	198	564	5	2011.684783
proximity	0.1888	-0.2809	3	190	478	5	2011.075099
proxy	0.1502	0.3099	1	1173	19446	181	2013.127907
proxy data	0.6408	0.614	1	450	1894	16	2012.556962
proxy records	0.7768	0.3981	1	430	1632	14	2012.309278
prymnesiophytes	-1.0307	0.0815	2	202	578	6	2008.25
pufa	-1.1039	0.0713	2	230	676	9	2008
pulses	0.6734	0.1512	1	290	816	7	2011.138996
quality	-0.1108	0.1021	2	298	850	8	2012.741898
quantification	-0.6274	0.4732	2	353	1348	15	2013.40625
quantitative	-0.4771	-0.0428	3	349	984	9	2011.594059
quantitative estimates	-0.7489	0.7672	2	186	532	5	2010.162162
quaternary	0.979	0.1565	1	499	2324	21	2010.108108
radiocarbon	0.2976	-0.5502	3	429	1542	15	2012.205298
radiocarbon ages	0.3802	-0.5868	3	239	604	5	2012.69697
rainfall	1.1774	-0.1612	1	514	3286	29	2011.97561
range	-0.2248	0.0158	2	944	7228	71	2011.410547
rates	-0.3188	0.0375	2	657	3056	29	2011.494306
ratio	-0.2439	-0.2911	3	1096	12084	118	2010.925387
rdna	-0.5602	-0.4509	2	213	672	9	2012.367232
reaction	-1.0268	0.0397	2	382	1520	17	2010.924119
reactivity	-1.2163	0.5057	2	169	520	5	2012.537037
realm	-0.1097	-0.3442	3	249	734	7	2012.093023
recent	-0.253	0.3078	2	371	1120	12	2011.804991
reconstruction	0.2487	0.2897	1	1094	14306	134	2012.728025
record	0.7327	-0.0162	1	1012	11478	108	2011.508365
redox	-0.7215	-0.4541	2	196	554	6	2012.1875
reduction	0.0428	0.1021	1	531	1898	17	2012.202875
regime	0.4085	0.2837	1	575	2390	22	2010.768478
region	0.2056	0.0993	1	1188	16116	155	2011.608772
regression	-0.2271	0.6595	3	286	872	8	2011.924945
relationship	0.0355	0.1705	1	860	5930	57	2011.52721
relative abundance	-0.2761	-0.1899	2	627	2968	31	2013.82
relative contributions	-0.6839	-0.1451	3	324	1012	9	2012.530435
relative importance	-0.6048	-0.1963	2	393	1268	12	2010.879562
release	-0.7203	0.0717	2	386	1368	12	2012.712924
removal	-0.781	-0.2195	3	280	868	7	2011.470833
research	0.0659	0.106	2	582	2446	24	2012.25614
reservoir	0.0037	-0.57	1	244	628	5	2012.909879
residues	-0.2379	-0.3254	3	175	422	5	2009.701681
resolute	-1.129	0.6902	2	205	662	6	2010.517241
resolute passage	-1.0869	0.7671	2	179	542	5	2016
resolution	0.3134	0.1965	1	729	3796	34	2011.918993
response	0.2612	-0.0564	1	877	5666	52	2012.161066
resuspension	0.1193	0.5277	3	196	522	5	2008.540984
retreat	0.3801	0.5312	1	466	1772	15	2012.69985
reversal	1.4045	-0.0665	1	179	542	5	2011.354497
reworking	-0.3718	-0.7458	3	195	480	5	2008.418605
rhizosolenia	-1.0892	0.579	2	197	564	5	2012.3
ridge	-0.0492	-0.0365	2	296	922	11	2008.953586
river	0.0512	-0.3852	3	868	7612	71	2011.920886
river delta	-0.5434	-0.6507	3	260	848	8	2011.6
river discharge	0.5647	-0.2426	3	310	1004	9	2011.398406
river mouths	0.2246	-0.2826	3	241	668	6	2012.307692
river outflow	-0.0698	-0.7163	3	176	546	5	2014.5
riverine	0.3098	-0.2485	3	346	1208	11	2012.516432
rocks	-0.3465	-0.4793	2	440	1552	18	2010.835085
role	0.1555	-0.0261	1	743	4252	42	2012.568357
root	-0.1549	-0.8048	3	231	646	7	2012.083538
ross	-0.8724	-0.6432	2	169	462	5	2011.009202
rrna	-0.4762	-0.7739	2	258	836	10	2013.889558
runoff	0.5278	-0.3535	1	249	692	6	2012.212743
russian	0.0647	-0.8791	3	308	1126	10	2010.807018
russian arctic	-0.1786	-1.0186	3	237	830	7	2011.16
saline lakes	-0.6826	-0.3776	2	162	514	6	2010.071429
salinity	-0.2075	0.1307	2	723	4290	45	2009.248247
salt	0.6505	-0.1162	1	182	454	5	2008.72546
sample	-0.5194	0.0488	2	551	2216	24	2011.599617
scale	0.4624	-0.0687	1	713	3570	34	2011.804989
scenarios	0.0129	1.1596	2	191	504	5	2012.882212
science	-0.577	0.0147	2	619	3424	41	2005.441336
se	0.4448	0.6277	1	253	806	8	2011.945205
sea	-0.0229	0.4963	2	1227	27144	263	2010.929745
sea ice	-0.1142	0.8184	2	1009	13994	132	2012.341204
sea ice algae	-0.9065	0.8117	2	320	1152	10	2015.193548
sea ice biomarker	-0.2925	1.0066	2	477	2556	23	2014.956522
sea ice changes	-0.2918	0.9229	3	205	556	5	2014.34188
sea ice conditions	-0.2057	1.1082	2	517	3314	28	2012.497942
sea ice cover	0.0648	1.0823	1	524	3352	29	2012.742173
sea ice coverage	0.1936	0.7428	3	222	662	5	2013.327586
sea ice diatoms	-0.7498	0.8738	2	352	1584	15	2012.05
sea ice edge	-0.2035	1.2428	2	266	954	7	2012.476744
sea ice extent	0.3531	0.7992	1	504	2556	22	2013.195775
sea ice primary production	-0.4984	0.9463	2	236	788	7	2014.933333
sea ice production	-0.4795	0.844	2	194	572	5	2013.069307
sea ice proxy	-0.1524	1.1427	2	418	2280	20	2013.818182
sea ice reconstructions	-0.4192	1.0028	2	372	1626	14	2015.842105
sea ice variability	0.3212	1.0702	1	309	1254	10	2013.147059
sea level	0.5681	-0.0415	3	540	2204	19	2011.153319
sea level rise	0.3514	-0.3682	3	232	632	6	2012.696243
sea surface	0.5869	0.4906	1	994	11910	115	2011.29989
sea surface salinity	0.464	0.6389	1	182	592	6	2011.927536
sea surface temperature	0.6739	0.4317	1	950	10716	104	2011.542882
seafloor	-0.6594	0.2703	2	206	552	6	2012.700565
season	0.4148	0.3332	1	916	7362	66	2012.178114
seasonal sea ice	-0.0759	1.0437	2	507	2782	23	2014.051471
seasonal variability	0.5659	0.836	1	196	560	5	2011.582043
seasonal variation	-0.2878	0.7691	2	197	542	6	2011.013917
seawater	-0.7578	0.4717	2	320	1110	13	2011.626116
sections	-0.8218	0.0379	2	308	924	8	2007.846599
sediment cores	0.4367	0.1671	1	1046	9828	88	2012.336207
sediment record	0.6955	-0.0579	1	403	1466	13	2013.352941
sediment traps	-0.3352	0.6356	2	488	2356	24	2009.653465
sediment-water interface	-0.5645	0.3217	2	287	934	9	2008.22807
sedimentary	-0.4545	-0.3939	3	420	1476	14	2010.557143
sedimentary archives	0.3483	-0.6318	1	256	706	7	2014.461538
sedimentary environment	-0.8245	-0.3232	2	251	706	8	2011.909091
sedimentary organic carbon	-0.9048	0.0576	3	190	502	5	2011.2
sedimentary organic matter	-0.4335	-0.8431	3	261	830	8	2012.48
sedimentary record	0.0232	-0.1969	2	369	1268	13	2011.470588
sedimentation	-0.0447	0.0874	2	586	2726	25	2009.867797
sedimentation rates	-0.2471	-0.1346	2	299	930	9	2011.808511
sediments	-0.1387	-0.0023	2	1269	35564	359	2011.206075
selection	-0.498	0.3548	2	277	768	8	2012.335938
sensitivity	0.3654	0.2207	1	473	1678	15	2012.152936
separation	-0.5265	-0.2647	2	184	456	5	2009.887195
sequence	0.2836	-0.5573	1	690	3762	39	2012.290017
series	-0.4556	0.2136	2	637	2996	29	2010.601012
shallow water	0.1047	0.8376	2	256	708	6	2010.653846
shelf	-0.0259	0.3289	3	863	6364	55	2010.587376
shelf seas	0.2398	0.0693	3	347	1196	10	2011.734043
shelf sediments	-0.0943	0.3004	3	331	1090	9	2009.302083
shelf slope	-0.481	0.2747	3	199	598	5	2009.940928
shelves	0.0119	0.3654	3	214	640	6	2011.760377
shift	0.6945	-0.013	1	855	6366	57	2012.333333
shore	0.3354	-0.3954	3	234	564	5	2010.122222
short-term	0.1172	0.878	1	281	946	8	2012.055432
siberia	-0.317	-0.7938	3	369	1330	12	2012.538153
siberian	-0.2831	-0.5078	3	377	1546	14	2012.301282
siberian arctic	-0.4932	-0.9249	3	297	1108	10	2013.052288
signal	0.2465	-0.082	1	824	5850	55	2011.038817
signatures	0.0543	-0.5692	3	628	2804	25	2011.86758
significance	-0.4994	0.2015	2	510	2094	20	2011.019928
silica	-0.482	0.3421	2	286	832	8	2009.009901
similarity	-0.4646	0.1399	2	244	692	8	2011.516971
simulations	0.7795	0.3061	1	342	1144	12	2012.277903
singlet oxygen	-1.231	0.3926	2	143	440	5	2012.571429
sinking	-0.7689	0.7353	2	210	680	7	2010.636364
sinking particles	-0.6477	0.8037	2	172	544	6	2013.5
sites	0.2248	0.061	1	1076	10394	96	2011.507274
size	0.5747	0.4824	1	440	1694	14	2010.965923
size distribution	0.5924	0.6882	1	215	592	5	2010.853862
slope	-0.1153	0.4509	3	627	3280	28	2010.341082
soil	-0.0287	-0.6112	3	937	8170	78	2012.887856
soil organic matter	-0.3874	-0.4274	3	373	1404	12	2014.61236
soil ph	0.2118	-0.7851	3	282	984	9	2013.036585
solution	-0.6311	-0.1211	2	163	386	5	2010.22668
sound	-0.8819	0.3339	2	163	416	5	2009.438406
source	-0.4686	-0.2645	2	1178	17632	176	2011.544715
source areas	0.6316	-0.3786	1	259	780	7	2011.964602
source organisms	-0.8786	-0.5249	2	213	620	7	2004.555556
source waters	0.3017	-0.9617	1	226	844	8	2008.57967
south	0.8066	-0.1374	1	749	5112	49	2009.816077
south africa	1.1759	-0.1746	1	449	2480	23	2008.43038
south atlantic	0.6348	0.1361	1	306	880	8	2007.451691
southern	0.7539	0.1193	1	709	4374	41	2011.247603
southern africa	1.2609	-0.2347	1	290	1110	10	2011.382353
southern hemisphere	0.986	-0.0481	1	542	2656	22	2010.882466
southern hemisphere westerlies	1.1713	0.194	1	213	618	5	2013.25
southern ocean	-0.0972	0.7646	2	556	2974	30	2011.310743
southern oscillation	0.9628	0.2991	1	285	970	8	2011.761165
southwest	0.3876	0.2618	1	403	1338	13	2010.224324
spatial	0.0512	0.4591	3	245	620	5	2011.877747
spatial distribution	-0.3019	0.9387	2	232	644	6	2012.602028
species	-0.5508	-0.1099	2	813	5020	61	2011.629341
specimens	-0.3485	0.3623	2	220	622	6	2012.251232
spectra	-0.6531	-0.185	2	157	388	6	2010.240566
spectrometry	-0.904	-0.3227	2	414	1792	23	2012.332298
sphagnum	-0.045	-0.945	3	209	674	7	2011.862069
spm	-0.8521	-0.1327	3	306	1116	11	2013
spores	-0.2562	-0.2015	2	197	470	5	2009.393258
spring	-0.4225	0.6871	2	739	4646	42	2011.445356
spring bloom	-0.8416	0.7684	2	273	954	9	2011.73913
spring sea ice	-0.2792	1.0647	2	416	1920	16	2014.035714
sst estimates	0.5212	0.7559	1	250	944	9	2011.090909
stability	-0.4973	0.1252	2	357	1178	12	2011.601934
stable carbon	-0.0906	-0.5033	3	659	3382	31	2011.428571
stable carbon isotopes	-0.3061	-0.4977	3	464	1780	16	2011.747664
stable carbon isotopic composition	-0.1857	-0.1111	3	197	514	5	2010.461538
stable isotope composition	-0.0279	0.4463	1	283	800	7	2012
stable isotopes	0.1279	-0.1557	1	602	2750	26	2012.393939
stadial	0.8656	0.3955	1	377	1408	12	2011.6
stage	0.3221	0.2674	1	711	3932	36	2011.432692
stalagmite	1.0286	-0.3977	1	174	524	5	2009.625
standard	-0.939	-0.0603	2	170	452	6	2011.405751
state	-0.5428	0.078	2	424	1646	17	2012.176355
stations	-0.6413	-0.2806	3	277	886	9	2010.728667
statistics	0.1612	-0.0325	1	199	498	5	2010.724252
status	-0.6503	-0.2256	2	216	566	7	2011.737569
steps	-0.2409	0.006	2	245	604	6	2012.015873
steranes	-0.8408	-0.735	2	135	384	5	2003
sterols	-0.9064	0.1468	2	731	5108	52	2008.367647
storage	-0.6014	-0.0154	2	236	604	7	2013.435429
storm	0.7675	0.268	1	222	556	5	2010.368357
strain	-0.8806	-0.3028	2	229	714	11	2011.527632
strait	-0.0975	0.7787	2	499	2126	20	2008.864542
stratification	0.0134	0.1127	2	322	988	11	2010.765734
strength	0.5905	0.3643	1	390	1204	9	2011.147674
stress	-0.5948	0.1132	2	388	1256	13	2010.771906
structure	-0.693	-0.2249	2	716	4258	54	2010.587788
sub-antarctic	0.1376	0.1839	2	246	612	6	2008.713396
substrate	-0.7077	-0.2571	2	193	480	5	2012.694517
subsurface	0.4533	0.2689	1	524	2220	21	2011.621895
subsurface temperature	1.0122	0.4933	1	231	712	6	2011.053571
succession	0.0827	-0.2865	3	184	458	5	2012.128814
sulfide	-0.8747	-0.4694	2	173	496	6	2011.372727
sulfur	-0.532	-0.4641	2	241	706	9	2010.858065
summer	0.5797	0.1648	1	1015	9990	91	2011.747886
summer insolation	1.199	0.2234	1	328	1150	10	2011.08
summer monsoon	1.2146	-0.2847	1	226	706	6	2011.721893
summer rainfall	1.217	-0.1602	1	318	1274	12	2011.206522
summer season	0.687	-0.3799	1	239	682	7	2012.634409
summer sst	0.4254	0.9964	1	177	550	5	2010.538462
summer temperatures	0.6614	-0.3323	1	392	1446	13	2011.835484
supply	0.2121	0.4	1	530	2314	22	2011.339312
support	-0.0413	-0.1846	1	410	1444	14	2012.160714
surface	0.0922	0.245	1	1244	23934	231	2011.274886
surface conditions	0.5244	0.5374	1	320	974	8	2010.87907
surface layer	0.0938	0.6801	3	185	502	6	2009.563452
surface salinity	0.5422	0.7001	1	228	840	9	2009.551351
surface sediments	-0.3663	0.2279	3	1067	13210	124	2010.917355
surface temperature	0.7001	0.3718	1	974	11000	108	2011.552855
surface waters	0.0491	0.657	1	686	4046	38	2010.917469
survey	0.4228	-0.6693	1	210	528	5	2010.854962
svalbard	-0.5403	0.2865	2	410	1596	17	2012.982836
synthesis	0.4008	-0.2744	1	429	1540	16	2012.494924
system	0.3688	-0.0989	1	913	7134	66	2012.244703
techniques	-0.606	0.1873	2	509	1960	22	2010.995925
temperate	0.3034	-0.4712	1	267	796	9	2011.666667
temperature	0.4827	0.0218	1	1185	20900	208	2011.477652
temperature calibration	0.2318	-0.0039	1	307	1224	13	2010.944444
temperature changes	0.9528	-0.2959	1	454	2006	17	2012.055092
temperature estimates	0.7651	0.471	1	482	2404	23	2010.651163
temperature evolution	1.0915	0.4386	1	220	648	5	2013.147059
temperature gradient	0.86	-0.2292	1	159	408	5	2011
temperature increase	1.1643	-0.2048	1	212	582	5	2011.880309
temperature precipitation	0.6712	-0.6153	1	229	604	5	2012.677122
temperature proxy	0.4579	0.2056	1	263	842	8	2013.470588
temperature reconstructions	0.8039	-0.0776	1	551	3158	30	2013.555556
temperature records	1.2288	-0.0531	1	409	2044	18	2010.766839
temperature variability	1.055	0.1011	1	247	812	8	2012.481229
temperature variations	1.1841	0.1803	1	269	818	7	2010.665354
temporal changes	-0.3761	0.7217	2	272	796	7	2011.742138
temporal resolution	0.7034	8e-04	1	250	664	6	2013.873362
termination	1.0349	0.5052	1	261	830	7	2011.142857
terms	-0.1102	0.3294	2	682	3316	34	2011.105954
terrestrial	0.3333	-0.4657	3	405	1404	12	2012.64094
terrestrial biomarker	0.3928	-0.0211	3	235	592	5	2011.833333
terrestrial environments	-0.339	-0.5313	2	195	522	5	2013.740741
terrestrial inputs	-0.4044	-0.503	3	302	984	10	2012.44186
terrestrial organic carbon	-0.6913	0.228	3	250	782	6	2012.179487
terrestrial organic matter	-0.2993	-0.3157	3	506	2182	19	2012.425926
terrestrial plant	0.5325	-0.5896	1	265	796	7	2013.095238
terrestrial sources	-0.8589	-0.06	3	257	874	7	2010.8
terrigenous input	0.3402	0.3543	3	273	952	8	2013.944444
terrigenous organic matter	-0.631	-0.2874	3	276	898	8	2010.806452
tetraethers	0.2013	-0.3612	3	947	9866	91	2014.530612
tex86	0.8473	0.3995	1	588	4078	39	2013.461538
tex86 temperature	1.1892	0.0816	1	175	478	5	2012.2
tex86 tex86l	0.7911	0.6345	1	203	662	6	2012.833333
tex86h	0.7139	0.5511	1	344	1482	14	2014.428571
tex86l	0.8788	0.6378	1	289	1226	11	2014.909091
thaumarchaeota	0.1559	0.0972	3	401	1670	16	2015.470588
thaw	-0.2803	-0.917	3	221	618	5	2013.405618
thermal	0.7293	0.6123	1	231	702	6	2011.557652
thermal maximum	0.6649	0.6582	1	210	614	5	2014.473684
tibetan plateau	0.4464	-0.8711	1	244	830	8	2014.317191
time	0.2885	-0.001	1	1106	10938	106	2011.191579
time scales	0.7689	-0.2184	1	427	1552	15	2011.351464
time-series analysis	-0.2398	0.764	2	367	1358	13	2010.95228
timescales	0.522	0.8398	1	329	1134	10	2011.525048
timing	0.9955	-0.156	1	476	1840	18	2012.348348
tissue	-1.0567	0.3826	2	202	680	9	2011.777778
tn	-0.3658	-1.0732	3	185	544	5	2013.45614
toc	-0.3891	-0.6602	3	573	2580	22	2011.084906
tools	0.3776	-0.5595	1	175	424	5	2013.795322
total organic carbon	-0.2602	-0.1232	3	530	2292	20	2011.958678
total organic carbon toc	-0.4988	-0.6351	3	316	996	8	2011.75
trace	-0.8561	-0.2986	2	301	936	11	2011.307692
tracer	-0.8341	0.0884	2	473	1934	21	2009.231405
transect	-0.0885	-0.4105	3	581	2952	28	2011.199708
transfer	-0.5816	0.4365	2	403	1448	14	2010.678679
transformation	-0.529	-0.1683	2	277	798	10	2011.951786
transition	0.5841	0.0119	1	551	2516	22	2011.648928
transport	0.1154	-0.0117	3	799	5680	52	2010.537155
transport processes	0.1717	0.4327	3	196	522	5	2009.745098
transportation	-0.0327	0.0949	3	204	568	5	2013.300752
traps	-0.4099	0.6026	2	497	2380	25	2009.907104
treatment	-0.506	-0.2591	3	231	604	6	2012.769355
trees	0.617	0.2225	1	283	852	8	2012.336557
trends	0.3329	0.1835	1	917	6298	56	2012.269204
trophic levels	-1.0541	0.5727	2	165	662	8	2012.898374
tropics	0.9573	-0.4347	1	317	1034	9	2010.699313
tundra	0.0723	-0.8723	1	301	1004	10	2013.196825
turbidity	-0.0026	0.3939	3	232	584	5	2011.172414
types	-0.3468	-0.4159	3	454	1796	19	2011.720352
u-37(k ')	0.7347	0.4388	1	401	1770	17	2013.529412
uk	-0.211	4e-04	2	252	708	8	2011.816794
uncertainty	0.3474	-0.1758	1	348	1196	13	2013.221957
university	0.5417	-0.1709	1	230	614	6	2010.400794
unsaturation	-0.0454	0.3046	2	475	2350	26	2005.95
unsaturation index	0.6063	0.6713	1	300	1038	10	2008.363636
upwelling	0.6828	0.1804	1	373	1424	13	2010.661939
upwelling system	0.6904	0.3627	1	266	954	9	2010.96
valley	-0.7724	-0.7465	2	189	544	6	2011.024
values	-0.1123	-0.2241	3	1132	14534	141	2010.746562
variability	0.5521	0.3049	1	1049	11234	100	2011.545737
variations	0.2498	0.1386	1	1034	9984	95	2010.901917
vascular	-0.8389	-0.0585	2	236	718	8	2011.532787
vascular plants	-0.5328	-0.4793	2	405	1542	16	2011.583643
vegetation	0.6195	-0.5605	1	791	6294	60	2012.521246
vegetation changes	0.8551	-0.5812	1	377	1558	16	2012.638655
velocity	0.1357	0.6098	3	200	586	5	2010.066944
volume	0.1051	-0.1316	2	246	628	7	2010.936662
warm	0.9079	0.4189	1	415	1668	15	2011.29985
warm period	0.7074	0.81	1	305	1138	9	2011.509615
warming	0.4124	-0.0792	1	778	4602	41	2012.978577
warmth	0.3714	-0.6168	1	207	528	5	2011.625
washington	0.9499	-0.113	1	180	498	5	2008.381818
water	-0.0344	0.2267	2	1231	20920	201	2010.775054
water column	-0.4836	0.3274	2	792	5132	50	2010.123234
water depth	0.2621	0.4487	1	488	1942	18	2011
water masses	0.3565	0.8887	1	300	1080	10	2009.047927
water samples	-0.832	0.4803	2	283	884	9	2012.208738
water surface	0.048	0.1687	3	182	464	5	2010.707692
water temperature	0.4858	0.1505	1	264	806	8	2010.526448
waxes	0.0343	-0.8098	1	515	2422	23	2011.678571
weight	-0.7434	-0.4509	3	349	1170	13	2010.632353
west antarctic	0.2381	0.5601	1	192	574	5	2012.620545
westerlies	1.1818	0.0747	1	469	2154	18	2011.018405
wetlands	0.1915	-0.617	3	294	908	10	2014.02029
wind	0.7918	0.0116	1	555	2412	21	2010.366929
winter	0.818	0.2248	1	735	4634	43	2011.016141
winter monsoon	1.1109	0.0785	1	205	658	6	2013.632258
winter rainfall	1.2464	-0.0367	1	305	1280	11	2010.894737
winter rainfall zone	1.2397	0.0592	1	252	930	8	2012.75
woody	-0.2329	-0.7372	3	201	504	5	2013.412698
work	-0.315	-0.2324	2	377	1192	12	2012.585814
world	-0.035	-0.3762	2	435	1440	15	2011.293273
yd	1.1462	0.4451	1	210	560	5	2014.6
yellow	0.0625	0.092	3	171	428	5	2014.752475
yenisei	-0.5167	-0.6735	3	214	704	6	2010.214286
younger dryas	0.8056	0.2938	1	518	2314	19	2011.101124
zone	0.2143	0.3005	1	931	7334	67	2010.917256
zooplankton	-0.9572	0.5055	2	260	846	9	2009.773438
