id	x	y	cluster	weight<Links>	weight<Total link strength>	weight<Keyword count>	score<Avg year>
aabw	0.2701	0.6953	4	1071	14140	140	2008.764045
aaiw	-0.384	0.875	3	991	15332	140	2008.433333
abundance	0.2449	0.8931	5	509	2868	32	2012.159769
abyssal	-0.4377	-0.0485	3	1116	14978	160	2008.271255
abyssal circulation	-0.4083	-0.2327	3	620	3514	35	2008.710526
abyssal waters	-0.3398	0.0642	3	480	2334	24	2009.9
acc	-0.8661	-0.0987	5	1298	37224	362	2008.705882
acc fronts	-0.9241	0.364	5	585	3778	33	2009.914286
acc transport	-0.8137	-0.5271	5	707	6180	58	2007.969231
acceleration	-0.4835	-0.0814	1	593	2634	28	2012.217042
access	0.8839	0.0127	2	390	1408	15	2013.769679
accumulation	0.9759	-0.1928	2	569	2804	28	2011.1675
accuracy	0.1306	-0.3483	2	757	4528	45	2012.031588
acoustic	-0.4801	0.6823	3	453	1836	19	2009.018519
acoustic doppler current profiler	-0.6205	0.5559	3	482	2192	22	2007.4
action	-0.4399	-0.3653	1	481	2030	21	2009.595808
activity	0.3135	-0.1788	4	1193	13478	132	2011.741747
adcp	-0.571	0.3361	3	702	4216	39	2007.919643
addition	0.0425	0.037	5	1228	13734	139	2012.072879
adelie	0.9433	0.6573	4	595	4026	36	2010.903226
adelie land	0.9335	0.647	4	426	1992	17	2011.741935
adjoint	-0.3973	-0.7969	1	416	1954	19	2010.905405
adjustment	-0.1474	-0.7414	1	679	3790	40	2011.543956
advance	0.4785	-0.1936	2	606	2742	25	2012.223684
advection	-0.049	0.0123	1	1261	17394	168	2010.324162
africa	-0.4871	0.6659	3	940	9096	87	2009.943515
age	0.4713	0.4367	2	763	5566	57	2010.368729
agreement	-0.0892	-0.4523	1	1244	17172	168	2010.554303
agulhas	-0.7913	0.3368	3	1080	15726	149	2007.994565
agulhas current	-0.7736	0.3248	3	799	6528	60	2007.780822
agulhas leakage	-0.64	-0.2189	3	399	2150	21	2012.928571
agulhas return current	-0.7613	0.4969	5	567	3088	29	2006.258065
agulhas rings	-0.9731	0.3603	3	559	3240	31	2008.625
air	0.8535	-0.1683	4	760	4976	47	2011.976061
air temperature	0.9172	-0.1698	4	532	2524	23	2012.218924
air-sea	0.7096	-0.4606	2	892	7604	71	2011.236364
air-sea exchange	0.7959	-0.1788	2	486	1822	16	2010.454545
air-sea fluxes	0.7399	-0.266	2	669	3948	36	2011.183908
air-sea interaction	0.15	-0.3093	4	637	3020	29	2011.566667
al	-0.2506	-0.1404	1	757	4158	45	2010.555118
algorithm	0.4798	-0.3375	2	726	4046	41	2011.916828
alkalinity	1.067	-0.1596	2	581	3248	28	2012.733333
altimeter	-0.9218	-0.3511	5	839	8890	92	2009.018667
altimeter data	-0.8438	-0.4588	5	699	5644	58	2007.217143
altimetry	-0.8792	-0.0344	5	1040	15390	158	2011.731674
altimetry data	-1.009	0.0853	5	600	3622	38	2011.834356
america	-0.5572	0.1578	3	649	3690	31	2011.440252
amoc	0.1346	-1.1257	1	509	3222	31	2015.163347
amplitude	-0.5148	-0.5392	1	952	8642	90	2010.372165
analysis	0.0601	-0.0054	5	1452	54840	548	2011.656462
annual cycle	0.2577	0.0765	5	682	3494	33	2009.189944
annular mode	0.6508	-0.4444	2	948	10684	98	2012.262136
anomaly	-0.1641	-0.083	5	1295	24268	226	2010.997204
antarctic	-0.2007	0.1892	5	1460	136780	1377	2010.797819
antarctic bottom water	0.2129	0.5443	4	1287	30376	307	2008.305764
antarctic bottom water formation	0.9759	0.3291	4	496	2316	20	2011.961538
antarctic circumpolar current	-0.7046	-0.1961	1	1415	70634	698	2008.485816
antarctic circumpolar current front	-0.073	0.8509	5	570	3144	27	2009.75
antarctic coast	0.9722	0.2184	4	373	1462	15	2011.285714
antarctic continent	0.2835	0.271	5	520	2288	23	2010.136364
antarctic continental shelf	0.7229	0.6193	4	611	3784	33	2012.46875
antarctic continental slope	0.5565	0.5502	4	418	1948	19	2010.478261
antarctic front	-0.056	0.9796	5	454	2146	22	2007.7
antarctic ice	1.0711	0.1629	4	408	1802	17	2012.455772
antarctic intermediate water	-0.5332	0.7514	3	1179	24664	224	2007.646865
antarctic margin	0.7626	0.2663	4	493	2120	16	2013.2
antarctic peninsula	-0.0012	0.6881	3	770	5382	53	2011.82716
antarctic polar front	0.0549	0.8158	5	593	3828	37	2007.967213
antarctic sea	0.8639	-0.1862	4	610	3182	29	2013.249337
antarctic sea ice	0.8812	-0.2124	4	582	2998	27	2013.381098
antarctic shelf	0.8989	0.2285	4	546	2554	24	2012.952381
antarctic slope current	0.4589	0.5584	4	425	1880	15	2015.083333
antarctic slope front	0.3283	0.8327	4	651	4016	32	2010.588235
antarctic surface water	0.5154	0.7982	4	571	3040	27	2009.521739
antarctic waters	-0.145	0.9587	5	387	1450	16	2008.982456
antarctic zone	0.5334	0.4864	4	605	2966	25	2009.871795
antarctica	0.6431	0.3543	4	1322	28158	275	2011.220175
anthropogenic	1.0754	-0.2454	2	449	2234	23	2012.98995
anthropogenic carbon	1.0786	-0.3082	2	743	6406	60	2013.384615
anthropogenic co2	1.126	-0.2792	2	423	1986	20	2012.682927
anticyclone	-0.8606	0.2255	5	629	3822	37	2010.766562
apf	-0.0309	0.8479	5	353	1576	15	2009
apparent oxygen utilization	0.9523	0.08	2	406	1810	17	2012.611111
application	-0.046	-0.3876	2	936	6804	76	2012.361823
approach	0.0475	-0.3317	2	1104	10764	110	2013.011682
approximation	-0.7515	-0.6272	1	530	2668	33	2011.077491
arabian sea	-0.2912	0.7787	3	442	1938	17	2009.5
archipelago	-0.5269	0.3536	5	478	2032	23	2011.082609
arctic	0.1052	-0.4835	1	991	9342	103	2012.189504
arctic ocean	-0.1706	-0.5827	1	765	5166	57	2010.893127
area	0.2161	0.3842	4	1415	39648	390	2011.37466
argentine basin	-0.8169	0.9072	3	593	3876	33	2003.230769
argo	-0.3125	0.1479	3	1106	15518	148	2013.487705
argo data	-0.4996	0.2317	3	643	3946	37	2014.074074
argo floats	-0.2941	0.2643	3	948	8972	84	2014.111111
array	-0.6251	0.2781	3	904	7332	73	2011.101235
assemblages	0.1099	0.8876	5	328	1354	16	2012.247588
assessment	0.7759	-0.5528	2	916	7888	71	2013.024899
assimilation	0.059	-0.6397	2	762	5426	55	2012.629787
association	-0.3078	-0.0866	5	475	1870	18	2011.081886
asymmetry	0.1943	-0.4456	5	468	1864	18	2011.45509
atlantic	-0.3022	0.1077	3	1420	69072	670	2010.236737
atlantic circulation	-0.3553	-0.3128	3	457	2006	19	2010.478788
atlantic current	-1.0481	0.3875	3	555	3252	31	2007.777251
atlantic meridional circulation	0.1099	-0.9323	1	512	2688	24	2014.038889
atlantic meridional overturning	0.0278	-1.0375	1	534	3276	30	2014.908714
atlantic meridional overturning circulation	0.0233	-1.0383	1	530	3174	29	2014.995726
atlantic ocean	-0.3804	0.2076	3	1236	20860	201	2009.615463
atlantic ridge	-0.9948	0.3978	3	365	1648	18	2009.058824
atlantic sector	0.4575	0.4916	5	624	3466	33	2011
atlantic southern ocean	0.4841	0.0044	2	766	4682	41	2011.613208
atlantic water	-0.22	0.5028	3	736	4586	40	2010.080056
atlas	0.467	-0.157	2	630	3312	30	2010.318182
atm	1.0108	-0.4808	2	333	1726	15	2014.48731
atmosphere	0.7	-0.3108	2	1257	20562	194	2011.581199
atmospheric circulation	0.7775	-0.378	4	475	1804	16	2012.002058
atmospheric co2	1.1331	-0.559	2	418	2334	20	2013.148148
attention	-0.4087	-0.497	1	545	2272	25	2012.917808
austral summer	0.1265	0.8255	5	839	6430	63	2012.0726
austral winter	0.2554	0.5102	4	608	2998	30	2010.937853
australia	-0.5144	0.5397	3	954	9216	80	2010.617438
australian	-0.2044	0.585	3	785	5528	50	2010.832787
autumn	0.2335	0.7614	5	535	2580	28	2011.726708
availability	0.6484	0.3266	2	596	2850	26	2012.908905
available potential energy	-0.627	-0.8679	1	499	2412	26	2011.804348
balance	-0.364	-0.6697	1	1179	16300	166	2011.539286
bands	-0.2201	0.3058	3	699	4142	35	2010.501538
baroclinic	-0.9332	-0.524	1	873	8796	95	2009.016779
baroclinic instability	-0.6796	-0.8415	1	774	6488	71	2008.354651
baroclinic tides	-0.7722	-0.2842	1	340	1352	15	2008.117647
baroclinic transport	-1.0202	0.3375	5	508	2952	25	2006.395833
barotropic	-0.8801	-0.5172	1	1079	16378	179	2008.382671
barotropic tide	-0.8677	-0.4786	1	390	1878	23	2008.193548
barotropic transport	-0.9796	-0.3426	1	381	1586	16	2005.387097
barrier	-0.3069	0.2456	4	850	5540	55	2010.248366
basin	-0.5143	0.3589	3	1413	48478	478	2010.09645
bathymetry	-0.5795	0.0796	5	979	8642	87	2011.112299
bay	0.6433	0.577	4	906	8586	82	2010.11814
behavior	-0.1992	-0.545	1	841	5306	56	2011.103784
behaviour	0.408	0.1605	4	526	2090	21	2010.943662
belt	-0.5597	0.039	3	635	3156	29	2010.458182
bengal	-0.4413	0.6348	3	368	1508	15	2010.568966
benguela	-0.7556	0.7887	3	546	3418	29	2007
benguela current	-0.9399	0.7277	3	450	2584	22	2004.384615
bering	-0.3602	0.1128	3	509	2120	20	2009.747987
beta	-0.9663	-0.5823	1	480	2418	27	2009.417219
beta plane	-1.003	-0.8095	1	319	1484	22	2000.714286
bias	0.496	-0.5812	2	715	4450	43	2013.065051
biases	0.7038	-0.5335	2	742	5186	50	2013.826211
bifurcation	-1.0679	0.6055	3	377	1610	16	2008.516667
biogeochemical model	1.0629	-0.4317	2	392	1732	19	2014.390805
biogeochemical tracers	0.7126	-0.4265	2	419	1610	15	2013.529412
biogeochemistry	0.8135	-0.3846	2	750	4866	44	2014.025316
biological production	0.7483	-0.181	2	462	1956	19	2012.25974
biological productivity	0.951	0.1018	2	481	1942	17	2011.175824
biology	0.9053	-0.0412	2	509	2032	16	2011.284153
biomass	0.4841	0.6936	5	571	3724	40	2012.021332
bloom	0.5849	0.5818	5	644	3816	37	2012.055462
body	-0.1953	0.5225	5	459	1702	20	2011.227462
bottom boundary layer	-0.811	-0.5775	1	441	2060	22	2008.092308
bottom currents	-0.7921	0.1819	3	577	3154	34	2008
bottom friction	-0.8751	-0.9086	1	479	2786	29	2004.809524
bottom pressure	-0.7658	-0.684	1	594	3980	42	2008.664
bottom topography	-0.8683	-0.2318	1	1000	10064	106	2005.328205
bottom water	0.2273	0.5926	4	1362	42358	426	2008.220624
bottom water formation	0.7922	0.4625	4	777	6052	54	2007.378049
boundary	-0.684	0.4508	3	1344	30110	294	2008.420868
boundary conditions	-0.155	-0.828	1	637	3660	36	2010.430736
boundary current	-0.8062	0.1754	3	1209	18262	174	2008.432071
boundary flow	-0.9082	0.8432	3	393	1724	15	2005.21875
boundary layer	-0.4442	-0.6159	1	893	7432	77	2009.971272
box model	0.0563	0.4403	3	501	2388	21	2006.816327
bransfield	0.0316	0.9898	3	339	1420	15	2008.929577
bransfield strait	0.0303	0.9887	3	339	1420	15	2008.107692
brazil	-0.8082	0.5659	3	1000	13086	125	2006.401914
brazil basin	-0.9556	0.5826	3	564	4100	43	2002.466667
brazil current	-0.9042	0.6531	3	776	6836	63	2004.657143
brazil-malvinas confluence	-0.6658	0.3452	5	700	4682	43	2007.255319
brine rejection	1.1706	0.3001	4	399	1868	16	2007.467532
budget	0.3018	-0.6068	2	1263	20040	188	2011.153068
buoy	0.1715	0.3551	5	544	2272	24	2007.544828
buoyancy	-0.0998	-0.9126	1	1158	19082	190	2009.220441
buoyancy flux	0.0075	-0.9607	1	869	8174	78	2007.802469
buoyancy forcing	-0.1614	-1.2294	1	518	2968	30	2007.539683
c-14	0.6663	0.0904	2	395	1560	15	2010.938406
c-ant	0.9962	0.1581	2	440	2262	21	2013.2
calving	1.2113	0.47	4	390	2270	22	2012.793722
canyon	-0.3925	0.2499	1	393	1714	20	2010.723005
capacity	0.7185	-0.2725	2	606	3182	27	2013.094099
cape	-0.1233	0.8304	3	862	6666	65	2009.255255
cape basin	-0.8257	0.8025	3	439	2160	20	2007.807692
carbon	0.9579	-0.2394	2	1252	28230	270	2013.107259
carbon budget	1.0509	-0.521	2	521	3132	27	2012.466216
carbon cycle	1.0488	-0.3948	2	822	8150	74	2014.082353
carbon dioxide	1.0401	-0.2605	2	866	8208	75	2013.148903
carbon sinks	1.1603	-0.5343	2	506	3086	32	2013.912698
carbon uptake	1.0703	-0.4547	2	597	3846	35	2013.70922
carbonate	1.0532	0.1777	2	545	2762	25	2011.940552
cascade	-0.552	-0.6064	1	456	1924	20	2012.034783
case	-0.4786	-0.5869	1	1113	12674	140	2010.847835
case study	-0.264	-0.2213	4	457	1750	19	2012.678179
cause	0.2225	-0.2553	2	950	7184	69	2011.675244
cell	-0.3337	-0.5007	1	1020	11980	117	2011.359784
central water	-0.2305	0.9113	3	676	4944	44	2007.57
century	0.8863	-0.3771	2	773	5538	54	2012.205869
cfc	0.587	0.6115	2	826	7918	82	2004.617284
cfc-11	0.7049	0.1979	2	612	3990	42	2005.583333
cfc-12	0.8065	0.3037	2	546	3444	36	2006.346154
chain	-0.7297	0.6577	3	473	2194	23	2011.096866
challenges	0.4203	-0.6916	2	620	3210	31	2014.48237
changes	0.491	-0.2226	2	1455	68976	693	2012.206219
channel	-0.8363	-0.1877	1	1121	15748	174	2009.903036
channel flow	-0.9494	-0.8511	1	381	1818	22	2011.147059
characteristics	-0.366	0.4112	3	1312	22374	222	2010.936545
characterization	-0.1363	-0.1536	2	450	1644	16	2012.72969
chemical	0.2718	0.5218	5	547	2286	21	2011.607029
chemistry	1.0406	-0.1767	2	510	2164	19	2012.465976
china	0.6277	-0.3164	2	438	2034	20	2013.948798
chlorophyll	0.4144	0.5839	5	740	4792	49	2011.700197
chlorophyll alpha	0.2397	0.8459	5	420	1948	21	2012.767568
circulation	-0.2201	-0.2176	1	1456	109006	1055	2010.44219
circulation changes	0.6612	-0.5675	2	578	3122	30	2012.23125
circulation model	-0.0095	-0.8325	1	1188	17852	166	2009.61811
circulation patterns	-0.5563	0.5406	3	783	5338	43	2010.597956
circulation variability	-0.2028	-0.2397	2	646	3128	28	2010.532995
circumpolar	-0.6064	-0.0644	5	1448	85910	844	2008.65295
circumpolar current	-0.7071	-0.205	1	1416	71396	710	2008.384884
circumpolar deep	0.1279	0.8872	3	1217	21306	186	2009.743363
circumpolar deep water	0.1371	0.8924	3	1186	19392	168	2009.940625
citation	0.3325	-0.4685	4	633	3358	45	2010.689507
climate	0.5923	-0.5678	2	1403	49746	484	2012.847305
climate change	0.887	-0.456	2	1045	13250	131	2013.106897
climate model	0.6136	-0.7672	2	1142	18004	176	2013.16224
climate system	0.7001	-0.4393	2	819	5924	59	2012.717277
climate variability	0.7623	-0.4414	2	821	5772	53	2012.20898
climatology	0.0773	-0.1713	2	1068	9882	95	2010.440048
closure	-0.5495	-0.9321	1	537	2674	28	2009.644444
cloud	0.516	-0.4581	4	405	1504	16	2010.976891
cmip5	0.9991	-0.7261	2	571	4080	37	2015.883929
cmip5 models	1.0112	-0.6741	2	449	2322	22	2015.970588
co2	1.0384	-0.3512	2	1060	17898	177	2013.165022
co2 concentrations	1.056	-0.6523	2	489	3096	26	2012.696319
co2 emission	1.1107	-0.649	2	303	1852	21	2014.889447
co2 flux	1.1394	-0.2757	2	623	4520	40	2014.428571
co2 sink	1.132	-0.4884	2	467	2898	29	2014.30303
co2 uptake	1.1646	-0.3731	2	452	2308	22	2014.325
coast	0.1861	0.5545	4	1217	16142	157	2010.134684
coastal	0.3724	0.6081	4	898	6872	64	2010.739865
coastal currents	-0.031	0.6558	4	450	1868	16	2008.525974
coastal polynyas	1.0752	0.3194	4	626	4816	43	2008.788136
coastal regions	0.8121	0.0427	4	451	1690	15	2011.633188
coastline	0.38	-0.5017	4	487	1950	19	2010.273529
coefficients	-0.1635	-0.2364	1	685	3394	32	2010.617647
coherent	-0.5566	-0.4358	1	713	4296	46	2010.047859
cold	-0.0748	0.5182	4	811	5420	48	2011.824903
cold water	-0.0294	0.8332	3	638	3348	30	2009.137255
collection	0.1904	0.1199	2	414	1454	16	2011.129412
column	0.2802	0.3027	4	1308	20580	196	2010.224159
community	0.7234	0.1928	2	989	11016	110	2013.620087
community production	1.0733	0.1937	2	392	1722	15	2014.055556
comparison	-0.1816	-0.124	5	1312	20028	210	2010.70057
compensation	0.24	-0.934	1	581	3152	29	2012.083333
complex	0.1502	-0.7631	1	630	3134	30	2011.908387
composition	0.0857	0.9965	5	617	4034	42	2012.45256
concentrations	0.6706	0.2923	2	1323	26778	259	2011.643222
concept	-0.49	-0.2173	1	487	1970	24	2011.306773
condition	0.0291	-0.6598	1	743	4010	40	2010.79798
conduit	-0.2612	0.149	3	441	1712	16	2012.589041
configuration	0.0483	-0.9841	1	653	3756	37	2012.603053
consequences	0.2323	-0.0581	2	826	4644	41	2012.275862
conservation	-0.7081	-0.288	1	694	3792	36	2011.717256
consistency	0.4475	-0.1972	2	644	3132	27	2011.881356
constituents	-0.8648	-0.2339	1	378	1506	16	2010.319372
constraints	-0.3248	-0.3307	1	922	7262	69	2011.060453
consumption	0.6605	0.3569	2	453	1722	15	2011.012232
contact	0.5337	0.3632	2	461	1688	16	2011.307692
content	0.5243	0.1245	2	1127	11642	106	2011.761593
continent	0.1147	0.1172	4	888	5828	57	2011.202884
continental	0.2229	0.618	4	1049	10406	98	2010.243993
continental margins	-0.0215	0.6866	4	500	2068	19	2010.39759
continental rise	-0.9129	0.4082	3	379	1582	16	2002.388889
continental shelf	0.557	0.6017	4	1092	14014	129	2010.424501
continental shelves	0.8473	0.3018	4	468	2026	19	2010.369565
continental slope	-0.165	0.656	4	1127	15552	150	2008.694097
contour	-0.5186	-0.0876	1	414	1538	16	2008.745763
contrast	-0.0361	-0.0742	1	1302	16870	169	2011.509677
control	0.3171	-0.4344	2	1151	12508	121	2012.474255
convection	0.6107	-0.1938	4	1062	10426	95	2009.024462
convergence	-0.4629	0.1985	5	919	7464	77	2010.408056
conversion	-0.744	-0.5316	1	744	4572	44	2010.995798
cooling	0.5929	0.0477	4	967	8610	77	2010.829787
coordinates	-0.6287	-0.6118	1	582	2832	28	2010.443478
core	-0.4849	0.5825	3	1210	19496	187	2010.446523
coriolis parameter	-0.761	-0.9867	1	337	1324	15	2004.727273
correction	-0.1169	-0.4842	2	457	1922	23	2011.927948
correlation	-0.1239	-0.2918	5	1150	12996	129	2011.333794
correspondence	0.0982	0.4678	5	489	1958	19	2010.493023
countercurrent	-0.7718	0.6621	3	485	2496	23	2003.225806
coupled	0.8867	-0.7687	2	664	4572	42	2014.46932
coupled models	0.9737	-0.742	2	576	3778	33	2015.212806
coupling	0.3704	-0.1387	4	656	3038	32	2011.935532
cover	0.8952	-0.0088	4	883	7270	66	2011.664763
coverage	0.5431	-0.1234	2	827	4978	46	2012.329283
crest	-0.8647	0.1362	1	377	1380	15	2006.581081
criteria	-0.1989	0.4353	5	471	2044	19	2010.149038
crossing	-0.9586	0.5636	3	384	1644	15	2007.081081
crozet	-0.8295	0.8581	5	496	2916	25	2004.563636
cruise	-0.1508	0.8489	5	980	9876	100	2008.733524
ctd	-0.4092	0.7055	3	1045	11576	116	2007.172414
curl	-0.5835	-0.509	1	902	7910	75	2009.42246
current	-0.6496	0.0379	5	1458	115388	1153	2008.757215
current measurements	-0.6838	0.6458	3	590	2962	32	2004.949495
current meter data	-0.5492	0.1971	4	455	1820	15	2004.477273
current meters	-0.9215	0.543	3	540	2936	31	2003.461538
current systems	-0.659	-0.0076	5	588	2892	24	2009.5
current velocity	-0.6762	0.5206	3	518	2234	21	2008.28125
cycle	0.5402	-0.3119	2	1324	25524	243	2011.47296
cycling	0.9054	-0.0914	2	570	2796	24	2014.035763
cyclones	-0.2057	0.2372	3	594	3084	27	2011.69697
cyclonic eddies	-0.6196	0.6697	5	652	3888	37	2008.455556
cyclonic gyre	-0.5053	0.9076	3	437	1876	16	2005.108696
data	-0.0659	0.2691	3	1458	102980	1037	2011.015066
data analysis	0.1448	-0.1094	2	566	2660	26	2011.003436
data assimilation	0.0783	-0.7052	2	632	3768	38	2013.092251
data set	0.2985	0.1764	2	1014	8606	81	2010.433246
data sets	0.5476	-0.2025	2	798	4800	46	2011.63144
data variability	-0.2723	0.1502	5	518	2200	22	2009.166667
data/model	0.1709	-0.463	2	655	3204	29	2011.4
database	0.3417	0.3378	2	635	3298	33	2012.403509
dataset	0.143	0.1514	2	868	5840	60	2012.68054
date	0.2682	0.0802	2	603	2602	27	2012.087051
decadal	0.5934	-0.2083	2	791	5492	53	2012.008761
decadal changes	0.5567	0.2798	2	505	2170	22	2011.742857
decadal variability	0.7757	-0.3225	2	668	3734	34	2011.26893
decay	-0.6764	-0.1442	1	585	2918	35	2010.074434
decline	0.7797	0.1558	2	577	2352	21	2013.254217
decomposition	-0.6376	-0.3248	1	483	1944	20	2012.585736
deep	-0.0711	0.7621	3	1407	49986	462	2008.172697
deep circulation	-0.3278	0.466	3	614	3182	32	2007.430769
deep convection	0.7518	-0.1714	4	670	3860	35	2008.798561
deep ocean	0.4458	-0.3181	2	1239	17426	172	2011.244019
deep sea	0.0272	0.4936	3	679	3430	34	2010.4
deep water	0.0725	0.6838	3	1422	56700	530	2008.094223
deep water formation	0.3872	-0.0234	4	615	3422	32	2008.358974
deep water masses	0.1171	0.7212	3	655	3716	32	2009.424242
deep western boundary current	-1.004	0.5471	3	645	4566	41	2006.615385
deficit	0.3085	0.3642	4	457	1720	17	2010.613793
definition	-0.4458	0.17	3	565	2506	24	2010.611111
deformation	-0.3457	-0.4291	1	522	2416	27	2010.55336
delta	0.4216	0.1746	2	739	4594	44	2010.255844
dense shelf water	1.0468	0.5189	4	586	4628	40	2011.53125
dense water	0.5939	0.409	4	949	9014	85	2008.603604
dense water formation	1.0784	0.2117	4	448	1986	17	2008.873239
density	-0.2782	0.0168	1	1414	43708	434	2009.879211
density field	-0.9222	-0.5412	1	394	1686	15	2006.170732
density gradient	0.1616	-0.6078	1	587	2902	28	2009.7
density structure	0.1335	-0.8722	1	511	2290	23	2007.652174
dependence	-0.5556	-0.8897	1	841	6720	72	2010.591411
deployment	-0.0968	-0.0277	1	488	1820	18	2011.833333
depression	0.6707	0.7052	4	624	4216	39	2010.355769
depth	-0.2151	0.1572	3	1445	51108	517	2010.672402
depth range	-0.3489	0.697	3	572	2880	29	2008.915888
description	-0.4238	-0.0906	3	940	6760	70	2009.996622
detail	-0.0194	0.2718	5	626	2866	29	2011.078886
detection	0.5551	-0.131	2	682	3612	40	2012.417625
determination	0.1201	0.2538	2	567	2276	23	2010.57381
development	0.4554	-0.3362	2	937	6396	66	2011.773084
diagnostics	0.1091	-0.7379	1	579	2834	31	2011.205405
diameter	-0.5356	0.5115	5	415	1602	16	2010.091346
diapycnal diffusion	-0.3202	-1.0134	1	317	1336	15	2011.4
diapycnal mixing	-0.5248	-0.8197	1	568	3292	34	2013.02381
diatom	0.297	0.8993	5	414	1834	21	2012.261803
dic	1.0458	-0.0348	2	552	2904	25	2012.614865
difference	-0.0044	-0.3941	2	1169	13256	128	2011.163032
diffusion	-0.3641	-0.6873	1	946	8862	95	2008.759067
diffusivity	-0.5552	-0.7632	1	1126	18358	205	2009.739496
direct	-0.8125	0.1212	3	427	1702	20	2011.421384
discovery	-0.1044	0.4081	3	406	1384	15	2012.116822
discrepancies	0.1047	-0.596	2	710	3886	38	2011.321353
dispersal	-0.5561	-0.343	1	535	2692	33	2011.394973
displacement	-0.6557	0.192	5	835	5904	59	2010.607877
dissipation	-0.8218	-0.7267	1	945	12048	135	2011.094156
dissipation rate	-0.8246	-0.633	1	482	2834	32	2011.915254
dissolved	0.921	0.4804	2	363	1388	15	2012.616949
dissolved oxygen	0.4117	0.8506	3	435	1784	18	2011.085714
distance	-0.3943	0.3502	3	762	4306	43	2011.010448
distribution	0.0482	0.2995	3	1437	46136	459	2010.907306
disturbance	-0.5009	0.3081	1	564	2260	23	2011.750678
divergence	-0.2794	-0.3481	1	989	8002	75	2010.679372
diversity	0.2449	0.6171	5	405	1518	18	2013.553494
dominance	0.2412	0.2403	5	652	3086	32	2012.29375
doppler	-0.744	0.2861	3	874	7134	75	2008.887324
downwelling	-0.4619	-0.418	1	588	3002	29	2010.405063
drag	-0.889	-1.0454	1	474	2936	38	2010.02139
drake passage	-0.7995	-0.1241	1	1249	26078	265	2008.373887
drake passage transport	-0.4823	-0.6124	1	464	2056	19	2006.5
drift	-0.0442	-0.0404	4	1016	8444	82	2009.705986
drifters	-0.4593	0.2302	5	766	5676	55	2008.415584
drivers	0.8137	-0.1565	2	791	5226	48	2015.864011
duration	0.1338	0.0564	4	489	1868	20	2012.189258
dwbc	-1.0132	0.5448	3	421	2192	21	2006.658824
dynamic height	-1.0672	0.3064	5	367	1670	17	2007.243243
dynamic topography	-0.9349	0.0233	5	604	3966	40	2010.727273
dynamics	-0.2903	-0.4205	1	1400	34728	355	2012.382241
earth	0.6431	-0.5515	2	1142	15670	147	2012.416212
earth model	0.976	-0.6637	2	516	2740	24	2013.043702
earth system	0.9445	-0.5927	2	797	7322	66	2015.459227
earth system models	0.9823	-0.5888	2	754	6500	56	2016.009881
east	-0.119	0.6817	3	1321	28178	270	2011.088561
east antarctica	1.0469	0.4757	4	613	4922	48	2012.024096
east australian current	-0.5797	0.4493	3	477	2250	20	2008.461538
east pacific	-0.8719	0.5107	3	365	1420	15	2009.929577
eastern	-0.335	0.8269	3	589	2996	30	2011.347648
eastern boundary	-0.6397	0.7919	3	623	3452	30	2005.744444
echo sounders	-1.0771	0.0876	5	427	1970	20	2010.433333
ecmwf	0.3946	-0.2905	4	475	1856	16	2010.330601
ecosystem	0.5862	0.3848	2	915	7296	74	2013.530062
eddies	-0.6629	-0.4238	1	1386	52136	547	2009.304565
eddy activity	-0.5994	-0.6304	1	689	4326	41	2009.548387
eddy diffusivity	-0.7391	-0.815	1	698	5486	61	2010.096774
eddy fluxes	-0.6603	-0.9984	1	750	6464	71	2009.425373
eddy heat flux	-0.7628	-0.7167	1	476	2310	22	2011.485294
eddy heat transport	-0.2367	-1.0059	1	377	1718	18	2010.434783
eddy kinetic energy	-0.7198	-0.7772	1	900	9968	100	2009.977778
eddy parameterization	-0.1676	-1.1352	1	374	1456	16	2011.6
eddy saturation	-0.3224	-1.3538	1	328	1598	17	2015.833333
eddy transport	-0.3765	-0.9468	1	534	2714	27	2009.603448
eddy variability	-0.9244	-0.2472	1	493	2116	18	2005.75
effects	0.0294	-0.4559	1	1430	39058	397	2011.624055
efficiency	0.2091	-0.6991	1	485	2000	25	2012.80663
ekman	-0.1903	-0.689	1	1149	16316	155	2010.002336
ekman layer	-0.8453	-0.6757	1	394	1638	17	2007.291667
ekman transport	0.1507	-0.8219	1	780	6168	58	2010.917197
el nino	0.5649	-0.242	2	775	5654	47	2011.439268
el nino-southern oscillation	0.4034	-0.352	2	739	4966	43	2011.537252
elements	-0.3186	0.0469	3	598	2966	31	2011.89258
emissions	1.0083	-0.6077	2	513	3300	36	2013.550741
empirical orthogonal function	-0.0485	-0.2041	5	471	1988	18	2009.847087
energetics	-0.7636	-0.7426	1	572	2958	30	2009.923077
energy	-0.5581	-0.7429	1	1306	34686	368	2011.753532
energy budget	-0.5561	-1.0151	1	409	1948	20	2012.758621
energy dissipation	-0.7662	-0.8306	1	613	4374	47	2012.1125
energy fluxes	-0.8346	-0.4808	1	585	3346	35	2012.005128
enhanced	0.0701	-0.3054	1	539	2136	21	2012.845902
ensemble	0.6958	-0.6154	2	537	2584	26	2013.566298
entrainment	0.6262	0.4172	4	836	5916	54	2007.739437
environment	0.3091	0.5955	5	736	4594	47	2012.515563
eof	-0.4746	-0.1913	5	496	2324	20	2009.453216
epsilon	-0.8619	-0.7178	1	392	1862	20	2010.961111
equator	-0.7649	0.2228	3	998	11692	115	2007.514563
equatorial	-0.6613	0.6113	3	796	7064	71	2007.173653
equatorial pacific	0.0422	0.3578	3	474	2018	19	2010.531915
equatorial region	-0.775	0.2605	3	490	2204	20	2008.27027
equatorial undercurrent	-0.6853	0.5897	3	424	2038	20	2005.818182
equilibration	0.1179	-0.8976	1	438	1696	17	2011.095238
equilibrium	0.0631	-0.9362	1	654	3968	41	2010.171186
error	-0.0437	-0.2634	2	1102	12660	124	2011.486384
estimate	-0.0936	-0.2001	2	1235	17530	174	2010.903093
estimation	0.1025	-0.1544	2	877	6274	62	2012.012407
eulerian	-0.775	-0.3218	1	631	3404	35	2009.351648
evaluation	0.6492	-0.5627	2	703	3854	35	2013.100503
evaporation	0.4614	0.1885	4	520	2430	22	2011.268156
events	0.4045	0.0953	4	1139	12796	122	2012.030986
evolution	0.0945	-0.0867	4	1126	11024	110	2012.05694
excess	-0.0545	0.4858	3	481	1810	16	2008.657895
exchange	0.3527	0.1062	2	1313	23406	219	2010.706601
expansion	0.6262	-0.1118	4	651	3272	31	2012.969492
expedition	0.3489	0.6624	5	655	3298	38	2010.922432
expendable bathythermograph	-0.2742	0.4134	5	472	2410	24	2007
experiments	-0.2129	-0.2457	1	1424	39148	382	2011.075205
explanation	-0.1066	0.2017	5	527	2122	21	2009.867769
export	0.6764	0.3323	4	1111	13412	124	2011.295396
expression	-0.5668	0.1292	5	579	2578	26	2012.171315
extension	-0.3794	0.2813	3	921	6612	62	2010.251641
extent	0.2701	0.1705	4	1197	13936	127	2011.835219
falkland	-1.0401	0.7606	3	448	2410	24	2005.339623
fall	-0.155	0.7326	3	549	2390	28	2011.228402
fast ice	0.8627	0.3074	4	381	1730	17	2010.587302
fate	-0.4611	0.0978	1	445	1556	15	2012.348684
features	-0.426	0.0869	5	1367	28008	270	2010.384646
feedback	0.7978	-0.4349	4	738	4638	45	2013.003957
field	-0.5526	-0.1889	1	1408	45532	461	2010.533445
filaments	-0.5652	0.5532	5	448	1910	17	2009.982759
finite element	-0.5961	-0.7397	1	345	1698	20	2011.713675
fit	-0.6323	-0.1256	3	446	1622	16	2009.364583
fjord	-0.352	-0.1986	1	301	1136	15	2013.427767
floats	-0.3153	0.2782	3	1194	17786	168	2010.92638
flow	-0.7682	-0.0143	1	1435	70324	736	2010.017411
flow field	-0.8383	0.2424	3	603	2962	27	2006.605505
flow patterns	-0.7982	0.4782	3	537	2532	24	2008.58156
flow regime	-0.6368	-0.2573	1	482	1914	19	2009.807692
fluctuations	-0.2204	0.0276	3	1058	10556	102	2009.816514
fluid	-0.3556	-0.8554	1	751	5484	62	2009.934901
fluid dynamics	0.3478	-0.7983	1	373	1440	15	2011.611111
flux	0.2147	-0.5396	1	1446	64864	622	2010.974387
focus	0.0341	-0.66	1	851	5290	50	2012.93921
food	0.5259	0.7071	5	335	1432	16	2012.031915
force	-0.5949	-0.4686	1	692	3834	39	2011.140909
forcing	0.0748	-0.7464	1	1366	32814	322	2011.371506
forecasts	0.4535	-0.2816	4	580	2706	23	2012.850526
form drag	-0.9815	-1.0823	1	251	1118	17	2003.695652
form stress	-0.915	-1.1862	1	418	2922	31	2008.454545
formation	0.4925	0.2918	4	1409	44176	412	2010.511811
formation rate	0.6518	0.6454	4	656	4312	39	2008.476636
fraction	0.0984	0.1397	3	1041	8800	89	2011.553026
fracture	-0.9936	0.4833	3	706	5472	56	2011.127273
fracture zones	-1.0115	0.4744	3	698	5438	56	2007.271028
framework	0.008	-0.6992	1	1004	9226	92	2013.208431
freezing	0.5988	0.3744	4	447	1786	16	2009.881557
frequency	-0.5523	-0.4544	1	1051	11920	130	2011.174374
fresh water	0.2956	0.5672	3	586	2490	22	2007.859316
freshening	0.7687	0.5373	4	808	7550	70	2010.903704
freshwater	0.5853	-0.247	4	1140	15082	135	2011.825688
freshwater flux	0.8597	-0.3549	4	699	4760	42	2011.361111
freshwater input	0.8497	0.2348	4	435	1684	16	2012.597122
freshwater transport	0.4704	-0.4774	4	454	1906	16	2012.223214
friction	-0.842	-0.8503	1	656	4942	54	2009.340824
front	-0.2508	0.5903	5	1415	52472	505	2009.508357
frontal	-0.3691	0.8606	5	868	7698	73	2007.215569
frontal systems	-0.2379	0.9208	5	468	1970	18	2007.535714
frontal zone	-0.4309	0.882	5	814	6670	62	2006.685897
function	-0.3703	-0.43	1	1035	9306	97	2010.972155
future	0.8072	-0.2797	2	766	4656	45	2013.712684
future climate	1.0259	-0.6392	2	504	3112	27	2013.848387
gamma	0.0619	0.5384	3	527	2454	23	2011.226804
gap	-0.4637	0.6537	3	783	5326	55	2012.915572
gas	0.9667	-0.0208	2	766	5216	49	2012.319686
gas exchange	0.9687	0.0077	2	530	2434	21	2011.252632
gases	0.91	-0.1963	2	622	3418	33	2012.066763
general	-0.0478	-0.9675	1	400	1656	15	2011.369942
general circulation	-0.1055	-0.838	1	1204	19208	177	2009.760621
general circulation model	-0.0534	-0.9027	1	1160	17400	160	2010.017151
generation	-0.5284	-0.5623	1	1049	10520	111	2012.050847
geometry	-0.6726	-0.9517	1	549	3460	37	2011.419355
geophysical	-0.0106	-0.1862	1	559	2364	23	2010.732794
georgia	-0.4183	1.1363	5	470	2686	23	2008.793103
geosat	-0.9717	-0.341	5	489	2758	27	1996.648649
geostrophic	-0.9604	0.3313	3	625	3364	36	2008.351351
geostrophic currents	-0.9862	0.0098	5	587	2862	31	2008.6
geostrophic flow	-0.7664	0.0686	3	580	2700	29	2006.356164
geostrophic transport	-0.9219	0.7376	3	487	2470	23	2004.269231
geostrophic velocity	-0.8842	0.2896	3	751	5010	48	2007.295918
glacier	1.1127	0.3783	4	595	4520	40	2012.551157
glacier tongue	1.1899	0.5009	4	360	1990	19	2011.648936
glider	0.3139	-0.0835	2	442	1770	18	2015.757576
global	0.4904	-0.6168	2	1001	10520	103	2012.401509
global carbon cycle	1.0519	-0.3952	2	577	3402	27	2014.357616
global climate	0.644	-0.5776	2	923	7950	75	2012.960148
global climate models	0.7395	-0.828	2	457	2278	23	2013.408482
global model	0.3302	-0.5205	1	483	1966	17	2012.089474
global ocean	0.2344	-0.627	2	1310	27082	265	2012.454839
global ocean circulation	0.0141	-0.652	1	714	4376	39	2010.804878
global ocean model	0.0629	-0.9043	1	599	3310	33	2011.349206
global scale	0.3946	-0.4314	2	565	2632	25	2012.819495
global thermohaline circulation	-0.3448	0.1274	3	510	2146	17	2006.653061
gradient	-0.4019	-0.0665	1	1341	24332	236	2011.354256
gravity	-0.6164	-0.4606	1	680	4122	46	2010.857664
gravity waves	-0.6948	-0.8349	1	414	1936	25	2011.15625
greenhouse	0.9844	-0.4764	2	448	1978	16	2012.619866
greenland	0.1861	-0.2742	4	610	2816	28	2011.434214
greenwich meridian	0.1567	0.9698	4	550	2942	27	2006.484848
grid	-0.1917	-0.4616	1	687	3588	35	2011.079167
group	-0.1766	0.358	5	524	2212	26	2011.722362
growth	0.5587	-0.2998	2	982	8826	89	2011.406319
growth rate	0.4357	-0.5227	2	521	2372	24	2010.818356
guinea	-0.6618	0.7751	3	508	2778	27	2005.941176
gulf stream	-0.7205	-0.449	1	642	3978	37	2009.5
gyre circulation	-0.2873	0.6772	3	575	2822	24	2009.958333
gyres	-0.4471	-0.2146	3	1011	9928	94	2008.196078
hand	0.2726	-0.299	4	596	2554	24	2010.96875
he-3	0.3384	0.5254	2	391	1660	17	2002.466667
heat	0.2896	-0.4282	4	1419	56800	527	2011.129975
heat budget	0.385	-0.2217	4	832	5826	52	2008.665541
heat content	0.4896	-0.4294	2	865	7194	66	2012.877419
heat exchange	0.5832	-0.2683	4	521	2340	22	2010.714286
heat flux	0.3523	-0.3223	4	1232	20802	189	2010.709804
heat loss	0.5942	-0.3478	4	755	5168	45	2009.828326
heat transport	-0.1146	-0.7762	1	976	10622	100	2012.027726
heat uptake	0.6347	-0.8452	2	472	2430	24	2014.861111
heating	0.302	-0.3999	4	708	3906	37	2011.378428
height	-0.7657	-0.2613	5	1095	14946	149	2010.601343
helium	0.6487	0.4535	2	427	1958	21	2007.26087
hemisphere	0.1114	-0.5595	2	1147	16036	146	2010.968158
high latitudes	0.4673	-0.5122	2	1127	12736	124	2011.932029
high-frequency	-0.2549	-0.4341	1	800	5460	53	2011.689759
high-resolution	-0.2925	-0.2631	1	1285	19620	195	2012.264879
high-salinity shelf water	0.9615	0.6403	4	566	4044	35	2008.666667
historical data	-0.1279	0.8579	3	437	1768	18	2008.327869
history	0.568	0.021	2	492	1892	19	2011.001969
horizontal resolution	-0.0774	-0.5615	1	814	5502	52	2011.685824
hot spots	-0.2355	-0.3461	1	534	2332	21	2014.903846
hssw	1.0346	0.6765	4	436	2536	22	2009.085714
hydrographic	-0.409	0.8691	3	957	9072	83	2008.115894
hydrographic data	-0.4104	0.7594	3	1094	13904	130	2006.497059
hydrographic observations	0.0624	0.7222	3	713	4458	43	2009.734694
hydrographic profiles	-0.1623	0.079	5	424	1640	15	2012.592593
hydrographic survey	-0.4684	1.0904	5	410	1778	20	2004.59375
hydrography	-0.2364	0.3951	3	1019	8298	78	2009.277922
hypothesis	-0.2207	-0.2753	1	799	4484	48	2011.082126
ice	0.8068	0.0784	4	1358	41466	396	2011.721291
ice concentration	0.892	0.0344	4	604	3340	32	2013.492537
ice edge	0.7304	0.1336	4	498	2024	19	2010.185455
ice extent	1.0419	-0.0569	4	550	3006	25	2012.764347
ice formation	0.9606	0.3049	4	713	5196	44	2009.892857
ice growth	1.0239	0.2085	4	413	1958	17	2010.290179
ice melt	0.8591	0.1643	4	519	2252	18	2012.747368
ice melting	0.8987	0.3693	4	498	2070	17	2011.241071
ice model	0.8088	-0.3839	4	810	5846	53	2011.207143
ice production	1.0957	0.3437	4	651	6022	54	2010.6
ice sheet	1.0285	-0.093	4	445	2122	18	2012.194459
ice shelf	0.9049	0.5234	4	918	10950	101	2011.573026
ice shelf water	0.7835	0.8335	4	486	2994	28	2006.90566
ice thickness	0.853	5e-04	4	496	2282	21	2011.271053
ice zone	0.9033	0.136	4	660	3528	31	2011.325359
ice-cover	0.9286	-0.0625	4	793	5632	51	2011.210019
ice-free	0.6707	-0.0421	4	486	1976	18	2013.322981
icebergs	0.9794	0.5266	4	518	2870	28	2011.523585
idealized	-0.4382	-0.8712	1	357	1372	15	2011.945946
identification	-0.2604	0.6543	5	541	2374	25	2011.944837
imagery	0.5546	0.3824	4	553	2650	27	2011.982143
images	0.1608	0.3576	4	749	4886	57	2011.32506
impact	0.4319	-0.244	4	1343	25180	246	2013.206627
implementation	-0.1197	-0.92	1	466	1838	20	2013.145907
implications	0.1606	-0.2795	1	1100	9990	99	2011.871583
improvement	0.2843	-0.682	2	867	6372	60	2012.529851
in-situ	-0.5121	-0.2167	5	536	2364	23	2013.712
inclusion	0.2712	-0.3185	2	571	2412	24	2010.77907
index	0.3929	-0.1536	5	718	4580	41	2011.380952
indian	-0.4775	0.5839	5	913	8122	77	2008.760736
indian ocean	-0.5134	0.5899	3	1254	25062	231	2010.03125
indian sector	0.1841	0.7244	5	657	3926	37	2009.542373
indices	0.2017	0.2998	5	710	3940	40	2012.102711
indo pacific	-0.1362	-0.7784	1	435	1802	18	2012.622642
indo-pacific	-0.1382	-0.7777	1	435	1802	18	2012.647059
indonesian throughflow	-0.8075	0.3701	3	562	3266	28	2006.571429
inertial waves	-0.8007	-0.7245	1	348	1516	18	2009.869565
inflow	-0.306	0.5707	3	904	7142	66	2009.568182
influence	0.0764	0.1483	4	1333	20670	208	2011.779275
information	0.0083	0.0895	2	1132	11638	113	2011.767792
injection	0.2804	0.2446	4	498	2110	20	2011.807018
inorganic carbon	1.0105	-0.0079	2	806	6796	59	2012.45614
inshore	-0.2461	0.8512	3	484	1916	18	2007.307692
insight	-0.333	-0.3372	1	605	2668	25	2012.936061
instability	-0.6218	-0.6454	1	1053	13498	148	2009.776848
instrument	-0.0296	0.2699	4	706	3826	38	2011.288956
integration	-0.1979	-0.7066	1	619	3030	28	2010.47619
intensification	0.1931	-0.5615	2	859	5778	55	2011.672775
intensity	0.1763	-0.1667	2	1029	9958	97	2011.663823
interactions	-0.1616	-0.2695	1	1356	25708	258	2011.626733
interannual	0.2154	-0.0481	5	633	3658	33	2009.011628
interannual variability	0.5857	0.1744	4	1043	10356	92	2010.7663
interannual variations	0.4096	-0.0766	5	551	2502	23	2010.739437
intercomparison	0.9401	-0.6876	2	660	4776	43	2014.488211
interface	-0.1469	0.0927	1	779	4508	46	2010.689655
interior	-0.1953	-0.3372	1	1131	13446	126	2010.221733
intermediate	-0.4494	0.7644	3	1237	32496	297	2007.833333
intermediate depths	-0.0712	0.3742	3	570	2396	22	2008.014493
intermediate layer	-0.2939	0.9512	3	399	1608	16	2008.46875
intermediate water masses	-0.2436	0.8291	3	505	2458	22	2008.909091
intermediate waters	-0.3968	0.6832	3	1294	37708	342	2007.72884
internal tidal waves	-0.7302	-0.4618	1	286	1224	16	2011.882353
internal tides	-0.7679	-0.4514	1	686	5408	66	2011.392405
internal waves	-0.7349	-0.5113	1	886	11090	138	2009.889423
international	-0.1723	0.3318	5	401	1474	16	2009.59081
interpolation	0.622	-0.1066	2	377	1514	15	2012.42515
interpretation	0.0723	-0.3748	2	772	4300	41	2010.411609
intrusion	0.0325	0.7868	4	883	6908	66	2011.398892
inventory	0.9818	-0.057	2	609	3944	41	2012.165029
inverse methods	0.5649	-0.3751	2	459	2016	18	2011.116279
inverse model	-0.4844	0.2222	3	705	4426	37	2009.715447
inversion	8e-04	-0.1303	2	970	8680	78	2010.501809
ipcc	0.9631	-0.6739	2	410	1750	16	2011.552189
iron	0.7845	0.1413	2	587	3012	29	2012.176678
island	-0.2412	0.726	5	1095	13664	148	2009.956692
isopycnal	-0.7308	-0.5412	1	541	2722	28	2011.4375
isopycnal mixing	-0.8643	-0.7992	1	299	1366	15	2015.533333
isotherm	-0.5142	0.8149	3	557	2886	26	2007.642857
isotope	0.6371	0.6937	2	620	3650	38	2011.966793
isw	0.5088	0.5984	4	357	1458	15	2009
jet	-0.8762	-0.1641	1	1159	17856	187	2011.139834
kerguelen	-0.8087	0.4111	5	834	6796	61	2006.886525
kerguelen plateau	-0.836	0.4955	5	737	5576	50	2008.293103
key	0.3394	-0.2293	2	605	2626	29	2013.075472
kinetic energy	-0.7062	-0.7791	1	1095	17246	179	2010.449315
knowledge	0.1937	0.0488	2	823	4498	47	2012.895394
kuroshio	-0.6392	-0.5223	1	562	2998	29	2010.162791
laboratory	-0.0446	-0.5527	1	642	3058	34	2010.526248
labrador	0.2157	-0.391	2	609	3296	31	2008.853808
labrador sea	0.2854	-0.3922	2	586	2992	28	2008.747813
ladcp	-0.7597	0.7038	3	397	1756	20	2010.322581
lag	-0.0499	-0.1796	5	616	3146	31	2010.653179
lagrangian	-0.6089	-0.0265	3	887	7604	71	2011.144928
land	0.9423	0.0976	4	899	8008	71	2012.42268
language	0.4341	-0.0736	2	1002	8014	61	2018.048117
large	0.226	-0.2281	2	625	2906	29	2011.479452
large-scale	-0.212	-0.3199	1	1364	26580	252	2011.165527
large-scale circulation	-0.4948	-0.0582	3	756	4442	42	2010.523622
latent heat	0.7463	0.2233	4	499	2144	19	2010.158824
latitude	-0.3871	-0.0769	5	1200	15556	153	2011.054819
layer	-0.0828	0.1128	3	1458	76112	744	2010.321275
layer model	-0.2668	-0.7689	1	571	2754	29	2007.280576
lcdw	-0.596	1.1594	3	442	2552	23	2006.69697
lead	0.3935	-0.518	4	838	5024	49	2010.716069
leakage	-0.6778	0.1545	3	565	3234	31	2013.211679
lee waves	-0.7473	-0.8246	1	362	1528	16	2014.333333
length	-0.615	-0.4005	1	879	6698	76	2010.5328
levels	-0.167	0.2025	3	1228	15720	154	2011.25209
light	0.5347	-0.1158	4	483	1836	18	2011.753582
limit	-0.256	-0.0655	1	939	7120	74	2010.544865
limitations	0.4983	-0.3905	2	683	3492	31	2012.614846
line	-0.31	0.4118	3	1034	9526	86	2011.363128
literature	-0.5135	0.4434	3	681	3604	32	2011.726524
local wind	-0.3504	-0.2435	5	420	1624	15	2009.359551
location	-0.1589	0.3952	5	1181	14422	133	2010.881081
long-term	0.678	-0.0359	2	1106	11850	112	2012.366366
long-term trends	0.8038	-0.1573	2	509	2552	25	2012.589226
longitude	-0.8492	0.4215	3	733	4428	39	2008.678832
loop	-0.5379	0.4937	3	445	1880	18	2010.980198
loss	0.4671	-0.0948	4	1093	11408	103	2013.251087
low latitudes	0.2465	-0.7674	2	690	3942	38	2010.434286
low oxygen	-0.0961	0.9375	3	448	1870	16	2011.104167
low salinity	0.0445	0.9251	3	601	3132	31	2007.542553
low-frequency variability	-0.6284	-0.7177	1	404	1684	17	2008.596491
lower circumpolar deep water	-0.647	0.8648	3	515	3086	30	2008.512195
madagascar	-0.8083	0.6966	3	465	2330	20	2007.2
magnitude	-0.198	-0.5703	1	1357	28008	283	2011.364091
maintenance	0.2581	0.1244	4	500	2072	20	2010.394191
malvinas	-0.7093	0.6499	5	760	6202	56	2005.866667
malvinas current	-0.7486	0.5045	5	675	4736	45	2006.24
map	-0.2292	0.2569	5	999	9238	89	2011.727201
mapping	0.3223	-0.0678	2	566	2296	22	2012.226667
margin	0.0971	0.5428	4	991	8762	80	2010.972504
marine	0.6012	0.1276	2	911	6864	66	2012.020366
marine ecosystems	0.7571	0.0943	2	646	3348	33	2013.642259
mass	-0.0028	0.5488	3	1439	66880	616	2010.941993
mass balance	0.7697	0.179	4	518	2512	21	2012.104996
mass changes	0.7932	0.6071	4	391	1738	16	2013.153226
mass distribution	-0.5672	0.5855	3	519	2316	21	2007.494253
mass flux	-0.3404	-0.8146	1	448	1890	19	2009.567376
mass transport	-0.4462	-0.474	1	574	2684	25	2010.308176
maud	0.5909	0.3548	4	518	2796	27	2010.953333
maud rise	0.5894	0.3523	4	501	2620	25	2006.090909
maximum	0.0415	0.3477	3	1184	13266	126	2010.287843
mcdw	0.8619	0.7753	4	431	2128	18	2013.032258
mean	-0.3291	-0.3698	1	1375	32600	320	2010.953636
meandering	-0.6873	0.4919	5	625	3442	34	2007.145161
meanders	-0.9114	0.1468	5	908	8338	80	2007.291045
measurements	-0.0862	0.1941	5	1423	44942	462	2010.932763
mechanisms	0.0152	-0.3834	1	1384	28844	292	2011.610479
mediterranean	-0.2389	0.0988	3	439	1494	17	2009.594488
melt	0.9576	0.2426	4	791	5818	49	2013.146853
melting	0.9415	0.3601	4	688	4038	33	2012.110283
meltwater	0.9975	0.5208	4	383	1604	15	2012.781925
meridional circulation	-0.2355	-0.8989	1	748	5472	51	2011.967742
meridional heat transport	-0.187	-0.8854	1	534	2746	26	2010.492754
meridional overturning	-0.0261	-1.0324	1	863	9194	86	2014.108635
meridional overturning circulation	0.0128	-1.0491	1	841	8596	80	2014.37574
meridional transport	-0.6109	-0.564	1	628	3838	35	2010.452055
mertz glacier	1.1855	0.4308	4	483	3374	31	2011.595745
mertz glacier tongue	1.2005	0.5059	4	348	1906	18	2014.625
mesoscale	-0.5644	-0.332	1	1164	17722	178	2009.976526
mesoscale activity	-0.511	-0.2514	5	429	1612	15	2009.347826
mesoscale eddies	-0.4814	-0.7012	1	1126	16352	165	2011.271028
mesoscale features	-0.534	0.5565	5	468	1976	18	2006.393939
mesoscale processes	-0.6678	-0.6181	1	517	2166	20	2012.704545
mesoscale variability	-0.8124	0.0029	5	617	3540	35	2007.837209
meteorological	0.739	-0.2872	2	464	1742	17	2009.80117
method	0.0491	-0.3021	2	1296	23064	243	2012.144788
methodology	0.6657	-0.5229	2	621	3564	33	2012.912525
mg	0.2203	0.9836	5	369	1590	16	2010.971279
microstructure	-0.8725	-0.5039	1	528	3406	37	2010.798561
microwave	0.8229	0.1763	4	449	2148	24	2009.844327
mid-latitudes	-0.3668	-0.6839	1	844	5934	59	2012.022549
migration	-0.0127	0.1951	5	545	2212	21	2011.023474
mindanao	-0.7236	0.8019	3	313	1712	18	2006.222222
minimum	0.1201	0.8177	3	1006	9894	95	2009.779051
minimum temperature	0.0165	0.9966	5	415	1728	16	2010.516667
mission	-0.3683	-0.3133	5	545	3106	33	2012.55098
mixed	-0.1204	-0.3296	1	580	3026	29	2011.325843
mixed-layer	0.5138	-0.2197	2	995	9326	84	2011.050847
mixed-layer depth	0.7273	-0.1778	2	537	2744	25	2012.4375
mixing	-0.3086	-0.1767	1	1424	47862	493	2009.902919
mixing processes	-0.04	-0.0119	1	617	2740	25	2009.293103
mixture	-0.255	0.8004	3	584	3048	29	2010.906921
mld	0.5253	-0.2918	2	494	2662	25	2012.387755
moc	-0.0116	-1.1724	1	622	4214	40	2010.991071
mode	0.0299	-0.0958	2	1394	38734	370	2010.915266
mode water	0.0725	0.6089	3	1101	17428	155	2008.740088
model	0.0223	-0.6172	1	1460	115068	1186	2011.651901
model intercomparison	0.9726	-0.7029	2	570	3574	30	2014.817568
model resolution	0.1188	-0.8695	1	608	3102	30	2011.979058
model simulations	0.3781	-0.6354	2	986	8258	79	2012.477137
model structure	-0.3241	-0.7512	1	393	1430	15	2010.471264
model study	0.0479	-0.7976	1	511	2188	22	2010.668478
modeling	0.1574	-0.507	1	1129	12672	135	2012.080047
modification	-0.2378	0.3326	4	818	5108	45	2009.923977
modulation	-0.2715	-0.5871	1	548	2696	30	2010.980114
momentum	-0.5931	-0.9328	1	1009	12960	130	2008.74186
momentum balance	-0.9104	-1.043	1	424	2532	27	2007.298246
momentum fluxes	-0.7672	-0.8552	1	499	2858	28	2008.564356
monitoring	0.5175	0.1831	2	654	3310	34	2012.828676
moorings	-0.4309	0.4181	3	883	7448	76	2010.555556
motion	-0.6231	-0.1478	1	879	6304	64	2009.832335
movement	-0.1572	0.58	5	788	5042	49	2009.813333
mozambique	-0.9345	0.3881	3	482	2364	22	2007.483871
mozambique channel	-0.8981	0.33	3	451	2040	19	2007.565217
nadw	-0.5344	0.5795	3	870	8444	72	2005.583942
national	0.5868	-0.0191	4	678	3482	32	2010.195652
natural variability	0.5863	-0.1313	2	512	2048	17	2011.995781
nature	-0.3308	-0.2307	1	828	5228	54	2010.788145
near-surface	-0.0444	0.101	4	1026	8348	77	2011.177419
net	0.3913	0.4466	5	540	2308	23	2010.964126
net community production	1.0739	0.192	2	392	1722	15	2013.923077
network	0.6036	-0.3925	2	487	2042	20	2012.964962
neutral density	0.0078	0.7089	3	684	4020	36	2009.978723
new data	0.5063	0.2816	2	506	1914	18	2011.109375
new guinea	-0.6579	0.9259	3	319	1580	16	2004.625
new zealand	-0.6024	0.4485	5	624	3742	39	2009.724138
nitrate	0.4389	0.6087	2	730	4372	41	2010.126471
noise	-0.5551	-0.4505	1	432	1614	18	2011.653631
nonlinear	-0.603	-0.6611	1	506	2116	23	2011.880282
north	-0.3551	0.307	3	1440	69084	652	2010.374238
north atlantic	-0.2258	0.0484	3	1321	34564	317	2010.017846
north atlantic deep water	-0.6527	0.5416	3	1102	17320	152	2005.77451
north atlantic ocean	0.2679	-0.4168	2	582	3036	29	2009.960733
north pacific	-0.1888	0.1378	3	1039	11286	111	2010.653333
north pacific ocean	-0.1073	-0.4054	2	405	1538	15	2009.464706
northern	0.0379	0.0861	2	945	7334	67	2011.106605
northern hemisphere	0.0085	-0.3571	2	775	5370	48	2010.714878
northwest	-0.6123	0.559	3	379	1408	15	2011.701835
nova	0.9853	0.442	4	446	2578	25	2008.734043
numerical	-0.3455	-0.287	1	663	3438	42	2009.72
numerical experiments	-0.3945	-0.7075	1	634	3532	39	2010.004255
numerical model	-0.3849	-0.4097	1	1074	10746	113	2009.365706
numerical simulations	-0.5796	-0.6408	1	861	6674	74	2012.214493
nutrients	0.3773	0.3871	2	1084	11414	102	2011.870968
o-2	0.7835	0.2656	2	516	2168	19	2010.632353
objective	-0.5716	-0.012	5	448	1618	16	2011.917647
observational data	0.3845	0.006	2	495	1746	17	2011.486413
observations	0.0118	-0.0684	2	1460	76674	768	2011.448164
observing system	0.5608	-0.4898	2	430	1936	19	2013.706667
occam	-0.2321	-0.8926	1	348	1414	15	2004.47619
occurrence	0.3191	0.14	4	743	4024	39	2011.803551
ocean	0.0111	-0.1891	2	1461	179534	1847	2010.965167
ocean basins	-0.1284	-0.355	2	886	6770	68	2010.322222
ocean carbon cycle	0.973	-0.3687	2	567	3012	27	2013.607843
ocean carbon sink	1.2062	-0.5202	2	308	1468	16	2014.263158
ocean circulation	-0.0898	-0.3528	1	1408	44904	430	2010.55339
ocean circulation model	0.2272	-0.7901	1	697	4258	41	2009.8625
ocean climate	0.5166	-0.6488	2	900	7334	70	2011.955932
ocean co2	1.1107	-0.5173	2	612	4636	44	2013.9125
ocean co2 sink	1.1403	-0.6054	2	289	1688	16	2014.380952
ocean convection	0.9546	-0.2355	4	435	2160	19	2007.825243
ocean currents	-0.3975	0.1562	3	932	6602	65	2010.666667
ocean data	0.3807	-0.1834	2	823	5588	56	2010.227273
ocean dynamics	-0.159	-0.8509	1	896	6462	68	2012.736842
ocean eddies	-0.2582	-0.8135	1	707	4722	48	2011.404494
ocean energy	-0.6609	-0.8988	1	352	1410	15	2013.172414
ocean floor	-0.7044	-0.2388	1	349	1302	15	2008.387755
ocean flow	-0.9079	0.6077	3	432	2032	20	2005.586957
ocean general circulation	-0.0918	-0.9299	1	1029	11562	107	2009.590164
ocean general circulation model	0.0093	-0.9498	1	938	9098	83	2009.438053
ocean heat	0.5847	-0.4666	4	1028	11594	105	2013.347917
ocean heat content	0.5485	-0.4152	2	663	3990	36	2014.3875
ocean heat transport	0.1076	-1.0817	1	356	1524	15	2014.265306
ocean interior	0.2682	-0.4522	2	797	5818	51	2011.455696
ocean measurements	0.4216	0.2895	2	432	1534	15	2010.792453
ocean mixing	-0.2136	-0.5051	1	535	2430	27	2011.230769
ocean model	0.0936	-0.7954	1	1303	28428	283	2010.792558
ocean modelling	-0.0484	-0.9824	1	458	2002	23	2012.842975
ocean observations	0.4185	-0.5456	2	839	5604	54	2012.315436
ocean overturning	0.0305	-1.0923	1	507	2932	29	2013.567568
ocean processes	0.346	-0.6286	2	521	1966	19	2011.76087
ocean reanalysis	0.484	-0.3058	2	456	1772	15	2015.382979
ocean response	0.3749	-0.9557	2	664	4210	42	2010.018182
ocean salinity	0.6293	0.1502	4	549	2384	22	2011.228916
ocean state estimate	-0.1287	-0.5991	1	719	4752	42	2015.75
ocean stratification	0.3075	-0.5523	4	603	2632	25	2013.060241
ocean structure	-0.2476	-0.2844	5	583	2796	28	2011.897959
ocean surface	0.5685	-0.3418	2	1278	21712	202	2011.97351
ocean temperature	0.237	-0.2243	5	822	5218	49	2012.187952
ocean transport	0.2136	-0.7044	2	593	2808	28	2009.88172
ocean variability	0.0479	-0.2291	5	824	5882	56	2011.174888
ocean ventilation	0.7106	-0.0845	2	701	4080	40	2011.678571
ocean warming	0.7354	-0.6991	2	388	1668	16	2013.496894
ocean waters	0.2206	0.5285	3	647	3570	35	2011.075758
ocean wind	0.1806	-1.1755	1	431	1886	19	2011.075
oceanic fronts	-0.367	0.5847	5	713	4972	49	2010.055556
oceanography	0.2227	0.4779	5	918	6596	71	2009.138686
offshore	0.1889	0.7741	4	678	3704	35	2009.651466
ogcm	-0.1606	-0.6902	1	463	1922	17	2008.972222
omega	0.5249	0.0141	2	427	1558	15	2010.990099
one dimensional	-0.0587	-0.1134	1	451	1600	17	2007.160622
onset	0.5746	0.0713	4	495	1932	18	2011.400894
open ocean	0.1723	-0.0068	4	957	7616	75	2011.015873
open water	0.8666	0.2119	4	517	2388	21	2011.389671
opening	0.7393	0.0465	4	399	1604	15	2010.741722
order	-0.2721	-0.1998	1	1348	24530	249	2010.598046
organic matter	0.7102	0.4258	2	444	2002	19	2012.485771
origin	-0.2195	0.7363	3	1060	10600	101	2010.187679
orkney	-0.1823	0.8636	3	409	1998	17	2009
oscillation	-0.1288	-0.2578	5	1023	10140	99	2010.801829
outer shelf	-0.0012	0.7028	5	399	1670	15	2011.282209
outflow	0.1657	0.64	4	923	7388	63	2008.807601
overflow	-0.1263	0.5385	3	571	2990	32	2007.978193
overturning	0.1938	-0.7946	1	1236	24488	239	2012.406393
overturning circulation	0.2116	-0.8567	1	1154	18510	179	2013.703911
oxygen	0.3425	0.6054	3	1243	20782	201	2009.83871
oxygen minimum	0.1469	0.6836	3	576	3184	28	2009.954545
oxygen minimum zone	0.2809	0.3851	3	467	2164	20	2013.822222
oxygen utilization	0.9196	0.0577	2	423	1836	18	2010.35
pacific	-0.1882	0.0932	3	1398	48666	480	2010.950879
pacific basin	-0.553	0.7541	3	546	3118	30	2009.483146
pacific ocean	-0.1702	0.058	3	1179	17000	165	2010.089431
pacific sector	0.3831	-0.3318	4	686	3866	41	2010.587571
pacific water	-0.7235	0.5802	3	458	2294	22	2010.575949
pack	0.8388	0.2214	4	490	2228	21	2009.298805
pack ice	0.8009	0.2211	4	496	2234	21	2008.853081
parallel	-0.5328	-0.4401	1	642	3236	31	2010.6875
parameterization	-0.2067	-0.9079	1	1110	15442	158	2011.336207
parameters	-0.2643	-0.4989	1	1205	16698	177	2010.962104
part	-0.3258	0.3375	3	1413	37724	367	2010.410034
partial pressure	1.1085	-0.1453	2	497	2682	24	2013.333333
particles	-0.2137	-0.021	3	876	6146	60	2011.108822
passive tracer	0.2448	-0.2312	4	575	2606	25	2010.985075
patches	-0.3194	0.691	5	501	2074	20	2011.337979
pathways	-0.2415	0.2793	3	1257	19632	186	2013.213274
patterns	-0.1682	0.1498	5	1403	31926	306	2011.236066
penetration	0.1648	-0.2266	2	616	3062	27	2009.4875
peninsula	-0.0013	0.6122	3	839	6268	61	2011.596904
performance	0.3499	-0.6585	2	694	4006	41	2013.489921
period	0.342	0.0397	4	1414	31576	317	2011.210316
persistence	0.4807	-0.0058	4	583	2248	22	2012.073254
perspective	0.0061	-0.4298	2	566	2540	25	2012.901235
perturbations	-0.0875	-0.7482	1	806	5636	56	2010.583086
pf	-0.5848	0.8026	5	752	6260	54	2008.727273
ph	1.0086	0.1739	2	549	3112	28	2013.361345
phase	0.2379	-0.551	2	1167	13600	133	2011.300144
phenomena	0.1747	-0.3985	2	561	2298	24	2011
phosphate	0.36	0.4645	2	667	4098	36	2010.048128
physical	0.1818	0.4314	5	611	2520	26	2009.0625
physical mechanisms	0.079	-0.5624	1	523	2024	17	2011.84
physical oceanography	0.0589	0.4837	5	477	1818	19	2007.84507
physical processes	0.6782	0.0537	2	813	4364	40	2012.057576
physical properties	0.4348	0.255	2	423	1530	15	2011.051724
physics	0.0534	-0.4932	1	752	3740	42	2011.674359
phytoplankton	0.5676	0.564	5	748	6142	60	2012.529026
phytoplankton biomass	0.5097	0.6619	5	367	1592	16	2013.33125
phytoplankton bloom	0.5981	0.5829	5	413	1766	16	2012.516129
place	0.1452	0.1099	4	920	5906	57	2009.958042
plankton	0.2418	0.677	5	375	1458	15	2010.853821
plateau	-0.8265	0.5498	5	1011	12304	115	2012.169659
plume	0.1854	0.482	4	745	4132	43	2009.9
polar	-0.2279	0.7082	5	1179	18740	178	2011.082686
polar front	-0.3726	0.7167	5	1117	17740	161	2009.072327
polar frontal zone	-0.2854	1.0242	5	512	3012	29	2007.333333
polar regions	0.6019	-0.2166	4	578	2452	24	2011.606775
polarstern	0.4665	0.8292	4	513	2790	26	2006.411111
pole	-0.1886	-0.7059	1	414	1500	15	2010.226221
poleward	-0.5673	-0.431	1	1050	11588	108	2010.827273
polynya	1.0247	0.3084	4	987	14122	133	2008.42
polynya area	0.9637	0.3084	4	339	1530	16	2009.725
pop	-0.4931	-1.0355	1	348	1388	15	2011.529412
position	-0.2143	0.4474	5	1094	11848	115	2010.689373
positive trend	0.9132	-0.4644	2	419	1662	18	2012.22335
potential	0.0741	-0.1071	2	909	5862	66	2012.784435
potential density	-0.568	0.2826	3	731	4342	42	2008.712121
potential energy	-0.6988	-0.9109	1	665	4944	53	2011.306569
potential temperature	-0.1277	0.9044	3	912	8600	82	2007.691099
potential vorticity	-0.9192	-0.3965	1	1005	12330	126	2008.589286
power	-0.5342	-0.8763	1	612	3244	34	2011.834034
precipitation	0.7645	0.0129	4	742	4792	40	2012.247478
prediction	-0.0058	-0.7493	1	914	6802	70	2012.073267
present day	-0.0038	-0.4586	2	547	2274	22	2011.295673
pressure	-0.0178	-0.3996	1	1248	18044	177	2010.477108
pressure gradient	-0.7295	-0.2821	1	491	2198	20	2009.674797
primary production	0.945	0.0108	2	635	3866	40	2012.113402
primary productivity	0.7641	0.0545	2	464	1922	19	2013.138889
prime meridian	0.6183	0.7157	2	365	1504	15	2007.055556
primitive equation	-0.7541	-0.561	1	630	3864	42	2002.795276
primitive equation model	-0.8372	-0.7595	1	426	1996	23	2003.388889
prince edward islands	0.114	1.0229	5	364	2920	40	2006.197368
probability	-0.5284	-0.6307	1	405	1524	18	2011.876866
processes	0.275	-0.1947	2	1447	48950	479	2011.967406
production	0.8938	0.0973	4	1252	21708	206	2011.637878
production rates	0.8652	0.3545	4	535	2322	22	2011.385714
productivity	0.7741	0.2754	2	842	7108	68	2012.484007
profiler	-0.7931	0.383	3	844	6984	73	2008.733083
profiles	-0.3881	0.0065	1	1304	20240	209	2010.526606
programme	0.2663	0.5663	5	514	2284	24	2009.044118
progress	0.3567	-0.2159	2	598	2628	25	2012.411765
project	0.8042	-0.2358	2	1083	11884	109	2012.453668
projection	0.8311	-0.6449	2	686	4596	45	2014.197635
propagation	-0.6655	-0.3424	1	1006	9826	106	2010.734739
properties	-0.0876	0.4545	3	1434	43446	405	2011.071907
proportion	-0.0184	0.8449	3	487	2102	21	2011.055556
proximity	-0.1044	0.4727	5	459	1848	19	2011.075099
proxy	0.3776	0.0435	2	658	2952	30	2013.127907
prydz bay	0.5362	0.744	4	486	2300	21	2008.442308
pulses	-0.2297	0.5729	3	419	1544	16	2011.138996
pump	0.9238	-0.1821	2	438	1766	19	2013.685393
pv	-0.9167	-0.859	1	443	2482	29	2011.244681
pycnocline	0.022	-0.0346	4	792	5448	55	2007.93125
quality	0.5165	0.0687	2	612	2998	30	2012.741898
radar	0.2657	0.1049	4	425	2004	25	2011.711931
radiation	0.2899	-0.5628	4	713	4052	39	2011.331925
radiocarbon	0.6944	0.1172	2	439	2010	21	2012.205298
radiometer	0.3566	0.372	4	475	2036	20	2009.009592
range	-0.0064	0.0442	2	1385	26714	263	2011.410547
rapid	0.586	0.4393	4	437	1622	18	2012.463023
rates	0.3282	-0.0698	2	1274	20986	212	2011.494306
ratio	0.1461	0.1776	2	1086	10276	109	2010.925387
reanalysis	0.6085	-0.3488	4	928	7174	68	2012.860412
reanalysis data	0.7393	-0.139	4	509	2008	18	2013.062413
reason	0.2853	0.0299	2	459	1666	16	2011.71371
recent	0.3038	-0.1796	2	903	6218	66	2011.804991
recirculation	-0.9317	0.5548	3	881	8802	81	2006.169082
reconstruction	0.6923	-0.3925	4	527	2130	21	2012.728025
record	0.1579	0.1446	5	742	4940	44	2011.508365
recovery	0.0324	-0.3326	2	435	1704	17	2012.7654
red	-0.5537	1.0383	3	410	2020	15	2009.842105
red sea	-0.5368	1.0339	3	427	2138	16	2008.244898
redistribution	0.9131	-0.5233	2	509	2576	24	2011.996795
reduction	0.5988	-0.467	2	1061	10344	103	2012.202875
reflection	-0.6701	0.0985	1	377	1480	18	2010.990196
regime	-0.3764	-0.0404	1	1197	14994	152	2010.768478
region	-0.0309	0.1336	5	1461	105334	1053	2011.608772
regional	-0.2066	-0.586	1	487	1824	18	2012.480198
regression	0.8268	0.0213	2	544	2544	24	2011.924945
relationship	-0.1035	-0.2162	5	1193	14094	142	2011.52721
relative importance	0.3864	-0.4154	4	606	2864	26	2010.879562
relative vorticity	-0.9365	-0.6703	1	441	2100	24	2008.575342
release	0.3672	-0.1654	4	756	4128	39	2012.712924
remineralization	1.0263	-0.0371	2	367	1548	16	2012.768421
remote sensing	0.2417	0.3221	5	395	1374	16	2012.958159
removal	0.5401	0.0028	4	471	1756	20	2011.470833
renewal	0.402	0.7813	4	509	2376	21	2005.05102
repeat	-0.0192	0.4641	5	919	7706	72	2011.037288
representation	0.3749	-0.7312	2	1054	11098	102	2013.246886
requirements	0.1715	-0.6171	2	402	1590	17	2011.322368
res	0.341	-0.3788	4	677	3560	47	2010.48537
research	0.2156	0.1868	2	1155	12348	121	2012.25614
reservoir	0.6919	-0.3262	2	512	2154	23	2012.909879
residence	0.5673	0.6477	2	430	1856	20	2010.135762
residence time	0.6143	0.6093	2	416	1770	19	2009.992032
residual circulation	-0.4736	-1.2166	1	334	1438	15	2009.675676
residues	-0.1617	-0.503	1	567	2684	26	2009.701681
resolution	-0.066	-0.4088	1	1378	31830	317	2011.918993
resources	0.5473	-0.2907	2	388	1332	16	2013.251701
response	0.4192	-0.7438	2	1269	24256	242	2012.161066
rest	0.3058	-0.3245	2	605	3120	29	2011.1893
retreat	1.0228	0.1077	4	411	1690	15	2012.69985
reversal	-0.4842	0.4053	3	562	2396	23	2011.354497
ridge	-0.84	0.3231	3	1222	23674	242	2008.953586
ring	-0.8198	0.4042	3	449	1932	19	2008.776119
river	0.0011	0.5237	3	522	2076	20	2011.920886
rms	-0.8939	-0.3415	5	498	2448	25	2009.254237
role	0.0483	-0.5376	1	1415	40742	406	2012.568357
romanche fracture zone	-1.123	0.58	3	236	1202	15	2002.736842
ross	0.8018	0.3973	4	1043	12762	120	2011.009202
ross ice shelf	1.0602	0.4756	4	408	2050	18	2011.611465
ross sea	0.8251	0.4544	4	962	10270	96	2010.810256
ross sea shelf	0.8561	0.5385	4	416	2032	16	2008.433333
rossby	-0.8637	-0.5792	1	787	6380	70	2010.884413
rossby radius	-0.9535	-0.6266	1	364	1524	16	2007.104167
rossby waves	-0.8754	-0.602	1	610	3850	43	2011.729614
rotation	-0.6783	-0.233	1	534	2346	26	2006.295359
roughness	-0.7162	-0.5912	1	439	1786	17	2012.54023
routes	-0.1268	0.5836	3	554	2538	23	2011.930769
saccf	-0.6926	1.022	5	489	2908	24	2007.137931
saf	-0.6158	0.7862	5	865	8726	78	2008.482143
salinity	0.2236	0.5108	3	1433	53718	501	2009.248247
salinity anomalies	0.5046	-0.15	2	431	1700	15	2008.269737
salinity changes	0.8221	0.0297	2	533	2634	25	2010.755814
salinity gradients	-0.4764	0.5067	5	450	1672	17	2009.568182
salinity minimum	-0.2295	0.987	3	595	3560	32	2005
salt	0.1432	0.2312	4	1107	11614	104	2008.72546
sam	0.5943	-0.681	2	640	4602	43	2012.973306
sampling	0.2202	0.2737	5	733	4344	44	2012.100775
samw	0.2964	0.7302	3	834	8384	74	2009.513158
satellite	-0.0523	0.0515	5	1189	18556	185	2011.755822
satellite altimeter	-0.9767	-0.2806	5	525	2984	31	2008.958333
satellite altimetry	-0.8755	0.017	5	933	10166	106	2012.138138
satellite altimetry data	-1.0334	0.1575	5	397	1726	19	2012.660377
satellite data	0.1118	0.213	5	750	4698	45	2011.686028
satellite images	0.2551	0.3123	4	480	1854	19	2011.587189
satellite measurements	0.1323	0.0364	5	409	1574	16	2012.201389
satellite observations	0.3541	-0.1111	4	809	5000	47	2012.973832
saturation	0.7583	-0.276	2	731	4704	45	2011.875
saz	0.6049	0.6125	5	387	1750	16	2011.85
scale	-0.1005	-0.4434	1	1431	40588	401	2011.804989
scaling	-0.4668	-1.1174	1	523	3024	32	2011.411765
scenarios	0.631	-0.5671	2	818	5768	54	2012.882212
science	-0.2105	0.5657	3	1145	12384	121	2005.441336
scotia	-0.4668	0.8472	3	836	7894	75	2008.903448
scotia ridge	-0.4262	0.8767	3	573	3632	32	2009.673469
scotia sea	-0.4124	0.8361	3	765	6286	60	2007.646341
sea	0.2265	0.2085	4	1458	106874	1048	2010.929745
sea bottom	0.517	0.8873	4	673	5460	53	2005.488636
sea ice	0.8559	-0.0449	4	1337	35896	337	2012.341204
sea ice concentration	0.9472	0.0423	4	545	2756	26	2014.074
sea ice cover	0.9611	-0.1224	4	697	4342	37	2012.742173
sea ice extent	1.0487	-0.0898	4	481	2254	18	2013.195775
sea ice formation	1.0005	0.3065	4	640	3910	33	2011.537037
sea ice model	0.7573	-0.4381	4	801	5564	52	2011.770171
sea ice production	1.1145	0.3131	4	563	4276	39	2013.069307
sea ice zone	1.0541	0.1318	4	481	2086	18	2011.346154
sea interaction	0.2137	0.0686	4	595	2768	24	2010.461538
sea level	-0.1604	-0.2032	5	1112	13108	129	2011.153319
sea level anomalies	-0.8755	-0.0361	5	562	3294	31	2011.621212
sea level rise	0.7082	-0.0656	4	544	2770	25	2012.696243
sea surface	-0.0691	-0.1859	5	1368	34170	319	2011.29989
sea surface height	-0.8257	-0.2506	5	964	11506	109	2010.567114
sea surface salinity	0.7676	-8e-04	4	465	1886	15	2011.927536
sea surface temperature	0.3223	-0.0941	5	1130	16316	149	2011.542882
sea water	0.1504	0.7205	3	815	5874	56	2008.442735
seafloor	-0.555	0.0207	1	636	3054	29	2012.700565
seals	0.6657	0.4588	4	474	1942	18	2012.111111
seamount	-0.4396	0.3137	3	720	4506	48	2007.652174
season	0.4771	0.329	4	1224	15762	147	2012.178114
seasonal changes	0.4692	0.2805	4	479	1728	16	2012.145349
seasonal cycle	0.4726	-0.1396	2	977	8976	81	2011.135957
seasonal variability	-0.1309	0.2528	5	890	6026	56	2011.582043
seasonal variation	0.1943	0.4006	4	754	4618	41	2011.013917
seawater	0.6411	-0.0748	2	836	5352	56	2011.626116
sections	-0.3519	0.7443	3	1253	24284	230	2007.846599
sediments	-0.2539	0.6851	3	560	2880	33	2011.206075
segments	-0.8968	-0.0883	1	451	1760	17	2010.556701
sensitivity	0.4353	-0.7513	1	1123	14066	143	2012.152936
sensitivity experiments	0.4652	-0.7711	1	505	2296	23	2012.352273
sensors	0.6473	0.2121	4	700	3964	38	2011.517949
separation	-0.4995	0.2375	5	721	3964	39	2009.887195
series	-0.2028	0.0237	5	1330	22710	212	2010.601012
shackleton	-0.8754	0.2977	5	406	1818	18	2012.057143
shallow water	-0.4986	0.0967	1	490	2094	21	2010.653846
shape	-0.2401	0.1153	4	756	3922	39	2010.573529
shear	-0.8906	-0.3494	1	920	8526	92	2009.478827
shelf	0.5644	0.58	4	1338	35254	348	2010.587376
shelf slope	0.2641	0.6526	4	617	3572	34	2009.940928
shelf waters	0.776	0.6686	4	1095	17880	168	2009.09329
shelf-break	0.3082	0.6532	4	870	7640	72	2009.840909
shelves	0.8269	0.3039	4	814	6022	52	2011.760377
shift	0.1015	0.1786	5	1160	13726	133	2012.333333
ship	0.1036	0.3141	5	589	2644	27	2010.712
shipboard	-0.3824	0.1303	3	523	2222	21	2011.378049
shoaling	0.8586	-0.0709	2	603	2996	26	2012.066667
signal	0.049	0.0169	2	1214	15262	145	2011.038817
signatures	-0.3586	0.4479	5	593	2824	27	2011.86758
significance	0.0606	0.2114	2	683	3114	28	2011.019928
silica	-0.6361	0.9222	3	378	1674	15	2009.009901
silicate	0.3645	0.6928	2	688	4230	41	2008.463158
sill	-0.4475	0.4966	3	778	6204	65	2008.400778
simulations	0.1278	-0.7293	1	1374	38024	384	2012.277903
sink	0.8859	-0.5639	2	901	8440	86	2013.060748
sinking	0.5404	-0.385	2	592	2520	25	2010.636364
sites	-0.0352	0.1627	4	1129	11298	111	2011.507274
size	0.2743	0.0994	4	797	4812	51	2010.965923
skill	0.5547	-0.5006	2	481	1894	19	2013.67325
slope	-0.2833	0.3531	4	1363	32636	328	2010.341082
slope current	0.3735	0.5906	4	460	2110	18	2011.257143
slope front	0.3282	0.8114	4	717	4790	39	2010.536232
small-scale	-0.3722	-0.4401	1	810	5352	55	2011.469512
solubility	1.0659	-0.2247	2	415	1876	18	2011.1625
solution	-0.5897	-0.7182	1	978	10360	111	2010.22668
source	-0.0088	0.3858	3	1394	32498	320	2011.544715
source region	-0.2161	0.7055	3	504	2196	20	2011.263158
source waters	0.0991	0.967	3	894	8398	76	2008.57967
south	-0.382	0.5192	3	1443	78148	734	2009.816077
south africa	-0.4995	0.7262	5	840	7050	67	2008.43038
south america	-0.5392	0.204	3	567	3088	27	2010.900662
south atlantic	-0.7067	0.4378	3	1200	24178	221	2007.451691
south atlantic ocean	-0.6504	0.4082	3	821	6726	62	2006.568627
south australia	-0.6218	0.5306	5	730	5126	43	2008.712644
south equatorial current	-1.0221	0.6246	3	434	2236	21	2006.304348
south georgia	-0.3854	1.138	5	408	2072	18	2008.402597
south indian ocean	-0.8679	0.7268	3	588	3732	31	2006.271429
south pacific	-0.4795	0.4799	3	1024	13026	119	2009.295533
south pacific ocean	-0.5213	0.3983	3	602	3548	32	2008.823529
south polar	0.064	0.6226	5	556	2422	23	2009.452381
south scotia ridge	-0.1961	0.9482	3	474	2588	22	2005.136364
south west	-0.3331	0.9437	5	421	2038	23	2008.470588
southeast pacific	-0.579	0.2462	3	760	5408	48	2008.846154
southern	0.224	-0.3112	2	1443	79192	765	2011.247603
southern annular mode	0.6794	-0.4439	2	930	9958	90	2013.425339
southern boundary	-0.2579	0.9774	5	712	4866	42	2005.857143
southern hemisphere	0.104	-0.5251	2	1135	15062	136	2010.882466
southern indian ocean	-0.5694	0.2253	5	454	2016	18	2009.690476
southern ocean	0.1998	-0.353	2	1443	93266	936	2011.310743
southern ocean circulation	0.136	-1.094	1	660	4634	43	2012.410714
southern ocean climate	0.9248	-0.648	2	418	1832	17	2013.825
southern ocean sea	0.6367	-0.0457	4	568	2594	26	2010.772152
southern oscillation	0.3335	-0.202	5	689	4276	36	2011.761165
southwest	-0.3408	0.8534	3	892	7440	68	2010.224324
southwest pacific	-0.2466	0.9634	3	465	2320	20	2010.955556
southwestern atlantic	-0.3225	0.8235	5	459	2148	22	2009.387097
space	-0.0373	-0.3779	2	1010	8884	85	2011.281958
spacing	-0.5352	-0.6921	1	517	2222	21	2010.686441
spatial	-0.0588	0.1005	5	666	3188	33	2011.877747
spatial distribution	-0.2377	-0.0849	1	912	6084	58	2012.602028
spatial patterns	0.0768	-0.2853	5	696	3494	31	2012.024523
spatial resolution	-0.0423	-0.0851	5	757	4120	39	2012.877034
spatial scales	-0.1501	-0.4088	1	768	4268	41	2012.42723
spatial structure	-0.4075	-0.5103	1	548	2576	27	2010.597156
spatial variability	-0.2787	-0.103	5	762	4206	43	2011.858628
spatial variation	-0.4486	-0.0162	1	377	1340	15	2011.835735
species	0.0961	0.9422	5	597	4188	54	2011.629341
spectra	-0.6332	-0.5487	1	578	3104	33	2010.240566
spectrum	-0.4712	-0.5461	1	595	2988	36	2010.348901
speed	-0.2265	-0.0702	1	1085	9922	102	2010.795455
spots	-0.1773	-0.1517	1	594	2796	26	2012.598985
spread	0.5522	-0.4314	2	434	1516	16	2013.442623
spreading	-0.2984	0.7284	3	795	5970	55	2007.435233
spring	0.486	0.4851	4	1014	8952	87	2011.445356
ssh	-0.8887	-0.236	5	610	4020	38	2010.885714
stability	-0.1274	-0.5422	1	792	5158	55	2011.601934
stage	-0.1444	0.4191	5	483	1864	20	2011.432692
standard	0.1205	-0.3299	2	486	2022	19	2011.405751
standard deviation	-0.599	-0.0185	5	607	3120	30	2011.034783
state	0.1825	-0.5683	1	1291	20414	194	2012.176355
state estimate	-0.1003	-0.6811	1	818	6544	59	2013.928571
stations	0.073	0.7895	5	992	9482	94	2010.728667
statistics	0.0354	-0.6261	2	713	4784	47	2010.724252
steady state	-0.1141	-0.6087	1	817	5034	50	2009.695015
stf	-0.71	0.8753	5	509	2934	25	2007.083333
storage	0.8485	-0.4183	2	828	6566	61	2013.435429
storm	0.2134	-0.4389	4	698	3990	38	2010.368357
strain	-0.7529	-0.6921	1	350	1586	20	2011.527632
strait	-0.3024	0.4979	3	806	5958	66	2008.864542
strategies	0.3717	-0.3664	2	407	1370	15	2013.49449
stratification	-0.0143	-0.4782	1	1281	20302	205	2010.765734
stream	-0.69	-0.287	1	934	7772	76	2011.208251
stream function	-0.7795	-0.3387	1	462	1940	19	2006.392157
streamfunction	-0.7585	-0.746	1	517	2678	30	2010.197183
strength	-0.0415	-0.6905	1	1221	18510	182	2011.147674
strengthening	0.2658	-0.8558	2	616	3792	36	2012.132404
stress	-0.3284	-0.8225	1	1301	31458	310	2010.771906
structure	-0.4699	0.0669	5	1435	47668	471	2010.587788
sub-antarctic	0.0804	0.8341	5	779	5864	66	2008.713396
sub-antarctic front	-0.058	0.9895	5	448	2124	22	2007.586207
subantarctic	-0.3509	0.7376	5	1193	24158	220	2008.884746
subantarctic front	-0.615	0.727	5	1040	15326	139	2007.939189
subantarctic mode water	0.075	0.7317	3	854	9126	78	2009.5625
subantarctic waters	-0.5566	0.954	3	471	2274	19	2007.72
subantarctic zone	0.1914	0.6797	5	654	4256	37	2009.847826
subduction	0.1601	-0.5237	2	789	6708	63	2011.285714
submarine	-0.7884	-0.1706	1	391	1480	16	2012.039088
submesoscale	-0.202	-0.5601	1	613	3576	37	2014.294118
subpolar	0.1649	-0.4646	2	469	1818	18	2011.017241
subpolar gyre	0.4585	-0.5047	2	523	2236	20	2011.12782
subsurface	-0.013	0.5267	5	1194	14618	134	2011.621895
subsurface temperature	0.1572	0.5268	5	440	1656	15	2011.053571
subsurface water	-0.1577	0.9795	3	483	2404	22	2011.296296
subtropical	-0.2986	0.6312	5	1122	15024	138	2009.910959
subtropical convergence	-0.3048	1.034	5	357	1618	19	1999.095238
subtropical front	-0.6662	0.7579	5	789	7366	66	2007.5
subtropical gyre	-0.7756	0.4848	3	951	10806	99	2006.597826
subtropical mode water	-0.3255	0.5982	3	405	1734	16	2007.666667
subtropical water	-0.4504	0.9402	3	389	1620	15	2010.411765
summer	0.3958	0.5098	4	1279	22942	218	2011.747886
supply	0.6139	0.1136	2	881	6080	58	2011.339312
support	0.2037	-0.2769	2	689	3388	35	2012.160714
suppression	-0.4461	-0.7394	1	478	2236	25	2012.954545
surface	0.0483	-0.1212	5	1461	122422	1175	2011.274886
surface air	0.8181	-0.4812	4	448	1958	18	2012.202151
surface buoyancy flux	0.1941	-0.9944	1	604	3694	34	2008.031746
surface circulation	-0.4867	0.1594	5	643	3306	30	2009.780702
surface currents	-0.3866	-0.1476	5	683	3610	36	2010.982456
surface drifters	-0.6789	0.1898	5	547	2852	26	2008.78125
surface flow	-1.0413	-0.4224	1	385	1496	16	2009.817073
surface fluxes	0.5752	-0.76	2	610	3190	28	2010.612022
surface forcing	0.4632	-0.651	4	448	1832	17	2011.835052
surface heat fluxes	0.5063	-0.5664	4	596	3140	28	2010.370833
surface height	-0.8212	-0.2478	5	971	11756	111	2010.910364
surface layer	0.1866	-0.0681	4	1167	13192	122	2009.563452
surface salinity	0.547	0.342	4	763	4398	39	2009.551351
surface temperature	0.2712	-0.0616	5	1198	18118	167	2011.552855
surface velocities	-0.7424	0.1301	5	693	4250	40	2011.325373
surface waters	0.4579	0.566	4	1304	23356	205	2010.917469
surface wind	0.0679	-0.8188	1	925	7776	74	2010.352381
surface wind stress	-0.3244	-1.0027	1	576	3176	31	2008.940299
survey	-0.0458	0.7053	5	1120	13980	146	2010.854962
sverdrup	-0.8951	-0.2711	1	723	4820	50	2006.877778
sverdrup balance	-0.9017	-0.6759	1	342	1422	15	2007.285714
synthesis	0.1321	-0.173	2	444	1570	15	2012.494924
system	0.2862	-0.222	2	1428	37038	365	2012.244703
system models	0.9635	-0.521	2	629	3806	33	2015.409091
tasman	-0.5734	0.4531	3	786	5464	46	2009.261905
tasman sea	-0.5964	0.4822	3	672	4108	34	2009.21875
tasmania	-0.5208	0.5946	5	664	4546	38	2009.404494
taylor	0.4825	0.2253	4	444	1840	19	2009.402597
techniques	0.1156	-0.2483	2	973	7372	83	2010.995925
technology	0.4304	-0.5292	2	393	1446	15	2013.19378
temperature	0.1475	0.2406	5	1458	71950	703	2011.477652
temperature anomalies	0.1287	0.2053	5	501	2190	21	2011.546191
temperature changes	0.5375	-0.0523	2	562	2456	25	2012.055092
temperature data	-0.3318	0.559	3	460	1778	19	2009.906752
temperature fields	-0.6082	0.0907	5	463	1986	20	2008.080882
temperature gradient	-0.6919	-0.121	5	627	3382	36	2011
temperature profiles	-0.1154	0.1628	5	358	1294	15	2010
temporal	-0.2657	0.1908	5	553	2390	22	2010.883534
temporal resolution	-0.0217	0.1134	5	611	2658	25	2013.873362
temporal variability	-0.0011	0.1421	5	1011	8748	80	2011.288462
terms	-0.2308	-0.6039	1	1274	20572	203	2011.105954
terra	0.985	0.4436	4	446	2578	25	2010.519685
terra nova	0.9832	0.4452	4	446	2578	25	2009.059701
terra nova bay	0.9837	0.4441	4	446	2578	25	2009.328125
terra nova bay polynya	0.9474	0.4211	4	372	1822	17	2010.347826
the antarctic	-0.9507	0.0766	1	489	2514	30	1995.169811
the southern ocean	-0.5771	-0.1978	5	454	2000	24	1999.448276
theory	-0.6487	-0.8398	1	982	11260	127	2009.714706
thermocline	-0.3863	0.0913	3	1208	17280	164	2007.472727
thermohaline	-0.2565	0.4447	3	1128	12520	112	2007.343511
thermohaline circulation	-0.1887	0.0676	3	829	5652	48	2007.122047
thermohaline structure	-0.3339	0.6243	5	533	2410	23	2008.109375
theta	-0.3861	0.9545	3	708	4954	50	2006.817518
thickness	0.3212	-0.008	4	1006	8986	90	2010.814467
three dimensional	-0.4029	-0.6101	1	933	7570	79	2009.329939
throughflow	-0.7935	0.5074	3	645	4316	38	2007.691358
tidal	-0.6081	-0.4787	1	582	3898	45	2009.893939
tidal currents	-0.4333	-0.1275	1	386	1682	17	2008.020619
tidal cycle	-0.6911	-0.453	1	341	1586	17	2010.519231
tidal energy	-0.7784	-0.6979	1	321	1590	18	2011.257143
tides	-0.5738	-0.3367	1	967	11338	128	2010.001852
time	0.1102	-0.0499	2	1456	60090	583	2011.191579
time scales	0.1757	-0.345	2	1194	15768	145	2011.351464
time-series analysis	-0.0159	0.2028	5	1214	16894	155	2010.95228
timescales	0.2054	-0.4226	2	1033	9114	90	2011.525048
timing	0.7157	0.3358	4	492	2006	19	2012.348348
tip	-0.3597	0.5679	3	745	4602	43	2009.34375
tongue	0.5618	0.6763	4	749	5118	48	2010.029167
topex/poseidon	-0.8208	-0.3515	5	590	3466	34	2003.638554
topographic	-0.8483	-0.337	1	469	2200	27	2010.856061
topography	-0.8251	-0.2601	1	1337	34576	362	2010.120382
tracer	0.087	0.0211	2	1287	24968	256	2009.231405
tracer transport	-0.142	-1.0092	1	407	1756	18	2009.769231
track	-0.7534	-0.0258	5	833	6122	61	2010.190476
trajectories	-0.6234	0.255	3	966	9296	90	2011.384117
transect	-0.1949	0.7575	5	903	7500	67	2011.199708
transfer	-0.4157	-0.6001	1	1029	9904	100	2010.678679
transformation	-0.2347	-0.219	3	994	10070	97	2011.951786
transient	0.0541	-0.7698	1	860	7066	70	2011.104545
transient eddies	-0.6473	-0.9489	1	604	3860	39	2010.311111
transient tracers	0.66	0.3232	2	548	3230	33	2004.338983
transit time	0.7583	0.3875	2	365	1800	19	2009.373333
transition	-0.4107	0.2411	3	962	7010	66	2011.648928
transport	-0.4454	-0.1546	1	1449	86528	854	2010.537155
transport model	-0.4797	-0.858	1	412	1692	18	2011.659574
transport variability	-0.7747	0.1042	5	657	4260	39	2010.834783
trench	-0.4283	1.0541	3	433	2138	22	2007.173913
trends	0.7681	-0.1381	2	1221	21096	206	2012.269204
tritium	0.6026	0.4784	2	314	1336	17	2003.428571
tropical	-0.2134	0.5053	3	701	4042	38	2011.862319
tropical atlantic	-0.5331	0.6339	3	532	2926	27	2009.2
tropics	0.1928	-0.3309	2	782	5134	49	2010.699313
trough	-0.31	0.825	3	780	5796	56	2010.984962
turbulence	-0.637	-0.6296	1	929	9464	107	2009.838323
turbulent dissipation	-0.8528	-0.7311	1	411	2066	24	2012.277778
turbulent heat fluxes	0.5535	-0.3436	4	402	1566	15	2012.207207
turbulent kinetic energy	-0.7711	-0.7333	1	437	2208	25	2010.442857
turbulent mixing	-0.742	-0.3573	1	445	2022	23	2009.866667
types	-0.0441	0.6479	3	850	5956	58	2011.720352
ucdw	-0.2689	1.2037	3	372	1764	16	2007.821429
uncertainty	0.4615	-0.5711	2	1067	12390	119	2013.221957
undercurrent	-0.7333	0.7317	3	684	5850	56	2006.193548
upper circumpolar deep water	-0.037	0.9967	3	552	3538	31	2010.098039
upper layer	-0.5333	0.0377	1	870	5916	58	2007.07173
upper ocean	0.1308	-0.1823	2	1272	17534	166	2010.440079
upstream	-0.09	0.759	5	733	4382	41	2010.672862
uptake	0.9945	-0.4337	2	949	11380	109	2012.895082
upwelling	0.0523	-0.1708	2	1139	13980	131	2010.661939
utilization	0.8224	0.0956	2	499	2348	24	2011.783251
validation	0.1143	-0.2173	5	617	2882	27	2012.727575
values	-0.1609	-0.1254	1	1414	34786	355	2010.746562
variability	0.1452	-0.0289	5	1451	80546	780	2011.545737
variance	-0.6788	-0.3434	1	1005	10794	113	2010.046067
variations	-0.0795	2e-04	5	1408	34440	341	2010.901917
vector	-0.5694	-0.138	1	628	3114	33	2010.835404
velocity	-0.7845	-0.0303	1	1400	47696	488	2010.066944
velocity field	-0.8569	0.0457	3	864	6906	68	2009.17301
velocity profiles	-1.022	-0.1264	1	431	1864	21	2008.385714
vema	-0.8911	0.7974	3	455	2860	34	2006.135135
vema channel	-0.9215	0.8523	3	360	1964	23	2006.64
ventilation	0.4863	0.3674	2	1193	17850	168	2008.841945
vertical	-0.3298	0.0708	1	804	4854	48	2009.544379
vertical diffusivity	-0.0722	-0.4981	1	615	3202	34	2008.063492
vertical distribution	0.2071	0.1767	2	482	1786	16	2010.595331
vertical profiles	-0.1998	-0.6845	1	486	1918	19	2011.336
vertical resolution	-0.8864	-0.1564	1	352	1340	15	2011.752381
vertical shear	-0.9219	-0.6171	1	455	2112	26	2009.671233
vertical structure	-0.8426	-0.4983	1	777	5362	55	2010.285714
vertical velocity	-0.6663	-0.4443	1	554	2512	25	2008.840336
vessel	0.2864	0.3257	5	436	1638	17	2011.268293
viscosity	-0.6758	-0.8826	1	471	2296	27	2008.10119
volume	-0.3183	0.2162	3	1308	25414	245	2010.936662
volume flux	-0.519	-0.5087	1	513	2278	23	2008.346154
volume transport	-0.7407	0.3066	3	1044	13450	125	2009.307692
vorticity	-0.8888	-0.4284	1	1136	18314	189	2008.431221
warm	0.1586	0.6132	4	976	8342	73	2011.29985
warm deep water	0.3606	0.9237	4	643	4466	39	2007.479452
warming	0.7011	-0.0183	2	1084	13602	130	2012.978577
water	0.0872	0.41	3	1459	154222	1533	2010.775054
water characteristics	-0.3927	1.0521	3	500	2296	21	2008
water circulation	-0.6725	0.4608	3	701	4592	43	2007.634146
water column	0.2277	0.3563	4	1302	19436	184	2010.123234
water density	0.5346	0.4371	4	600	2922	26	2007.363636
water depth	-0.0658	0.7504	3	624	3058	31	2011
water exchange	-0.0727	0.6291	3	495	1854	17	2010.149533
water flow	-0.8916	0.6385	3	583	3240	36	2010.588745
water formation	0.7243	0.3155	4	1120	14612	133	2008.600998
water ice	0.8603	0.6494	4	457	2074	18	2010.074941
water mass changes	0.7615	0.6184	4	382	1642	15	2010.578947
water mass characteristics	-0.4138	0.8274	3	448	1918	17	2006.961538
water mass distribution	-0.568	0.5825	3	519	2316	21	2005.72
water mass formation	0.7972	0.2512	4	679	3842	29	2006.777778
water mass properties	-0.0376	0.7876	3	831	5940	48	2008.93913
water mass structure	0.2742	0.2303	3	485	1932	17	2007.787234
water mass transformation	-0.3082	-0.3517	3	774	5682	53	2011.642276
water masses	0.0482	0.6557	3	1427	63960	584	2009.047927
water properties	0.0031	0.7483	3	978	8752	78	2008.879167
water surface	0.3064	0.5842	4	538	2364	21	2010.707692
water temperature	0.1516	0.5666	3	622	3152	36	2010.526448
water transport	-0.1646	0.5231	3	642	3258	30	2010.117647
wave	-0.6579	-0.5571	1	1226	25088	297	2010.934812
wave breaking	-0.7788	-0.6646	1	426	1948	23	2012.228571
wave energy	-0.8704	-0.6576	1	426	2274	28	2011.326923
wavelength	-0.9848	-0.2443	1	573	2900	34	2009.220077
wavenumber	-0.6844	-0.8051	1	464	2156	26	2009.508621
weather	0.5751	-0.2261	4	655	3742	32	2012.202602
weather forecasts	0.4802	-0.2532	4	427	1782	15	2011.889868
weddell	0.3615	0.6532	4	1291	29710	282	2008.661238
weddell gyre	0.2106	0.7388	4	1011	11182	99	2007.06087
weddell polynya	0.8991	0.1543	4	372	1738	19	2008.958333
weddell sea	0.3606	0.704	4	1223	24144	231	2008.40797
weddell sea bottom water	0.4767	0.9297	4	583	4252	39	2003.826087
weddell sea deep water	0.0016	1.1442	3	719	6750	58	2001.982759
westerlies	0.2946	-0.9643	2	564	3618	33	2011.018405
western boundary	-0.8967	0.2978	3	1220	23986	229	2006.851441
western boundary currents	-0.9351	0.1283	3	1069	13160	125	2007.713725
western pacific	-0.1936	0.3204	3	422	1738	19	2012.195402
wind	0.0352	-0.5982	1	1424	57120	555	2010.366929
wind field	-0.0301	0.0381	4	605	3040	27	2008.951515
wind forcing	-0.082	-0.8435	1	921	8340	81	2008.535545
wind speed	0.6903	-0.1563	4	448	1706	16	2011.054286
wind stress	-0.3142	-0.8159	1	1256	26372	255	2008.608177
wind stress curl	-0.6005	-0.4444	1	829	6356	59	2009.383562
wind stress forcing	0.0983	-0.9346	1	425	1750	16	2010.285714
wind-driven	-0.6869	-0.6261	1	330	1166	15	2008.645833
wind-driven circulation	-0.9467	-0.3712	1	442	1900	19	2005.25641
winter	0.5376	0.3555	4	1349	29352	273	2011.016141
winter sea ice	0.9552	0.2104	4	541	2480	20	2012.321053
winter water	0.3666	0.9475	4	684	4658	41	2010.432749
wintertime	0.9567	0.1245	4	598	2780	25	2011.622989
woce	-0.5549	0.7026	3	937	10490	96	2003.781955
work	-0.2127	-0.296	1	1111	11250	113	2012.585814
world	0.0083	0.2751	3	1300	23498	214	2011.293273
world ocean	-0.2428	0.4518	3	1257	20464	185	2007.82598
world ocean circulation experiment	-0.6123	0.7626	3	929	9798	83	2003.884956
xbt	-0.4861	0.4626	5	560	3300	33	2003.738095
zonal	-0.9209	-0.4862	1	800	6424	67	2008.993976
zonal jets	-0.9609	-0.518	1	500	2670	29	2010.674419
zone	-0.1047	0.5718	5	1389	34316	330	2010.917256
zooplankton	0.1623	1.0694	5	394	2244	23	2009.773438
