id	x	y	cluster	weight<Links>	weight<Total link strength>	weight<Keyword count>	score<Avg year>
3d seismic	-0.8472	-0.0578	2	249	834	8	2012.041667
3d seismic data	-0.8531	0.1073	2	213	648	6	2011.666667
5 degrees	0.6552	-0.2287	3	146	384	5	2008.952381
5 degrees c	0.6559	-0.2304	3	146	384	5	2010.209302
abundance	-0.2575	0.3669	1	464	1704	16	2012.159769
accretionary prism	-1.2939	-0.3542	2	159	490	6	2008.3
accumulation	-0.5856	0.3184	1	594	3650	38	2011.1675
accuracy	-0.4311	-0.4153	2	378	1486	17	2012.031588
acids	1.4737	-0.1762	3	156	616	8	2009.964637
acquisition	-0.665	-0.2354	2	355	1330	14	2012.112069
action	1.3822	-0.5014	3	117	328	5	2009.595808
activation	0.5488	-0.951	3	146	472	5	2011.521429
activity	0.8351	-0.281	3	312	1150	14	2011.741747
addition	0.7003	-0.1787	3	621	4304	49	2012.072879
additives	1.2586	-0.251	3	230	842	11	2015.2
adsorption	1.0861	-0.4627	3	202	670	8	2009.962264
advance	0.45	-0.1808	3	228	670	9	2012.223684
advection	-0.5055	-0.1598	2	236	736	7	2010.324162
age	-0.1114	-0.2055	2	173	426	6	2010.368729
aggregation	0.7442	-0.2234	3	141	400	5	2010.006757
agreement	-0.1015	0.3842	1	372	1426	17	2010.554303
air	0.4539	-0.9015	3	402	2774	42	2011.976061
air bubbles	0.4223	-1.0259	3	214	1298	19	2003.580645
air clathrate hydrate	0.6082	-0.971	3	175	674	10	2003
air hydrate	0.4927	-0.9714	3	246	1234	18	2003.055556
air molecules	0.7206	-0.9755	3	133	452	7	2003.142857
alaska	-0.2314	0.3612	1	635	4746	47	2010.597746
alaska north slope	-0.1359	0.4639	1	478	2880	27	2011.71978
algorithm	-0.3881	-0.5476	2	320	1264	18	2011.916828
alternative	-0.0057	-0.2276	2	202	520	7	2011.356436
american	0.4632	-0.8199	3	123	350	6	2010.565574
amino acids	1.4793	-0.2036	3	178	758	10	2012.884393
amplitude	-0.9332	-0.5296	2	469	2570	29	2010.372165
analysis	-0.2231	-0.1392	2	1001	13288	146	2011.656462
analytical model	0.5423	0.7635	1	155	478	5	2006.887324
angle	-0.3774	-0.5495	2	222	632	7	2010.915493
anisotropic	-0.6449	-0.4485	2	179	470	5	2013.066667
anisotropy	-0.4243	-0.6721	2	305	994	11	2012.5
anomaly	-0.9567	-0.1774	2	556	3328	35	2010.997204
antarctic	-0.3034	-0.7286	2	457	2430	32	2010.797819
antarctic ice	0.4061	-0.8723	3	239	1086	16	2012.455772
antarctic ice sheet	0.3277	-0.6726	3	170	466	6	2012.616541
antarctic peninsula	-1.2756	-0.4616	2	214	878	9	2011.82716
antarctica	-0.2297	-0.7773	3	401	1858	25	2011.220175
antarctica ice	0.4623	-1.0066	3	112	356	5	2011.795666
antifreeze	1.5039	-0.3614	3	251	1672	22	2011.83871
antifreeze proteins	1.4803	-0.385	3	274	1920	26	2013.285714
application	0.4661	-0.339	3	757	5418	68	2012.361823
approach	-0.2507	-0.3014	2	745	4780	56	2013.011682
aquifer	-0.0401	0.5818	1	164	518	6	2013.608247
arctic	-0.3718	0.2334	1	761	6410	71	2012.189504
arctic ocean	-0.4295	0.6402	1	239	864	8	2010.893127
arctic permafrost	-0.389	0.3442	1	278	918	10	2014.890173
arctic regions	-0.0184	0.4099	1	276	978	11	2013.278834
arctic sediments	0.2708	0.4364	1	210	596	6	2009.5875
arctic shelf	-0.6981	0.5381	1	164	486	6	2011.55615
area	-0.4341	0.2725	1	956	12606	134	2011.37466
array	-0.7392	-0.58	2	199	554	7	2011.101235
assessment	-0.3651	0.2853	2	500	2514	27	2013.024899
association	0.0127	0.3861	1	196	512	5	2011.081886
atlantic	-0.8196	0.2452	1	277	930	10	2010.236737
atmosphere	-0.0812	0.4533	1	471	2596	28	2011.581199
attention	0.6071	0.3072	1	461	2022	21	2012.917808
attenuation	-0.6461	-0.5344	2	365	1666	21	2011.218605
attribution	-0.5943	-0.6258	2	214	602	7	2014.063636
avo	-1.1376	-0.5232	2	287	1176	13	2005.733333
avo analysis	-1.1899	-0.4997	2	158	514	6	2004.142857
balance	0.5017	0.4234	1	267	988	10	2011.539286
barents	-0.7845	-0.2669	2	387	1864	24	2010.39816
barents sea	-0.7829	-0.2687	2	387	1864	24	2010.27735
barrier	0.4012	-0.675	3	154	378	5	2010.248366
basin	-0.501	0.2737	1	558	3082	34	2010.09645
bay	-0.1728	0.5871	1	387	1792	20	2010.11814
bayesian	-0.8552	-0.7151	2	123	428	5	2013.796296
beaufort	-0.9385	0.3408	1	218	854	9	2010.621769
beaufort sea	-0.9338	0.3894	1	246	956	10	2010.009921
behavior	0.7169	0.1206	3	611	3930	46	2011.103784
behaviour	0.1906	-0.3263	2	366	1234	15	2010.943662
benefits	0.7379	-0.4095	3	144	356	5	2014.038732
biodegradability	1.4207	-0.2105	3	115	344	5	2014.970588
blake	-0.7556	0.3595	1	262	740	6	2006.933333
body	-0.0197	-0.4653	2	277	868	11	2011.227462
borehole	-0.5163	0.259	1	421	1686	17	2012.604563
bottom simulating reflector	-1.0893	-0.2246	2	314	1140	9	2005.818182
bottom water	-0.8335	0.4231	1	290	1206	11	2008.220624
boundary	-0.3368	0.1821	1	551	2584	26	2008.420868
boundary conditions	-0.4038	0.228	1	206	556	5	2010.430736
brine	0.4563	-0.0501	3	238	722	10	2008.817204
bsr	-1.128	-0.2147	2	490	3318	32	2009.764706
bubbles	0.1968	-0.7372	3	418	2156	26	2010.153846
bulk density	-0.8357	-0.4655	2	155	444	5	2012.173913
c-13	-0.0282	0.3398	1	151	424	5	2013.180371
cage occupancy	0.7128	-0.4742	3	242	1032	12	2011.083333
cages	0.8472	-0.2914	3	401	1982	24	2011.964286
calibration	-0.5995	-0.173	2	221	546	6	2011.99511
calorimeter	1.6085	-0.4345	3	119	386	5	2015.333333
calorimetry	1.5426	-0.4133	3	157	612	7	2010.888889
canada	-0.4694	0.3721	1	544	2968	29	2011.058788
canadian	-0.8039	0.3613	1	252	778	7	2010.480463
canyon	-0.458	-0.0851	2	209	566	5	2010.723005
capacity	0.3295	0.2987	1	256	768	9	2013.094099
capture	0.6623	-0.0556	3	266	914	11	2012.315068
carbon	0.2323	0.4591	1	780	7298	76	2013.107259
carbon cycle	-0.213	0.6635	1	323	1228	11	2014.082353
carbon dioxide	0.7563	0.2341	3	551	3574	40	2013.148903
carbon dioxide hydrate	1.0072	0.2352	3	204	788	8	2014.25
carbon dioxide sequestration	1.039	0.4971	3	137	396	5	2012.571429
carbon isotopes	-0.6655	0.6535	1	145	452	5	2012.083744
cascadia	-0.7965	0.2087	2	240	648	6	2003.5
case	-8e-04	-0.1704	2	789	5544	67	2010.847835
case study	-0.333	-0.1757	2	334	1126	13	2012.678179
cause	-0.3357	0.0042	1	386	1324	13	2011.675244
cell	1.0787	-0.2486	3	395	1870	23	2011.359784
cementation	-0.5723	-0.5813	2	293	1004	12	2007.608696
century	-0.0523	0.572	1	310	1078	11	2012.205869
ch4	0.5869	0.2485	3	673	5530	59	2014.017857
ch4 production	0.443	0.5931	1	227	768	7	2014.79661
chain	0.7068	-0.3656	3	261	732	9	2011.096866
challenges	0.3479	0.2564	1	495	2536	30	2014.48237
changes	-0.0496	-0.0498	1	965	11988	134	2012.206219
channel	-0.5365	0.5513	1	255	746	7	2009.903036
characteristics	0.0608	0.0378	1	760	6506	72	2010.936545
characterization	-0.6022	-0.3983	2	565	2984	33	2012.72969
chemical	1.1422	-0.023	3	522	3278	38	2011.607029
chemistry	0.8762	-0.2364	3	198	570	7	2012.465976
china	-0.1314	0.5627	1	640	5332	58	2013.948798
china sea	0.1558	0.4515	1	296	1124	10	2013.311594
chloride	0.8791	0.2169	3	177	484	5	2012.071429
chromatography	0.8361	0.3414	3	196	614	6	2010.861702
circulation	-0.5882	0.0635	1	247	736	8	2010.44219
citation	-0.3116	0.5314	1	144	376	5	2010.689507
class	0.2806	0.0635	1	333	1438	16	2011.519757
clathrate	0.74	-0.3853	3	703	6368	81	2008.282609
clathrate hydrates	0.8309	-0.6045	3	569	4414	58	2009.017241
clay	-0.1868	-0.3882	2	449	2084	23	2009.622093
clay content	-0.6272	-0.7083	2	198	632	8	2008.736842
climate	-0.2111	0.5653	1	604	4454	47	2012.847305
climate change	-0.1827	0.4521	1	564	3740	42	2013.106897
climate model	-0.2233	0.5726	1	206	720	7	2013.16224
climate warming	-0.3502	0.6098	1	183	526	5	2013.628339
co2	0.6567	0.1134	3	756	6642	73	2013.165022
co2 exchange	0.5527	0.6921	1	264	834	7	2013.621951
co2 hydrate	0.7838	0.0748	3	489	2476	26	2012
co2 injection	0.8746	0.3075	3	259	950	9	2016
co2 replacement	1.1052	0.2624	3	225	972	11	2017.090909
co2 sequestration	0.95	0.2173	3	304	1294	13	2013.645161
co2 storage	0.5411	-0.1652	3	270	918	9	2014.136364
co2/n-2	1.0078	0.3702	3	167	536	5	2017.2
coal	-0.4166	0.5798	1	333	1210	12	2011.962963
coefficients	-0.1654	-0.8266	2	349	1278	17	2010.617647
collapse	0.3186	0.2512	1	234	648	6	2012.51938
column	-0.8299	0.2259	1	409	1738	18	2010.224159
community	-0.2225	0.0751	1	199	492	6	2013.620087
compaction	-0.5029	-0.1294	2	265	932	10	2013.106796
comparison	0.1763	-0.3537	3	638	3536	43	2010.70057
complex	0.6937	-0.0738	3	233	652	8	2011.908387
composition	0.0989	0.0394	3	670	4206	45	2012.45256
compounds	0.6105	0.2923	3	458	2304	27	2012.161238
compression	0.4945	-0.6246	3	264	944	12	2010.681818
compression tests	0.2684	-0.6763	3	117	370	5	2015.8
compressional	-1.0593	-0.3615	2	228	664	6	2005.5
computer	0.2258	-0.5172	3	199	516	6	2010.773109
concentrations	-0.0063	-0.3384	3	843	7802	91	2011.643222
concept	0.1749	0.56	1	153	406	5	2011.306773
concerns	0.7482	0.3676	1	240	776	9	2012.89313
condition	0.1241	-0.3299	3	410	1872	22	2010.79798
conduction	0.7447	0.2978	1	195	552	6	2010.1
conductivity	-0.1804	-0.0045	2	379	1490	16	2011.544304
consequences	0.4002	0.2949	1	210	658	7	2012.275862
constituents	0.2942	-0.7611	3	175	480	5	2010.319372
constraints	-0.7754	-0.351	2	264	722	8	2011.060453
consumption	0.4491	0.6143	1	331	1096	10	2011.012232
contact	-0.0641	-0.5595	2	268	858	11	2011.307692
content	-0.3231	-0.4678	2	694	4338	50	2011.761593
continental	-0.677	0.4857	1	412	1960	21	2010.243993
continental margins	-0.4178	0.3715	1	620	3874	39	2010.39759
continental shelf	-0.9128	0.2473	1	223	726	8	2010.424501
continental shelves	-0.1202	0.9472	1	177	574	6	2010.369565
continental slope	-0.7144	0.2777	1	481	2510	24	2008.694097
continuous permafrost	-0.9335	0.4471	1	172	486	5	2013.076923
contrast	0.4014	-0.334	3	427	1546	18	2011.509677
control	0.0293	-0.3031	2	521	2448	26	2012.474255
controlled-source electromagnetic	-0.6639	-0.2044	2	156	442	6	2016.571429
conversion	0.413	-0.4316	3	482	2316	23	2010.995798
cooling	0.6202	0.1817	3	276	864	10	2010.829787
core	-0.027	-0.3974	3	799	7238	91	2010.446523
coring	0.093	0.2755	1	211	660	7	2011.869565
correlation	-0.1243	-0.3747	2	577	2742	33	2011.333794
costs	0.1005	0.0239	2	291	954	11	2013.503597
coupling	0.2097	-0.5537	3	166	444	6	2011.935532
cracks	-0.6367	-0.4717	2	200	588	6	2011
cross-section	-0.5905	-0.5591	2	134	380	6	2010.444444
crown	-0.383	0.056	2	218	600	6	2011.075472
crystal growth	1.0544	-0.6753	3	324	1390	17	2009.947368
crystal structure	0.7596	0.0504	3	200	604	7	2009.809524
crystalline	0.5311	-0.0069	3	408	1820	20	2009.85
crystallization	1.5275	-0.5095	3	156	630	8	2010
crystals	0.8284	-0.6667	3	547	3828	49	2009.139752
csem	-0.7793	-0.16	2	236	854	11	2015.307692
current	0.2701	0.3798	1	302	988	11	2008.757215
cycle	-0.2251	0.2628	1	556	2786	26	2011.47296
damage	0.3364	0.4241	1	138	354	5	2013.018116
data	-0.4679	-0.2011	2	1051	19686	229	2011.015066
data acquisition	-0.6104	0.2061	2	167	476	5	2011.212766
data analysis	-0.8003	-0.1293	2	255	782	9	2011.003436
data inversion	-0.9173	-0.397	2	129	344	5	2012.76
data set	-0.6848	-0.6145	2	300	1000	11	2010.433246
data sets	-0.61	-0.2246	2	186	522	6	2011.63144
data/model	-0.7072	-0.0873	2	203	582	7	2011.4
dataset	-0.9471	-0.2592	2	187	514	6	2012.68054
date	0.9701	0.0453	3	191	574	6	2012.087051
decay	0.2157	0.232	1	216	578	5	2010.074434
decomposition	0.8191	-0.1449	3	627	4362	52	2012.585736
deep	-0.4276	-0.4345	2	145	390	6	2008.172697
deep ice core	0.3526	-1.0796	3	99	424	8	2006.645161
deep ocean	0.5558	0.5361	1	319	1348	15	2011.244019
deep sea	0.544	0.1261	3	377	1436	15	2010.4
deep water	-0.4944	0.5653	1	346	1154	10	2008.094223
deep-sea sediments	0.6428	0.4037	1	167	464	5	2011.413043
deepwater	0.0854	0.1599	1	300	870	8	2009.210526
deformation	-0.195	-0.4805	2	293	924	10	2010.55336
degradation	-0.1421	0.3264	1	202	558	6	2013.464824
delta	-0.7317	0.3545	1	435	1968	20	2010.255844
demand	0.5297	0.4843	1	227	678	7	2013.574627
density	-0.2104	-0.6148	2	605	3596	45	2009.879211
dependence	0.2875	-0.6244	3	377	1284	17	2010.591411
deposition	0.6934	0.0933	3	206	574	7	2012.094256
deposits	0.0479	0.6269	1	805	8186	84	2011.200561
depressurization	0.5301	0.7552	1	630	6400	65	2014.411765
depth	-0.4674	-0.2351	2	849	8044	91	2010.672402
depth range	0.1481	-0.7429	3	169	480	6	2008.915888
description	0.2049	-0.4902	3	331	1124	13	2009.996622
design	0.5495	0.2958	1	473	2384	27	2013.015625
detail	0.1578	-0.2372	2	184	508	6	2011.078886
detection	-0.4098	-0.435	2	224	636	9	2012.417625
determination	-0.1807	-0.4915	2	331	1112	16	2010.57381
development	0.4929	0.2559	1	715	4880	55	2011.773084
diameter	0.1494	-0.2455	2	277	854	10	2010.091346
difference	0.175	-0.1332	3	603	3344	38	2011.163032
diffraction	0.7295	-0.5152	3	404	1920	23	2010.941176
diffusion	0.4902	-0.698	3	425	2204	28	2008.759067
direct measurements	-0.7114	0.1788	2	211	532	5	2010.136752
discharge	-0.6287	0.4529	1	213	616	6	2012.354474
discovery	-0.4192	0.4531	1	272	992	13	2012.116822
dispersal	0.1619	-0.4062	2	291	950	13	2011.394973
displacement	-0.1809	-0.5825	2	227	642	7	2010.607877
dissociation	0.4127	0.4114	1	909	12074	128	2012.69186
dissociation front	0.5809	0.8753	1	215	800	8	2011.25
dissolution	0.37	-0.1958	3	231	636	7	2010.989744
distance	-0.0468	-0.1966	2	244	702	10	2011.010448
distribution	-0.3183	-0.2218	2	975	11410	123	2010.907306
dome	0.4422	-1.0687	3	117	412	6	2009.974138
dome fuji	0.4433	-1.0683	3	117	412	6	2010.714286
drilling	-0.0983	0.3645	1	730	5524	58	2011.883459
drilling fluid	0.8522	-0.0897	3	230	902	12	2013.058824
drilling results	-0.6533	0.4624	1	162	436	5	2015.571429
driving force	1.2497	0.0475	3	195	610	7	2011.848485
dynamics	0.5023	-0.4242	3	490	2198	27	2012.382241
earth	-0.0664	0.1568	1	535	2810	33	2012.416212
east	-0.0352	-0.2479	3	196	520	7	2011.088561
economics	0.8097	0.7058	1	166	462	5	2013.74
effective medium	-1.03	-0.399	2	306	1250	13	2014.428571
effective medium theory	-1.132	-0.3833	2	215	696	7	2012.428571
effects	0.475	-0.0472	3	1024	15502	179	2011.624055
efficiency	0.6944	0.6821	1	478	3000	32	2012.80663
elastic	-0.6184	-0.6231	2	166	466	7	2010.333333
elastic moduli	-0.8786	-0.6091	2	168	456	7	2010.3
elastic properties	-0.8292	-0.6389	2	291	1132	13	2011.764706
electrical properties	0.0385	-0.3797	2	207	660	8	2011.117647
electrical resistivity	-0.7083	0.1576	2	269	920	10	2013.704918
electromagnetic	-0.8435	-0.1083	2	148	366	5	2009.9375
electron	0.2938	-0.48	3	270	970	11	2011.572917
electron microscopy	0.3665	-0.4881	3	251	818	9	2011.367742
elements	-0.0131	0.1771	1	253	882	10	2011.89258
emissions	-0.1457	0.6422	1	283	1062	11	2013.550741
energy	0.4935	0.281	1	949	13924	149	2011.753532
energy efficiency	0.7205	0.8477	1	207	810	9	2013.5
energy production	0.5247	0.5854	1	211	618	6	2013.652174
energy resource	0.3517	0.6472	1	646	5010	49	2010.982143
energy source	0.479	0.4184	1	491	2614	27	2012.242718
engineering	0.7759	0.1819	3	375	1472	16	2012.982353
environment	-0.0125	0.0402	1	796	6166	70	2012.515563
environmental conditions	0.8448	0.3161	1	203	576	6	2013.912338
equilibrium	0.6201	0.0275	3	605	3976	46	2010.171186
equipment	0.247	-0.1549	2	249	738	9	2011.708333
erosion	-0.9344	-7e-04	2	215	616	7	2011.871716
error	-0.7968	-0.512	2	310	1076	10	2011.486384
estimate	-0.514	-0.1299	1	346	1190	16	2010.903093
estimation	-0.6561	-0.4302	2	537	2688	31	2012.012407
ethane	0.207	0.5428	1	397	1758	19	2011.514286
evaluation	0.3859	0.1664	3	628	4004	42	2013.100503
events	-0.2765	-0.1841	2	480	1830	18	2012.030986
evolution	-0.2791	0.1456	1	415	1646	17	2012.05694
exchange	0.7256	0.3142	3	405	1772	16	2010.706601
expansion	0.5294	-0.5702	3	238	884	12	2012.969492
expedition	-0.4394	0.0837	2	292	1016	9	2010.922432
experimental	1.0237	0.1104	3	415	2356	30	2013.019481
experimental study	0.9976	0.0679	3	316	1348	16	2013.155556
experiments	0.5894	-0.2137	3	811	7490	93	2011.075205
exploitation	0.746	0.4564	3	530	3392	37	2013.328358
exploration	-0.3176	0.3072	1	778	6580	70	2011.678466
expression	-0.5304	-0.3289	2	196	490	6	2012.171315
extension	0.4984	0.1662	1	160	442	5	2010.251641
extent	-0.6458	0.1423	1	521	2460	26	2011.835219
extraction	0.6304	0.4769	1	358	1418	15	2013.323651
failure	-0.0663	0.15	1	425	2132	25	2011.859477
failure strength	0.6102	-0.1302	3	131	506	7	2016.571429
fault	-0.9461	0.1484	2	507	2826	31	2011.869565
feasibility	0.268	0.3869	1	321	1144	12	2012.440559
features	-0.533	-0.2624	2	480	2180	28	2010.384646
feedback	-0.0312	0.6944	1	205	680	7	2013.003957
field	-0.1567	0.0326	2	940	10704	118	2010.533445
field data	-0.4011	-0.1964	2	356	1302	13	2011.688136
field experiment	0.6436	0.5488	1	162	476	5	2011.558824
field observations	-0.6288	0.0125	1	151	390	5	2011.242424
field test	0.6913	0.7104	1	250	958	10	2014.833333
filtration	0.8645	0.0658	3	136	404	5	2010.576271
finite element	-0.0596	0.1286	1	181	558	7	2011.713675
finite-difference	0.3816	0.1554	3	212	736	8	2009.020408
flow	-0.035	0.3233	1	792	6820	72	2010.017411
flow assurance	1.4116	-0.2114	3	246	1148	14	2015.733333
flow rate	0.3057	0.6897	1	198	632	8	2011.462366
fluid	-0.2274	-0.1045	2	860	7652	85	2009.934901
fluid flow	-0.7563	0	2	414	1912	20	2011.944444
fluid migration	-1.0396	-0.2796	2	213	688	7	2013.214286
flux	-0.4047	0.1957	1	355	1248	14	2010.974387
focus	0.2906	-0.2316	3	402	1336	15	2012.93921
fold	-1.113	-0.0854	2	150	414	6	2012.660714
force	0.9935	0.0024	3	371	1792	21	2011.140909
formation	0.4622	-0.0027	3	1047	19590	223	2010.511811
formation conditions	-0.2274	0.8583	1	163	496	7	2010.3125
formation mechanism	-0.0146	-0.0379	1	201	534	6	2009.95122
formation process	0.5603	-0.4828	3	233	682	8	2011.104651
formation rate	1.1656	-0.1088	3	242	816	9	2008.476636
formation temperature	0.2928	0.372	1	178	538	6	2011
fossil	0.115	0.6975	1	286	1028	10	2010.893617
fossil fuel	0.1726	0.747	1	402	1876	17	2011.401575
foundation	0.2884	0.2948	1	198	492	5	2011.355072
fraction	0.1409	0.3249	1	391	1560	17	2011.553026
fractionation	0.4235	-0.849	3	201	730	8	2011.073171
fracture	-0.7476	0.0777	2	523	2828	29	2011.127273
fracture zones	-1.0888	-0.1681	2	146	432	5	2007.271028
frame	-0.1892	-0.7915	2	109	256	5	2010.64
framework	-0.4217	-0.2724	2	382	1442	15	2013.208431
free gas	-0.9275	-0.1501	2	691	5272	54	2010.125
free water	0.2005	0.4326	1	214	608	5	2010.433333
freeze-thaw	0.0176	0.14	1	142	338	5	2012.06015
freezing	0.246	-0.1731	2	259	862	12	2009.881557
frequency	-0.4155	-0.5813	2	501	2354	29	2011.174374
frequency shift	-0.1161	-0.8466	3	154	466	6	2005.75
front	0.3778	0.7101	1	251	954	10	2009.508357
frozen	0.3227	-0.2615	3	237	732	10	2012.65625
frozen sediments	0.1267	-0.4657	3	145	360	5	2011.481481
frozen soil	-0.0997	-0.3389	2	210	638	8	2013.244318
fuel	0.3505	0.6976	1	520	3336	34	2012.496479
function	0.3813	-0.05	3	466	1954	22	2010.972155
future	0.1099	0.7602	1	565	3372	32	2013.712684
future climate	-0.6214	0.75	1	138	470	5	2013.848387
gap	-0.4828	0.1007	1	185	446	5	2012.915572
gas	0.1431	0.0728	1	1111	41576	478	2012.319686
gas bubbles	-0.6602	0.082	2	255	708	6	2012.117647
gas chromatography	0.8355	0.344	3	196	614	6	2010.857143
gas composition	-0.0038	0.2811	1	372	1642	17	2011.033333
gas extraction	0.5281	0.3319	1	180	514	6	2014.875
gas generation	-0.2906	0.8748	1	214	738	7	2012.8
gas hydrate accumulation	-0.6517	0.6112	1	329	1402	15	2010.0625
gas hydrate bearing sediments	-0.3083	-0.1114	2	319	1160	13	2011.875
gas hydrate decomposition	1.0285	0.3601	3	141	442	5	2011.8
gas hydrate dissociation	-0.1477	0.7133	1	417	1994	19	2014.242424
gas hydrate production	0.0802	0.7086	1	365	1458	14	2013.571429
gas hydrate stability	-0.802	0.3904	1	697	5702	53	2012.153846
gas hydrate stability zone	-0.8492	0.3971	1	647	4898	45	2012.540541
gas hydrate system	-0.5863	-0.1167	2	261	836	8	2014.764706
gas hydrates	0.1029	0.1607	1	1097	36864	415	2011.738267
gas pipelines	1.2814	-0.2214	3	233	958	13	2015
gas pore	-1.0199	-0.3208	2	214	646	7	2008.111111
gas production	0.5486	0.6487	1	696	7760	82	2014.116667
gas recovery	0.6535	0.5188	1	433	2172	22	2013.863636
gas replacement	1.0766	0.4508	3	144	466	5	2017.8
gas saturation	-0.9635	-0.346	2	243	768	9	2010.666667
gas source	-0.4618	0.6761	1	321	1474	15	2014.571429
gas storage	0.7781	-0.0162	3	240	906	11	2011.923077
gases	0.1516	0.1706	1	704	5356	61	2012.066763
generation	-0.1666	0.297	1	445	2058	22	2012.050847
geochemical	-0.6622	0.6025	1	178	492	5	2011.369231
geochemistry	-0.0807	0.5812	1	295	1178	13	2011.778947
geohazard	-0.3956	0.4243	1	235	720	7	2014.407407
geologic	-0.0372	0.7749	1	216	586	6	2011.851852
geological conditions	-0.6745	0.4148	1	145	394	5	2014
geological data	0.0214	0.9359	1	213	726	8	2013.35
geometry	-0.6632	-0.6441	2	185	478	6	2011.419355
geophysical	-0.9658	-0.0699	2	241	682	8	2010.732794
geophysical data	-0.9225	-0.0415	2	179	486	5	2013.1875
geothermal	-0.2966	0.7884	1	158	442	5	2011.396552
geothermal gradient	-0.8487	0.3857	1	382	1784	20	2011.314286
ghsz	-0.9228	0.3334	1	485	2580	23	2011.939394
glacial	-0.6963	0.3473	1	196	648	6	2011.612378
glacial cycle	-0.5748	0.558	1	183	608	6	2010.016949
glacial maximum	-0.7246	0.2887	1	159	508	5	2011.882521
glaciation	-0.5107	0.3764	1	242	716	7	2009.656667
glacier	-0.3336	-0.4885	2	148	358	5	2012.551157
glass	0.2957	-0.0254	3	166	406	5	2011.53125
global	-0.164	0.7632	1	271	904	8	2012.401509
global carbon cycle	-0.2475	0.7177	1	240	686	5	2014.357616
global climate	-0.3418	0.7314	1	311	1302	13	2012.960148
glycol	1.4243	-0.1551	3	134	458	6	2013.909091
gradient	-0.6726	0.3577	1	554	3286	36	2011.354256
grain	-0.3237	-0.4175	2	530	2706	28	2011.304833
grain size	-0.1963	-0.403	2	336	1278	13	2011.854054
gravity	-0.704	-0.3317	2	225	682	8	2010.857664
greenhouse	-0.1716	0.6811	1	423	1928	18	2012.619866
greenhouse effect	-0.3073	0.6136	1	247	686	6	2008.830769
greenhouse gas	-0.2062	0.7527	1	310	1260	12	2013.545016
greenland	0.3868	-0.9295	3	235	1058	15	2011.434214
greenland ice	0.49	-1.0025	3	133	436	6	2013.011636
grid	-0.4823	-0.1604	2	267	778	8	2011.079167
grip	0.4471	-1.0455	3	122	468	6	2005.95
grip ice core	0.4214	-1.041	3	94	352	5	2001.333333
groundwater	-0.5387	0.517	1	173	502	5	2013.564784
group	0.6071	-0.0523	3	276	784	8	2011.722362
growth	1.017	-0.4047	3	619	5264	65	2011.406319
growth inhibition	1.6915	-0.455	3	125	414	5	2012.727273
growth rate	1.3296	-0.397	3	283	1390	18	2010.818356
h2o	0.7428	-0.6024	3	172	462	6	2009.851852
hand	0.5669	-0.1521	3	350	1180	14	2010.96875
hazard	-0.0546	0.3477	1	394	1546	16	2012.855072
heat	0.3467	0.5985	1	709	6034	63	2011.129975
heat conduction	0.716	0.4596	1	175	520	6	2009.75
heat flow	-0.5394	0.593	1	312	1082	11	2010.268293
heat transfer	0.5613	0.4767	1	379	1792	20	2009.898058
heating	0.7703	0.5993	1	288	1104	12	2011.378428
helium	0.3422	-0.5681	3	99	232	5	2007.26087
heterogeneity	0.4991	0.3669	1	315	1152	12	2014.002481
heterogeneous nucleation	1.0902	-0.7821	3	123	352	5	2009.7
high latitudes	0.01	0.3937	1	310	1010	9	2011.932029
high-frequency	-0.833	-0.2275	2	197	574	9	2011.689759
high-pressure	0.9143	-0.0034	3	647	4660	53	2012.414729
high-resolution	-0.7946	-0.5067	2	447	1922	21	2012.264879
high-resolution seismic	-1.0846	-0.3103	2	191	602	6	2011.176471
history	-0.4881	0.3827	1	424	1682	16	2011.001969
hole	-0.0962	0.2187	1	281	940	12	2010.693467
holocene	-0.3985	-0.1838	1	155	418	5	2010.62959
horizontal well	0.279	1.1109	1	200	1052	12	2014.75
host	-0.0748	-0.5008	2	394	1464	16	2013.124
hydrate	0.2198	0.0309	3	1109	44120	518	2011.620235
hydrate concentration	-0.8749	-0.6788	2	308	1244	16	2007.529412
hydrate decomposition	1.0601	0.2233	3	377	1932	23	2011.103448
hydrate deposits	-0.0485	0.6812	1	716	6036	60	2010.985714
hydrate development	0.1592	0.9229	1	247	914	8	2014
hydrate dissociation	0.3314	0.545	1	790	8072	85	2013.018349
hydrate distribution	-0.6937	0.2582	1	412	1592	16	2013.529412
hydrate exploitation	0.7819	0.5129	3	350	1534	17	2014.941176
hydrate formation	0.6841	-0.0322	3	913	11620	134	2012.591837
hydrate growth	1.0942	-0.4048	3	489	3056	36	2013.27027
hydrate inhibitors	1.4626	-0.3312	3	371	3260	44	2015.931818
hydrate morphology	0.1941	0.2615	1	186	542	6	2016.5
hydrate nucleation	1.2804	-0.5457	3	327	1776	21	2013.285714
hydrate reservoir	-0.1706	0.3994	1	682	5246	56	2013.688525
hydrate saturation	-0.2483	0.1405	2	702	6712	71	2013.861111
hydrate stability	-0.6269	0.3637	1	824	7996	79	2011.669173
hydrate-bearing sediments	0.1047	-0.0714	2	506	2840	31	2013.257143
hydration	0.8084	-0.2016	3	267	942	12	2009.923077
hydrocarbon exploration	-0.2756	0.143	2	184	500	6	2012.2
hydrocarbon gases	-0.3547	0.7166	1	273	972	11	2010.909091
hydrocarbons	0.0096	0.0913	1	817	6472	77	2010.627692
hydrogen	0.5835	-0.1032	3	403	1692	20	2011.895706
hydrogen bonds	0.996	-0.4458	3	210	692	9	2012
hydrophobic	1.3826	-0.2612	3	128	424	6	2010.392857
hydrostatic pressure	-0.0192	-0.3031	3	184	566	5	2007.6875
hypothesis	0.3818	0.0051	3	143	358	5	2011.082126
ice	0.3793	-0.5331	3	900	10404	144	2011.721291
ice cores	0.4259	-0.9633	3	275	1886	31	2010.322795
ice crystals	0.8067	-0.6963	3	270	984	14	2009.356061
ice formation	0.6384	0.2057	1	260	802	9	2009.892857
ice ih	0.5328	-0.8038	3	110	344	7	2005.857143
ice layers	-0.0092	-0.5419	2	153	380	6	2011.030928
ice sheet	0.2885	-0.8704	3	417	2362	32	2012.194459
identification	-0.195	0.0567	2	307	1054	11	2011.944837
images	-0.5047	-0.4256	2	437	1836	22	2011.32506
imaging	0.2799	-0.5277	3	228	660	9	2012.991398
impact	0.3838	0.3806	1	581	3300	36	2013.206627
impedance	-0.6545	-0.6122	2	276	912	10	2013.827586
implications	0.2622	-0.1163	3	512	2352	26	2011.871583
improvement	0.4975	0.2812	1	193	538	7	2012.529851
impurities	0.6371	-0.6339	3	216	644	8	2013.117647
in-situ	-0.4256	0.4115	1	269	866	10	2013.712
incidence	-0.8931	-0.4841	2	186	490	6	2011.204819
inclusion	0.2773	-0.5516	3	450	1786	22	2010.77907
index	0.3147	-0.3261	2	257	764	8	2011.380952
india	-0.4061	0.4229	1	423	1826	16	2012.167702
indices	-0.2698	-0.3475	2	412	1502	16	2012.102711
induction	1.519	-0.3615	3	248	1526	21	2012.216667
induction time	1.6274	-0.3368	3	203	1222	17	2015.352941
industry	0.7499	0.0072	3	600	3524	40	2013.271676
influence	0.5412	-0.0886	3	527	2830	34	2011.779275
information	-0.4515	-0.283	2	732	4832	51	2011.767792
inhibition	1.4537	-0.2662	3	403	3366	44	2012.85
inhibition effects	1.5148	-0.0769	3	164	516	6	2015.5
inhibition mechanism	1.4443	-0.3016	3	132	422	5	2017.4
inhibitor	1.3823	-0.2294	3	521	5366	70	2014.2
injection	0.6637	0.7429	1	531	4372	44	2011.807018
insight	0.1746	0.3348	1	469	1982	19	2012.936061
instability	-0.1282	0.5931	1	236	804	10	2009.776848
integration	-0.289	-0.3767	2	185	466	5	2010.47619
intensity	-0.14	0.0595	1	198	528	6	2011.663823
interactions	1.0807	-0.4227	3	343	1480	19	2011.626733
interface	0.0524	-0.3316	2	561	2610	31	2010.689655
interior	0.5232	-0.5816	3	135	306	5	2010.221733
interpretation	-0.4302	-0.4221	2	549	2790	32	2010.411609
intrinsic permeability	0.206	1.1758	1	194	760	7	2013.714286
invasion	0.7714	0.2202	3	164	444	5	2013.178571
inventory	-0.4942	0.4791	1	216	726	7	2012.165029
inverse problem	-0.8918	-0.713	2	109	436	5	2012.675
inversion	-0.8593	-0.5558	2	528	3726	47	2010.501809
ion	0.9644	-0.0527	3	206	658	7	2012.411616
island	-0.8036	-0.2212	2	360	1224	14	2009.956692
isotope	-0.4792	0.6421	1	245	1084	12	2011.966793
isotopic composition	-0.3126	0.6272	1	206	698	8	2011.032751
japan	0.163	0.8554	1	378	1730	15	2010.171958
joint	-0.7573	-0.234	2	229	642	6	2010.586957
jurassic	-0.6657	0.4762	1	255	1006	11	2012.372549
key	-0.2643	-0.0148	2	192	492	6	2013.075472
khis	1.4674	-0.338	3	281	1638	21	2016.809524
kinetic hydrate inhibitors	1.5032	-0.3528	3	317	2504	34	2015.794118
kinetic inhibition	1.5663	-0.4144	3	193	866	11	2015.181818
kinetic inhibitors	1.4208	-0.3196	3	264	1422	20	2013.526316
kinetics	1.2229	-0.1968	3	542	4456	55	2012.178808
knowledge	-0.2187	-0.2053	2	457	1860	23	2012.895394
kuparuk	-0.3731	0.7437	1	186	618	5	2006.823529
kuparuk river	-0.2949	0.6666	1	211	734	6	2005.230769
laboratory	0.3197	-0.1042	3	726	4814	55	2010.526248
laboratory experiments	0.5836	-0.2284	3	249	780	9	2009.102804
laboratory studies	0.6159	0.1458	3	291	878	10	2009.48
lake	-0.3676	-0.2891	2	268	786	10	2012.017794
land	-0.357	0.0359	2	349	1228	13	2012.42268
landslides	-0.772	0.4755	1	249	848	7	2012.839695
large	0.1866	0.6345	1	212	732	8	2011.479452
large-scale	0.1998	0.1552	1	301	984	12	2011.165527
late	-0.7444	0.4422	1	131	366	5	2009.495327
lattice	0.6725	-0.6267	3	305	1244	17	2008.586207
law	-0.0853	-0.4789	2	227	762	10	2012.057895
layer	-0.2743	-0.1314	2	874	8098	95	2010.321275
layering	-0.4308	-0.6018	2	202	602	6	2009.337349
lead	0.4426	0.7397	1	160	416	5	2010.716069
length	-0.284	-0.5511	2	271	838	12	2010.5328
levels	-0.3744	0.0839	1	432	1590	17	2011.25209
light	-0.0452	-0.2537	3	195	506	6	2011.753582
limit	-0.0688	-0.1201	1	377	1518	17	2010.544865
limitations	0.477	0.1191	3	350	1218	14	2012.614846
line	0.2039	-0.4654	2	429	1656	21	2011.363128
liquid phase	0.7806	-0.3602	3	215	666	9	2009.701754
liquid water	0.6065	-0.1178	3	279	836	10	2011.138528
literature	0.3957	0.238	1	344	1382	17	2011.726524
lithology	-0.8163	-0.3358	2	375	1554	17	2011.018868
loading	-0.26	-0.0863	2	179	458	5	2011.31401
location	-0.3709	-0.2175	2	349	1136	12	2010.881081
logging	-0.2899	-0.2091	2	377	1580	18	2010.851064
long-term	-0.0145	0.5205	1	423	1820	20	2012.366366
loss	0.2165	0.0212	1	406	1452	17	2013.251087
low temperatures	0.4671	-0.1502	3	629	4128	46	2011.076759
mackenzie	-0.8153	0.2921	1	352	1474	15	2009.683007
mackenzie delta	-0.815	0.2901	1	352	1474	15	2007.78
magnetic resonance	0.5569	-0.3586	3	414	1942	21	2013.555556
magnitude	0.0564	-0.3508	3	428	1474	19	2011.364091
mallik	-0.6824	0.0711	2	408	1902	20	2009.3
management	0.632	0.4604	1	169	428	5	2013.088766
map	-0.5528	0.2274	1	195	482	6	2011.727201
mapping	-0.2542	-0.3982	2	218	632	7	2012.226667
margin	-0.7644	0.0682	2	796	7514	78	2010.972504
marine	-0.3247	0.0146	2	774	5776	59	2012.020366
marine environment	-0.4913	-0.025	2	300	992	10	2012.287625
marine sediments	-0.3716	-0.2682	2	644	4234	41	2011.473418
mars	-0.4031	-0.4666	2	160	414	5	2011.096154
mass	0.2738	0.1902	1	580	3118	33	2010.941993
mass transfers	0.9413	-0.1158	3	222	706	8	2009.44898
materials	0.5586	-0.3919	3	291	1026	12	2011.458333
mathematical model	0.8238	0.0868	3	284	1176	13	2011.674419
matrix	0.137	-0.7226	3	371	1402	17	2011.695341
maximum	-0.7117	0.287	1	379	1490	14	2010.287843
mean	-0.2432	-0.0258	2	218	558	5	2010.953636
measurements	0.0114	-0.4478	2	862	7138	90	2010.932763
mechanical properties	0.3368	-0.2404	3	307	1246	15	2013.318182
mechanisms	0.6657	-0.1243	3	828	7344	83	2011.610479
media	0.1458	-0.1699	2	596	3554	38	2012.027933
melting	1.0564	-0.5129	3	174	516	7	2012.110283
memory	1.0823	-0.5727	3	115	304	5	2012.1
methane	0.2793	0.3411	1	1036	22786	253	2013.074286
methane (ch4)	-0.471	0.5899	1	254	926	9	2015.144886
methane concentration	-0.13	-0.0022	1	221	626	6	2013.447368
methane gas	0.076	0.5913	1	819	7372	72	2010.946429
methane hydrate	0.38	0.3141	1	997	18336	206	2012.093284
methane hydrate dissociation	0.7554	0.5914	1	298	1186	13	2011
methane hydrate sediments	0.3296	-0.069	3	156	420	5	2014.6
methane production	0.6165	0.7336	1	272	1074	10	2013.485294
methane release	-0.3525	0.6608	1	310	1398	14	2012.882353
method	0.0385	-0.1269	2	1005	14536	168	2012.144788
methodology	-0.6824	-0.5524	2	267	1078	14	2012.912525
mexico	-0.3594	0.2916	1	384	1456	14	2010.818182
microbial	-0.1222	0.4412	1	183	472	5	2014.133333
microscopy	0.5226	-0.4966	3	242	784	10	2012.438017
microstructure	0.2155	-0.6987	2	233	782	11	2010.798561
middle jurassic	-0.6898	0.3908	1	165	512	6	2012.125
migration	-0.757	0.1208	2	625	3992	41	2011.023474
milne point	-0.4303	0.5503	1	224	910	8	2012
mineralogy	-0.2762	-0.5076	2	196	532	6	2011.014925
minerals	0.3861	-0.2497	3	279	910	9	2012.390313
mining	0.852	0.6678	1	195	646	7	2014.333333
mixture	0.6885	-0.045	3	658	4712	52	2010.906921
mode	-0.0274	-0.5819	2	504	2344	28	2010.915266
model	-0.169	-0.1502	2	1071	18506	214	2011.651901
model ice	0.1422	-0.6286	3	148	356	5	2010.963788
model performance	0.4086	0.5873	1	136	408	5	2013.384236
model simulations	-0.2175	0.3221	1	170	470	5	2012.477137
modeling	-0.4834	-0.1985	2	759	5778	66	2012.080047
modification	0.8949	-0.0759	3	144	370	5	2009.923977
module	0.0701	0.4253	1	181	508	5	2013.530769
moduli	-0.7893	-0.5688	2	237	754	10	2009.5
modulus	-0.3693	-0.6269	2	290	1016	14	2011.5
molecular	0.2996	-0.5699	3	131	332	5	2012.319372
molecular dynamics	0.815	-0.7231	3	167	666	10	2011.538462
molecular dynamics simulations	0.9841	-0.6608	3	159	552	8	2014.181818
molecular weight	1.0854	-0.3842	3	202	604	7	2011.919355
molecules	0.7371	-0.4279	3	619	4764	57	2011.769231
monitoring	-0.2959	-0.1937	2	372	1206	13	2012.828676
morphology	0.0064	-0.0296	2	455	1732	18	2011.797508
motion	0.3755	-0.7057	3	136	358	6	2009.832335
mount elbert	-0.2799	0.4607	1	392	2176	20	2012.4
mountain permafrost	-0.3755	0.7693	1	397	2938	32	2011.130802
mountains	-0.3822	0.675	1	457	3550	39	2011.617276
mouth	0.0362	0.2327	1	140	440	5	2011.528409
movement	0.3653	0.3454	1	236	632	6	2009.813333
mpa	0.8627	0.007	3	546	3130	36	2013.15625
mud	-0.3873	-0.1335	2	436	1682	18	2008.941176
mud volcano	-0.7539	0.0116	2	264	774	7	2009.8625
mudstone	-0.6778	0.4918	1	240	1034	11	2012.333333
muli	-0.5182	0.5735	1	241	980	12	2015.75
muli area	-0.5128	0.4151	1	176	624	7	2017.571429
multichannel seismic	-1.0657	-0.2485	2	251	1028	13	2007.136364
multicomponent	-0.7334	-0.1407	2	176	500	6	2006.3
multiphase	0.2834	0.7883	1	270	1176	11	2011.619048
multiphase flow	0.4713	0.8615	1	197	662	6	2014.4
n-2	0.6811	-0.4718	3	397	1986	23	2010.577778
nacl	0.9217	-0.1387	3	265	968	12	2012.09375
nankai	0.1831	0.8368	1	299	1132	10	2015.666667
nankai trough	0.1098	0.8738	1	265	966	9	2015.545455
national	-0.3899	0.1757	2	385	1260	10	2010.195652
natural	0.7491	0.2753	3	678	5520	62	2012.904762
natural gas	0.6314	0.3356	3	930	15544	169	2012.582474
natural gas hydrates	0.6944	0.356	3	850	12126	130	2012.969466
nature	0.0287	0.0875	1	489	2242	25	2010.788145
near-surface	-0.6725	-0.1836	2	357	1232	12	2011.177419
network	0.5344	-0.3139	3	362	1398	16	2012.964962
ngh	0.4558	0.7108	1	308	1348	14	2015.928571
nitrogen	0.4836	-0.5601	3	397	1920	22	2012.807923
nmr	0.6296	-0.3307	3	376	1586	17	2012.099099
nodules	-0.4803	0.0512	2	227	614	5	2006.583333
north	-0.4845	0.2885	1	716	5098	51	2010.374238
north atlantic	-0.9643	0.2074	1	156	476	5	2010.017846
north slope	-0.1512	0.4692	1	512	3178	30	2011.833333
northern	-0.4096	0.3413	1	179	494	6	2011.106605
northwest	-0.7764	0.451	1	331	1604	17	2011.701835
northwest china	-0.7178	0.6563	1	208	868	9	2015.666667
northwest territories	-0.798	0.2645	1	190	736	8	2011.232877
northwest territories canada	-0.7995	0.2617	1	190	736	8	2010.547368
norway	-0.858	-0.4083	2	232	686	8	2011.264414
norwegian	-0.6571	-0.4702	2	312	1268	17	2008.200426
novel	0.2196	-0.0198	2	196	510	6	2013.967568
nuclear magnetic resonance	0.5231	-0.3846	3	350	1456	15	2013.782609
nucleation	1.1984	-0.5235	3	428	2976	37	2011.300353
numerical	0.3169	0.778	1	368	1930	21	2009.72
numerical model	-0.169	0.5227	1	245	742	7	2009.365706
numerical simulations	0.0071	0.7268	1	486	3204	34	2012.214493
o-2	0.5106	-0.8313	3	210	828	12	2010.632353
objective	-0.1644	0.7591	1	249	692	6	2011.917647
obs	-1.1593	-0.5798	2	242	840	8	2012.222222
obs data	-1.2224	-0.583	2	176	568	6	2012.857143
observations	0.1729	-0.5438	3	662	4302	53	2011.448164
occupancy	0.7174	-0.5818	3	291	1350	17	2010.295455
occurrence	-0.5195	0.1025	2	817	7444	80	2011.803551
ocean	-0.2559	0.2549	1	749	5732	60	2010.965167
ocean drilling	-0.8393	0.0917	2	195	530	5	2010.964912
ocean floor	0.6213	0.2719	3	249	836	9	2008.387755
ocean sediments	0.3078	0.6333	1	402	1838	17	2010.039474
ocean temperature	-0.5081	0.654	1	160	584	6	2012.187952
ocean-bottom seismometer	-1.0434	-0.5959	2	245	854	9	2010.454545
oceanic methane hydrate	0.1785	0.9251	1	137	412	5	2011.166667
odp	-0.9167	0.1072	2	248	672	5	2008.512821
offset	-1.0382	-0.5055	2	354	1514	16	2010.854749
offshore	-0.1083	0.5195	1	422	1960	19	2009.651466
oil	0.4906	0.1704	3	741	6310	77	2011.484241
one dimensional	0.0108	0.2507	1	186	480	5	2007.160622
onset	0.9814	-0.0371	3	271	806	9	2011.400894
onshore	-0.0539	0.299	1	163	418	5	2010.793103
operation	0.4901	0.0847	3	546	2824	31	2012.715909
optimization	0.5626	-0.0033	3	245	758	10	2013.389313
order	0.1205	-0.2446	3	812	5816	65	2010.598046
organic carbon	-0.277	0.645	1	286	978	9	2012.96863
organic matter	-0.3965	0.7282	1	193	584	6	2012.485771
orientation	-0.1488	-0.7286	2	245	774	10	2010.063415
origin	-0.2839	0.0822	1	482	2216	23	2010.187679
overpressure	-0.741	0.3024	1	196	620	6	2013.117647
oxidation	0.0338	0.3579	1	228	694	7	2011.836614
oxygen	0.4006	-0.7404	3	234	908	12	2009.83871
p wave velocity	-1.0291	-0.5175	2	276	930	10	2012.684211
p-wave	-0.9235	-0.5435	2	414	1950	22	2012.941176
pacific	-0.8975	0.5267	1	183	496	5	2010.950879
parameters	-0.1231	-0.1444	2	827	6878	79	2010.962104
part	-0.2959	0.0357	1	643	3150	34	2010.410034
particle size	1.1051	0.083	3	175	520	5	2011.017021
particles	0.7569	-0.1339	3	420	1912	22	2011.108822
past	-0.2922	0.6815	1	278	828	6	2012.316703
pathways	-0.6418	0.2578	1	324	1110	12	2013.213274
patterns	0.0163	-0.3548	3	488	2144	24	2011.236066
penetration	-0.2255	0.0309	2	268	814	7	2009.4875
peninsula	-1.2454	-0.4233	2	227	924	10	2011.596904
performance	1.0684	0.1912	3	581	4592	55	2013.489921
period	0.4439	0.0808	1	450	1902	22	2011.210316
permafrost	0.1002	0.3308	1	1035	24496	278	2012.799678
permafrost area	-0.6942	0.907	1	197	776	10	2013.553846
permafrost conditions	-0.0444	0.2853	1	207	590	7	2012.988701
permafrost environments	-0.0529	0.2311	1	350	1344	14	2012.883929
permafrost formation	-0.1113	0.1489	1	195	594	6	2012.92
permafrost methane	-0.108	0.5537	1	272	948	10	2013.76
permafrost regions	0.2539	0.3497	1	773	7086	75	2014.282051
permafrost sediments	0.8234	0.2159	3	324	1320	14	2011.151515
permafrost zone	-0.1299	0.4782	1	254	740	7	2013.321586
permeability	0.13	0.6413	1	662	5842	63	2012.947826
perspective	0.3	0.5849	1	296	902	10	2012.901235
perturbations	0.4943	-0.2185	3	273	850	10	2010.583086
petroleum	0.3863	0.478	1	408	1648	16	2012.240964
petroleum systems	-0.6196	0.7448	1	255	828	7	2012.777778
petrophysical properties	-0.7575	-0.4752	2	231	684	7	2016.5
phase	0.4721	-0.189	3	897	9842	109	2011.300144
phase boundary	-0.3549	-0.344	2	263	886	9	2006
phase changes	0.4777	-0.2606	3	289	918	10	2010.18705
phase equilibria	1.0109	-0.1381	3	276	916	11	2009.272727
phase equilibrium	0.8386	-0.1498	3	351	1528	18	2010.888889
phase transitions	0.5799	-0.1977	3	212	680	8	2010.462963
phenomena	0.4837	-0.0738	3	364	1262	17	2011
physical	-0.2348	0.0618	1	227	576	6	2009.0625
physical properties	-0.4693	-0.3768	2	523	2652	27	2011.051724
physics	-0.361	-0.6302	2	447	2052	25	2011.674359
pipeline	1.1261	-0.1508	3	449	2836	35	2012.5
place	-0.4565	0.1375	1	375	1160	11	2009.958042
planet	0.6592	0.433	1	195	564	6	2012.158537
plant	0.77	0.1663	3	258	808	10	2012.538334
plateau	-0.4764	0.8749	1	347	2116	24	2012.169659
plateau permafrost	-0.2776	1.0527	1	208	816	9	2014.613861
platform	0.2008	0.3587	1	200	516	6	2013.075269
pleistocene	-0.4491	0.5096	1	231	726	8	2009.611702
plume	0.0782	0.2247	1	190	516	6	2009.9
pockmarks	-1.0334	-0.0114	2	330	1296	11	2011.543689
poisson	-1.0669	-0.6908	2	240	892	10	2009.354839
poisson ratio	-1.125	-0.6959	2	201	708	8	2005.5
polar ice	0.5474	-1.0057	3	220	1098	14	2010.186047
polar ice sheets	0.5547	-1.0145	3	199	940	11	2010.508621
polar regions	0.1357	0.7262	1	171	516	7	2011.606775
polymer	1.3506	-0.2608	3	247	1082	16	2013.786667
polyvinylpyrrolidone	1.5529	-0.3696	3	184	946	14	2014.714286
pore	-0.2737	-0.2582	2	882	8642	89	2011.924837
pore pressure	0.0155	-0.1006	2	304	1018	11	2013.166667
pore size	0.1179	-0.2322	2	280	904	9	2010.318182
pore water	-0.2704	0.2492	1	452	1824	16	2012.637306
porosity	-0.4553	-0.2549	2	714	6162	70	2011.607843
porous media	0.2661	-0.0699	2	528	3236	35	2012.176471
porous medium	-0.0804	-0.3492	2	236	670	9	2012.866667
position	-0.5993	-0.1815	2	257	680	6	2010.689373
potential	-0.0432	0.7179	1	709	5670	59	2012.784435
potential energy	0.2262	0.5663	1	451	2170	20	2011.306569
powder diffraction	1.0387	-0.6047	3	219	758	9	2014.5
power	0.6284	-0.1253	3	302	964	11	2011.834034
prediction	-0.5162	-0.1671	2	566	2930	34	2012.073267
present	-0.0761	0.0388	1	490	2058	19	2011.176606
present day	-0.6966	0.398	1	308	1034	10	2011.295673
press	1.2025	0.0653	3	174	604	7	2008.444444
pressure	0.4515	0.0648	3	1043	18948	212	2010.477108
pressure difference	0.5476	0.825	1	172	578	6	2006.125
pressure vessel	0.6709	0.2401	3	147	444	5	2012.5
prevention	1.4684	-0.1516	3	172	554	7	2014.5
principle	0.5846	0.3817	1	149	390	5	2010.684211
prism	-1.2946	-0.3535	2	159	490	6	2011.413793
probability	-0.0502	-0.2619	2	204	622	8	2011.876866
procedures	-0.2192	-0.3745	2	226	596	6	2010.315476
processes	0.3877	0.0131	3	973	11836	128	2011.967406
processing	-0.5847	-0.4596	2	234	616	7	2012.577495
production	0.4804	0.5408	1	918	14658	152	2011.637878
production performance	0.524	0.9555	1	262	1274	13	2013
production process	0.5362	0.8863	1	293	1370	13	2013.7
production rates	0.3326	0.8995	1	430	3136	32	2011.385714
production technology	0.2603	0.7859	1	174	528	5	2013
production test	-0.1264	0.8587	1	228	734	6	2016
productivity	0.6704	0.9037	1	149	468	5	2012.484007
profiles	-0.4632	-0.4336	2	657	3962	46	2010.526606
progress	0.3935	0.5442	1	430	1918	19	2012.411765
project	-0.1393	-0.0069	1	509	2344	24	2012.453668
propagation	-0.5436	-0.558	2	418	1640	20	2010.734739
propane	0.3592	0.4634	1	371	1578	17	2012.576923
properties	-0.0805	-0.3246	2	986	13220	150	2011.071907
prospecting	-0.7905	-0.094	2	151	412	6	2015.466667
prospects	-0.7806	0.3661	1	299	1170	13	2012.401575
protein	1.4765	-0.3844	3	288	2090	28	2012.85274
province	-0.5898	0.4067	1	378	1462	15	2010.882653
proximity	-0.4523	-0.4029	2	234	652	7	2011.075099
prudhoe	-0.06	0.5977	1	366	1754	19	2009.038462
prudhoe bay	-0.0619	0.5995	1	366	1754	19	2009
pvcap	1.656	-0.4308	3	162	746	10	2016.5
pvp	1.5681	-0.3557	3	214	1252	18	2014.222222
qilian	-0.2138	0.7693	1	367	1998	22	2015.829268
qilian mountain	-0.3349	0.7053	1	432	3312	36	2015.510638
qilian mountain permafrost	-0.3213	0.805	1	378	2568	28	2014.857143
qinghai	-0.4852	0.8235	1	296	1604	19	2013.358974
qinghai province	-0.3528	0.7724	1	207	722	8	2012
qinghai-tibetan plateau	-0.4077	0.87	1	287	1416	17	2015.078431
quality	-0.7581	-0.162	2	478	2042	23	2012.741898
quantitative	-0.6188	-0.1059	2	197	548	6	2011.594059
quartz	0.9907	0.0735	3	179	494	5	2010.21875
quartz sands	1.0492	0.1193	3	164	500	5	2015.428571
raman	0.7257	-0.6462	3	409	2486	32	2010.903614
raman spectra	0.504	-0.6248	3	221	822	10	2011.692308
raman spectroscopy	0.8833	-0.5805	3	325	1454	17	2010.652174
range	0.2526	-0.4185	3	822	6886	81	2011.410547
rates	0.4165	0.2154	1	625	3942	41	2011.494306
ratio	-0.0686	-0.4447	3	730	5606	68	2010.925387
reaction	0.3352	0.089	1	360	1194	11	2010.924119
reactor	1.2376	0.1423	3	324	1494	17	2013.897436
recent	0.2728	0.2884	1	303	1018	10	2011.804991
recovery	0.6744	0.4766	1	673	5552	60	2012.7654
reduction	0.0325	0.1078	1	605	3188	35	2012.202875
reflection	-1.0473	-0.3807	2	517	3454	39	2010.990196
reflection coefficient	-1.15	-0.5384	2	160	440	5	2007.8
reflectivity	-0.9496	-0.4291	2	242	762	7	2011.85
reflectors	-1.0591	-0.1862	2	512	3310	32	2010.324074
regime	-0.6617	0.0478	2	291	870	10	2010.768478
region	0.0076	0.1701	1	1005	13404	151	2011.608772
regression	-0.3464	-0.1278	2	153	364	5	2011.924945
relationship	-0.2707	-0.4079	2	616	3360	41	2011.52721
relative permeability	0.2713	0.8208	1	169	540	6	2006.5
relaxation	0.4492	-0.5684	3	165	392	6	2009.702128
release	-0.2226	0.5539	1	564	3778	39	2012.712924
reliability	0.1918	-0.2433	3	217	610	9	2012.402116
removal	-0.0079	0.1889	1	197	494	5	2011.470833
replacement	1.0349	0.2252	3	297	1390	16	2011.611111
requirements	0.7712	0.3023	1	222	632	8	2011.322368
res	-0.3115	0.5298	1	144	376	5	2010.48537
research	0.2914	0.3006	1	773	6468	68	2012.25614
reserves	0.1905	0.5039	1	572	3474	35	2012.715328
reservoir	-0.1923	0.2574	1	989	16974	181	2012.909879
reservoir characterization	-0.878	-0.4	2	283	1238	14	2013.714286
reservoir pressure	0.5038	0.6827	1	207	674	7	2011
reservoir properties	-0.7389	-0.3274	2	303	1344	14	2014.266667
reservoir simulation	0.0132	0.7579	1	264	1062	10	2012.181818
resistivity	-0.5517	-0.1102	2	566	3478	41	2011.708696
resolution	-0.7893	-0.3771	2	353	1302	14	2011.918993
resonance	0.4408	-0.3803	3	447	2158	24	2012.957447
resource potential	-0.3424	0.8132	1	290	1074	12	2010.055556
resources	0.2198	0.577	1	834	8770	88	2013.251701
response	-0.562	-0.002	2	690	4910	53	2012.161066
rheological properties	0.8383	-0.0627	3	114	356	5	2011.052632
ridge	-0.8704	-0.015	2	481	2150	21	2008.953586
risk	0.3577	0.3656	1	433	1950	20	2014.229167
river	-0.2682	0.4816	1	325	1360	14	2011.920886
rock physics	-0.868	-0.5354	2	414	2422	28	2014.964286
rock physics model	-0.8173	-0.6206	2	264	1070	12	2015
rock properties	-0.5761	-0.3025	2	207	620	7	2013.294118
rocks	-0.5945	-0.1398	2	699	5866	69	2010.835085
role	0.1638	0.0284	1	722	4650	54	2012.568357
rotation	-0.6145	-0.683	2	167	434	5	2006.295359
russia	-0.1203	0.7473	1	208	580	6	2012.192015
s ratio	-1.1241	-0.6975	2	201	708	8	2006.727273
s wave velocity	-1.0262	-0.5404	2	316	1190	12	2011.5
s-wave	-0.9217	-0.515	2	414	2078	22	2012.692308
safety	0.8226	0.0389	3	430	2008	22	2012.880435
salinity	-0.0091	0.1496	1	548	2700	28	2009.248247
salt	1.0096	-0.1105	3	395	1772	21	2008.72546
sample	0.2685	-0.3013	3	416	1518	20	2011.599617
sampling	-0.0259	-0.4081	2	201	526	6	2012.100775
sand	0.1846	-0.0401	2	676	5028	53	2010.211726
sandstone	-0.6644	-0.0337	2	424	1884	22	2010.19697
sandy sediments	0.2803	0.6929	1	209	572	5	2012.1875
saturation	-0.3833	-0.0198	2	880	10556	114	2011.875
scale	-0.0703	0.3185	1	540	2934	30	2011.804989
scanning	1.2834	-0.4097	3	259	1132	14	2012.580808
scanning calorimetry	1.5842	-0.2984	3	119	418	5	2010.1
scattering	-0.1295	-0.6576	2	152	412	7	2010.183486
scenarios	-0.4402	0.1815	1	502	2490	27	2012.882212
science	-0.075	-0.2288	3	410	1488	18	2005.441336
sea	-0.497	0.0248	2	894	10152	113	2010.929745
sea floor	-0.3684	0.4374	1	339	1250	13	2010.099237
sea ice	-0.2235	0.2866	1	176	500	8	2012.341204
sea level	-0.7597	0.6022	1	233	974	10	2011.153319
seabed	-0.7394	-0.1774	2	405	1550	14	2011.466667
seafloor	-0.6347	0.0707	2	620	4102	43	2012.700565
seawater	0.2061	0.294	1	369	1298	12	2011.626116
sections	-0.8113	-0.2348	2	358	1396	15	2007.846599
sediment cores	-0.1572	-0.2887	2	223	660	7	2012.336207
sediment properties	-0.5746	-0.7096	2	145	396	5	2008.944444
sediments	-0.2307	0.0013	2	1029	20108	218	2011.206075
seepage	-0.9905	0.1172	2	240	652	5	2012.78481
seismic	-0.8095	-0.4989	2	537	3118	36	2011.044586
seismic amplitude	-0.9313	-0.4963	2	173	472	5	2007
seismic analysis	-0.9219	0.2074	2	147	380	5	2014.333333
seismic attenuation	-0.7204	-0.4005	2	188	564	7	2010.285714
seismic data	-0.9089	-0.3169	2	641	4884	54	2011.941176
seismic inversion	-0.9694	-0.6752	2	213	824	10	2013.083333
seismic methods	-0.7368	-0.5262	2	200	540	7	2011.111111
seismic profiles	-1.0777	-0.2425	2	271	944	11	2009.7
seismic reflection	-1.0604	-0.2142	2	419	2076	24	2009.328947
seismic reflection data	-1.134	-0.398	2	218	764	9	2009.545455
seismic response	-0.8365	-0.6219	2	211	662	8	2012.818182
seismic surveys	-0.6958	-0.4595	2	322	1102	12	2009.419355
seismic velocity	-0.9749	-0.4415	2	382	1676	19	2008.878788
seismic waves	-0.3942	-0.5959	2	168	438	5	2010.466667
seismograms	-0.7091	-0.7192	2	155	420	5	2010.888889
sensitivity	-0.367	0.3588	1	586	3792	41	2012.152936
sensitivity analysis	-0.1612	0.8285	1	281	1226	12	2013.137681
separation	0.3868	-0.161	3	323	1052	14	2009.887195
sequence	-0.7062	0.0058	2	244	696	10	2012.290017
sequestration	0.9164	0.1155	3	372	1776	20	2014.109827
series	-0.0634	-0.0289	1	550	2664	30	2010.601012
shale	-0.1959	0.1702	1	254	890	10	2009.225
shallow gas	-0.384	0.4866	1	306	922	8	2012.0625
shallow gas hydrates	-0.4856	0.4087	1	219	572	5	2013
shallow water	-0.6622	0.3969	1	189	538	6	2010.653846
shape	0.0194	-0.578	2	349	1196	14	2010.573529
shear	-0.7329	-0.5524	2	242	776	8	2009.478827
shear modulus	-0.4843	-0.7217	2	211	664	9	2012.642857
shear strength	-0.0218	-0.6069	2	247	872	10	2011.433333
shear wave velocities	-0.8825	-0.6069	2	282	1104	13	2007.352941
shear waves	-0.779	-0.6397	2	351	1550	20	2007.257143
shelf	-0.7946	0.338	1	410	2076	24	2010.587376
shelves	-0.1222	0.9473	1	177	574	6	2011.760377
shenhu area	0.1479	0.6677	1	204	638	6	2015.833333
shetland	-1.255	-0.4862	2	234	964	10	2012.25
shift	0.0289	-0.631	3	318	1026	13	2012.333333
si	0.7268	-0.2153	3	295	1188	12	2010.8
siberia	0.0547	0.6896	1	159	446	5	2012.538153
siberian	-0.6209	0.5401	1	157	434	6	2012.301282
signal	-0.6213	-0.4448	2	277	850	11	2011.038817
significance	-0.1334	0.41	1	330	1258	14	2011.019928
sii hydrate	1.1285	-0.164	3	174	580	7	2013.875
simulating	-1.1229	-0.2994	2	362	1754	17	2011.4
simulating reflectors	-0.9986	-0.194	2	155	484	5	2008.666667
simulations	0.2268	0.1897	1	831	8608	98	2012.277903
sites	-0.3392	0.0662	2	746	5372	57	2011.507274
size	0.2625	-0.3522	3	730	4780	51	2010.965923
size distribution	0.3123	-0.5099	3	246	716	8	2010.853862
slides	-1.0104	0.0173	2	266	892	9	2009.130435
slope	-0.4396	0.3718	1	764	6696	65	2010.341082
slope failure	-0.4992	0.5991	1	196	636	6	2012.771739
society	1.2685	-0.119	3	183	654	8	2010.520354
software	-0.162	0.0249	1	180	458	5	2012.686047
soil	-0.056	-0.2126	2	353	1382	18	2012.887856
solubility	0.0109	0.0343	1	362	1190	13	2011.1625
solution	0.5516	-0.4096	3	611	4004	55	2010.22668
source	-0.0259	0.3112	1	893	9378	105	2011.544715
source rocks	-0.6671	0.7505	1	175	694	8	2011.647059
south	-0.6735	-0.0996	2	505	2620	28	2009.816077
south china	0.1571	0.4472	1	296	1124	10	2013.350427
south china sea	0.1584	0.4495	1	296	1124	10	2013.674419
south shetland	-1.2748	-0.5036	2	213	870	9	2012.612903
south shetland margin	-1.2737	-0.5186	2	199	778	8	2006.25
space	-0.5372	-0.4087	2	628	3596	38	2011.281958
spatial distribution	-0.1464	-0.3206	3	413	1612	17	2012.602028
species	0.4012	-0.2699	3	251	728	8	2011.629341
specimens	0.0522	-0.5679	3	165	452	7	2012.251232
spectra	0.2165	-0.7169	3	249	818	11	2010.240566
spectroscopy	0.7977	-0.5091	3	397	1842	21	2012.548387
spectrum	0.0787	-0.3929	3	204	596	7	2010.348901
st	0.1421	1.0317	1	160	530	5	2011.204819
stability	-0.3091	0.2518	1	958	11894	122	2011.601934
stability conditions	-0.2424	-0.0511	2	201	582	6	2014.478261
stage	0.1638	-0.2144	3	464	2088	24	2011.432692
state	0.3049	-0.0214	3	494	2080	25	2012.176355
status	0.0859	0.6324	1	312	1016	8	2011.737569
steel	1.4362	-0.2839	3	150	480	6	2011.32
storage	0.6523	0.0147	3	615	4010	43	2013.435429
storegga	-1.1542	-0.1726	2	168	504	5	2008.666667
storegga slide	-1.1543	-0.1742	2	168	504	5	2008.666667
strain	0.2755	-0.2328	3	265	928	11	2011.527632
strain rate	0.7248	-0.2427	3	95	342	5	2011.218182
strategies	0.6061	0.5866	1	416	2118	23	2013.49449
stratigraphy	-0.9598	-0.2511	2	162	410	5	2010.59887
stream	0.568	0.5041	1	203	568	6	2011.208251
strength	0.3202	-0.2161	3	523	2832	33	2011.147674
stress	-0.2071	-0.3458	2	446	1816	21	2010.771906
structural transition	1.1065	-0.026	3	160	516	6	2017.333333
structure	0.3078	-0.207	3	907	9754	115	2010.587788
structure ii	1.0273	-0.2631	3	328	1374	16	2011.142857
submarine	-0.6761	0.4765	1	364	1702	17	2012.039088
subsea	0.5263	0.2398	1	351	1364	16	2013.8
subsea permafrost	-0.1858	0.3994	1	163	450	6	2014.896552
subsidence	-0.3229	0.1827	1	169	416	5	2011.801303
subsurface	-0.5877	-0.2056	2	516	2208	26	2011.621895
supply	-0.1452	0.5267	1	316	1024	9	2011.339312
support	0.3799	0.3012	1	205	558	6	2012.160714
surface	0.0827	-0.19	3	904	7742	86	2011.274886
surface sediments	-0.5149	0.3001	1	265	742	7	2010.917355
surface temperature	-0.2577	0.5021	1	219	620	6	2011.552855
surface waves	-0.7548	-0.6079	2	219	758	9	2012.905405
survey	-0.5914	-0.0772	2	594	3286	35	2010.854962
svalbard	-1.0433	-0.4275	2	317	1580	18	2012.982836
svalbard margin	-1.1898	-0.1781	2	200	760	8	2013.619048
synthesis	0.7183	-0.2561	3	225	688	8	2012.494924
synthetic	-0.2751	-0.554	2	167	452	5	2012.439655
synthetic seismograms	-0.7101	-0.718	2	155	420	5	2010.142857
system	0.4255	0.019	3	919	9088	103	2012.244703
taiwan	0.4979	0.5916	1	204	572	5	2011.8
techniques	0.045	-0.1046	2	749	5274	58	2010.995925
technology	0.4485	0.2333	1	628	4282	48	2013.19378
temperature	0.3493	0.1181	3	1053	20564	239	2011.477652
temperature changes	-0.2718	0.7871	1	235	916	10	2012.055092
temperature conditions	0.2058	0.023	3	452	2142	25	2012.260563
temperature gradient	-0.2621	0.7528	1	199	514	5	2011
temperature increase	-0.4577	0.3232	1	160	470	5	2011.880309
terms	-0.0919	0.1164	1	583	2632	28	2011.105954
terrestrial permafrost	0.1893	0.589	1	169	476	5	2013.818182
territories	-0.798	0.2607	1	190	736	8	2011.376997
test data	0.1831	0.6214	1	170	470	5	2013.222222
tetrahydrofuran	1.1426	-0.6033	3	193	716	11	2013.818182
theory	-0.3203	-0.603	2	558	2952	35	2009.714706
thermal	0.3312	0.6256	1	317	1224	15	2011.557652
thermal conductivity	0.4138	0.3661	1	252	858	9	2011.716981
thermal expansion	0.8539	-0.8026	3	111	346	5	2011.613445
thermal gradients	-0.433	0.9989	1	166	522	6	2009.836364
thermal stimulation	0.642	0.6952	1	497	3344	33	2013.545455
thermodynamic inhibitors	1.5933	-0.2101	3	139	466	5	2017.2
thermodynamic model	0.9375	0.1285	3	180	554	7	2007.421053
thermodynamics	0.7535	-0.0823	3	261	902	9	2011.079268
thermogenic gas	-0.5294	0.5217	1	259	854	9	2010.172414
thickness	-0.8102	0.1286	2	623	4184	47	2010.814467
three dimensional	0.0559	-0.0404	1	261	738	8	2009.329939
tibet plateau	-0.3745	0.9611	1	278	1418	16	2014.859031
tibetan plateau	-0.6922	0.6805	1	183	614	7	2014.317191
time	0.362	0.0114	3	924	9104	109	2011.191579
time scales	0.0315	0.2544	1	299	1148	12	2011.351464
time-lapse	-0.707	-0.6184	2	160	544	7	2014.809524
tomography	-0.6249	-0.5337	2	399	1674	20	2012.146341
tools	-0.1214	0.5882	1	362	1298	11	2013.795322
trace	-0.3572	0.1386	1	241	740	8	2011.307692
transfer	0.4608	0.263	1	508	2706	29	2010.678679
transform	-0.5754	-0.5192	2	202	498	6	2011.990385
transformation	0.5994	-0.7321	3	303	1400	15	2011.951786
transient	0.2974	-0.3675	3	152	364	5	2011.104545
transition	0.4929	-0.453	3	510	2630	32	2011.648928
transition zone	0.5086	-0.9249	3	184	634	8	2010.954545
transmission	0.4058	-0.5178	3	231	674	9	2011.062827
transport	0.653	0.0276	3	517	2690	26	2010.537155
transportation	0.9579	0.0683	3	376	1676	21	2013.300752
traps	-0.6647	0.5636	1	195	588	6	2009.907104
travel times	-1.2356	-0.6452	2	161	538	5	2008.796875
treatment	1.2459	0.2632	3	173	534	5	2012.769355
trends	-0.2517	-0.3211	2	447	1842	19	2012.269204
triassic	-0.7569	0.5156	1	157	478	5	2013.470588
trough	0.1073	0.8741	1	265	966	9	2010.984962
tubes	0.2341	-0.3201	3	157	414	6	2008.888889
two phase	0.1598	-0.1965	2	254	830	10	2008.95
types	-0.0431	0.1389	1	615	2888	30	2011.720352
uncertainty	-0.6436	-0.2012	2	495	2214	26	2013.221957
unconformity	-0.8325	0.0042	2	162	412	5	2012.263158
unconventional energy	0.8637	0.6714	3	189	626	6	2013
unconventional energy resources	0.8489	0.6365	3	175	526	5	2012.4
unfrozen water	-0.4185	-0.5848	2	197	578	7	2009.954545
united states	-0.1846	0.7359	1	283	1040	10	2011.349593
usgs	-0.7073	0.4914	1	232	720	5	2011.333333
utility	0.9838	-0.4855	3	150	428	5	2012.942222
utilization	0.8594	0.4485	1	257	886	9	2011.783251
v-p	-0.7253	-0.2848	2	235	686	7	2011.428571
v-s	-0.9551	-0.4579	2	212	660	7	2012
validation	0.1333	0.4302	1	229	642	6	2012.727575
values	-0.2984	-0.2883	2	864	7476	85	2010.746562
variability	-0.3359	-0.2207	2	417	1544	16	2011.545737
variations	-0.5647	-0.3415	2	769	5858	69	2010.901917
velocity	-0.8658	-0.4838	2	722	7436	91	2010.066944
velocity field	-1.2654	-0.5744	2	177	766	9	2009.17301
velocity model	-1.0701	-0.3744	2	227	836	11	2012.909091
velocity structure	-1.1093	-0.5989	2	176	514	5	2007.973684
venting	-0.8866	0.0204	2	249	734	7	2011.979167
vertical	0.0122	0.2771	1	172	438	5	2009.544379
vessel	0.4769	0.188	3	225	766	9	2011.268293
vestnesa	-1.2349	-0.3043	2	158	516	5	2015.241379
vestnesa ridge	-1.2345	-0.3057	2	158	516	5	2015.142857
vibrations	0.3721	-0.7249	3	135	394	6	2012.956522
volcano	-0.7363	-0.0538	2	289	868	9	2009.968254
volume	-0.1378	-0.0556	1	858	8102	91	2010.936662
vostok	0.3154	-0.9221	3	213	902	14	2007.333333
vsp	-0.8003	-0.6213	2	168	450	6	2006.166667
warming	-0.3655	0.5288	1	557	3410	34	2012.978577
water	0.1877	0.0182	1	1058	20918	239	2010.775054
water column	-0.8115	0.2941	1	299	1164	12	2010.123234
water content	-0.3204	-0.5387	2	260	836	11	2011.363839
water depth	-0.8543	-0.0101	2	352	1364	14	2011
water ice	0.4265	-0.0188	1	237	708	11	2010.074941
water molecules	0.858	-0.2706	3	433	2052	24	2011.971429
water saturation	-0.3341	0.0896	2	287	954	11	2010.942857
water system	1.416	-0.2977	3	215	786	11	2012.770115
water temperature	-0.6126	0.4888	1	245	824	9	2010.526448
wave	-0.7038	-0.5755	2	515	3430	46	2010.934812
wave attenuation	-0.606	-0.512	2	204	600	7	2011.5
wave propagation	-0.5839	-0.7149	2	253	806	10	2011.029586
wave velocity	-0.9482	-0.5194	2	454	2468	28	2011.396825
waveform	-0.8917	-0.6508	2	225	704	8	2012.623529
weight	0.7666	-0.214	3	301	1000	11	2010.632353
well	-0.1666	0.2879	1	826	9076	97	2010.643979
well log data	-0.8612	-0.592	2	177	474	5	2016.8
well logs	-0.7061	-0.1684	2	364	1592	16	2012.235294
wellbore	0.5821	0.4264	1	338	1450	15	2014
wellbore stability	0.6976	0.0796	3	139	412	5	2013
west svalbard	-1.0778	-0.1004	2	169	522	6	2013.236842
work	0.6556	0.0388	3	766	6464	76	2012.585814
world	0.1507	0.6892	1	548	3168	35	2011.293273
worldwide	0.3729	0.5067	1	304	1274	12	2013.141414
x-ray	0.7314	-0.4028	3	403	1942	21	2012.042017
zone	-0.4822	0.1296	1	965	12670	135	2010.917256
