id	x	y	cluster	weight<Links>	weight<Total link strength>	score<Avg year>
16s rrna	1.4082	0.7334	2	122	404	2011.961089
1960s	-0.8091	-0.3471	4	260	920	2007.723464
20th century	-0.2007	0.069	4	378	1466	2009.625488
ablation	0.099	-0.5312	1	189	498	2009.488128
abrupt	-0.19	-0.516	4	194	526	2008.765363
absorption	0.3246	0.5417	2	297	940	2007.595437
abundance	1.0353	0.244	2	818	7020	2008.576098
acceleration	-0.2179	-0.781	1	274	858	2010.334658
access	-0.2794	-0.1958	3	501	2094	2011.56924
accumulation	0.5641	-0.148	1	1028	10688	2008.145056
accumulation rates	1.2078	0.1953	2	261	852	2006.241987
accuracy	-0.8842	-0.2954	3	890	9308	2010.08255
acetate	1.2192	0.5036	2	232	830	2008.438819
acids	0.9403	0.3911	2	439	2202	2008.387645
acquisition	-0.4078	-0.4468	3	351	1222	2009.628664
actinobacteria	1.3459	0.8232	2	126	406	2013.37931
action	0.3973	-0.3798	1	339	1156	2008.283128
active layer	-0.0583	0.1149	4	1383	35290	2010.711438
active layer thickness	-0.744	0.4295	4	984	12800	2013.433476
activity	0.2331	0.085	2	1228	17542	2008.610119
adaptation	-0.4521	0.3053	3	469	2242	2009.276196
addition	0.1171	0.2226	1	1113	12464	2009.285986
administration	-1.0552	0.2495	4	217	626	2008.585608
advance	-0.4942	-0.2571	3	528	2406	2009.278139
advection	-0.4383	-0.2059	4	329	1260	2008.192895
aerial	-0.1132	-0.786	1	331	1206	2008.989071
aerial photographs	-0.3386	-0.8995	1	370	1498	2008.57197
age	0.7342	-0.2488	1	836	6852	2007.797965
aggradation	0.5049	-0.7382	1	594	3450	2008.813688
aggregates	0.935	0.4509	2	228	656	2008.541433
agreement	-0.7842	0.1443	4	820	6494	2007.890269
agriculture	0.1086	-0.2137	1	139	350	2011.68272
air	-0.6836	0.187	4	1343	36256	2008.618101
air temperature	-0.8848	0.2105	4	1103	19264	2010.069914
airborne	-0.8077	-0.0298	3	260	798	2006.453571
aircraft	-0.5135	0.4883	3	287	1076	2006.227098
al	0.6397	0.1345	2	506	2184	2007.388849
alaska	0.1958	-0.0901	1	1443	41108	2008.146234
alaskan	0.2869	0.4672	2	795	6936	2008.305085
alaskan arctic	-0.2525	0.888	2	328	1488	2010
albedo	-0.755	0.7409	4	475	2458	2009.324338
alberta	0.4014	-0.7741	1	182	560	2007.302682
algorithm	-0.9648	-0.1862	3	643	4198	2010.210584
allocation	0.1697	0.3232	1	164	440	2008.708333
alpine	-0.2562	0.7529	4	822	9520	2009.603145
alteration	0.0495	-0.3471	1	343	1152	2008.680165
altitude	-1.1389	0.2184	4	434	2264	2007.653347
america	-0.5809	-0.0616	3	650	3872	2008.697703
ammonium	1.2786	0.139	2	167	492	2006.893067
amplification	-0.1473	-0.1392	1	276	856	2010.670509
amplitude	-0.986	0.1218	4	596	3662	2008.158367
ams	0.7001	-0.6499	1	238	802	2006.890719
analyses	0.3691	-0.0687	1	1020	9712	2009.301682
analysis	-0.0656	-0.0816	3	1430	35352	2009.366286
ancient	0.895	0.0399	2	249	812	2009.677796
angle	-0.6319	-0.4102	3	306	934	2007.895326
animals	-0.026	-0.1316	3	237	696	2008.315789
annual	-0.6179	-0.6783	4	407	1824	2007.172557
annual cycle	-0.1216	1.0737	4	208	634	2007.690078
annual precipitation	0.2434	0.6207	2	367	1530	2010.141667
annual temperature	-0.7802	0.2592	4	365	1548	2008.690789
anomalies	-0.6915	0.492	4	470	2066	2009.553394
anoxia	1.2126	0.2176	2	227	678	2010.074419
anoxic	1.1458	0.5512	2	207	592	2009.582645
antarctic	-0.7559	0.3363	3	293	1010	2007.820711
antarctica	-1.0379	0.3615	3	219	720	2007.877974
antenna	-0.776	-0.3535	3	197	648	2008.064626
anthropogenic	-0.0702	-0.0323	5	257	810	2009.897004
application	-0.7136	-0.0688	3	970	9274	2010.011511
approach	-0.2996	-0.0681	3	1240	19166	2011.153242
approximation	-0.9337	0.3392	3	267	884	2008.343624
aquatic ecosystems	0.7985	-0.3023	1	408	1612	2012.219331
aquifer	-0.0797	-0.796	1	357	1730	2010.299742
archaea	1.4137	0.5194	2	212	846	2011.462687
archipelago	-0.3089	-0.2447	1	262	788	2008.970938
archives	0.083	-0.7759	1	361	1228	2012.032657
arctic	0.2363	0.0101	1	1540	66076	2009.446222
arctic alaska	0.5846	-0.2103	1	507	2482	2010.011811
arctic canada	0.0329	-0.9854	1	200	560	2007.412857
arctic climate	0.518	-0.3526	1	214	598	2010.487654
arctic ecosystems	0.6212	0.7863	2	231	758	2008.734884
arctic lakes	0.1665	-0.284	1	357	1334	2008.29697
arctic regions	-0.0858	0.7868	2	452	1866	2009.653333
arctic tundra	0.7684	0.4077	2	477	2226	2009.478365
area	-0.1751	-0.0997	3	1544	72682	2008.578401
areal	0.5067	0.3491	2	220	610	2008.079755
areal extent	0.1645	0.5244	2	350	1360	2007.510417
array	-0.0543	-0.3011	3	460	2008	2008.688032
asia	-0.7377	0.3919	4	371	1442	2010.858426
asian	-0.7807	0.7213	4	163	452	2011.471582
asl	-0.9005	-0.6604	3	138	392	2009.703863
aspect	-0.6633	-0.2544	3	507	2628	2009.986813
assemblages	1.0993	-0.1882	1	332	1242	2007.880667
assessment	-0.5487	0.1253	3	962	10082	2011.123547
assimilation	0.0562	0.8254	2	290	1012	2009.247808
association	0.3786	0.0685	2	615	2980	2009.179096
atlantic	-0.1692	-0.3526	1	173	438	2008.590945
atmosphere	0.183	0.6384	2	1170	19220	2008.501913
atmospheric carbon dioxide	0.018	0.906	4	238	788	2008.128205
atmospheric conditions	-0.7203	0.0787	4	169	430	2010.137931
atmospheric methane	0.1452	0.5722	2	340	1312	2008.173333
attention	-0.3418	0.2278	3	624	3384	2010.284583
attenuation	-0.7938	-0.108	3	213	630	2008.16198
autonomous	-0.7562	-0.123	3	153	362	2012.610778
autumn	-0.6745	0.5207	4	569	3680	2008.811221
availability	0.7204	0.112	2	919	8764	2009.56451
background	0.0173	0.3148	4	393	1368	2009.681872
backscatter	-0.9139	-0.5149	3	414	2276	2008.125292
bacteria	1.2146	0.6168	2	328	1406	2009.086536
bacterial	1.2042	0.6459	2	221	706	2009.837958
bacterial communities	1.3858	0.8009	2	156	536	2012.601134
bacteroidetes	1.3009	0.779	2	169	500	2013.892537
balance	-0.0697	0.4116	4	1169	18396	2009.168937
bands	0.7183	-0.052	2	194	490	2007.694277
banks	0.5142	-0.6807	1	329	1228	2006.786932
barrier	0.5698	-0.8835	1	209	584	2008.988387
barrow	0.1311	0.4078	2	799	7988	2008.635721
basal	0.5039	-0.2855	1	418	1602	2008.301104
baseline	-0.6066	-0.2438	3	683	4234	2011.063023
basin	-0.0334	-0.3978	1	1255	21908	2008.451393
bathymetry	-0.1134	-0.8892	1	277	930	2009.596934
bay	0.0588	-0.616	1	664	4194	2007.629364
bayesian	-0.3718	0.4365	3	288	854	2013.3809
beaufort	0.3469	-0.8445	1	275	1028	2009.491785
bed	0.1133	-1.0019	1	234	914	2008.925373
bedrock	-0.3117	-0.1534	3	463	1900	2009.117398
behavior	-0.6174	-0.35	3	499	2318	2008.780232
behaviour	-0.055	-0.837	1	317	1114	2008.035198
belowground	0.676	0.9472	2	306	1246	2011.276074
benchmark	-0.2579	0.7307	4	120	300	2012.336996
benefits	-0.6225	-0.5096	3	233	630	2011.531274
beringia	0.8399	-0.5551	1	164	528	2008.709135
beta	0.4524	0.4703	2	164	394	2008.071429
betula	0.944	-0.0079	1	205	616	2007.963087
bias	-1.0225	0.5717	4	609	4216	2011.002385
biases	-1.1506	0.5058	4	393	1994	2011.934239
bioavailability	1.1143	0.5065	2	185	518	2011.294118
biodegradation	1.1826	0.3251	2	172	464	2010.267296
biodiversity	0.0077	0.2833	3	393	1504	2012.141446
biogeochemical	1.0277	0.2598	2	274	802	2010.793578
biogeochemical cycles	0.5018	0.1694	2	333	1066	2011.855219
biogeochemical processes	0.5216	0.3466	2	375	1454	2011.568841
biogeochemistry	0.6077	0.2279	2	612	3586	2011.871515
biological processes	0.9344	0.0977	2	238	698	2009.937337
biomarkers	1.1814	0.0971	2	359	1576	2010.943441
biomass	0.7392	0.6977	2	748	6720	2008.040883
biomes	-0.0169	0.7546	2	471	2102	2011.428571
biosphere	-0.449	1.0146	4	205	634	2009.397647
birch	0.4005	-0.7082	1	261	940	2008.009398
birds	0.4394	-0.4421	1	181	512	2007.764282
black	0.785	-0.0687	2	145	408	2009.344605
body	-0.2617	-0.6361	3	912	8224	2007.977291
bog	0.4367	-0.6028	1	692	5090	2008.437269
border	0.213	0.2492	1	151	368	2007.5
boreal	0.1123	0.1256	5	1007	12626	2009.748786
boreal forest	0.3729	0.4819	5	662	5326	2009.254495
borehole	-0.9797	-0.1653	3	621	4696	2009.415205
boundary	-0.4341	-0.3659	4	740	5460	2007.239183
boundary conditions	-0.9061	0.6654	4	220	712	2007.871795
bp	0.7538	-0.5751	1	569	3536	2008.600087
breakdown	1.1608	0.5326	2	218	624	2007.162996
bryophytes	0.2728	0.7411	2	205	582	2009.103647
bubbles	-0.0681	-0.0423	3	371	1902	2007.959569
budget	-0.0692	0.5942	4	963	10294	2008.970525
buffer	0.0619	0.0505	4	256	804	2008.027778
building	-1.1788	0.0914	3	157	476	2010.464789
burial	0.8742	-0.1776	1	363	1354	2008.27451
burning	0.008	0.5366	5	215	694	2009.814558
c-13	1.0938	0.1171	2	601	3856	2011.550826
c-14	0.8916	-0.2083	1	570	3454	2006.673407
c-band	-0.8696	-0.5049	3	316	1414	2010.552846
c/n	0.9479	0.1144	2	351	1472	2008.969388
ca	1.0101	-0.1508	2	325	1168	2008.009458
ca2+	0.9925	-0.4347	1	247	778	2008.084615
calibration	-0.9203	0.042	3	637	3854	2009.197434
camera	-0.6994	-0.406	3	298	974	2010.289708
campaign	-0.419	0.2673	4	153	388	2008.901876
canada	0.1077	-0.6012	1	1292	23988	2008.358354
canadian	0.0311	-0.3127	1	696	4130	2008.213722
canopy	-0.4103	0.2805	4	406	1874	2008.318982
capabilities	-0.6527	-0.4044	3	319	1080	2010.500666
capacity	0.0263	0.2751	2	853	6744	2009.597315
cape	0.8251	-0.3234	1	310	1332	2007.560284
caps	0.2212	-0.1017	1	154	398	2008.309322
carbohydrates	1.2111	0.3188	2	234	820	2007.243067
carbon	0.5904	0.4381	2	1487	66064	2009.564589
carbon balance	0.194	0.8912	4	381	1784	2008.833333
carbon cycle	0.517	0.7252	2	633	3788	2011.26087
carbon dioxide	0.7575	0.7485	2	830	9248	2009.945455
carbon flux	0.0699	0.8656	2	519	3196	2009.377841
carbon isotopes	1.2953	0.0915	2	143	400	2010.176667
carex	0.9403	0.4156	2	274	976	2006.026667
cascade	0.7852	-0.3175	1	275	822	2009.630695
case	-0.5371	-0.2947	3	967	10036	2008.95177
catchment	0.4311	-0.6217	1	814	7424	2010.694125
cations	1.0011	-0.2958	1	413	1888	2007.423345
cause	-0.0456	0.1969	2	504	2138	2008.342905
cells	-0.4142	0.5537	3	499	2414	2008.211757
century	-0.3394	0.4057	4	1026	13310	2010.371507
ch4	0.6687	0.7264	2	1048	17824	2009.020747
chain	-0.4798	-0.4539	3	283	894	2008.08967
challenges	-0.373	-0.0366	3	812	5586	2013.058999
chamber	0.251	0.9613	2	518	3524	2007.892646
changes	-0.0758	0.1377	4	1579	103618	2009.682502
channel	-0.0346	-0.7982	1	700	4850	2008.014353
characterisation	0.2756	0.0799	2	253	684	2010.212121
characteristics	0.1272	-0.144	1	1284	22290	2008.736404
characterization	-0.1372	-0.0697	3	613	3486	2010.633346
chemical	0.8476	-0.0391	2	645	3704	2007.921949
chemical characteristics	0.9175	-0.2518	1	240	726	2007.689024
chemical composition	1.137	0.1884	2	312	1226	2008.202447
chemical properties	1.0653	0.2741	2	247	792	2009.098039
chemistry	0.9554	-0.2278	1	702	5026	2007.680636
china	-0.8017	0.2824	4	912	13104	2011.999131
chinese	-0.8485	0.837	4	184	504	2010.719298
chronology	0.8291	-0.7362	1	206	632	2008.614898
chukotka	-0.352	-0.097	3	149	394	2010.909747
ci	0.1563	0.2702	3	211	608	2010.938586
circulation	-0.6578	0.1388	4	631	4116	2008.948109
circumpolar	-0.6565	0.2946	3	628	3878	2008.280533
citation	0.4261	0.1072	1	309	1114	2010.604072
cl-	1.0188	-0.4912	1	180	520	2006.601719
class	-0.2276	0.2842	3	571	2714	2008.629702
classification	-0.3435	-0.4044	3	876	8084	2009.286924
clay	0.7704	8e-04	2	522	2642	2007.780506
climate	-0.1029	0.2233	4	1566	86282	2010.804187
climate change	-0.0589	0.0899	5	1266	23546	2011.726653
climate data	-0.7317	-0.3019	4	309	1018	2011.201149
climate models	-0.6128	0.8381	4	576	3906	2011.501132
climate system	-0.5705	0.6012	4	452	2200	2010.341853
climate variability	-0.1819	-0.2056	1	501	2096	2011.231434
climate warming	-0.0571	0.7805	2	556	3318	2012.926087
climatic conditions	0.2632	0.0237	1	567	2796	2010.008439
climatic factors	-0.5765	0.1527	4	207	700	2010.011905
climatology	-1.0003	0.2732	4	262	896	2008.664945
closure	-0.5883	0.187	4	225	786	2008.433779
cloud	-1.028	0.0257	3	351	1352	2007.587105
cluster	0.062	-0.2372	3	363	1458	2009.267877
cmip5	-1.0255	0.8727	4	405	2520	2015.851097
co	0.7918	-0.2421	1	243	716	2007.665527
co2	0.6078	0.8078	2	1132	22714	2009.235732
coast	0.2109	-0.5375	1	717	4680	2007.916968
coastal	0.3233	-0.3896	1	908	8458	2008.750196
coastal areas	0.099	0.4534	2	158	416	2008.556848
coastal erosion	0.3813	-0.687	1	391	1438	2011.756757
coastline	0.5056	-0.4517	1	348	1186	2009.082534
coefficients	-0.3325	0.4831	4	366	1284	2007.85666
coherent	-0.4134	-1.1307	3	181	526	2008.626866
cold	-0.5121	0.0544	4	611	3712	2009.295106
cold climate	0.1129	-0.04	4	143	360	2008.782407
cold environments	-0.4031	0.1131	3	164	382	2011.933993
cold regions	-1.0104	-0.0079	4	699	5952	2011.787565
cold season	-0.5134	0.4422	4	436	2026	2011.497817
collaboration	-0.7061	-0.0101	3	140	342	2011.526627
collapse	0.9631	0.0214	2	576	3366	2009.31737
collection	-0.0047	-0.2486	3	379	1392	2009.184687
colour	0.7049	-0.5864	1	151	414	2007.538283
column	0.5616	0.3082	2	748	5820	2007.520529
combustion	0.6547	0.7327	5	248	980	2008.365967
community	0.5141	0.4246	2	1185	17474	2010.388476
community structure	1.2702	0.6941	2	137	424	2009.920304
compaction	0.2992	-0.5204	1	318	1140	2009.714724
comparative analysis	-0.1364	0.3164	4	182	520	2010.562069
comparison	-0.4713	0.1194	3	1107	13748	2007.950757
compensation	-0.7193	0.5504	3	182	476	2007.767361
competition	-0.0388	0.2841	1	187	482	2008.582677
compilation	-0.45	0.1684	3	189	542	2010.398754
complex	0.2303	-0.0825	1	880	6876	2008.626599
composition	0.838	0.1073	2	1087	13142	2008.609526
compounds	1.0815	0.3183	2	405	1896	2008.606591
computer	-0.9791	-0.1344	3	167	466	2006.919266
concentrations	0.707	0.1613	2	1178	19372	2008.182298
concept	-0.2126	-0.1319	3	315	1096	2009.039852
conceptual model	0.8789	-0.4616	1	356	1226	2009.793413
concerns	-0.248	-0.2124	3	405	1416	2011.148773
condition	-1.0436	-0.1185	4	649	4630	2008.989432
conductivity	-0.2353	0.1607	4	1019	13340	2008.252422
configuration	-0.4906	-0.3271	4	424	1690	2009.544
connectivity	0.4206	-0.8231	1	560	3478	2013.917665
consequences	0.1586	-0.3905	1	813	6012	2010.388946
conservation	-0.5694	0.667	4	260	726	2011.195486
consistency	0.3569	0.0184	2	246	746	2009.971397
constituents	0.9834	-0.3246	1	207	634	2006.951372
constraints	-0.1102	0.5291	3	449	1876	2009.183622
construction	-0.7117	-0.0019	3	531	2800	2009.416124
consumption	0.8472	0.6568	2	347	1348	2007.642994
contact	-0.3285	-0.8161	1	237	762	2008.053198
contamination	0.1797	-0.4263	1	183	434	2008.17103
content	0.1787	0.1829	4	1375	32010	2008.566458
context	0.4011	-0.1014	1	801	5154	2011.030192
continent	-0.6208	0.7359	4	186	528	2008.964696
continental	0.2887	-0.3137	1	157	382	2008.05522
continuous	0.0041	-0.0113	3	354	1278	2008.375887
continuous permafrost	-0.1951	-0.3691	1	732	4950	2010.502488
contraction	0.1355	-0.7592	1	335	1090	2008.338174
contrast	0.4106	0.1311	2	1048	9786	2008.536194
control	0.3787	0.3406	2	1189	19762	2009.125056
convection	-0.4896	-0.38	4	216	700	2007.398389
convergence	-0.1827	0.5084	3	141	332	2008.020145
conversion	0.345	-0.2179	1	291	922	2007.330144
cooling	-0.5573	0.3394	4	668	4562	2008.320685
copyright	-0.1704	-0.6347	1	1141	17136	2007.992246
core	0.8227	-0.3704	1	898	9050	2007.967995
correction	-0.6116	0.3412	3	277	848	2008.598508
correlation	-0.0852	0.4491	2	1022	11412	2008.606178
correlation analysis	-1.1822	0.5002	4	175	548	2011.239796
correlation coefficient	-1.0138	0.8351	4	180	474	2010.154098
correspondence	0.3723	0.07	1	386	1628	2007.499487
corridor	-0.6252	-0.6391	3	407	1868	2010.096154
costs	-0.7091	0.3141	3	328	1176	2009.673817
coupling	-0.8067	0.6723	4	621	4208	2010.327135
covariance	-0.0724	0.9042	2	570	4054	2010.7125
cover	-0.4153	0.0323	4	1338	30878	2009.332353
coverage	-0.1608	0.0738	3	874	6988	2010.04391
cr	0.2503	0.3269	2	156	388	2008.550617
cracks	-0.1598	-0.8073	1	307	1054	2008.515571
crater	0.2102	-0.5671	1	162	432	2008.471119
creek	0.1603	-0.7695	1	511	2506	2007.130268
creep	0.2366	-1.0016	1	152	422	2007.349296
criteria	-0.2378	-0.0625	3	241	738	2008.509297
crown	-0.2712	-0.3759	3	414	1758	2010.518438
cryosphere	-0.8052	0.0798	3	502	2534	2012.880689
cryoturbation	0.8959	-0.0382	2	541	3168	2009.054217
current	-0.2822	0.3922	3	432	1564	2008.021581
current climate	-0.6943	0.9003	4	189	576	2011.142045
cyanobacteria	1.2892	0.5884	2	156	506	2009.273279
cycle	0.373	0.4302	2	1357	31134	2009.115632
da	-1.2141	-0.2313	3	176	590	2010.493103
damage	-0.4457	-0.2583	3	415	1658	2009.428672
data	-0.456	-0.0507	3	1525	64816	2008.849817
database	-0.4863	0.3355	3	648	4566	2011.009739
dataset	-0.8434	-0.0631	3	603	3214	2012.492063
date	0.2745	-0.413	1	837	6708	2008.781013
debris	0.6402	-0.3856	1	252	696	2007.542321
decadal	-0.3987	-0.2929	4	391	1652	2011.563199
decay	0.2885	-0.5421	1	442	1852	2007.653232
decline	0.2659	0.2416	1	548	2956	2009.893655
decomposition	0.7697	0.668	2	989	15082	2009.869063
deep	0.1512	-0.2581	1	390	1514	2007.233692
deficit	0.2268	0.3536	2	210	650	2008.087049
definition	-0.7439	0.3603	4	329	1206	2008.873016
deformation	-0.5682	-0.8323	1	353	1450	2007.663668
deglaciation	0.4862	-0.2328	1	283	996	2008.650208
degradation	0.1721	0.0081	5	1438	39898	2011.065225
delay	-0.4171	0.062	3	325	1092	2008.579495
delineation	-0.7718	-0.5065	3	254	776	2009.939394
delivery	0.9326	-0.5219	1	330	1346	2010.271394
delta	0.3035	-0.4609	1	961	9982	2007.83363
dem	-0.918	-0.5433	3	350	1304	2012.141414
demand	0.3201	-0.0507	2	301	908	2009.740876
denitrification	1.2828	0.1769	2	156	472	2007.274227
density	0.2472	0.1537	2	1066	12418	2008.013051
dependence	-0.551	0.5171	4	524	2464	2007.840071
depletion	0.7132	-0.1622	2	325	1062	2006.739015
deposition	0.6443	-0.4346	1	961	9928	2008.224764
depression	0.2741	-0.4685	1	687	4314	2007.650097
depth	-0.0341	0.2525	4	1503	55160	2008.424673
description	-0.7524	0.4	4	518	2572	2008.463605
desert	-1e-04	0.5316	4	521	2930	2008.949606
desiccation	0.1504	-0.6325	1	278	856	2007.585132
design	-0.6744	-0.1987	3	584	3138	2010.581328
detachment	0.0566	-0.9077	1	254	754	2007.707937
detail	-0.4157	-0.0564	3	322	1050	2008.325282
detection	-0.5838	-0.5592	3	793	6048	2009.603252
determination	0.1159	-0.2894	3	407	1508	2007.484902
detritus	1.1459	-0.4388	1	187	552	2006.822309
development	-4e-04	-0.4204	1	1303	22910	2008.720806
diagnostics	-0.6058	0.4272	4	166	440	2008.567084
diameter	0.019	-0.7375	1	251	788	2007.263065
diatoms	1.1057	-0.1613	1	314	1206	2007.788872
dic	1.1531	-0.1155	2	219	728	2010.289003
difference	-0.7237	0.2111	3	938	9672	2008.353517
difference vegetation index	-0.7748	0.7764	3	315	1288	2011.269663
differentiation	0.6015	-0.1162	2	252	726	2009.166072
diffusion	-0.4741	0.4089	4	593	4008	2007.538498
digital	-0.7659	-0.5691	3	211	596	2009.777457
digital elevation model	-0.8557	-0.4094	3	349	1440	2011.125
direct	0.0931	0.315	3	216	594	2008.210247
direct effect	-0.1071	-0.3694	1	201	560	2009.810127
direct measurements	0.2826	0.4722	2	221	664	2008.273092
discharge	-0.1613	-0.6844	1	802	8260	2009.968547
discontinuous permafrost	-0.2207	-0.569	1	820	7244	2009.986239
discrepancies	-0.7615	0.4685	4	454	2122	2008.348934
disequilibrium	-0.1801	-1.0583	4	137	390	2007.917431
dispersal	-0.1182	0.3259	4	216	658	2009.272755
displacement	0.0606	-0.4706	1	317	1062	2008.077434
dissolution	1.1631	-0.0773	2	257	780	2008.222642
dissolved	0.9085	0.1776	2	333	1186	2009.918434
distance	-0.1732	-0.4461	3	417	1668	2008.760466
distribution	-0.2851	-0.1269	3	1443	37354	2008.398254
distribution patterns	-0.54	-0.0087	3	157	448	2007.921011
disturbance	0.3739	-0.4366	1	1073	13914	2008.857587
divergence	0.0912	-0.6272	1	178	484	2009.013309
diversity	0.514	0.4397	2	660	3820	2010.578345
dms	-0.097	0.7714	3	140	356	2007.172161
doc	1.0693	-0.0501	2	597	3686	2010.06576
dominance	0.978	0.3205	2	435	1634	2008.872257
doubling	-0.1365	0.798	4	179	492	2006.720126
downscaling	-0.9319	0.6514	4	213	648	2012.79878
drainage	0.2423	-0.5294	1	1123	14510	2008.81777
drier conditions	0.4902	0.2899	2	241	710	2009.964912
drift	0.5334	-0.1837	1	302	868	2007.53137
drilling	-0.4376	-0.712	1	298	1156	2009.19218
drivers	0.3978	0.156	1	815	5904	2015.214206
drought	-0.8319	0.1865	3	182	492	2011.447977
dryas	0.874	-0.1436	1	172	466	2007.259029
drying	0.1124	-0.3179	1	465	2332	2010.299595
duration	-0.47	-0.2945	4	810	6804	2008.532595
dynamics	0.0173	0.1569	5	1448	39572	2010.313072
earth	-0.1991	0.4626	4	982	9572	2010.179198
east	0.0084	-0.1273	1	674	3782	2008.607533
eastern	0.084	0.1492	2	411	1736	2008.869757
ec	0.0154	0.7474	2	390	1680	2011.130769
ecology	-0.1175	-0.0803	3	690	4564	2009.579615
economy	-0.7766	0.325	3	170	524	2011.137536
ecosystem	0.2457	0.512	2	1452	44976	2011.299513
ecosystem processes	0.5283	0.5198	2	237	702	2012.502618
ecosystem respiration	0.5435	1.0401	2	530	4424	2012.202765
ecosystem services	-0.2813	0.1717	3	216	604	2015.128205
ecosystem structure	0.6318	0.1679	1	284	1004	2011.137143
ecotone	0.0988	-0.1585	2	285	972	2010.323944
ecotypes	0.5752	-0.585	1	174	460	2009.606061
eddies	0.1361	1.1547	2	193	668	2008.668786
education	-0.507	0.0897	3	116	284	2010.860248
effects	-0.0056	0.4271	4	1488	50588	2008.834618
efficiency	-0.3342	0.5214	2	391	1486	2009.198697
efflux	0.2109	0.6455	2	476	2508	2008.48374
effort	-0.6418	-0.0721	3	205	568	2009.28
electrical conductivity	0.4535	0.1291	1	300	978	2008.518717
electron	1.0903	0.5782	2	307	1324	2008.099471
elemental composition	0.982	0.3481	2	153	386	2009.293023
elements	0.3577	-0.3076	1	758	4764	2008.706361
elevation	-0.4278	-0.4378	3	939	9226	2009.824954
embankment	-0.8732	-0.7089	3	241	914	2012.250883
emergence	0.4963	-0.8767	1	222	608	2009.419162
emissions	0.4211	0.6823	2	1215	25700	2009.691385
energy	-0.7826	0.2887	4	1061	15362	2008.723489
energy balance	-1.207	0.0787	4	339	1418	2008.914956
energy budget	-1.3344	0.3621	4	186	586	2009.877193
engineering	-1.0341	0.0601	3	659	5478	2011.966811
enhanced	-0.3145	0.1871	3	419	1606	2009.105949
enrichment	1.0005	-0.0831	2	446	2012	2007.966961
ensemble	-0.8258	0.7844	4	291	1134	2012.843972
environment	0.1792	-0.0286	3	1296	21634	2009.620856
environmental	0.1424	0.6075	2	502	2444	2009.652452
environmental changes	0.547	0.2114	2	353	1224	2011.631369
environmental conditions	0.4368	0.1831	2	565	2726	2011.073304
environmental factors	0.5456	0.4802	2	561	3164	2010.481299
environmental gradients	0.1724	-0.0946	1	180	462	2011.14359
environmental variables	0.4143	0.7839	2	344	1376	2010.746251
envisat	-0.8765	-0.468	3	297	1342	2011.143695
enzyme	1.1407	0.7618	2	254	1092	2008.671725
enzyme activity	1.0782	0.7901	2	157	532	2009.061093
equilibrium	-0.3663	-0.0495	4	544	2870	2007.331412
equipment	-0.702	0.0061	3	157	378	2009.821326
era-interim	-1.281	0.6363	4	285	1180	2015.76381
eriophorum	0.8995	0.5328	2	170	498	2006.352564
erosion	0.3896	-0.5833	1	988	9860	2008.588984
error	-0.7533	0.2167	3	821	6896	2009.089766
ers	0.553	0.9635	2	259	1024	2006.829851
establishment	0.5044	-0.2665	1	241	688	2009.077273
estimate	-0.6189	0.4321	3	947	10686	2009.037943
eurasia	-0.8802	0.0418	4	388	1728	2010.129179
europe	-0.5721	0.4406	4	270	970	2009.264767
european	-0.6597	0.4418	4	265	862	2008.535922
evaluation	-0.7875	0.3686	4	806	6840	2010.494567
evaporation	0.017	-0.3625	1	750	5882	2007.500434
evapotranspiration	-0.4941	0.3486	4	700	5490	2010.7866
events	0.227	-0.5192	1	930	8206	2008.940003
evolution	-0.0262	-0.6204	1	1014	10804	2009.317419
excess	0.5137	-0.7782	1	213	574	2006.587452
exchange	0.0126	0.6398	2	1001	11550	2008.103913
expansion	0.1263	-0.6727	1	910	8684	2010.313347
experimental	-0.6051	0.1237	4	260	876	2008.538829
experiments	-0.1712	0.6361	4	1069	13646	2008.056984
explanation	0.6425	-0.0034	2	190	490	2007.120259
exploration	-0.0515	-0.4697	1	311	1140	2009.280242
export	0.8513	-0.5354	1	433	2002	2009.527633
exposure	0.401	-0.5452	1	553	2552	2009.120837
expression	0.1383	-0.467	1	218	566	2010.221853
extension	-0.3336	-0.3736	3	151	372	2007.564542
extent	-0.252	-0.0757	4	1261	21216	2009.292904
extraction	-0.2961	-0.3457	3	279	918	2009.332489
extrapolation	-0.6599	0.2242	3	354	1224	2007.606469
extreme	-0.3957	-0.7497	1	248	780	2011.052923
face	-0.0208	0.1256	2	201	570	2010.409917
facies	0.952	-0.5862	1	181	496	2005.955224
failure	-0.0582	-0.688	1	395	1468	2009.185744
fairbanks	0.2182	0.0694	1	387	1422	2006.056818
fall	-0.1154	0.547	2	568	3282	2008.13205
family	0.184	0.5814	2	217	552	2008.985487
fan	0.5874	-0.608	1	208	550	2007.798982
fast	-0.8581	-0.1272	3	172	454	2008.162581
fate	0.6898	0.2635	2	561	3056	2010.213755
fe	1.1121	0.4152	2	439	2274	2008.842402
features	0.1917	-0.4101	1	1150	15262	2008.398624
feedback	0.2607	0.6797	2	1211	21912	2010.893652
fen	0.2377	-0.7117	1	667	4412	2008.534031
fermentation	1.2074	0.8152	2	210	770	2010.938547
fertilization	0.3848	0.9591	2	238	772	2008.605889
field	-0.3786	-0.1796	3	1353	29770	2008.149599
field data	-0.8911	-0.2614	3	500	2540	2008.705882
field experiment	-0.18	0.3536	4	233	692	2007.60251
field measurements	-0.7037	-0.3726	3	583	3446	2009.733042
field observations	-0.2407	-0.2802	5	703	5042	2009.606725
field studies	0.282	-0.6432	1	351	1354	2007.448052
fire	0.3455	-0.1174	5	802	6916	2009.826617
fish	0.1008	-0.8913	1	239	750	2007.742843
fixation	0.6632	0.4401	2	186	520	2009.097444
flight	-0.8183	0.0196	3	168	458	2007.375
flood	-0.0422	-0.2858	1	704	4206	2008.873819
floodplain	0.4665	-0.4691	1	440	1900	2009.02381
flow	-0.1669	-0.7336	1	1027	14510	2008.227829
fluctuations	-0.0614	-0.2585	1	606	3084	2007.651355
fluid	-0.3988	-0.7609	1	186	528	2008.294565
fluorescence	0.9749	0.2977	2	209	538	2008.645305
fluvial	0.8441	-0.7258	1	204	610	2009.005
flux	0.0152	0.6337	2	1316	33128	2008.597609
focus	-0.3869	-0.0657	3	552	2770	2011.577425
food	0.8454	-0.4175	1	265	988	2008.346694
foothills	0.3081	-0.3242	1	410	1924	2005.243243
footprint	-0.2633	0.6597	2	368	1574	2010.881764
forcing	-0.6931	0.6476	4	814	8128	2009.576195
forecasts	-1.0427	0.4212	4	436	2198	2011.270248
forest	0.2807	-0.0428	1	979	11740	2009.036828
formation	0.6004	-0.2187	1	1157	15256	2008.321264
fossil	0.6033	-0.1439	1	344	1150	2008.55551
foundation	-0.5364	0.2717	3	427	1696	2010.923077
fourier	0.8659	0.22	2	262	780	2008.68
fraction	0.5588	0.4609	2	957	10078	2008.456562
fragments	0.3069	-0.2261	1	272	776	2008.17335
framework	-0.2154	0.277	3	683	4116	2011.28923
freeze-thaw	-1.1089	0.6268	4	388	1994	2011.765823
freeze-thaw cycles	-0.7389	-0.2521	4	339	1546	2011.156425
freeze-up	0.3688	0.242	2	331	1174	2009.512195
freezing	-0.7315	0.0765	4	1085	16312	2008.624187
frequency	0.061	-0.289	1	800	5312	2008.248973
freshwater	0.3696	-0.1894	1	741	5160	2009.714453
freshwater ecosystems	0.3385	-0.3639	1	310	1000	2011.675159
front	-0.7671	-0.5191	4	456	2506	2007.825421
frost	-0.3833	-0.2683	4	863	8244	2008.151163
frozen	-0.5258	0.2233	4	684	4468	2009.632275
frozen ground	-0.8252	0.1495	4	964	11738	2009.969977
frozen soil	-0.5234	0.5337	4	827	7300	2011.220109
fuel	-0.1984	0.2987	3	206	678	2009.266599
function	-0.0513	0.3214	3	848	6822	2008.530959
fusion	-0.7026	-0.3495	3	281	826	2008.521036
future	-0.2167	0.1221	3	1038	11280	2011.886201
future climate	0.0244	0.8561	4	657	4654	2012.298684
future research	-0.9773	0.0057	3	142	356	2011.822917
gap	-0.3698	-0.0173	3	704	4236	2011.364048
gas	0.5055	0.3988	2	1148	16840	2008.945001
gases	0.7114	0.5288	2	798	7226	2008.364299
gcm	-1.0215	0.404	4	346	1546	2006.636275
gene	1.2383	0.692	2	360	2164	2011.22908
general circulation model	-0.7485	-0.0295	4	282	1068	2008.289072
generation	-0.2228	-0.6496	1	661	4284	2009.018917
genesis	0.2341	-0.3059	1	318	1064	2008.06422
geochemistry	0.8776	-0.3803	1	542	2666	2008.657811
geographic	-0.0792	0.7757	3	155	380	2008.298551
geology	-0.0504	-0.5411	3	449	1854	2008.706341
geometry	-0.3738	-0.6714	3	432	2020	2008.870779
geomorphology	0.2129	-0.6182	1	558	3004	2010.528977
geophysical	-0.5893	-0.6589	3	484	2464	2008.193421
gis	-0.5434	-0.1804	3	452	2052	2010.110721
glacial	0.3409	-0.0405	1	354	1460	2009.051526
glacial maximum	0.2781	0.127	1	280	1008	2010.369629
glacial period	0.5539	-0.2661	1	185	502	2008.592528
glaciation	0.3778	-0.597	1	126	316	2007.663006
glacier	-0.2678	-0.3908	1	590	2940	2009.876697
glaciolacustrine	0.421	-0.86	1	143	394	2007.56701
global	-0.8868	0.3276	3	670	4170	2010.049364
global carbon cycle	0.5108	0.3914	2	453	1994	2011.111111
global change	0.1163	-0.2153	1	143	370	2008.177778
global climate	-0.2967	0.5642	4	640	4056	2010.399116
global climate models	-0.8799	0.7561	4	419	2070	2011.371941
global scale	-0.3043	0.2404	3	317	1028	2010.563923
global warming	-0.695	0.2089	3	299	1060	2011.050467
globe	-0.8703	-0.0532	3	206	594	2010.753165
government	-0.4976	-0.402	3	252	668	2012.723951
gpr	-0.7018	-0.6419	3	521	3464	2011.732203
gps	-0.5417	-0.7647	3	187	550	2011.397634
gradient	0.1105	0.0675	1	1123	13972	2008.605746
grain	0.8236	-0.4187	1	485	2158	2008.961122
grass	0.7607	0.1289	1	235	682	2008.05644
grassland	-0.0343	0.6437	2	694	5302	2010.189441
gravel	0.4138	-0.1948	1	405	1526	2007.15674
gravity	-0.8435	0.1856	4	185	508	2008.659201
grazing	0.2937	0.713	2	190	548	2006.518367
greenhouse	0.5968	0.6142	2	1098	16206	2010.141546
greenhouse gas	0.7022	0.5537	2	425	2014	2011.881188
greenhouse gas emissions	0.6178	0.6668	2	538	2738	2013.902597
greenhouse gases	0.6955	0.6547	2	686	5422	2010.01027
greenland	0.2947	0.2737	2	618	3660	2008.04131
grid	-0.7337	0.3271	3	546	3206	2008.514164
ground ice	0.2652	-0.7992	1	835	7956	2010.14557
ground surface	-0.8707	-0.2744	4	771	6920	2009.154412
ground temperature	-0.9749	-0.2383	4	916	12114	2011.059633
ground-based	-1.2204	-0.2644	3	181	482	2004.950739
groundwater	-0.0208	-0.5516	1	900	10226	2010.450902
group	0.449	0.4908	2	360	1184	2007.95978
growing	0.3412	0.7768	2	299	1212	2008.656915
growth	0.2803	-0.0366	1	1045	11228	2007.964687
h-2	0.7237	-0.2107	2	301	1060	2009.9319
habitat	0.3667	-0.246	1	678	4414	2009.660618
hand	-0.5349	0.431	4	354	1216	2008.390663
hazard	-0.9201	-0.0095	3	292	1030	2012.14876
head	0.2273	-0.9292	1	229	656	2007.610218
headwater	-0.008	-0.5723	1	369	1690	2010.967949
health	-0.1042	-0.4107	3	183	496	2011.42961
heat	-0.8631	0.1749	4	1185	25404	2008.894185
heat flow	-0.6895	-0.7352	1	190	586	2007.594595
heat flux	-0.9704	0.3959	4	398	2050	2008.44591
heat transport	-0.9391	-0.3431	4	291	1402	2010.233533
heath	0.841	0.8615	2	155	440	2007.240099
heave	0.1416	-0.3556	1	438	2012	2008.864583
height	-0.266	-0.1804	3	604	2928	2008.844619
hemisphere	-0.6782	0.4526	4	632	4288	2009.014397
heterogeneity	-0.0298	0.4823	2	862	7616	2010.395911
high arctic	0.3013	-0.2038	1	144	362	2007.091176
high latitudes	-0.154	0.3576	4	899	8186	2008.289567
high northern latitudes	-0.2363	0.6363	2	594	3496	2009.318267
high spatial resolution	-0.7116	-0.5417	3	390	1696	2011.610092
high-frequency	-0.6172	-0.5648	3	329	1048	2009.040142
high-latitude regions	-0.2105	0.219	4	379	1264	2011.291209
high-resolution	-0.4178	-0.416	3	938	8706	2010.248214
highway	-0.8955	-0.2533	3	479	2620	2011.645933
hills	0.5827	-0.3224	2	147	366	2005.973301
historical	-0.7139	-0.2944	3	403	1624	2009.214912
history	0.5566	-0.5624	1	594	3536	2008.523128
holocene	0.7373	-0.552	1	807	7746	2008.578947
homogeneity	0.3508	0.3455	2	164	416	2007.956912
horizon	0.7146	0.3108	2	602	3498	2008.766626
host	0.5546	-0.3272	1	186	468	2009.32804
hot spots	0.3321	0.577	2	262	888	2010.659218
hotspot	0.43	0.5012	2	311	1026	2011.734551
hudson	0.4986	-0.7003	1	437	2026	2006.643807
human activities	-0.5177	0.0945	3	454	2056	2011.12845
humans	0.146	-0.604	1	245	818	2010.156837
humidity	-0.8261	0.2838	4	175	502	2009.347264
hummocks	0.8613	0.0276	2	292	1120	2007.175758
hydrocarbons	0.2113	-0.274	1	186	496	2007.995356
hydrogen	1.1249	-0.0747	2	184	510	2008.430582
hydrological cycle	0.424	-0.5828	1	273	954	2010.619048
hydrological processes	-0.4892	-0.5395	4	594	4436	2013.13125
hydrology	-0.1617	-0.1854	1	1206	19524	2010.90501
hydrothermal	-1.1719	0.5128	4	250	998	2009.358896
hypotheses	0.1616	-0.1456	1	327	1084	2009.144207
hypothesis	0.1471	-0.1997	1	496	2188	2008.194871
hysteresis	-0.1793	0.7653	4	170	466	2008.317895
ice	0.1315	-0.5509	1	1413	37886	2008.860178
ice age	0.7203	-0.1942	1	258	882	2008.966337
ice conditions	-0.4633	-0.8344	1	168	478	2010.267606
ice sheet	-0.441	-0.329	3	248	754	2008.394118
ice thickness	-0.3776	-0.9118	1	270	966	2009.211783
identification	-0.2443	-0.5039	3	512	2200	2009.939059
imagery	-0.374	-0.736	3	874	9400	2010.027404
images	-0.5427	-0.6576	3	960	11564	2009.851773
impact	-0.1787	0.0971	4	1431	38034	2011.1545
implementation	-0.8448	0.255	3	386	1484	2012.128733
implications	0.3196	0.0314	2	1043	11880	2008.957655
improvement	-0.9064	0.569	4	600	3900	2010.609009
incidence	-0.8399	-0.6634	3	235	690	2007.699477
inclusion	-0.4836	0.278	4	450	1886	2008.715721
incorporation	0.6017	0.1251	2	377	1202	2007.639228
increment	-0.1566	0.5387	2	254	884	2008.184071
incubation	1.15	0.7756	2	577	5060	2007.891648
index	-0.6434	0.4867	4	929	10298	2009.733438
indices	-0.2565	0.0783	3	1026	10986	2009.479934
individuals	0.2254	-0.8641	1	204	576	2008.750418
industry	-0.1197	-0.6244	1	155	470	2011.629501
inertia	-0.8028	1.1639	4	148	446	2008.902439
inference	-0.6315	-0.6544	3	172	444	2010.406107
infiltration	-0.4394	-0.1526	4	571	3862	2009.361111
inflow	0.4177	-0.6488	1	289	932	2008.946292
influence	0.1103	0.1774	4	1269	21144	2009.717142
information	-0.3603	-0.2981	3	1102	12702	2009.67229
infrastructure	-0.6393	-0.4587	3	729	6092	2013.719864
inhibition	0.8191	1.0052	2	190	550	2008.537199
initial conditions	-0.7437	0.0574	4	193	552	2009.632653
initiation	0.2415	-0.831	1	582	3268	2008.403696
inland	-0.2999	0.0955	4	514	2440	2008.910801
inorganic carbon	1.1636	-0.1029	2	250	884	2009.536776
inorganic nitrogen	1.1256	-0.1018	2	253	780	2007.712821
insar	-1.0763	-0.6398	3	233	1048	2011.974684
insight	0.4986	-0.2942	1	510	2032	2011.173112
insolation	0.3397	-0.6128	1	204	514	2009.002281
instability	-0.3406	-0.4859	1	346	1212	2008.089958
instrument	-0.6543	-0.1304	3	562	2712	2008.390639
insulation	-1.0313	0.5565	4	445	2680	2009.309609
integration	-0.3205	0.2335	3	615	3316	2009.403182
intensification	0.4284	-0.7014	1	263	916	2009.809342
intensity	-0.1222	-0.4059	1	675	3792	2008.970237
inter-annual variability	0.0547	-0.6366	1	201	592	2011.49187
interactions	0.1959	0.39	2	1097	14102	2009.581424
interannual	-0.0136	0.5023	2	269	948	2007.764706
interannual variability	-0.0903	0.0316	1	315	1098	2009.34307
interannual variations	-0.4809	0.6495	4	366	1542	2009.136035
intercomparison	-0.9138	0.762	4	495	3422	2012.078383
interests	-0.7586	-0.1106	3	102	270	2010.881919
interface	-0.1495	-0.125	3	621	2988	2008.784137
interior	0.5515	-0.2271	1	607	3456	2008.54476
intermediate	0.0737	0.1191	4	195	524	2007.526971
internal structure	-0.4057	-0.8542	1	134	378	2010.208835
international	-0.7969	-0.0761	3	400	1750	2009.154964
interpolation	-0.768	0.1376	3	244	742	2009.545906
interpretation	-0.2442	-0.706	1	585	2992	2007.927664
introduction	0.3278	-0.266	2	156	394	2009.308432
inundation	-0.3388	-0.2851	3	430	2000	2010.050691
inventory	0.45	-0.0301	1	583	3082	2010.281274
inversion	-0.2835	0.4027	3	498	2488	2008.510833
ion	0.8661	-0.3863	1	550	3100	2007.645552
ipcc	-0.431	0.945	4	299	1150	2010.65261
ipy	-0.7512	-0.2035	3	134	416	2011.458065
iron	1.0592	0.6181	2	402	1942	2009.213959
island	0.3191	-0.5403	1	844	7336	2007.713057
isotherm	-0.722	0.4016	4	194	598	2006.881579
isotope	0.8464	-0.4294	1	869	9480	2009.3991
isotopic composition	0.7067	-0.5926	1	298	1102	2008.662021
isotopic data	0.6092	-0.7365	1	187	506	2007.157895
john	-0.1464	-0.6508	1	1111	15736	2007.984218
joint	-0.8343	1.0843	4	199	684	2008.422145
kangerlussuaq	-0.2292	0.4236	3	195	552	2009.850515
key	-0.7358	0.2819	3	364	1406	2010.680262
knowledge	0.0599	-0.0255	3	886	7108	2011.311559
kolyma	0.2667	-0.1808	1	384	1436	2009.145161
l-band	-0.8352	-0.6073	3	259	1002	2012.949721
labile	1.1517	0.825	2	297	1174	2009.943396
laboratory	0.5048	0.2977	2	728	4970	2007.465259
laboratory experiments	-0.479	0.3937	3	217	616	2007.86255
labrador	-0.8501	-0.2195	4	140	416	2007.444614
lacustrine	0.9283	-0.6973	1	258	846	2007.772586
lag	-0.2049	0.7544	4	300	1082	2008.722821
lake	0.339	-0.4105	1	1420	38582	2008.594336
lake ice	-0.4376	-0.4952	3	418	1964	2009.314286
lake level	0.5505	-0.8108	1	265	964	2008.85623
lake sediments	1.1158	-0.1127	2	380	1518	2009.00554
lake water	0.8921	-0.3726	1	418	1838	2008.864629
land	-0.6108	0.3794	4	1347	34102	2009.148895
land surface	-0.5712	0.2186	4	636	3968	2010.371841
land use	-0.4509	0.7124	4	234	706	2011.696629
landforms	0.0094	-0.679	1	763	5414	2009.879603
landsat	-0.4664	-0.6466	3	710	5944	2010.33532
landscape	0.3274	-0.1992	1	1447	38810	2011.306963
landscape evolution	-0.0089	-1.151	1	284	1022	2010.84507
landslides	0.2217	-0.8692	1	285	948	2012.366438
language	0.9107	0.0437	2	482	2410	2016.599415
larch	0.5193	0.2517	1	369	1784	2011.157895
large	0.191	0.5184	2	463	2146	2008.616924
large-scale	-0.3435	0.0943	3	362	1250	2008.937922
larix	0.8913	0.0535	1	257	890	2010.049383
laser	-0.6502	-0.0733	3	191	490	2009.589474
late	0.4406	-0.6316	1	363	1334	2007.284726
late holocene	0.7842	-0.7992	1	160	468	2009.746114
late pleistocene	0.8231	-0.6688	1	242	778	2008.569307
late summer	0.1863	-0.702	1	269	850	2008.352034
latent	-1.0516	0.3116	4	553	3944	2008.406082
latent heat	-0.9093	-0.4024	4	377	1754	2008.125475
latent heat flux	-1.0584	0.7545	4	329	1616	2007.890244
lateral	-0.8515	-0.3941	4	206	624	2007.207447
latitude	-0.2052	0.3675	4	760	5570	2007.895631
layer	-0.0179	0.3221	4	1516	65542	2008.050692
leaching	1.2413	-0.1023	1	195	546	2009.076046
lead	0.1282	0.2247	4	497	2342	2008.141769
leaf	0.6496	0.875	2	169	456	2007.867001
learning	-0.6612	-0.4615	3	135	392	2013.029851
legacy	0.0813	-0.0479	3	282	906	2013.072351
lena	-0.1271	0.1524	4	667	4722	2009.526316
length	-0.3369	0.0625	3	546	2544	2007.902115
lenses	0.4972	-0.7177	1	249	904	2006.774295
levels	0.3002	-0.0659	1	946	8792	2008.087057
lgm	-0.0745	0.2354	1	242	870	2009.82967
lichens	0.3759	0.6668	2	269	864	2007.849478
lidar	-0.696	-0.7264	3	438	2066	2009.528468
life	0.3432	-0.6449	1	269	764	2009.496831
light	0.2166	0.0149	1	443	1752	2008.497181
lignin	1.2097	0.258	2	204	636	2009.553333
likelihood	-0.7355	0.1147	3	224	628	2010.108475
limit	-0.2508	0.0805	3	1003	8980	2008.405998
limnology	0.8408	-0.4277	1	222	628	2007.823529
line	-0.3525	-0.2746	1	639	3652	2008.353935
lineages	0.9699	0.6572	2	181	542	2010.831599
linkage	0.3437	-0.3547	1	271	774	2010.40874
links	0.0755	0.1739	2	427	1640	2010.597109
liquid water	-0.6196	-0.4997	4	364	1276	2009.581292
list	-0.1419	0.2048	3	155	386	2010.001938
literature	-0.1764	-0.2899	3	526	2242	2009.415346
lithology	0.1984	-0.4762	1	268	872	2008.606112
litter	0.1999	0.6841	2	325	1234	2008.610169
living	-0.0015	0.342	1	185	478	2008.620596
loading	0.7862	-0.5388	1	269	932	2008.487434
local scale	-0.5278	0.0879	4	277	876	2010.141667
location	-0.1024	-0.3811	1	685	3946	2008.984732
loess	0.261	-0.6182	1	426	1638	2008.760956
long-term	-0.8714	-0.0157	3	188	512	2009.940375
long-term changes	-0.3909	0.2344	4	333	1136	2010.047945
long-term trends	-0.341	-0.3527	3	285	940	2010.221667
longitude	-0.6066	-0.1746	4	246	806	2007.1875
loss	0.321	0.3922	2	1186	18098	2009.572836
low temperatures	0.3426	0.7169	2	257	846	2008.069861
lowlands	0.3324	-0.7216	1	723	4964	2009.496957
mackenzie	-0.0828	-0.7712	1	661	4680	2007.76972
mackenzie delta	0.2404	-0.8922	1	434	2276	2007.710227
macrofossils	0.9164	-0.5494	1	324	1320	2008.470803
magnitude	0.3347	0.1974	2	1140	16544	2008.764211
maintenance	-0.2336	0.2585	3	389	1464	2008.36166
major ions	1.0431	-0.344	1	268	922	2009.019355
management	-0.5216	-0.2839	3	694	4792	2011.487395
manipulation	0.2212	0.7093	2	334	1316	2008.037037
manitoba	0.2977	-0.61	1	168	448	2006.222222
mapping	-0.6751	-0.2739	3	1120	17580	2009.334683
margin	0.0868	-0.5168	1	779	5774	2007.943292
marine	0.7356	-0.4581	1	554	2680	2009.464672
marine sediments	0.8855	-0.6399	1	199	522	2009.211788
maritime	0.0195	-0.4708	1	218	582	2009.976892
markers	0.3431	0.1233	3	123	290	2010.075278
marsh	-0.1506	-0.2681	3	175	446	2007.551724
mass	0.2651	-0.1454	1	875	6902	2008.546102
mass balance	0.918	-0.6404	1	171	450	2009.052377
materials	0.6136	-0.3966	1	682	3912	2009.392738
matrix	-0.2013	-0.5464	1	263	740	2008.834951
mats	0.4226	0.0969	2	363	1298	2008.356962
mature	0.5801	-0.2844	1	235	744	2007.037963
maximum	-0.0497	0.2108	1	856	6674	2008.02311
meadow	0.0809	0.823	2	784	8200	2009.936809
mean	-0.5837	0.157	4	1082	14100	2008.418412
measurements	-0.3899	0.1096	3	1353	34534	2008.052338
mechanisms	0.2459	0.1134	2	1101	11582	2009.236736
media	-0.5377	-0.4394	3	212	568	2009.719376
melt	0.1171	-0.4412	1	863	7222	2009.845955
meltwater	0.3272	-0.5634	1	381	1556	2009.245847
mercury	0.9966	-0.453	1	139	346	2009.79449
mesh	-1.0849	0.0361	4	183	548	2009.013699
metabolism	1.1878	0.7684	2	271	1120	2008.643756
metals	0.8861	0.2315	2	229	602	2008.289393
meteorological	-0.8094	0.4533	4	498	2550	2007.852068
meteorological conditions	-0.5255	-0.2995	4	331	1140	2009.163205
meteorological data	-0.9079	0.1709	4	410	1742	2009.253165
meteorological stations	-1.2801	0.1737	4	356	1970	2012.078431
methane	0.6119	0.5934	2	1117	20032	2010.061798
methane emissions	0.1144	0.607	2	544	3228	2011.465909
methanogenesis	1.1413	0.6161	2	539	4128	2011.760181
method	-0.5544	-0.0787	3	1252	22058	2009.830294
methodology	-0.8797	-0.0771	3	452	1924	2011.295783
metrics	-0.5902	-0.1608	3	452	1774	2014.812392
mg	0.7323	0.13	2	502	2616	2007.101832
mg2+	1.0401	-0.4247	1	280	970	2007.827434
microbes	0.8779	0.7276	2	367	1644	2011.536273
microbial	1.0764	0.6048	2	467	2548	2010.626789
microbial activity	1.0856	0.7251	2	329	1350	2010.190141
microbial biomass	1.2699	0.5955	2	202	702	2008.039823
microbial communities	1.2735	0.702	2	430	2938	2012.397872
microclimate	-0.199	-0.7883	1	181	508	2008.851695
microorganisms	1.1943	0.6288	2	342	1492	2010.505772
microwave	-1.2212	-0.0841	3	340	1628	2008.54041
mid-holocene	0.6491	-0.4577	1	262	856	2010.212276
migration	0.1276	-0.5994	1	563	2896	2008.7381
mineralogy	0.6065	-0.345	1	170	458	2008.116528
minerals	0.9663	0.3068	2	855	8342	2008.51401
minimum	-0.1971	-0.604	1	403	1586	2007.387903
mining	-0.3859	-0.6647	3	128	300	2010.723278
mire	0.9695	-0.2213	1	284	982	2009.158416
mis	0.8302	-0.5792	1	171	520	2011.354962
mismatch	-0.6803	0.8711	3	144	400	2011.443769
mitigation	-0.5142	0.3784	3	411	1822	2013.45799
mixing	0.5135	0.1707	2	507	2200	2008.011628
mixture	0.8458	0.2412	2	209	514	2008.223491
mn	0.955	-0.1613	2	188	502	2008.319085
mobility	0.9139	-0.0817	2	455	2210	2009.179399
mode	-0.2195	-0.3745	3	620	3440	2009.290859
model	-0.5018	0.3645	4	1514	72156	2009.337703
model performance	-0.9266	0.7489	4	354	1468	2012.341463
model simulations	-0.3615	0.8303	4	390	1708	2010.372611
modeling	-0.62	0.0887	4	1222	23136	2009.934739
moderate resolution imaging spectroradiometer	-1.4053	-0.0214	3	162	496	2013.266272
modern	-0.8228	-0.5027	4	149	392	2009.175637
modification	0.5926	-0.0159	1	258	812	2007.905808
modis	-1.2703	0.174	3	398	2238	2013.329356
modulation	-0.7385	0.7871	4	383	1702	2009.930686
moisture	-0.1385	0.547	4	1333	30658	2009.760344
moisture content	-0.211	0.5398	4	411	1966	2009.142857
molecules	0.9375	0.5579	2	183	530	2008.557498
mongolia	-1.0654	0.0169	4	257	1046	2011.197183
monitoring	-0.6762	-0.254	3	1104	15340	2010.807096
monsoon	-0.913	0.7277	4	214	806	2010.687995
monte carlo	-0.4619	-0.1623	3	303	982	2009.492891
moraines	0.5811	-0.6281	1	236	688	2008.685455
morphology	0.399	-0.5044	1	661	3830	2008.65515
morphometry	0.1934	-0.4852	1	309	1024	2010.227074
mosaic	0.0527	-0.4481	1	423	1796	2008.656347
moss	0.2367	0.4602	2	551	3110	2008.144966
mounds	0.6281	-0.2647	1	486	2224	2008.832827
mountain permafrost	-1.1297	-0.3653	3	211	738	2010.403846
mountains	-0.5054	-0.2068	3	896	9082	2008.872376
movement	-0.2007	-0.644	1	711	5160	2008.271565
mud	0.5543	-0.4113	1	204	528	2007.33631
multimodel	-1.3486	0.6593	4	165	518	2013.652174
multivariate	0.1348	-0.3497	1	224	604	2009.5132
n-15	1.1204	0.2203	2	312	1150	2011.610183
n2o	0.9636	0.642	2	320	1582	2006.084175
na	0.8739	-0.4511	1	343	1202	2007.315166
nasa	-1.0555	-0.0874	3	294	1044	2008.399776
national	-0.4278	-0.1864	3	635	3526	2008.772338
national park	-0.1543	-0.6791	1	250	744	2009.008333
natural conditions	-1.1799	0.3638	3	154	432	2008.072626
nature	-0.2035	-0.4887	1	694	3828	2008.656757
ndvi	-0.6873	0.5727	3	441	2376	2012.252078
near-surface	-0.6545	-0.1593	4	677	5026	2010.043197
negative feedback	0.1803	-0.539	1	169	440	2009.88961
nests	-0.743	-0.8706	3	214	740	2007.605233
net	0.755	0.835	2	310	1182	2007.445437
net primary production	-0.0055	1.1332	2	285	1242	2009.877778
net radiation	-1.0304	0.4906	4	319	1418	2006.729592
network	-0.3856	-0.3041	3	947	9034	2010.903467
nitrate	1.0862	0.0745	2	235	680	2006.813953
nitrification	1.1628	0.1667	2	223	724	2009.959839
nitrogen	0.8936	0.2445	2	940	10124	2008.545217
nitrous oxide	1.323	0.6332	2	150	514	2009.241379
nmr	1.0708	0.4392	2	276	1032	2009.810345
no3-	0.9853	-0.3002	1	235	708	2006.729089
noaa	-0.8726	0.003	4	267	842	2007.517241
nonlinear	0.9495	0.3483	2	158	412	2009.752443
north	-0.1914	-0.0544	3	1164	15058	2008.467015
northern	-0.3575	0.2552	3	1023	11390	2008.895353
northern hemisphere	-0.5488	0.3021	3	384	1474	2006.369048
northern latitudes	0.3629	0.5499	2	347	1188	2010.133929
northern regions	-0.0616	0.0167	4	392	1636	2010.215962
northwest	-0.0557	-0.7041	1	841	7884	2007.741751
northwestern	0.7548	-0.7934	1	168	448	2007.018809
norway	0.0942	0.3693	4	283	956	2008.07857
npp	-0.2696	1.1175	4	294	1174	2011.442396
numerical	-0.917	-0.1753	4	422	2112	2008.275796
numerical experiments	-0.9662	0.752	4	307	1198	2008.379421
numerical model	-0.9153	-0.2982	4	589	3750	2009.402024
numerical simulations	-1.0038	-0.1699	4	376	1612	2010.703281
nunavik	0.1659	-0.3458	1	299	1024	2011.628378
nunavut	0.4827	-0.5338	1	381	1732	2010.865177
nutrient availability	1.1395	0.6336	2	302	1122	2009.21
nutrient concentrations	1.0868	0.138	2	199	572	2008.081784
nutrients	0.8672	0.1521	2	798	6720	2008.853671
nwt	0.4511	-0.7493	1	451	2312	2003.894737
o-18	0.7036	-0.6692	1	473	2394	2010.996841
o-2	0.5849	0.5605	2	226	746	2008.08284
ob	-0.8552	0.8347	4	201	676	2007.588415
objective	0.5006	0.1107	2	612	3148	2010.060845
observational data	-0.7671	0.6947	4	325	1308	2009.774451
observations	-0.5077	0.0358	4	1378	34970	2008.912908
observatory	0.2508	0.119	2	509	2616	2009.994463
oc	0.9226	-0.0071	2	555	3310	2008.989708
occurrence	-0.0713	-0.3366	1	831	5872	2008.878622
ocean	-0.1865	0.0032	1	657	3468	2009.205801
offset	-0.8729	-0.3311	4	451	2458	2008.77455
oil	0.1145	-0.7353	1	398	1576	2008.786318
online	-0.0419	0.5457	3	130	358	2013.33125
onset	-0.4339	-0.0905	4	560	2998	2008.982999
ontario	-0.7632	-0.8752	3	146	432	2007.53507
open water	-0.4206	-0.4087	3	324	1098	2007.546044
operation	-0.6411	-0.0046	3	332	1108	2010.347293
optimization	-0.7	0.1579	3	204	652	2011.222714
optimum	0.2934	-0.5709	1	159	396	2008.096154
order	-0.0073	-0.0071	3	1135	13256	2008.447395
ordination	0.4984	0.231	2	204	618	2007.978648
organic carbon	0.9837	0.1283	2	1014	13178	2009.755902
organic material	-0.1894	-0.1135	3	283	868	2006.635294
organic matter	0.9738	0.2446	2	862	8132	2009.596667
organisms	0.8381	0.1737	2	817	6288	2009.338918
orientation	-0.5138	-0.4491	3	267	844	2007.578043
origin	0.6115	-0.4915	1	584	2772	2007.989853
oscillation	-0.3756	-0.5428	1	257	838	2009.592581
outcomes	0.7231	0.2581	2	200	526	2011.660682
outflow	0.2045	-1.0201	1	152	400	2007.944625
overview	0.0063	0.0801	3	297	932	2009.462544
oxidation	1.1098	0.4567	2	604	4224	2008.677981
oxygen	1.0628	0.1181	2	602	3812	2007.912214
pace	0.1805	0.742	2	167	430	2010.591093
pacific	-0.0865	-0.4713	1	293	946	2009.069612
pack	-0.3626	-0.1441	4	243	754	2006.469572
paleoclimate	0.3254	-0.4583	1	283	986	2010.143169
panel	-0.3109	0.8986	4	251	998	2010.594747
parameterization	-0.8425	0.6613	4	608	4478	2009.170118
parameters	-0.2536	0.3316	4	1167	16634	2008.858581
part	-0.1653	-0.0233	1	1109	13014	2007.996794
particles	0.2265	0.2434	2	425	1820	2007.800157
particulate	1.143	0.0669	2	384	1598	2008.000476
particulate organic carbon	0.7905	-0.318	1	176	456	2009.040422
particulate organic matter	1.1475	0.0358	2	270	838	2007.734286
partitioning	0.1834	0.7215	2	431	1968	2008.418708
past	0.4997	-0.5115	1	420	1608	2009.286247
patches	-0.1769	0.2443	4	583	3032	2008.056469
patchiness	-0.0936	0.399	3	190	508	2007.408163
pathways	0.3113	0.5119	2	897	9028	2011.336845
patterns	0.0488	-0.063	1	1325	25572	2008.797625
pca	0.8907	-0.0799	2	178	478	2009.970588
peat	0.5763	-0.1074	1	1115	14570	2009.3151
peatlands	0.5009	-0.0496	1	967	11582	2010.87659
penetration	-0.8355	-0.62	3	455	2416	2007.556604
peninsula	0.2764	-0.3222	1	743	5520	2008.446514
percolation	-0.9499	0.4772	4	138	364	2008.430108
performance	-1.061	0.3269	4	765	6908	2010.724359
periglacial	-0.5558	-0.708	3	248	762	2008.855019
period	-0.2429	-0.2316	1	1396	32970	2008.417828
permafrost	0.0507	0.0347	1	1585	142410	2011.237578
permafrost conditions	-0.62	-0.1497	4	682	4550	2010.794286
permafrost degradation	-0.023	-0.2067	1	1243	21738	2013.537453
permafrost distribution	-0.8627	-0.0241	4	713	5524	2011.234043
permafrost regions	-0.4048	0.5249	4	1172	21150	2013.298387
permafrost soils	0.7419	0.4407	2	772	6320	2012.807692
permafrost table	0.097	-0.4641	1	720	5160	2010.435028
permafrost thaw	0.5517	0.1783	2	1143	18992	2014.88806
permeability	-0.0106	-0.6015	1	323	1270	2009.336066
persistence	0.1625	-0.5019	1	463	1814	2010.336061
perspective	-0.0793	0.17	4	428	1716	2010.824219
perturbations	0.2564	-0.2724	1	481	1960	2008.294041
petroleum	-0.073	-0.7726	1	148	432	2009.233051
pf	-0.7743	0.3983	3	152	424	2008.508876
ph	0.9766	0.3423	2	642	4284	2009.610028
phase	-0.6315	0.2558	4	915	9546	2008.459023
phenology	-0.3114	1.0208	4	210	656	2011.944128
phenomena	-0.8212	-0.1832	3	299	978	2008.558488
phosphorus	0.9196	0.3586	2	470	2430	2008.389978
photogrammetry	-0.6854	-0.7775	3	224	716	2012.265537
photographs	-0.1897	-0.8921	1	526	2678	2008.533026
photography	-0.215	-0.9027	1	347	1312	2009.470588
photosynthesis	0.1409	1.0337	2	329	1256	2007.240163
phyla	1.1617	0.6881	2	151	450	2012.095
physical processes	-0.365	-0.1134	4	331	1092	2008.985554
physical properties	0.1178	0.0882	4	351	1328	2009.229202
physics	-0.5984	0.2672	4	639	4064	2008.705202
physiology	0.0844	0.679	2	174	458	2010.345151
phytoplankton	1.2062	0.2019	2	152	438	2007.964951
picea	0.7233	-0.4222	1	278	950	2007.15991
pipeline	-0.8252	-0.7264	3	217	714	2011.01676
pits	-0.166	-0.6306	1	508	2366	2007.852751
place	0.0661	-0.3165	1	421	1658	2007.525068
planning	-0.8091	-0.1034	3	381	1646	2012.670807
plant	0.6721	0.4907	2	1066	13942	2008.777628
plant biomass	0.8765	1.0053	2	197	644	2009.223684
plant communities	0.5327	-0.0535	1	309	1064	2008.929095
plant growth	0.2381	0.9593	2	408	2118	2008.567944
plant macrofossils	0.989	-0.5969	1	214	664	2009.75641
plateau	-0.4107	0.4182	4	1302	32402	2009.592112
platform	-0.7575	-0.4666	3	271	782	2009.532067
pleistocene	0.7132	-0.4788	1	587	3370	2008.069475
plot	-0.1077	0.5917	4	297	1040	2007.82643
polar	-0.8233	-0.133	3	364	1460	2007.529419
polar regions	-0.9388	0.0529	3	182	476	2009.410444
pole	-0.5726	0.6526	4	179	446	2006.940757
policy	-0.7298	0.2841	3	256	808	2012.234091
pollen	0.8851	-0.4936	1	381	1926	2007.848552
polygons	0.4075	-0.166	1	934	9778	2009.931646
ponds	0.5573	-0.2618	1	912	8892	2009.15182
pools	0.544	0.4085	2	762	6052	2009.038062
population	0.4892	0.1456	2	449	1786	2008.672858
pore	0.5509	-0.3372	1	585	3044	2009.423041
pore water	0.7603	-0.4719	1	289	872	2010.2625
porosity	-0.5031	-0.2947	4	367	1564	2009.180556
position	-0.0722	-0.6344	3	552	2932	2008.558417
positive feedback	0.4376	0.9502	2	495	2840	2009.79703
potassium	0.3695	1.089	2	165	636	2007.075658
potential	0.4958	0.162	2	1035	11046	2010.240353
power	-0.2149	0.6762	2	363	1356	2009.270091
practice	-0.2779	-0.7201	1	138	344	2011.243151
precipitation	-0.0988	-0.0033	4	1279	24992	2009.731557
precision	-0.6529	-0.132	3	400	1516	2008.835605
predictions	0.0239	0.5142	2	979	10028	2009.897678
predictors	0.8444	0.4766	2	266	868	2011.173313
present	-2e-04	-0.157	1	401	1442	2007.990715
present day	-0.2902	0.6718	4	268	960	2009.056396
preservation	0.8857	-0.271	1	489	2380	2009
pressure	-0.0118	0.1158	2	551	2454	2008.310217
prevalence	0.7686	0.0275	2	323	1066	2009.527397
primary	-0.0902	1.1346	2	272	990	2008.039326
primary production	1.1478	0.083	2	341	1388	2008.93764
principal component analysis	0.8701	0.0544	2	224	662	2008.970381
probability	-0.8056	-0.1423	3	410	1746	2009.789859
probe	-0.364	-0.0246	3	329	1332	2007.984576
procedures	-0.7101	0.3681	3	277	914	2007.300565
processes	0.0209	0.0889	4	1521	54890	2009.595773
production	0.6479	0.5827	2	1179	19774	2008.644816
production rates	1.1981	0.6862	2	258	994	2007.128964
profiles	0.2499	0.2701	2	1149	15900	2007.935203
programme	-0.7146	-0.4576	3	217	634	2007.667702
progress	-0.175	-0.4743	1	446	1844	2009.283491
project	-0.5974	0.576	4	1017	13000	2010.706868
propagation	-0.5898	-0.2204	3	316	1014	2008.888573
properties	0.0097	0.2202	4	1309	25932	2009.393254
proportion	0.4894	0.0166	2	677	3958	2007.916222
protection	-0.1487	0.3404	3	547	2668	2009.520692
proteobacteria	1.2354	0.7241	2	163	490	2011.9825
protocol	-0.6608	0.517	3	212	574	2010.678419
province	-0.2749	0.2662	3	262	888	2008.267085
proximity	0.0503	-0.8685	1	411	1684	2009.550413
proxy	0.6279	-0.2564	1	599	3142	2011.318436
prudhoe	-0.4755	-0.4264	3	394	1722	2003.214912
publications	-0.7278	7e-04	3	144	368	2010.741127
pulses	0.161	-0.4313	1	285	894	2008.041077
qinghai-tibet plateau	-0.8553	0.1113	4	897	13872	2014.506596
qinghai-tibetan plateau	0.0454	0.8588	2	677	6372	2013.507853
qtp	-0.7232	0.4686	4	767	7820	2015.849057
quality	0.1653	0.17	2	815	6000	2010.189742
quantification	-0.6275	0.1488	3	583	3252	2011.260355
quantitative	-0.5432	-0.7544	3	249	760	2008.199341
quaternary	0.5758	-0.4698	1	443	1848	2007.507274
quebec	0.4997	-0.3417	1	512	2824	2006.453245
radar	-0.7662	-0.6279	3	842	9776	2008.748589
radiation	-0.5204	0.5863	4	741	6342	2008.357553
radiocarbon	0.8946	-0.2467	1	677	5146	2008.360863
radiocarbon dates	0.8917	-0.5568	1	254	816	2007.743738
radiometer	-1.0758	-0.2855	3	228	752	2007.88206
railway	-0.9936	-0.1884	3	254	922	2011.704082
rain	0.4096	-0.3679	1	367	1414	2008.573092
rainfall	-0.0373	-0.4156	1	701	5020	2010.725018
random	-0.8964	-0.038	3	213	628	2009.01845
range	-0.3964	0.1353	3	1185	16998	2008.574661
rapid	0.5442	0.2479	2	485	2458	2009.260784
rapid changes	-0.3308	-0.4955	1	308	954	2010.078616
ras	-0.6823	0.9958	4	136	480	2012.302326
rates	0.5471	0.2782	2	1297	26092	2007.943562
ratio	0.5512	0.0697	2	1089	13038	2007.736208
rcp	-0.7063	1.0009	4	430	2504	2016.117021
rcp4.5	-0.8824	0.7763	4	351	1872	2016.133333
rcp8.5	-0.864	0.85	4	467	3086	2016.570342
reach	0.8735	-0.5777	1	218	588	2009.485915
reaction	1.0151	0.208	2	227	712	2006.276225
reactivation	1.0097	-0.0881	2	149	362	2008.02
reanalysis	-1.2543	0.3869	4	488	3136	2012.692568
reanalysis data	-1.2053	0.3025	4	254	888	2012.770178
reason	-0.3822	0.9597	4	291	1070	2009.101523
recent	0.2907	-0.1664	1	791	5700	2008.930233
recession	-0.0621	-0.8374	1	328	1640	2008.987013
recharge	-0.0374	-0.8295	1	459	2458	2010.934109
recognition	0.3317	-0.6008	1	229	670	2008.848394
recommendations	-0.6935	-0.4564	3	213	572	2011.232852
reconstruction	0.3975	-0.3957	1	656	4018	2009.991292
record	0.235	-0.5495	1	772	5624	2008.636847
recovery	0.3329	-0.2833	1	514	2564	2009.497477
redistribution	-0.0816	-0.6808	1	521	2728	2009.02246
redox	1.0621	0.398	2	335	1266	2011.434659
reduction	0.4036	0.5072	2	868	7360	2009.195696
reflection	-0.4801	-0.4732	3	466	1954	2008.516981
regime	-0.5488	-0.1567	4	1253	23932	2008.761852
region	-0.2064	0.0453	3	1569	84990	2009.213913
regional climate	-0.3014	0.3473	4	454	2038	2011.116505
regional climate model	-0.9973	0.5035	4	239	868	2012.050473
regional differences	-0.7247	-0.3054	4	207	572	2009.450602
regional scale	-0.576	0.3765	3	442	1992	2010.146771
regression	-0.0485	0.4864	2	758	5898	2009.585498
regulation	-0.4842	0.6872	4	209	608	2009.381818
relationship	0.1744	0.3034	2	1225	19222	2008.880832
relative abundance	1.198	0.4213	2	291	986	2009.354188
relative importance	0.4715	0.2861	2	356	1310	2008.995506
release	0.6499	0.471	2	1092	15810	2009.408827
reliability	-1.1129	0.2892	4	261	830	2010.529737
relict	0.6597	-0.6384	1	259	894	2008.504
relief	0.0031	-0.7255	1	369	1396	2008.031686
remote	-0.7998	-0.5457	3	767	6472	2010.867397
remote areas	-0.31	0.009	3	255	778	2009.37551
remote sensing	-0.635	-0.5303	3	788	6872	2011.422546
removal	0.0817	-0.0883	3	473	2146	2008.282275
repeat	-0.4516	-0.8107	3	245	762	2008.892922
representation	-0.4812	0.8066	4	742	6808	2010.830294
requirements	-0.656	-0.0116	3	324	1082	2008.486324
res	0.177	0.4146	1	433	1828	2009.597305
research	-0.5414	-0.0271	3	1207	18532	2010.476977
reserves	0.1462	-0.0624	3	296	864	2007.674038
reservoir	0.5248	0.3536	2	597	3206	2009.794696
residence	0.8078	-0.1559	1	427	1746	2007.93816
residence time	0.9611	-0.2902	1	321	1050	2007.917391
resilience	0.3872	-0.0724	1	399	1596	2013.85832
resistance	-0.3793	-0.7115	3	545	2868	2009.811343
resolution	-0.8248	-0.1171	3	1115	17332	2009.55055
resonance	1.1164	0.3749	2	324	1238	2008.954678
resources	-0.5718	-0.2188	3	810	7082	2010.858496
respect	-0.1014	-0.0244	3	685	4184	2008.283557
respiration	0.597	0.867	2	949	12786	2008.833429
respiration rates	0.4485	1.0978	2	220	744	2008.148148
response	-0.0131	0.3857	4	1362	29500	2009.573466
rest	-0.0946	0.7621	4	377	1476	2007.845899
restoration	-0.606	0.4437	3	159	424	2009.325301
result	0.2479	-0.132	1	1132	13866	2008.151944
retention	-0.2936	0.4655	4	339	1242	2008.612195
retreat	-0.0601	-0.5691	1	480	2188	2010.543237
retrieval	-1.2475	0.0087	3	374	1800	2010.435006
reveals	-0.4799	-0.5062	1	529	2732	2010.570102
review	-0.1325	-0.2766	3	575	2864	2009.601815
richness	0.4502	0.5501	2	238	854	2010.853254
ridge	0.578	-0.1496	1	425	1664	2007.505288
rights	-0.0825	-0.0952	3	1281	21736	2009.549068
risk	-0.2956	-0.155	3	589	3230	2011.114812
river	-0.2494	-0.2616	1	1294	25504	2009.320924
river discharge	-0.2701	-0.9405	1	373	1526	2010.513854
river runoff	-0.731	0.6538	4	189	584	2009.804348
riverine	0.5262	-0.4764	1	231	634	2010.505639
road	-0.4778	-0.6125	3	442	1926	2010.853081
robustness	-0.2755	-0.8787	3	162	444	2012.541485
rock glaciers	0.0533	-0.6863	1	219	644	2010.002532
rocks	-0.0848	-0.555	1	446	1842	2007.751648
role	0.2684	0.4019	2	1233	19458	2010.178923
root	-0.1595	0.5095	4	698	4366	2009.331514
roughness	-0.7693	0.1611	3	297	1032	2008.317614
routes	-0.2653	-0.5233	1	235	736	2010.541845
rrna	1.3285	0.6439	2	216	916	2011.554499
rules	-0.4562	0.0065	3	159	408	2009.394984
run-off	0.0187	-0.2404	1	207	580	2009.101449
runoff	-0.004	-0.4839	1	922	10980	2010.241084
russia	-0.1872	0.1347	4	865	7000	2008.97832
russian	-0.2812	0.298	3	515	2386	2009.19962
safety	-0.8279	-0.1595	3	170	468	2012.662963
salinity	0.3193	-0.2157	1	379	1370	2008.2244
salix	0.8944	0.0583	1	195	560	2007.753876
salt	0.7439	-0.5918	1	233	724	2007.657298
sample	0.0978	0.0208	3	764	5136	2008.715721
sand	0.2644	-0.5559	1	613	3254	2007.989268
sandy	0.3301	-0.6206	1	200	602	2007.567485
sar	-0.9318	-0.5323	3	511	3312	2008.6645
satellite	-0.6505	-0.4837	3	954	11118	2009.46691
satellite data	-0.9371	-0.232	3	450	2274	2009.788853
satellite imagery	-0.3642	-0.7815	3	483	2442	2010.11368
satellite images	-0.185	-0.6451	1	359	1300	2010.376963
satellite observations	-0.7874	-0.4897	3	189	524	2011.156545
saturation	0.162	0.4367	2	535	3026	2008.751023
scale	-0.3695	0.1691	3	1328	27492	2009.692551
scanning	-0.8508	-0.3474	3	224	660	2009.812339
scattering	-0.8042	-0.5061	3	187	508	2007.015889
scenarios	-0.4919	0.6408	4	1034	16212	2011.166554
science	-0.5831	0.0931	3	505	2600	2002.851791
se	0.1331	-0.1627	3	245	626	2008.4
sea	-0.1364	-0.4652	1	757	4948	2008.689398
sea coast	0.5453	-0.6677	1	192	572	2008.509709
sea ice	-0.5296	-0.4033	3	359	1296	2010.083703
sea level	-0.4451	-0.5133	3	295	960	2008.698807
season	0.0401	0.4287	2	1329	28198	2009.082749
seasonal changes	0.2442	0.9883	2	340	1312	2008.582435
seasonal cycle	-1.1457	0.1156	4	161	432	2008.792717
seasonal dynamics	0.197	0.7759	2	180	580	2010.491329
seasonal pattern	0.2454	0.4866	2	248	760	2008.062651
seasonal variability	-0.0994	-0.8672	1	278	1030	2009.932458
seasonal variation	0.2763	0.5094	2	358	1410	2007.929683
sections	0.3826	-0.2613	1	428	1568	2007.337998
sedge	0.676	0.1797	2	431	1888	2006.248252
sediment cores	0.9432	-0.5291	1	315	1180	2009.210033
sediment transport	0.912	-0.7486	1	234	796	2009.273616
sedimentology	0.7407	-0.8143	1	201	634	2007.913758
sediments	0.6767	-0.4844	1	1154	17564	2008.031847
seeps	0.9078	-0.2135	2	160	460	2011.609442
segments	-0.2465	-0.7138	3	336	1380	2008.049369
segregation	0.7353	-0.6372	1	231	730	2008.580398
selection	0.0282	-0.0113	3	271	830	2009.482489
sensible heat flux	-1.0804	0.7172	4	301	1356	2007.631313
sensing	-0.7382	-0.4992	3	794	6734	2011.019623
sensitivity	-0.0559	0.6402	2	1133	16226	2009.595052
sensitivity analysis	-0.4092	0.3446	3	333	1300	2010.599156
sensors	-0.7191	-0.1667	3	613	3372	2009.759019
separation	-0.6248	-0.454	3	287	1050	2007.566611
sequence	1.0128	0.1955	2	636	3818	2008.880269
sequestration	0.3756	0.6437	2	455	2110	2011.605607
series	-0.7182	-0.0866	3	974	10640	2008.676664
service	-0.3111	0.2457	3	366	1380	2012.189453
settlement	-0.5936	-0.5764	3	500	2646	2009.707972
severity	0.099	0.2506	5	364	1654	2010.095915
shallow water	-0.1329	-1.0492	1	182	524	2007.041667
shape	-0.2271	-0.3245	3	433	1692	2008.770625
shelf	0.434	-0.1897	1	216	708	2008.672172
shelves	0.334	-0.4761	1	194	490	2009.828045
shield	0.0563	-0.4847	1	197	514	2007.13964
shift	0.5627	-0.0333	1	991	10640	2010.334777
shore	0.5373	-0.8221	1	381	1538	2007.399663
shoreline	0.2608	-0.5454	1	479	2104	2007.724965
short-term	0.5627	-0.5645	1	196	574	2008.362637
shortwave	-1.0837	0.4188	4	255	818	2010.126492
shrinkage	-0.2587	-0.6814	1	260	842	2011.221649
shrub	0.353	0.057	1	660	3762	2009.422878
siberia	0.1841	0.0163	1	1138	16300	2009.391116
siberian	0.3638	0.2611	1	773	5900	2010.123978
siberian arctic	0.9175	0.0146	1	332	1336	2010.608187
signal	0.0357	-0.1762	1	739	4380	2009.224031
signatures	0.8481	-0.2192	2	397	1622	2009.339117
significance	-0.2128	-0.2914	3	443	1822	2008.013281
silt	0.4274	-0.4429	1	396	1582	2008.020408
similarity	0.255	-0.0865	2	257	726	2009.020248
simulations	-0.7961	0.5173	4	1158	25090	2010.182554
sink	0.3841	0.9869	2	657	5528	2008.9164
sites	-0.0839	0.2341	4	1471	45744	2008.514265
size	0.3056	-0.2651	1	1075	11640	2008.248059
skill	-0.9748	0.24	3	188	480	2012.574869
sliding	0.1474	-0.9186	1	212	612	2008.471196
slope	0.0035	-0.3418	1	1180	16504	2008.522006
snow	-0.8762	-0.0658	4	995	13118	2008.843053
snow accumulation	-0.9037	-0.2819	3	352	1380	2008.890244
snow cover	-1.3448	0.2363	4	215	794	2012.370588
snow depth	-0.9313	0.023	4	701	5874	2011.340979
snowfall	-0.5399	-0.5165	4	402	1878	2010.160714
snowmelt	0.2121	-0.713	1	669	4338	2009.443804
snowpack	-0.847	0.2813	4	396	1854	2009.730081
so42-	1.0155	-0.4539	1	288	1046	2006.549689
soc	0.5205	0.6263	2	853	10168	2012.467925
society	-0.4623	-0.3445	3	362	1294	2008.419795
software	-0.7488	-0.1845	3	288	852	2011.491499
soil	0.0645	0.4795	2	1564	103246	2010.0138
soil carbon	0.3627	0.905	2	695	5918	2013.019417
soil moisture	0.0459	0.705	4	1026	14724	2011.120729
soil organic carbon	0.4392	0.597	2	898	10950	2014.01626
soil organic matter	0.9754	0.5551	2	681	5854	2011.209459
soil properties	-0.0308	0.4773	2	784	6274	2012.221429
soil respiration	0.3568	0.8474	2	501	2870	2010.590476
soil temperature	-0.5458	0.7914	4	1126	21436	2010.662857
solar radiation	-0.2376	0.2363	4	364	1614	2009.055833
solifluction	0.1433	-0.8529	1	300	990	2007.692771
solution	0.047	-0.3831	1	881	7746	2008.161376
som	1.0468	0.554	2	505	3454	2012.532189
sound	-0.4905	-0.5609	3	167	418	2007.411115
source	0.1923	0.3264	2	1327	26398	2008.933035
source areas	-0.968	0.1852	4	307	1184	2007.934132
source region	-1.0329	0.7045	4	229	904	2008.219745
south	-0.1311	-0.212	1	572	3176	2007.747219
southern boundary	-0.7312	-0.1809	4	220	678	2006.286624
southwest	0.3586	0.2283	2	186	466	2008.084584
space	-0.4773	-0.1045	3	586	2976	2009.527303
span	0.0347	-0.9343	1	215	652	2008.666667
sparse	0.0238	0.1063	1	251	746	2009.608974
spatial	-0.2773	0.219	3	760	6148	2009.53617
spatial distribution	-0.5076	0.1924	3	807	6870	2010.361231
spatial extent	0.0204	-0.6355	1	353	1224	2011.278351
spatial heterogeneity	-0.1083	0.8747	2	317	1314	2011.909091
spatial patterns	-0.5969	-0.1816	3	557	3028	2010.619556
spatial resolution	-0.7146	-0.2344	3	471	2054	2010.654237
spatial scales	-0.8364	0.5108	3	426	1886	2009.793421
spatial variability	-0.3928	0.4575	3	593	3456	2009.941935
spatial variation	-0.1219	0.4102	2	635	3954	2009.989535
species	0.6617	0.2453	2	773	5540	2008.521336
species composition	0.8232	0.5834	2	170	508	2007.678414
species richness	0.3495	0.5422	2	181	552	2010.025611
spectra	0.9668	0.0411	2	271	864	2007.31392
spectral	0.4893	0.0037	2	211	624	2008.296703
spectrometry	0.9734	0.1134	2	301	1014	2008.95
spectroradiometer	-1.4051	-0.0225	3	162	496	2012.221622
spectroscopy	0.9178	0.3333	2	392	1612	2008.882646
spectrum	-0.1349	-0.1779	3	238	658	2007.745108
speed	-0.9363	0.299	4	344	1272	2008.86489
sphagnum	0.8234	-0.015	1	371	1418	2008.697595
spitsbergen	0.0294	-0.0248	4	241	778	2008.405823
spots	0.2759	0.3993	2	421	1702	2009.61157
spread	-0.217	0.7491	4	275	942	2008.634921
spring	-0.1396	0.1704	4	983	11224	2008.097068
spruce	0.5076	-0.2521	1	571	3670	2007.055077
sr	0.9697	0.0534	2	196	556	2007.272868
ssm/i	-1.2518	0.2429	3	158	460	2004.868805
st	-0.4595	0.8918	4	162	484	2007.705882
stability	0.2441	0.1792	2	982	10212	2009.500887
stable isotopes	0.762	-0.67	1	502	2812	2010.986373
stage	0.6679	-0.1575	1	880	7400	2008.259718
standard	-0.5976	0.4075	3	391	1540	2008.650912
standard deviation	-0.7231	0.2396	3	393	1484	2009.368356
state	-0.1839	0.1724	3	1095	12474	2009.742678
stations	-1.0526	0.1505	4	708	6564	2007.983598
statistical analyses	0.3027	0.5679	2	155	392	2010.479769
statistical analysis	-0.7207	0.5243	3	211	632	2009.976139
statistical model	-1.0161	-0.4278	3	191	606	2009.650307
statistics	-0.6193	-0.065	3	520	2620	2009.312095
status	-0.3794	-0.0092	3	599	3066	2009.341864
steppe	0.0991	0.9488	2	478	3300	2010.29052
steps	-0.5874	-0.1841	3	303	958	2009.019451
stock	0.5468	0.5069	2	1048	14142	2007.807479
stoichiometry	1.1894	0.5387	2	168	460	2011.030568
storage	0.3101	0.103	1	1090	15086	2010.328125
store	1.0225	-0.0475	2	413	1742	2011.108911
storm	0.1829	-0.5259	1	288	904	2008.742366
strategies	-0.4944	0.0239	3	627	3508	2010.305877
stratification	0.3897	0.4456	2	354	1332	2009.44012
stratigraphy	-0.0893	-0.8761	1	367	1296	2007.119691
stream	0.3333	-0.7611	1	768	6176	2008.836139
streamflow	-0.2772	-0.802	1	447	2620	2011.25
strength	-0.1855	0.2329	3	687	4300	2009.266467
stress	0.5845	0.6305	2	345	1256	2009.003348
structure	0.2986	0.2386	2	1105	12648	2008.655706
subarctic	0.3558	-0.4946	1	662	3930	2009.71978
subsidence	0.0399	-0.5588	1	893	8938	2007.462963
substrate	0.6296	0.2685	2	705	4544	2008.452754
subsurface	-0.3289	-0.4703	1	1096	15270	2009.927347
succession	0.6509	-0.0386	1	542	3206	2008.154965
sugars	1.2341	0.475	2	209	718	2009.507979
suitability	-0.3803	0.066	3	293	906	2011.117773
sulfate	0.8666	0.1683	2	209	570	2007.17354
summer	-0.0633	-0.0027	1	1336	27438	2008.716639
summer precipitation	0.0163	-0.903	1	231	772	2009.947059
summer season	-0.5299	0.7322	4	235	704	2009.599483
summer temperatures	0.1054	-0.605	1	280	860	2008.977369
summertime	-0.6006	0.5943	3	200	570	2009.23617
supply	0.3074	-0.31	1	595	2976	2008.462921
support	-0.2875	-0.1059	3	678	3314	2009.291409
suppression	0.7486	0.6901	2	196	578	2009.225728
surface	-0.2601	0.0936	4	1553	79744	2008.863385
surface air temperature	-1.0087	0.6437	4	277	1086	2011.034003
surface albedo	-0.6958	0.7858	4	285	1038	2009.227533
surface area	0.2031	-0.6524	1	463	2296	2007.638484
surface conditions	-1.0833	-0.4338	3	218	764	2009.117284
surface elevation	-0.1271	-0.3621	1	224	646	2009.676871
surface energy balance	-1.2983	0.5563	4	399	2404	2009.363265
surface layer	-0.6605	0.9624	4	241	860	2007.284439
surface sediments	0.9099	-0.3933	1	177	460	2007.793522
surface temperature	-1.0864	0.2725	4	562	3338	2009.023148
surface waters	0.1581	-0.5439	1	772	6018	2008.120883
survey	-0.1812	-0.4958	3	931	8750	2009.037248
susceptibility	0.3997	-0.3023	1	364	1420	2008.427194
sustainability	-0.6708	-0.0728	3	254	742	2012.850794
svalbard	0.1208	-0.0903	4	513	2574	2009.557134
sweden	0.6727	0.1503	2	559	3660	2007.514793
synthesis	-0.054	0.0658	3	522	2640	2009.662722
synthetic	-0.7929	-0.6936	3	460	2522	2009.089404
synthetic aperture radar	-0.8296	-0.5968	3	377	1806	2009.032432
system	-0.425	0.2493	4	1239	21046	2009.608581
system models	-0.3308	0.9938	4	459	2328	2015.404444
table	0.117	-0.2781	1	880	8540	2008.675978
taiga	-0.1016	-0.4469	1	397	1504	2008.626959
taxonomy	0.5222	0.3833	2	177	492	2009.709079
techniques	-0.1643	-0.2336	3	944	8876	2007.972333
technology	-0.5202	-0.0794	3	458	1886	2011.429895
temperate	0.6507	0.1504	2	365	1368	2008.513385
temperature	-0.3825	0.3312	4	1545	90504	2008.94464
temperature changes	-0.5884	0.17	3	255	802	2008.59375
temperature data	-1.3693	0.3389	3	263	1076	2008.432653
temperature gradient	-1.2307	0.4273	4	236	872	2009.025424
temperature increase	0.3119	1.0368	2	242	816	2009.516234
temperature measurements	-0.6755	-0.2386	3	214	674	2007.553459
temperature profiles	-1.1514	0.2759	4	178	520	2006.951852
temperature sensitivity	0.791	1.0307	2	387	2162	2011.082803
temporal	0.4492	0.2271	2	316	1044	2008.152526
temporal changes	-0.9499	0.2502	4	253	766	2009.507895
temporal evolution	0.5846	-0.5716	1	200	562	2010.339109
temporal patterns	0.3627	-0.3685	1	236	688	2009.576433
temporal resolution	-0.5606	-0.5447	3	174	486	2010.931953
temporal variability	0.3663	-0.0547	1	454	1876	2009.54638
temporal variations	-0.2968	0.654	2	391	1712	2008.891602
terms	-0.0456	-0.0605	3	906	6626	2008.587412
terraces	0.1308	-0.7381	1	211	714	2007.868421
terrain	-0.052	-0.6015	1	1113	14528	2009.112619
terrestrial	-0.3979	0.4821	3	546	2872	2008.824144
terrestrial ecosystems	0.3002	0.8538	2	416	1938	2011.165254
territories	0.1037	-0.7937	1	899	9496	2007.423737
texture	0.1033	-0.0528	4	682	4746	2007.458888
thaw	0.2864	0.0816	2	1525	66426	2011.976068
theory	-0.015	0.2318	2	306	1028	2008.181946
thermal	-0.6486	0.0842	4	1011	12956	2009.266307
thermal conductivity	-0.462	0.5396	4	545	3536	2010.515464
thermal regime	-0.9545	-0.3905	4	636	5012	2010.067485
thermal stability	0.0029	0.6477	2	185	580	2009.636943
thermodynamics	-0.6082	0.7668	4	220	758	2008.389098
thermokarst	0.5285	-0.4974	1	1199	20318	2012.966234
thermokarst lakes	0.4552	-0.4634	1	955	10048	2013.237288
theta	-0.7194	0.9462	4	193	694	2006.435045
thickness	-0.7261	0.0133	4	1303	30940	2008.754418
thinning	-0.1864	-0.4935	1	195	526	2009.590299
threat	0.0261	0.2175	3	231	650	2012.027911
threshold	-0.3594	-0.3107	3	647	3630	2010.539227
ti	0.2334	0.6314	2	138	428	2008.57781
tibet	-1.1809	0.3354	4	271	1206	2010.363958
tibetan plateau	-0.5793	0.7716	4	493	3124	2012.664516
till	0.8171	-0.4112	1	188	526	2006.793544
time	-0.1546	-0.1646	1	1441	38022	2008.831798
time scales	-0.7375	0.1988	4	239	794	2008.537809
time series	-0.8561	-0.2933	3	733	5656	2009.734317
timescales	0.0242	0.4453	2	541	2728	2010.244177
tm	-0.6759	-0.6355	3	338	1348	2007.895425
tn	0.8745	0.333	2	386	2156	2008.677778
toc	1.0601	-0.2636	1	340	1258	2009.830579
tomography	-0.3923	-0.6151	3	372	1612	2011.068106
tools	-0.3876	-0.4703	3	437	1768	2011.918196
topography	-0.0897	-0.3448	1	918	8342	2008.703566
total number	-0.2673	-0.3321	3	199	612	2008.215054
total organic carbon	0.9837	-0.1344	1	393	1512	2010.16763
tower	-0.2801	0.7663	2	406	1988	2010.390476
tp	-0.426	0.7412	4	429	2110	2013.646825
trace	0.5022	-0.111	1	526	2468	2007.773067
trace gases	0.2854	0.5543	2	171	494	2005.803774
tracer	0.1817	-0.8752	1	378	1710	2007.33904
track	0.2968	-0.7701	1	272	876	2008.851477
traditional	-0.5068	0.1451	3	206	512	2009.44557
training	-0.8314	-0.1367	3	178	476	2011.13913
trajectories	0.3944	0.0973	1	660	3822	2008.784052
transect	0.2054	-0.0793	1	836	6442	2007.990277
transfer	-0.7241	-0.0997	4	820	8162	2008.40464
transformation	0.666	0.0804	2	761	5054	2009.214985
transient	-0.5001	-0.1166	4	493	2514	2009.22961
transition	0.2352	-0.1359	1	1032	9994	2009.289721
transition zone	0.63	-0.0872	1	279	862	2009.219331
transmission	-0.435	-0.5266	1	195	582	2008.441938
transport	0.1613	-0.3244	1	1023	11348	2008.638472
traps	1.0773	-0.0945	2	253	832	2007.254043
travel	-0.2208	-0.5462	4	173	482	2008.209898
treatment	0.4201	0.8813	2	597	4062	2008.987517
tree line	0.0778	-0.8458	1	241	750	2008.50625
treeline	-0.4022	-0.5694	3	293	1092	2007.675115
trees	-0.0297	-0.3187	1	608	3726	2009.293127
trends	-0.4341	0.0758	4	1249	23918	2009.691924
tributaries	0.5171	-1.0542	1	171	524	2008.939024
tropics	-0.5441	0.6464	4	167	464	2009.002973
trough	0.2754	-0.0256	1	720	4418	2008.165586
tundra	0.4167	0.3031	2	1364	31402	2009.070476
tundra ecosystems	0.5982	0.9366	2	441	2502	2011.284091
tundra vegetation	0.3382	-0.5334	1	193	514	2010.853933
tunnel	0.4837	-0.1366	1	150	410	2008.489933
turbidity	0.1764	-0.9413	1	167	450	2006.591633
turbulence	-0.3367	0.6319	2	149	412	2008.098326
turnover	0.5671	0.7609	2	490	2776	2008.839506
tussock	0.6867	0.6728	2	322	1200	2006.0875
twentieth century	-0.974	0.088	4	185	526	2010.49537
types	0.0226	0.2341	3	1265	20474	2008.677962
uk	-0.661	1.1456	4	233	924	2008.548159
uncertainty	-0.4365	0.4561	3	1109	15588	2011.023214
unconformity	0.6783	-0.7878	1	296	1062	2006.891266
university	-0.3303	-0.183	1	390	1400	2007.852518
upland	0.4331	-0.4124	1	709	4990	2008.381857
uplift	-0.1304	-0.9964	1	220	672	2006.856502
uptake	0.5095	0.8924	2	593	4510	2008.324314
usa	0.4542	0.0101	2	702	4700	2008.230569
utilization	0.1888	0.1253	2	478	2000	2009.166837
validation	-0.9855	0.1952	3	679	4948	2010.014759
valley	-0.2037	-0.6931	1	756	5564	2008.373746
values	-0.0782	0.3332	3	1301	22018	2008.134938
variability	-0.2065	0.1081	3	1367	32076	2009.910572
variance	-0.1572	0.8335	2	394	1590	2008.262238
variations	-0.2239	0.1838	4	1356	31406	2008.23722
vascular	0.5967	0.9033	2	194	526	2008.657068
vascular plants	0.4838	1.0582	2	173	486	2009.185446
vector	-0.3078	-0.5494	3	288	928	2009.067811
vegetation	0.1047	0.2428	5	1427	40596	2009.373552
vegetation changes	0.3133	0.2529	2	211	610	2010.385417
vegetation dynamics	0.7174	0.4599	2	293	996	2012.555556
vegetation types	0.1937	0.7208	2	460	2460	2009.833948
veins	0.7025	-0.925	1	178	544	2006.863344
velocity	-0.5572	-0.2664	3	455	1932	2008.229763
verification	-1.0913	-0.3252	3	267	878	2010.208038
vertical	0.4452	0.0799	2	294	1006	2006.365209
vertical distribution	0.4124	0.0724	1	417	1868	2007.890774
vertical profiles	0.0276	0.704	2	307	1050	2007.685761
volume	-0.1028	-0.7239	1	835	6966	2008.390878
vulnerability	0.1956	0.2758	3	801	6102	2012.434676
warm period	0.6217	-0.5089	1	185	472	2009.606838
warming	0.0708	0.3598	4	1479	49790	2011.01791
warmth	-0.0217	0.2756	1	188	528	2009.851931
water	0.0619	-0.1598	1	1545	73282	2008.522927
water availability	-0.106	0.1046	3	241	746	2010.844898
water balance	0.0981	-0.4384	1	539	3232	2009.254717
water bodies	-0.4287	-0.5864	3	614	3836	2010.393162
water chemistry	0.9761	-0.4761	1	386	1698	2008.41573
water column	1.0476	0.1121	2	407	2076	2007.355227
water content	-0.2846	0.3637	4	660	4284	2008.305668
water depth	-0.1427	-0.9305	1	274	1004	2007.9
water flow	-0.263	-0.6205	4	342	1464	2008.849765
water level	0.2308	-0.6342	1	476	2122	2008.961538
water quality	0.2415	-1.0459	1	221	668	2010.330144
water resources	-1.0684	0.007	4	336	1352	2013.543269
water samples	0.9986	-0.437	1	219	604	2009.050998
water table	0.4725	0.9486	2	343	1488	2007.419689
water temperature	0.5466	-0.328	1	288	1008	2008.738971
water vapor	-0.8717	-0.4909	4	152	444	2007.552846
watersheds	0.2048	-0.5863	1	763	6246	2010.799687
wave	-0.6593	-0.3718	3	413	1624	2008.774981
weather	-0.3776	0.0561	4	815	5864	2009.837145
weather conditions	-0.2786	0.8188	5	201	604	2010.590909
web	0.6362	0.0675	1	160	418	2010.420063
weight	0.7941	0.2041	2	289	852	2006.661831
well	-0.8267	-0.6482	3	240	724	2008.243446
wetlands	0.0759	0.1033	1	1110	15384	2009.706852
wetness	-0.6553	0.0446	3	477	2202	2010.75
wildfire	0.3054	0.4419	5	539	3590	2013.150602
wildlife	0.0066	-0.5818	1	426	1828	2011.223022
wind	-0.4692	0.0307	4	587	3088	2008.553573
winter	-0.3322	-0.1237	4	1199	22360	2008.309773
winter precipitation	0.3248	-0.6402	1	304	1106	2010.462094
winter season	-0.1876	1.0674	2	159	460	2009.407595
winter temperatures	0.2018	-0.9813	1	162	444	2008.816038
wintertime	-0.4583	0.6409	4	224	678	2009.628342
wood	0.4506	-0.4501	1	260	696	2008.080058
work	0.1373	-0.1506	1	823	5784	2010.485608
world	-0.4204	0.4022	3	712	4742	2009.680768
x-ray	0.9874	0.2777	2	187	518	2009.533047
yakutia	0.339	-0.5085	1	528	3038	2010.379464
yangtze	-0.9003	0.5003	4	309	1324	2012.048583
yellow	-1.0696	0.321	4	446	3214	2012.707006
yield	0.6374	-0.2544	1	335	1166	2007.793478
young	-0.002	-0.3308	1	172	416	2008.610592
yukon	0.1529	-0.7245	1	902	8684	2008.592034
yukon territory	0.2155	-0.8611	1	400	1708	2006.045627
zonation	-0.8991	0.3023	4	286	1076	2005.66537
zone	-0.1884	-0.3386	1	1298	24486	2007.975076
