id	x	y	cluster	weight<Links>	weight<Total link strength>	score<Avg year>
absorption	-0.7302	-0.1384	2	279	1026	2007.595437
abundance	-0.1378	0.0389	2	356	1294	2008.576098
abyssal	-0.2355	-1.077	6	25	50	2008.060741
access	0.5517	-0.0103	1	81	162	2011.56924
accumulation	-0.2502	-0.1975	2	30	60	2008.145056
accuracy	-0.0769	-0.1151	2	307	1144	2010.08255
ace	-0.7751	-0.4737	3	56	112	2006.914894
acquisition	-0.1952	0.3556	2	23	46	2009.628664
action	1.0767	-0.0516	1	24	48	2008.283128
activity	0.6767	-0.1723	1	139	326	2008.699084
addition	-0.3298	0.4304	4	208	572	2009.285986
adelaide	-1.1987	-0.5073	2	37	74	2006.574194
adelie	1.323	-0.1996	1	109	312	2007.709635
adoption	1.3968	-0.2242	1	31	62	2009.834286
adult	1.3901	0.0475	1	55	124	2007.718974
advance	0.5676	-0.3212	1	52	106	2009.278139
aerial	0.8521	-0.0215	1	119	274	2008.989071
aerial photographs	-0.7171	-0.5568	3	31	62	2008.57197
aerosol	-0.6995	0.3124	2	38	76	2007.154489
age	-0.1783	-0.1663	2	79	168	2007.797965
aggression	1.3388	-0.3189	1	33	66	2004.710843
agreement	-0.1793	0.2431	5	207	526	2007.890269
air	1.0271	-0.1216	1	71	148	2008.618101
airborne	-0.33	0.0369	2	133	324	2006.453571
aircraft	0.9627	-0.1853	1	197	580	2006.227098
al	-0.9495	0.1242	2	96	208	2007.388849
alaska	0.602	0.0569	1	103	232	2008.146234
albatrosses	1.2535	-0.1273	1	50	102	2007.274436
albedo	-0.4119	0.1077	2	34	68	2009.324338
aleutian	1.1835	0.0344	1	36	72	2008.620981
algorithm	-0.5375	0.2469	2	431	2006	2010.210584
alpha	-0.316	0.5906	2	36	72	2007.515419
alteration	-0.8403	-0.3607	3	336	1992	2008.680165
alternative	1.3684	-0.1284	1	51	102	2009.029126
altitude	1.1857	0.0013	1	164	430	2007.653347
america	0.6465	0.4215	1	91	190	2008.697703
amphibole	-0.4519	0.0574	2	49	98	2006.49635
amphibolite	-0.4338	-0.2397	2	36	72	2005.896341
analyses	-0.355	0.5332	2	190	426	2009.301682
analysis	-0.1412	-0.007	2	729	4496	2009.366286
andean	-0.9942	-0.3136	3	60	120	2009.491166
angle	0.0487	-0.1323	1	222	632	2007.895326
animals	1.0009	-0.1259	1	109	262	2008.315789
anisotropy	-0.2507	-0.1968	2	30	60	2007.8981
annual temperature	0.9032	-0.5074	1	48	96	2008.690789
anomaly	-0.4736	-0.1076	2	133	360	2009.553394
antarctic	0.4734	-0.0972	1	404	1756	2007.820711
antarctic peninsula	-0.9827	-0.1838	2	126	432	2009.392737
antarctica	0.4661	-0.2064	1	348	1518	2007.877974
antarcticus	1.3675	-0.1286	1	51	102	2007.237542
ao	-1.2182	-0.3367	3	40	80	2011.268478
ap	-0.9935	-0.3153	3	60	120	2010.486364
application	0.1473	-0.0205	1	543	2408	2010.011511
approach	-0.0632	0.1772	2	612	3074	2011.153242
approximation	1.1844	0.0349	1	36	72	2008.343624
ar	0.2332	0.7667	6	41	82	2008.531532
arc	-0.875	-0.5416	3	142	444	2008.731343
archaean	-0.7715	0.0585	2	65	162	2004.850365
architecture	-1.0235	0.06	3	22	44	2010.12995
arctic	0.3302	-0.1879	2	378	1522	2009.446222
arctic regions	-0.2397	0.243	2	31	62	2009.653333
area	0.023	-0.2075	1	784	4822	2008.578401
array	-0.3729	0.0266	2	273	828	2008.688032
ash	-0.7762	-0.4722	3	56	112	2009.120401
asia	0.1984	0.1951	1	119	270	2010.858426
asian	0.7467	0.5395	1	35	70	2011.471582
asl	1.1755	-0.1472	1	41	82	2009.703863
aspect	0.2386	-0.0396	1	124	262	2009.986813
assemblages	-0.8727	-0.513	3	230	1160	2007.880667
assembly	0.6807	0.2874	1	45	90	2010.574959
assessment	-0.0603	0.0723	1	325	1010	2011.123547
association	-0.062	-0.3025	1	192	518	2009.179096
aster	-0.8392	-0.5258	3	308	1776	2012.45977
atmosphere	-0.2847	0.4077	2	106	240	2008.501913
attendance	1.1835	0.035	1	36	72	2006.212871
attention	0.2328	0.7683	6	41	82	2010.284583
austral summer	1.3381	-0.3188	1	33	66	2008.54097
australia	-0.1092	-0.1376	2	54	108	2008.106865
australian	-0.1109	-0.1382	2	54	108	2008.113497
autocorrelation	-0.3096	1.0248	4	63	126	2009.173585
automated	-0.2897	0.2523	2	82	176	2010.614379
avhrr	0.0556	0.2922	2	48	96	2004.651475
azimuth	0.06	-0.6415	1	48	96	2008.074866
ba	-1.0833	0.2229	2	54	108	2008.034865
background	0.6615	-0.3327	1	98	218	2009.681872
backscatter	-0.3411	-0.5209	3	116	298	2008.125292
baffin	-0.0585	-0.496	5	163	476	2007.975111
baikal	-0.2364	-1.0764	6	25	50	2008.551181
balance	0.7129	0.5155	1	62	144	2009.168937
bands	-0.4146	-0.1722	2	334	1542	2007.694277
barents	0.9033	-0.5058	1	48	96	2008.144333
basalts	-0.4896	0.3288	2	57	114	2006.712838
baseline	1.0522	-0.2241	1	33	66	2011.063023
basin	-0.1961	0.121	1	119	280	2008.451393
bay	0.7528	-0.4573	1	153	358	2007.629364
bayesian	-0.4019	1.0457	4	121	364	2013.3809
bedrock	-0.2423	-0.1022	2	151	394	2009.117398
behavior	-0.5653	0.3125	2	63	132	2008.780232
behaviour	1.3691	-0.2688	1	51	128	2008.035198
belt	-0.889	-0.1893	3	274	960	2007.364949
beluga	0.0249	-1.0915	4	43	86	2008.41039
benefits	0.4376	0.1156	1	194	510	2011.531274
bering	-0.4019	1.0474	4	121	364	2008.596391
bering sea	-0.4005	1.0479	4	121	364	2010.469178
beta	-0.1342	0.4312	2	58	130	2008.071429
biomass	0.359	0.5369	1	76	168	2008.040883
biota	-0.1104	-0.1355	2	54	108	2008.793054
biotite	-0.6785	-0.3834	2	150	496	2005.942708
bird species	0.7476	0.3923	1	25	50	2008.822222
birds	1.192	-0.0252	1	147	396	2007.764282
blue	1.1195	-0.3243	1	27	54	2009.304158
body	0.6149	-0.5408	1	134	312	2007.977291
boreal forest	0.1861	-0.2181	2	23	46	2009.254495
boundary	-0.2589	-0.144	4	249	764	2007.239183
bounds	-0.3074	1.027	4	63	126	2008.568627
breeding	1.2831	-0.2644	1	55	116	2008.159905
britain	0.4774	-0.4012	1	32	64	2006.081081
broadband	-0.6465	0.1004	2	115	290	2009.503198
budget	0.4704	0.2863	1	88	186	2008.970525
cadmium	-0.1958	0.3562	2	23	46	2005.891784
calcite	-0.3219	-0.9253	4	126	324	2008.115055
caldera	-1.0236	0.0606	3	22	44	2007.943966
calibration	-0.1242	0.3598	2	199	574	2009.197434
camera	1.0577	-0.0918	1	172	458	2010.289708
campaign	-0.6497	0.2809	2	76	172	2008.901876
canada	-0.2114	-0.1423	2	263	928	2008.358354
canopy	0.5564	0.5253	1	95	234	2008.318982
capabilities	-0.6028	0.1149	2	91	220	2010.500666
cape	-0.7096	0.2925	2	86	200	2007.560284
capture	0.39	0.0082	1	33	66	2008.679206
carbon	0.0359	0.0368	1	318	1048	2009.564589
carbon balance	0.6848	0.4779	1	71	168	2008.833333
carbon flux	0.6189	0.4086	1	49	98	2009.377841
carbonatite	-0.9431	0.061	2	86	258	2007.66
case	0.0249	-0.2879	1	339	1132	2008.95177
cation	-0.3242	-0.4687	5	34	68	2007.423345
cause	0.194	-0.3561	1	74	156	2008.342905
cc	0.618	0.4104	1	49	98	2012.604167
cenozoic	-1.2747	-0.6012	3	31	62	2007.745773
census	1.3195	0.0159	1	99	230	2009.334385
chain	-0.5163	0.8108	4	96	198	2008.08967
challenges	0.4376	-0.2135	1	62	130	2013.058999
changes	0.3097	0.0608	1	398	1398	2009.682502
channel	0.2144	0.2272	1	104	232	2008.014353
characterisation	-0.9965	0.4767	2	32	64	2010.212121
characteristics	-0.0743	0.0593	2	347	1282	2008.736404
characterization	-0.1345	-0.1989	2	179	538	2010.633346
chemical	-0.703	-0.1293	5	113	252	2007.921949
chemical composition	-0.2567	-0.5073	5	66	134	2008.202447
chicks	1.3898	0.0477	1	55	124	2006.438579
china	-0.7073	0.1735	3	64	134	2011.999131
chinstrap	1.2844	-0.1369	1	73	184	2008.7109
chlorite	-0.7677	-0.354	2	209	880	2006.136564
claims	1.1894	-0.1089	1	25	50	2009.220721
class	-0.1555	-0.0046	1	97	214	2008.629702
classification	-0.4588	0.2684	2	356	1424	2009.286924
clay	-0.0163	0.4856	4	116	250	2007.780506
cleavage	-0.4436	-0.0071	5	45	90	2006.549645
cliffs	0.2417	-0.5828	2	44	88	2007.805085
climate	0.2867	0.0189	1	328	980	2010.804187
climatic conditions	0.7469	0.5394	1	35	70	2010.008439
cloud	0.2432	0.0619	2	29	58	2007.587105
cluster	0.0845	0.1572	4	214	558	2009.267877
cluster analysis	-0.4161	1.0103	4	68	136	2008.422897
co	-1.0845	0.2241	2	54	108	2007.665527
co-occurrence	1.1845	0.0343	1	36	72	2012.271845
coast	-0.7458	-0.1386	2	88	234	2007.916968
coastal	0.5286	-0.3999	1	117	264	2008.750196
coatings	-0.5653	0.4598	2	115	282	2011.219355
cod	0.9045	-0.5071	1	48	96	2008.350033
coherent	-0.8801	-0.5342	3	73	182	2008.626866
cold temperatures	-0.5788	0.2323	2	48	96	2009.007752
collapse	-0.8379	-0.7878	3	60	120	2009.31737
collection	1.1902	-0.1089	1	25	50	2009.184687
collision	-0.876	-0.6237	3	71	166	2007.91215
colonies	1.2612	-0.0801	1	112	292	2008.687658
color	-0.3752	-0.4217	5	68	144	2008.761453
colour	-0.4039	-0.4582	2	63	144	2007.538283
columbia	0.4779	-0.4006	1	32	64	2008.284146
combustion	-0.1559	0.5744	2	34	68	2008.365967
community	1.0034	0.075	1	65	132	2010.388476
comparative analysis	0.9057	-0.5069	1	48	96	2010.562069
comparison	0.0638	0.2218	1	314	992	2007.950757
compensatory	-1.219	-0.3385	3	40	80	2007.592105
competition	0.6392	0.4403	1	72	172	2008.582677
compilation	1.0766	-0.051	1	24	48	2010.398754
complex	-0.3217	0.2508	2	255	818	2008.626599
composition	-0.1147	-0.2704	1	323	996	2008.609526
compounds	-0.8653	0.2728	2	43	86	2008.606591
compression	-0.86	-0.5214	3	40	80	2007.142235
computer	-0.3018	0.2016	2	36	72	2006.919266
concentrations	-0.3435	0.3018	2	186	516	2008.182298
concept	-0.4885	1.1025	4	51	102	2009.039852
concerns	0.7595	-0.0687	1	27	54	2011.148773
condition	0.2926	-0.1332	1	30	60	2008.989432
configuration	1.0526	-0.2234	1	33	66	2009.544
conflict	0.3904	0.0089	1	33	66	2010.018223
conjugate	-0.4423	0.9023	4	140	414	2007.608479
consensus	0.57	0.6378	1	41	94	2011.2949
conservation	0.9739	-0.0229	1	80	182	2011.195486
constraints	0.0784	0.2612	2	61	124	2009.183622
construction	0.049	0.1818	1	36	72	2009.416124
contact	-0.1957	-0.9405	6	55	116	2008.053198
contamination	-0.7514	0.6351	2	53	106	2008.17103
content	-0.6585	0.323	2	216	592	2008.566458
context	0.5461	-0.0372	1	112	244	2011.030192
continent	0.0252	-0.1762	2	73	154	2008.964696
contrast	-0.2814	0.3172	2	213	560	2008.536194
control	0.4341	-0.2853	1	184	444	2009.125056
convergence	-0.6493	-0.3954	3	66	138	2008.020145
coordinates	-1.14	0.0569	2	41	82	2008.750442
copper	-1.2424	-0.4348	3	57	142	2007.438861
core	-0.3337	0.6435	4	219	664	2007.967995
correction	-0.2862	-0.0192	2	118	278	2008.598508
correlation	-0.2595	0.4962	4	181	448	2008.606178
correlation coefficient	0.3243	0.5214	1	57	114	2010.154098
correspondence	0.194	0.6682	1	49	102	2007.499487
costs	-0.06	-0.4304	1	118	318	2009.673817
counts	1.2958	0.0824	1	56	128	2008.352941
cover	-0.0027	0.0027	2	308	1104	2009.332353
coverage	-0.5237	-0.1629	2	164	436	2010.04391
cr	-1.0651	0.0992	2	103	228	2008.550617
craton	-0.1779	-0.166	2	79	168	2008.1974
criteria	0.5603	-0.0455	1	69	138	2008.509297
criterion	-0.839	-0.7895	3	60	120	2008.588571
crop	0.1694	0.1948	1	92	200	2007.490323
cross-correlation	-1.0838	0.2254	2	54	108	2009.341584
crozet	1.3815	-0.0368	1	34	68	2005.921196
crust	-0.0623	-0.2711	5	94	198	2007.489929
cryptic species	0.8235	-0.1915	1	39	78	2012.211429
crystalline	-0.8938	-0.786	3	43	86	2006.867491
cu	-1.0655	0.0983	2	103	228	2007.840102
cumulates	-0.6319	0.0813	2	25	50	2006.659459
current	0.2421	-0.5818	2	44	88	2008.021581
cycle	0.513	0.2557	1	146	390	2009.115632
damage	0.2061	0.2188	1	150	368	2009.428672
data	-0.1535	-0.0035	2	887	6290	2008.849817
data analysis	-1.0664	-0.3441	2	46	92	2009.469945
database	-0.9957	0.4771	2	32	64	2011.009739
dataset	-0.8725	0.4003	2	70	180	2012.492063
death	0.0026	0.3144	1	62	124	2009.052555
decline	0.9782	0.2731	1	70	142	2009.893655
definition	0.7238	0.5758	1	23	46	2008.873016
deformation	-0.6599	-0.4797	3	96	226	2007.663668
degradation	-0.7501	0.6348	2	53	106	2011.065225
delineation	-0.9441	0.052	2	80	178	2009.939394
denmark	-0.3161	0.592	2	36	72	2007.937363
density	0.0832	0.3524	4	308	908	2008.013051
dependence	0.1512	0.6909	4	24	48	2007.840071
deployment	0.3909	0.0087	1	33	66	2010.371901
deposition	-0.6681	0.2508	4	106	216	2008.05739
deposits	-0.5417	-0.4864	2	293	1174	2008.340778
depth	-0.4489	0.6272	4	170	444	2008.424673
description	-0.3172	0.5912	2	36	72	2008.463605
desert	0.0263	-0.1234	2	135	298	2008.949606
design	0.7471	0.1218	1	155	376	2010.581328
detail	0.1391	0.4204	4	99	212	2008.325282
detection	-0.1152	-0.3745	2	294	980	2009.603252
detector	0.3575	0.2429	1	81	192	2007.972743
determination	-0.548	0.574	2	175	460	2007.484902
development	0.16	-0.1018	1	266	698	2008.720806
diagnostics	-0.4342	-0.2389	2	36	72	2008.567084
diameter	0.6629	0.426	1	25	50	2007.263065
diatom	-0.4895	1.1034	4	51	102	2007.788872
difference	-0.4539	0.2927	2	100	210	2008.353517
difference vegetation index	0.0038	0.3145	1	62	124	2011.269663
differentiation	0.2428	-0.5835	2	44	88	2009.166072
diffraction	-0.9728	-0.3754	3	50	100	2009.344426
digestion	-1.0849	0.2252	2	54	108	2007.043478
digital	-0.3289	-0.3751	5	85	184	2009.777457
digital elevation model	-0.4433	-0.0087	5	45	90	2011.723433
dike	-0.2712	-0.5566	5	47	94	2007.287532
dip	-0.2721	-0.5571	5	47	94	2008.397321
discontinuities	-0.4736	0.7113	4	88	192	2006.533808
discovery	0.1408	-0.5551	4	113	258	2009.916721
discrimination	-0.6423	-0.4202	2	106	266	2008.968
displacement	-0.2389	0.1595	2	83	178	2008.077434
display	-0.389	-0.4432	2	44	88	2007.770588
distance	0.4966	0.0475	1	188	492	2008.760466
distortion	0.2441	-0.5819	2	44	88	2008.010638
distribution	-0.2348	-0.0181	2	459	1938	2008.398254
distribution patterns	-1.2193	-0.3364	3	40	80	2007.921011
disturbance	1.0217	0.1023	1	228	668	2008.857587
divergence	-0.811	-0.6563	3	40	80	2009.013309
diversity	0.5631	-8e-04	1	148	354	2010.578345
division	-0.6301	-0.1366	2	50	100	2007.622807
dolomite	-0.735	-0.7143	3	95	238	2007.267327
dominance	0.9022	-0.5074	1	48	96	2008.872257
dominant species	0.3433	-0.4954	1	80	164	2007.750562
drift	-0.3008	0.2021	2	36	72	2007.53137
drilling	-0.3794	0.9508	4	103	292	2009.19218
drought	0.6193	0.4091	1	49	98	2011.447977
ductile	-0.8609	-0.5225	3	40	80	2006.489796
duration	-0.1956	0.3554	2	23	46	2008.532595
dyke	-0.3763	-0.2644	5	213	610	2006.352227
dynamics	0.5327	0.4848	1	199	518	2010.313072
earth	-0.3036	0.31	2	189	464	2010.179198
east	-0.2109	-0.4073	1	138	396	2008.607533
eastern	-0.8372	-0.7894	3	60	120	2008.869757
ecology	1.1902	-0.1093	1	25	50	2009.579615
ecosystem	0.6459	0.0861	1	245	654	2011.299513
effects	0.0573	0.0957	2	392	1308	2008.834618
efficacy	0.0943	0.0217	1	75	164	2011.532915
efficiency	0.3104	-0.3607	1	78	158	2009.198697
effort	0.7304	-0.3622	1	144	330	2009.28
eggs	1.3971	0.1248	1	28	56	2006.858289
electron	0.0256	-1.0892	4	43	86	2008.099471
electron microscopy	0.0265	-1.0914	4	43	86	2008.582111
elements	-0.6151	0.0149	2	223	588	2008.706361
elephant	1.1745	-0.1468	1	41	82	2005.934169
elevation	-0.3288	-0.3758	5	85	184	2009.824954
elimination	-0.9962	0.4782	2	32	64	2007.29918
emergence	-0.8661	0.2711	2	43	86	2009.419162
emissions	-0.961	-0.2259	3	321	1668	2009.691385
emperor	0.7318	-0.3342	4	38	76	2007.664975
emplacement	-0.134	-0.4349	5	130	340	2007.469556
energy	-0.8067	-0.786	3	84	258	2008.723489
enhanced	-0.5156	0.462	2	128	300	2009.105949
enrichment	-1.1397	0.0577	2	41	82	2007.966961
environment	0.1643	-0.0678	1	460	1880	2009.620856
environmental	1.1166	-0.1834	1	28	56	2009.652452
environmental factors	0.2315	0.7665	6	41	82	2010.481299
episode	0.006	0.3174	1	62	124	2007.181633
equipment	0.998	-0.1504	1	45	112	2009.821326
error	-0.1918	0.3027	2	269	814	2009.089766
establishment	0.7473	0.3919	1	25	50	2009.077273
estimate	-0.058	0.1243	2	162	390	2009.037943
evaluation	0.3394	-0.2382	1	193	488	2010.494567
events	0.1514	0.1962	1	148	330	2008.940003
evolution	-0.2942	0.3377	4	230	614	2009.317419
excess	0.1865	-0.2184	2	23	46	2006.587452
exchange	-0.156	0.5751	2	34	68	2008.103913
expedition	-0.4915	0.8921	4	157	454	2008.265986
experimental	0.4278	-2e-04	1	38	76	2008.538829
experiments	0.1813	0.1712	1	202	534	2008.056984
exploitation	-1.2753	-0.6004	3	31	62	2009.632911
exploration	-0.513	-0.4936	3	372	1758	2009.280242
exposure	-0.2169	-0.8217	4	115	328	2009.120837
extension	0.031	-0.2868	5	95	234	2007.564542
extent	0.1942	0.0545	2	105	232	2009.292904
extraction	-0.3184	-0.1242	2	170	466	2009.332489
extreme environments	1.1193	-0.3237	1	27	54	2011.29505
fabric	-0.5355	-0.3719	2	140	366	2006.718579
facies	-0.7476	0.0238	3	20	40	2005.955224
fall	0.1865	-0.2181	2	23	46	2008.13205
fault	-0.4349	-0.5715	3	199	602	2007.03453
fauna	1.3682	-0.1297	1	51	102	2007.676366
fe	-0.9907	-0.0376	2	148	418	2008.842402
feasibility	0.7676	0.0908	1	65	134	2009.413978
features	-0.4347	-0.1849	2	386	1860	2008.398624
field	-0.1462	-0.1666	2	538	2402	2008.149599
field data	-0.6918	0.1089	2	46	92	2008.705882
field observations	-1.0006	-0.0303	2	99	242	2009.606725
fieldwork	-0.5391	-0.3624	3	201	660	2010.890459
filter	-0.655	-0.3024	3	221	876	2008.739821
finland	-1.0433	0.3429	2	81	172	2007.913074
fire	0.6811	0.2857	1	45	90	2009.826617
fish	0.9042	-0.5059	1	48	96	2007.742843
flight	1.079	-0.1359	1	165	494	2007.375
flood	0.0048	0.3133	1	62	124	2008.873819
flow	-0.729	-0.7279	3	60	120	2008.227829
fluctuations	1.19	-0.1088	1	25	50	2007.651355
fluid	-0.8257	-0.5834	3	92	200	2008.294565
flux	-0.0959	-0.0023	3	128	274	2008.597609
focus	-0.1774	0.6473	4	27	54	2011.577425
focusing	-0.861	-0.5213	3	40	80	2010.075556
fold	-0.8406	-0.7885	3	60	120	2006.420074
footprint	0.0276	-1.0902	4	43	86	2010.881764
forest	0.3462	0.5273	1	210	722	2009.036828
formation	-0.3737	-0.4409	6	209	526	2008.321264
foundation	0.0936	0.6858	4	20	40	2010.923077
fraction	-0.2247	0.0469	3	257	872	2008.456562
fracture	-0.0622	-0.2459	5	147	372	2008.190557
fragments	0.534	0.5319	1	102	262	2008.17335
framework	-0.1195	0.4903	4	256	770	2011.28923
frequency	0.4893	0.1359	1	164	438	2008.248973
frozen	0.2922	-0.1333	1	30	60	2009.632275
function	0.0219	0.4769	2	264	746	2008.530959
functional groups	0.4567	0.682	1	24	48	2012.105691
fusion	-0.2425	-0.6794	2	124	326	2008.521036
future	0.1517	0.4112	1	107	238	2011.886201
future research	1.3676	-0.1275	1	51	102	2011.822917
ga	-0.6842	-0.1507	2	107	226	2007.9
gabbro	-0.4909	0.3279	2	57	114	2006.175532
gamma	-0.3999	1.047	4	121	364	2008.010526
gap	0.5366	0.4654	1	114	286	2011.364048
gas	-0.3694	0.8203	4	100	208	2009.18628
gases	-0.6991	0.3124	2	38	76	2008.364299
generation	-0.2596	-0.5694	2	68	156	2009.018917
genesis	-0.2357	-1.0764	6	25	50	2008.06422
gentoo	1.3962	-0.2241	1	31	62	2008.55642
geochemical	-0.9963	0.4768	2	32	64	2007.541401
geochemistry	-0.9969	0.4776	2	32	64	2008.657811
geographical distribution	-0.7531	0.6314	2	53	106	2008.29589
geologic	-0.4071	0.1018	2	66	146	2006.98234
geology	-0.5421	0.0245	2	151	426	2008.706341
geometry	0.0555	-0.4069	5	109	236	2008.870779
geomorphology	-1.14	0.0558	2	41	82	2010.528977
geophysical	-0.0016	-0.0779	2	80	166	2008.193421
geothermal	-0.9695	-0.5914	3	28	56	2008.716129
gis	-0.1339	0.2031	1	143	344	2010.110721
glacier dynamics	0.6792	0.2868	1	45	90	2011.973214
global	-0.2732	-0.5574	5	47	94	2010.049364
global scale	0.2314	0.768	6	41	82	2010.563923
globe	0.7594	-0.0691	1	27	54	2010.753165
gneisses	-0.0086	-0.1569	4	95	238	2005.585746
gold	-0.9069	-0.6626	3	128	428	2009.147601
gondwana	-0.9319	-0.5217	3	82	170	2008.315403
gpa	-0.3235	-0.469	5	34	68	2009.008
gps	0.682	-0.1241	1	72	154	2011.397634
gradient	-0.424	0.9227	4	149	438	2008.605746
grain	-0.4105	0.1075	2	34	68	2008.961122
grain size	-0.4113	0.1068	2	34	68	2009.675
granite	-1.0172	-0.6796	3	71	160	2006.027293
granitoids	-0.2592	-0.4625	5	117	278	2006.677928
gravity	-0.6318	0.0807	2	25	50	2008.659201
greenland	-0.3548	-0.1744	2	267	1016	2008.04131
greenstone	-0.9821	0.2461	2	89	194	2007.61597
group	0.5109	-0.1764	1	291	844	2007.95978
growth	0.5838	0.5279	1	160	554	2007.964687
growth rate	0.457	0.682	1	24	48	2006.557837
guidelines	1.1552	-0.1821	1	96	286	2010.762712
gulls	1.2957	0.083	1	56	128	2007.686722
habitat	1.0938	-0.165	1	69	144	2009.660618
habitat use	1.3805	-0.0372	1	34	68	2010.5
hand	0.0264	-1.0888	4	43	86	2008.390663
harbour	0.0244	-1.0904	4	43	86	2006.751462
harvest	0.7167	0.4996	1	52	120	2009.512329
hazard	0.8624	0.2356	1	107	226	2012.14876
health	0.3483	0.1466	1	62	146	2011.42961
heart	1.3805	-0.0378	1	34	68	2007.23696
heart rate	1.381	-0.0369	1	34	68	2007.425926
heat	0.2082	-0.0218	1	95	212	2008.894185
height	0.3222	0.5223	1	57	114	2008.844619
heterogeneity	0.1476	0.3452	1	71	146	2010.395911
hierarchy	0.0026	0.3171	1	62	124	2008.192727
high latitudes	-0.1567	0.5745	2	34	68	2008.289567
high spatial resolution	0.3671	-0.743	4	74	162	2011.610092
high-frequency	0.5472	-0.3573	1	84	174	2009.040142
high-resolution	0.2713	-0.3879	1	77	160	2010.248214
hills	-0.7978	-0.9408	3	34	68	2005.973301
history	0.4837	0.1984	1	171	382	2008.523128
hole	-0.4504	1.0558	4	88	238	2006.361279
host	-0.5715	-0.2899	2	181	500	2009.32804
humans	1.0818	-0.0819	1	46	96	2010.156837
hybridization	0.0277	0.7714	4	146	352	2008.570858
hydrate	-0.9968	0.4771	2	32	64	2009.983105
hydrothermal	-0.8709	-0.4572	3	133	388	2009.358896
hydroxyl	-0.3006	0.2007	2	36	72	2009.09589
hypothesis	0.724	0.5756	1	23	46	2008.194871
ice	0.4433	-0.016	1	284	914	2008.860178
ice sheet	0.292	-0.1327	1	30	60	2008.394118
iceland	1.3977	0.1246	1	28	56	2008.214375
identification	-0.1667	-0.1794	3	140	350	2009.939059
illumination	-0.4884	0.328	2	57	114	2007.743363
image analysis	0.1835	-0.6538	1	51	108	2008.299492
imagery	-0.272	-0.1802	2	460	2114	2010.027404
images	-0.0484	-0.1868	2	646	4110	2009.851773
impact	0.9249	0.1707	1	245	862	2011.1545
implementation	0.599	-0.3319	1	134	318	2012.128733
implications	0.2126	-0.1082	1	241	744	2008.957655
improvement	0.1957	0.4398	2	33	66	2010.609009
inclusion	-0.86	-0.5229	3	40	80	2008.715721
incorporation	-0.347	0.6966	2	88	188	2007.639228
index	-0.2232	0.5004	1	206	516	2009.733438
india	-0.392	-0.0949	2	54	110	2008.826418
indian	1.3811	-0.0374	1	34	68	2007.151099
indices	-0.5756	-0.3081	3	217	718	2009.479934
individuals	1.0237	-0.2619	1	165	430	2008.750418
industry	0.7602	-0.0687	1	27	54	2011.629501
inference	0.1506	0.6911	4	24	48	2010.406107
influence	-0.2272	0.284	2	137	324	2009.717142
information	-0.2591	0.062	2	568	2882	2009.67229
infrared	-0.7254	0.4265	2	124	306	2010.505226
infrastructure	0.4787	-0.4017	1	32	64	2013.719864
initiation	1.1838	0.0339	1	36	72	2008.403696
insight	-0.7099	0.6384	2	126	276	2011.173112
instrument	0.3148	0.2084	1	130	318	2008.390639
integration	-0.1885	0.2177	4	305	964	2009.269083
integrity	-0.452	0.0586	2	49	98	2010.036364
intensity	0.4409	0.3358	1	113	326	2008.970237
interactions	1.1159	-0.1828	1	28	56	2009.581424
interface	0.681	0.2863	1	45	90	2008.784137
interferometry	0.3239	0.523	1	57	114	2008.475275
international	0.7119	0.1506	1	70	144	2009.154964
interpretation	-0.2135	0.0256	2	194	514	2007.927664
intrusion	-0.7575	-0.0532	2	143	358	2007.462904
inventory	0.1514	0.4117	1	107	238	2010.281274
inversion	-0.5739	0.2876	2	34	68	2008.510833
iodp	-0.3594	0.9711	4	134	418	2014.23913
iron	-1.0558	-0.4385	3	110	338	2009.213959
island	0.3272	-0.3552	1	406	1466	2007.713057
joint	-0.0193	-0.3894	5	45	90	2008.422145
jurassic	-0.2722	-0.5587	5	47	94	2007.560666
kara	0.9056	-0.5079	1	48	96	2008.534553
key	0.3414	0.0625	1	132	308	2010.680262
kimberlite	-0.411	0.1084	2	34	68	2009.361842
king	1.3683	-0.2136	1	90	230	2008.958735
knowledge	0.2835	0.0356	1	199	508	2011.311559
kola	-0.0968	0.1053	1	16	32	2006.200601
kola peninsula	-0.0964	0.1053	1	16	32	2006.538601
korea	1.1186	-0.3243	1	27	54	2012.740659
l-band	-0.5605	-0.408	3	152	448	2012.949721
laboratory	-0.6419	-0.1105	2	270	892	2007.465259
laboratory experiments	0.0272	0.269	2	17	34	2007.86255
lag	-0.309	1.0235	4	63	126	2008.722821
lake	0.1338	-0.3997	4	146	368	2008.594336
land	-0.3092	-0.1409	1	355	1516	2009.148895
land use	0.3204	-0.6803	1	21	42	2011.696629
landforms	1.1743	-0.1484	1	41	82	2009.879603
landsat	-0.2172	0.1143	2	226	638	2010.33532
landscape	0.0572	0.2577	1	210	590	2011.306963
landslides	0.0043	0.3184	1	62	124	2012.366438
lapland	-1.0432	0.3433	2	81	172	2006.404494
larus	1.296	0.0828	1	56	128	2007.585366
laser	0.5848	-0.3085	1	84	182	2009.589474
layer	-0.461	0.2887	2	102	214	2008.050692
lead	0.0557	0.2906	2	48	96	2008.141769
learning	-0.0556	0.2218	2	120	294	2013.029851
length	0.2727	0.282	1	120	276	2007.902115
lens	1.019	0.087	1	90	192	2010.342995
leptonychotes	1.3667	-0.13	1	51	102	2008.18617
levels	-0.2172	-0.0994	5	150	380	2008.087057
library	-0.7156	-0.3486	3	79	188	2010.429487
lichens	-0.5381	0.082	2	168	500	2007.849478
lidar	0.1766	0.1023	1	83	180	2009.528468
life	0.7404	0.2604	1	71	142	2009.496831
light	0.1345	0.4385	1	102	230	2008.497181
likelihood	-0.7523	0.6328	2	53	106	2010.108475
limit	0.3722	0.3065	1	206	588	2008.405998
line	0.0898	-0.0075	2	212	610	2008.353935
literature	1.0844	-0.1001	1	76	158	2009.415346
lithology	-0.3898	0.5686	4	223	652	2008.606112
living	0.7309	-0.3347	4	38	76	2008.620596
loading	1.053	-0.2243	1	33	66	2008.487434
location	0.4189	0.0869	1	101	212	2008.984732
long-term changes	0.9042	-0.5095	1	48	96	2010.047945
longwave	-0.8643	0.2723	2	43	86	2009.39418
loop	0.6906	-0.2107	1	21	42	2008.11138
loss	0.0367	0.5247	1	152	354	2009.572836
low temperatures	0.6902	-0.211	1	21	42	2008.069861
mafic	-0.5106	-0.1728	2	304	946	2007.466667
magma	-0.1436	-0.4729	5	75	184	2007.289875
magmatism	-0.9723	-0.3769	3	50	100	2008.000664
magnetite	-0.75	0.6333	2	53	106	2007.823529
magnitude	0.0875	0.1015	1	145	328	2008.764211
mammals	1.0933	0.0597	1	14	28	2009.16891
management	0.7985	-0.0855	1	90	200	2011.487395
map	-0.4619	0.0298	2	522	2846	2009.260049
mapping	-0.5449	-0.177	2	612	4002	2009.719953
margin	-0.8352	-0.055	2	105	256	2007.943292
marine mammals	1.0935	0.0599	1	14	28	2009.45933
maritime	1.1052	-0.2276	1	17	34	2009.976892
markers	-0.2713	-0.5584	5	47	94	2010.075278
markov	-0.4893	1.1024	4	51	102	2011.717105
mass	0.7109	-0.3583	1	84	178	2008.546102
match	-0.6547	0.3034	2	68	144	2009.540171
materials	-0.4618	0.0643	2	195	548	2009.392738
matrix	-0.3081	0.1237	3	155	454	2008.834951
maximum	-0.5363	0.2716	2	81	166	2008.02311
mean	-0.3702	0.3781	2	157	424	2008.418412
measurements	-0.2914	0.0911	2	235	668	2008.052338
mechanisms	-0.3076	1.0254	4	63	126	2009.236736
mediterranean	-0.0202	-0.3902	5	45	90	2008.764778
melt	0.011	-0.1688	2	57	120	2009.845955
memory	-0.3062	1.0265	4	63	126	2009.85
mercury	-0.1962	0.3557	2	23	46	2009.79449
mesozoic	-1.0655	-0.3447	2	46	92	2006.548828
metals	-0.8147	0.4152	2	91	206	2008.289393
metamorphic rocks	-0.2353	-1.0765	6	25	50	2007.411765
metamorphism	-1.0661	-0.3457	2	46	92	2006.659204
metasedimentary rocks	-0.8107	-0.6552	3	40	80	2008.097403
methane	-0.4145	1.0127	4	68	136	2010.061798
method	-0.0104	0.2867	2	539	2378	2009.830294
methodology	-0.3636	0.4897	4	177	460	2011.295783
metrics	-0.1629	0.4875	4	44	92	2014.812392
mg	-0.9495	0.1234	2	96	208	2007.101832
mg/ca	-0.2363	-1.0768	6	25	50	2011.224026
mica	-0.5407	-0.0376	2	89	198	2005.783626
micro	1.3966	-0.2234	1	31	62	2011.940789
microscopy	0.0269	-1.0908	4	43	86	2009.03127
microwave	0.2322	0.7659	6	41	82	2008.54041
mineralisation	0.4784	-0.4008	1	32	64	2008.911243
mineralogy	-0.4821	-0.6521	3	114	270	2008.116528
minerals	-0.5382	-0.3573	2	511	3014	2008.51401
minimum	-0.3003	-0.5094	5	78	162	2007.387903
mirounga	1.2477	-0.0413	1	62	130	2006.786822
mission	1.04	-0.0305	1	140	386	2010.545273
mitigation	0.1964	0.1605	1	91	190	2013.45799
mixing	-0.3741	-0.0457	2	114	296	2008.011628
mixture	-0.3512	0.1319	2	232	826	2008.223491
mn	-1.0849	0.2222	2	54	108	2008.319085
mobility	-0.2115	-0.4175	2	116	292	2009.179399
mode	0.7243	0.0095	1	56	112	2009.290859
model	0.1449	0.2762	1	477	1876	2009.337703
modeling	-0.4354	0.3493	2	239	576	2009.934739
module	0.6798	0.2853	1	45	90	2011.313869
monitoring	0.7463	-0.0448	1	265	712	2010.807096
monte carlo	-0.4887	1.1041	4	51	102	2009.492891
moraines	-0.4351	-0.2391	2	36	72	2008.685455
morphology	0.0491	0.1812	1	36	72	2008.65515
morphometric	0.3211	-0.6804	1	21	42	2008.387435
mortality	0.6395	0.441	1	72	172	2007.827718
mosaic	-0.0157	0.2927	2	60	132	2008.656347
moss	0.3482	0.1459	1	62	146	2008.144966
mountains	-0.421	-0.6218	5	101	214	2008.872376
movement	0.4377	-0.3145	1	148	336	2008.271565
ms	0.5029	-0.05	1	28	56	2008.166667
multivariate	0.0381	0.8282	4	106	232	2009.5132
murres	1.3977	0.1243	1	28	56	2008.509615
na+	-0.3243	-0.4692	5	34	68	2007.513089
namibia	-1.1416	0.0573	2	41	82	2007.972376
nasa	0.6791	0.2857	1	45	90	2008.399776
national	-0.2706	-0.5577	5	47	94	2008.772338
natural	-0.325	-0.469	5	34	68	2009.161002
nature	-0.2373	0.2145	2	140	334	2008.617072
neogene	-0.0203	-0.3885	5	45	90	2007.217993
neoproterozoic	-0.2731	-0.5584	5	47	94	2008.474423
nests	1.1898	-0.0779	1	124	322	2007.605233
network	-0.3933	0.5367	4	263	808	2010.903467
ni	-1.082	0.2226	2	54	108	2007.967899
nickel	-0.1117	-0.1373	2	54	108	2006.395
noise	-0.4176	0.5372	2	176	492	2009.477697
nonlinear	-0.4173	1.0107	4	68	136	2009.752443
north	-0.1966	-0.2086	2	231	802	2008.467015
north-east	-1.0517	-0.9871	3	8	18	2007.754864
northern	-0.7014	-0.4242	3	131	412	2008.895353
northern regions	-0.4114	-0.5303	2	45	90	2010.215962
northwest	0.1659	-0.4417	1	83	176	2007.741751
nova	0.7318	-0.3331	4	38	76	2005.198611
novel	0.1508	0.6917	4	24	48	2011.739247
nunavik	-0.3927	0.2934	2	74	176	2011.628378
nunavut	-0.0578	-0.6132	5	150	396	2010.865177
oasis	1.3662	-0.1285	1	51	102	2007.789091
objective	0.1954	0.4392	2	33	66	2010.084737
observations	0.1698	-0.0201	2	394	1266	2008.908539
observers	1.3976	0.1251	1	28	56	2009.436364
occurrence	-0.4983	-0.5356	3	297	1056	2008.878622
ocean	0.1827	0.6695	4	136	360	2009.205801
odp	-0.1779	0.6468	4	27	54	2006.48366
offset	-0.0206	-0.3892	5	45	90	2008.77455
ontario	-0.753	0.6343	2	53	106	2007.53507
opening	0.6652	0.4569	1	44	124	2008.074957
operation	0.5205	-0.0624	1	242	666	2010.347293
optical	0.3553	0.2605	1	78	162	2008.535777
order	0.2969	-0.1351	5	107	234	2008.447395
ore	-0.5711	-0.5551	3	167	508	2009.051913
organic compounds	-0.8647	0.2716	2	43	86	2007.60076
organic matter	-0.3169	0.5906	2	36	72	2009.596667
organisms	0.7326	-0.3338	4	38	76	2009.456575
orientation	-0.1388	-0.2868	5	132	340	2007.578043
orogen	-0.8405	-0.7857	3	60	120	2008.055294
outcomes	-1.1227	-0.4139	2	62	166	2011.660682
outcrop	-0.0433	-0.445	2	71	160	2008.457421
overlap	1.1839	0.0354	1	36	72	2009.857288
oxide	-0.11	-0.1385	2	54	108	2008.519737
p-wave	-0.4515	1.0556	4	88	238	2008.692683
palaeogene	-0.5809	-0.5789	2	30	60	2007.950495
paleoenvironment	-0.4134	-0.5287	2	45	90	2007.274924
paleoproterozoic	-0.8379	0.017	2	35	70	2010.693111
paleozoic	-1.1125	-0.5052	3	45	90	2007.715447
paradigm	-0.4874	1.1028	4	51	102	2010.354037
parameters	-0.1941	-0.1771	2	235	616	2008.858581
part	0.2232	-0.2637	1	253	746	2007.996794
particles	-0.4161	0.6338	2	94	218	2007.800157
particulate	-0.754	0.6334	2	53	106	2008.000476
particulate matter	-0.7527	0.6354	2	53	106	2008.979592
passive	0.2308	0.7674	6	41	82	2008.259406
past	-0.7507	0.6322	2	53	106	2009.286247
pathfinder	0.6799	0.2862	1	45	90	2010.180124
patterns	0.1661	0.2025	4	242	628	2008.797625
pca	-0.6976	-0.0727	3	193	556	2009.970588
pechora	0.9023	-0.5082	1	48	96	2006.710983
pegmatite	-0.2502	-0.1967	2	30	60	2006.522491
penguins	1.1547	-0.1663	1	194	616	2007.926092
peninsula	-0.8068	-0.1266	2	138	464	2008.446514
performance	0.271	0.3887	4	183	454	2010.724359
peridotite	-0.49	0.3256	2	57	114	2008.310945
perimeter	-0.0286	0.2605	2	40	80	2008.333333
period	0.6438	-0.1274	1	185	446	2008.42654
permian	-0.0186	-0.3886	5	45	90	2007.7
perspective	0.0256	-1.0909	4	43	86	2010.824219
petrels	1.3745	-0.0821	1	77	170	2007.369369
petrography	0.0246	-1.0894	4	43	86	2008.651452
pge	-0.2406	0.2431	2	31	62	2009.275132
phase	-0.3007	-0.5096	5	78	162	2008.459023
phenomena	0.2717	0.5344	6	30	60	2008.558488
photogrammetry	0.8519	-0.2645	1	116	282	2012.265537
photographs	-0.717	-0.5577	3	31	62	2008.533026
photography	1.3981	0.1241	1	28	56	2009.470588
photosynthesis	0.6178	0.4091	1	49	98	2007.240163
physiological responses	1.3816	-0.0376	1	34	68	2011.686275
pinnipeds	1.2848	-0.137	1	73	184	2008.580574
place	-0.3077	1.0235	4	63	126	2007.525068
plagioclase	-1.0853	0.2234	2	54	108	2006.448485
planning	0.3905	0.0076	1	33	66	2012.670807
plant	0.6848	0.4772	1	71	168	2008.777628
plate	-0.5784	-0.0638	3	37	74	2007.514055
plateau	-1.218	-0.3379	3	40	80	2009.592112
platform	0.5337	-0.0034	1	96	226	2009.532067
pleistocene	-0.361	1.0185	4	105	262	2008.069475
pliocene	-0.3611	1.0191	4	105	262	2007.441971
plot	0.3228	0.5233	1	57	114	2007.82643
plutons	-0.2498	-0.197	2	30	60	2005.708145
polar	0.1959	0.4388	2	33	66	2007.443747
polar cod	0.9027	-0.5065	1	48	96	2009.520958
policy	1.0993	-0.1269	1	41	104	2012.234091
population	0.9826	-0.1851	1	174	476	2008.672858
population trends	1.3674	-0.1306	1	51	102	2010.206061
pore	-0.16	0.9059	4	77	166	2009.423041
porosity	-0.4005	1.0461	4	121	364	2009.180556
position	-0.7333	-0.0247	2	124	318	2008.392256
positioning	0.8241	-0.1901	1	39	78	2010.020305
potassium	-0.838	0.0178	2	35	70	2007.075658
potential	-0.3251	-0.3781	2	311	1274	2010.240353
potential impact	1.2307	-0.254	1	55	122	2010.782051
power	1.19	-0.1097	1	25	50	2009.270091
precambrian	-0.1095	-0.1365	2	54	108	2005.869444
precipitation	0.0053	0.3148	1	62	124	2009.731557
precision	0.5881	-0.126	1	70	150	2008.835605
predators	1.1045	0.3092	1	60	126	2008.956781
predictions	-0.3917	0.5767	2	168	422	2009.897678
preparation	0.3123	0.1701	1	94	190	2008.197154
present	-0.6996	0.3115	2	38	76	2007.990715
preservation	-0.2361	-1.076	6	25	50	2009
pressure	0.0175	-0.062	5	170	426	2008.310217
principal component analysis	-0.7606	0.2307	4	192	532	2008.970381
priority	-0.8606	-0.5231	3	40	80	2011.372703
probe	0.0761	0.2442	2	68	150	2007.984576
procedures	-0.3028	-0.2246	2	68	148	2007.300565
processes	-0.1398	0.1523	1	498	2086	2009.595773
production	-0.7176	-0.5569	3	31	62	2008.41289
productivity	-0.4175	1.012	4	68	136	2009.327254
profiles	-0.5395	0.1823	2	154	398	2007.935203
programme	0.7596	-0.0683	1	27	54	2007.667702
project	0.2323	0.0449	1	137	336	2009.951874
projection	0.0502	-0.1308	5	142	320	2012.897475
properties	-0.6872	0.1903	2	301	950	2009.393254
proportion	0.743	-0.3809	1	71	154	2007.916222
prospects	-0.8099	-0.6573	3	40	80	2010.176471
proterozoic	-0.6916	0.1101	2	46	92	2003.157593
protocol	1.1161	-0.1837	1	28	56	2010.678419
prototype	0.4279	7e-04	1	38	76	2008.616505
provenance	-0.1114	-0.1363	2	54	108	2009.956562
province	-0.8132	-0.4071	3	136	392	2008.267085
proximity	1.1166	-0.1828	1	28	56	2009.550413
proxy	-0.5794	-0.2959	3	85	214	2011.318436
psc	-0.3156	0.591	2	36	72	2002.395604
pump	0.6908	-0.2109	1	21	42	2009.434483
pygoscelis	1.3391	-0.1848	1	97	266	2007.67632
pyroxene	-1.1408	0.0581	2	41	82	2006.272311
quality	0.1307	0.098	1	105	236	2010.189742
quantification	-0.7235	-0.1337	5	98	202	2011.260355
quantitative analysis	1.3666	-0.1276	1	51	102	2009.83908
quartz	-0.9002	-0.3096	3	173	488	2007.229539
quaternary	-0.2221	-0.2844	2	91	198	2007.507274
quebec	-0.8641	0.2711	2	43	86	2006.453245
radar	-0.497	-0.3968	3	152	438	2008.748589
radiance	-0.8552	-0.0979	2	83	188	2007.493478
radiometer	-0.9797	-0.5265	3	249	1358	2007.88206
rain	0.5466	0.5203	1	118	336	2008.573092
rainfall	0.0206	0.266	1	86	196	2010.725018
random	-0.6379	0.4252	2	54	110	2009.01845
range	0.0196	-0.0875	2	379	1230	2008.574661
rare earth elements	-1.0213	0.0404	2	66	152	2008.572816
rates	0.0935	0.6853	4	20	40	2007.943562
ratio	-0.268	-0.4707	5	330	1336	2007.736208
reaction	1.1144	0.0544	1	81	206	2006.276225
reactivation	-0.8615	-0.5222	3	40	80	2008.02
receiver	0.8236	-0.1894	1	39	78	2009.632967
recognition	0.1038	-0.611	1	61	130	2008.848394
recommendations	1.1115	-0.0082	1	91	216	2011.232852
reconstruction	-0.1761	-0.2843	5	137	340	2009.991292
recovery	-0.4553	0.8019	4	120	262	2009.497477
recruitment	0.7373	0.5543	1	50	116	2007.845827
recrystallization	-0.8418	-0.787	3	60	120	2009.103093
recurrence	0.0041	0.3171	1	62	124	2008.935961
redox	-0.3245	-0.4677	5	34	68	2011.434659
reduction	-0.4909	0.3019	2	202	520	2009.195696
redundancy	0.1206	0.0841	1	63	134	2011.781395
reflection	-0.7079	-0.1546	2	465	2522	2008.516981
regeneration	0.6388	0.4411	1	72	172	2006.358354
regime	-0.0064	-0.1508	5	214	532	2008.761852
region	-0.2856	-0.0604	2	720	4056	2009.213913
regional variations	-0.0886	-0.6038	2	33	66	2006.888199
regolith	-0.0542	-0.027	2	79	180	2009.40991
regression	-0.2933	0.4562	2	162	428	2009.585498
relationship	0.1631	0.488	1	149	354	2008.880832
relative abundance	0.4877	-0.3613	1	96	204	2009.354188
release	-0.066	0.4563	2	77	164	2009.408827
relief	-1.1407	0.0555	2	41	82	2008.031686
remediation	0.3912	0.0078	1	33	66	2011.256983
remote	-0.3318	-0.2852	2	464	2400	2010.867397
remote areas	0.9301	0.244	1	57	122	2009.37551
remote sensing	-0.1975	-0.4538	3	240	756	2011.422546
removal	-0.2877	0.1394	1	110	244	2008.282275
replacement	-0.2356	-1.0761	6	25	50	2008.391417
representation	-0.6755	0.3388	2	125	292	2010.830294
requirements	0.6491	0.3939	1	46	94	2008.486324
res	-0.3363	0.217	5	93	194	2009.597305
research	0.4517	-0.2468	1	462	1906	2010.476977
residues	-0.6708	0.213	2	61	126	2007.610135
resistance	-0.4511	1.055	4	88	238	2009.811343
resolution	0.2949	-0.1095	2	430	1604	2009.55055
resources	-0.8949	-0.7853	3	43	86	2010.858496
respect	0.472	-0.2921	1	164	384	2008.283557
respiration	0.6196	0.4098	1	49	98	2008.833429
response	0.7769	-0.0411	1	210	576	2009.573466
restrictions	-0.3017	0.2003	2	36	72	2009.095238
retrieval	0.0546	0.2912	2	48	96	2010.435006
reveals	-0.8656	0.2703	2	43	86	2010.570102
review	0.2773	0.3359	1	81	170	2009.601815
richness	0.7375	0.5542	1	50	116	2010.853254
ridge	-1.1415	0.0561	2	41	82	2007.505288
river	0.0066	0.3152	1	62	124	2009.320924
road	0.1974	0.1924	1	111	238	2010.853081
robustness	-0.3278	0.7011	4	108	250	2012.541485
rocks	-0.5854	-0.1719	2	568	3220	2007.751648
role	-0.1543	0.7248	4	122	276	2010.178923
root	-0.3318	0.3938	2	123	310	2009.331514
routes	-0.8097	-0.6564	3	40	80	2010.541845
royal	1.1056	-0.2276	1	17	34	2007.324771
safety	0.5163	-0.1033	1	53	114	2012.662963
salinity	-0.5627	-0.2984	3	74	152	2008.2244
sam	-0.8311	0.1328	2	110	286	2012.531667
sample	0.3013	0.4892	4	134	284	2008.715721
sandstone	-0.4118	-0.5289	2	45	90	2007.91966
satellite	-0.3069	-0.3826	3	363	1720	2009.46691
satellite data	-0.3136	-0.2558	3	185	566	2009.788853
satellite imagery	-0.6541	-0.1191	3	107	284	2010.11368
satellite images	-0.8428	-0.4549	3	77	182	2010.376963
scale	-0.0897	0.2209	2	342	1072	2009.692551
scanning	0.5714	-0.3654	1	81	166	2009.812339
scenarios	0.5575	0.5022	1	79	222	2011.166554
science	0.7988	0.2279	1	87	188	2002.851791
se	-0.5664	-0.3232	3	128	330	2008.4
sea	0.3879	0.3431	1	327	1098	2008.689398
sea floor	-0.3092	1.0262	4	63	126	2007.091335
sea ice	0.4929	0.2795	1	153	440	2010.083703
sea ice concentration	0.2424	0.7072	6	50	142	2013.267038
sea level	1.366	-0.1295	1	51	102	2008.698807
seabirds	1.3419	-0.0284	1	111	276	2009.747744
seafloor	-0.4147	1.0107	4	68	136	2010.251366
seals	1.2263	-0.0708	1	84	212	2006.837258
search	0.4254	-0.1823	1	87	182	2009.995035
season	0.7397	-0.6084	1	108	256	2009.082749
sections	0.2437	-0.5813	2	44	88	2007.337998
sedimentary	-0.3347	-0.8244	6	68	150	2007.774481
sedimentary rocks	-0.6185	0.126	2	118	288	2008.327473
sediments	-0.4846	0.7343	4	221	680	2008.031847
seed	0.746	0.5395	1	35	70	2007.757921
segments	-0.2091	0.1605	4	189	506	2008.049369
seismic	0.1862	-0.2176	2	23	46	2008.590452
selection	-0.3626	-0.3187	3	180	610	2009.482489
sensing	-0.2429	-0.2593	3	357	1476	2011.019623
sensitivity	1.21	-0.125	1	89	200	2009.595052
sensors	-0.0562	0.0935	2	303	1008	2009.759019
separation	-0.4128	-0.5303	2	45	90	2007.566611
sequence	-0.3438	0.6483	4	137	294	2008.54367
series	0.4693	0.2579	1	195	516	2008.676664
service	0.9176	-0.0409	1	23	46	2012.189453
severity	-0.4425	-0.0067	5	45	90	2010.095915
shape	-0.1448	0.2999	4	19	38	2008.770625
shear	-0.4191	-0.7338	3	96	216	2007.066225
shear zone	-0.7892	-0.4279	3	143	406	2006.11039
shetland	1.2868	-0.188	1	64	144	2008.115064
shield	-0.8596	-0.5221	3	40	80	2007.13964
shift	0.2005	0.221	1	106	256	2010.334777
ship	1.1057	-0.2278	1	17	34	2010.548666
shore	1.3389	-0.318	1	33	66	2007.399663
shoreline	-0.0282	0.2597	2	40	80	2007.724965
shortwave	-0.5336	-0.3622	2	169	440	2010.126492
siberian	0.3206	-0.6805	1	21	42	2010.123978
signal	0.3452	0.2061	1	176	430	2009.224031
signatures	-0.4669	-0.2852	2	145	382	2009.339117
significance	-0.424	-0.7263	3	78	182	2008.013281
silicate	-0.8108	0.0109	2	139	344	2007.676275
silt	-0.4874	1.1039	4	51	102	2008.020408
similarity	-0.7294	-0.183	2	101	254	2009.020248
simulations	0.4699	0.4923	1	167	514	2010.182554
sites	0.28	0.2581	1	374	1118	2008.514265
size	0.2769	0.3549	1	291	868	2008.248059
size distribution	-0.317	0.5917	2	36	72	2007.239521
skua	1.0201	-0.3282	1	66	142	2006.941176
slope	-0.2988	0.7238	4	203	616	2008.522006
smectite	-1.0595	-0.272	2	68	166	2005.43871
snow	0.7325	-0.3318	4	38	76	2008.843053
snow/ice	-1.112	-0.5065	3	45	90	2010.232432
so2	-0.7538	0.6322	2	53	106	2006.852732
soc	0.0237	0.5077	2	56	134	2012.467925
society	0.6798	0.2874	1	45	90	2008.419795
software	0.2345	0.3445	1	35	70	2011.491499
soil	-0.2939	0.1887	2	322	1028	2010.0138
soil organic carbon	0.0243	0.5074	2	56	134	2014.01626
solution	-0.0992	-0.2005	6	134	318	2008.161376
som	-0.537	0.2583	2	209	610	2012.532189
source	0.1567	-0.166	1	144	344	2008.933035
south	0.1942	-0.0771	2	286	808	2007.747219
south shetland islands	1.1741	-0.1475	1	41	82	2008.819277
southern	1.3811	-0.038	1	34	68	2009.223665
southern elephant seals	1.0937	0.0599	1	14	28	2006.471963
southwest	-0.6631	-0.1121	2	64	148	2008.084584
space	0.161	0.1793	1	212	524	2009.666286
spatial	-0.1636	-0.0678	2	81	186	2009.53617
spatial distribution	-0.7331	0.0204	2	209	726	2010.361231
spatial patterns	0.4231	0.5635	1	27	54	2010.619556
spatial resolution	0.0833	0.383	2	136	332	2010.654237
spatial structure	0.2432	0.061	2	29	58	2009.726496
spatial variability	0.1965	0.4395	2	33	66	2009.941935
species	0.8583	0.0545	1	382	1378	2008.521336
species composition	0.7477	0.0752	1	120	318	2007.678414
species diversity	0.9027	-0.5087	1	48	96	2009.157588
species richness	0.7046	0.4825	1	99	264	2010.025611
specimens	-0.9958	0.4778	2	32	64	2008.382593
spectra	-0.5913	0.0978	2	383	1634	2007.31392
spectral	-0.6103	0.0602	2	266	918	2008.296703
spectrometer	-0.4833	0.1001	2	144	398	2007.003177
spectrometry	-0.8808	0.0572	2	109	254	2008.95
spectroradiometer	0.1145	-0.0673	1	70	152	2012.221622
spectroscopy	-0.3967	-0.0563	2	275	806	2008.882646
spectrum	-0.2169	0.1347	2	150	368	2007.745108
spinel	0.0273	-1.0895	4	43	86	2006.083077
spots	0.2161	-0.6642	1	65	138	2009.61157
spread	-1.0831	0.2216	2	54	108	2008.634921
spring	-0.5786	-0.0626	3	37	74	2008.097068
stability	0.8675	-0.1228	1	69	168	2009.500887
stage	-0.6481	-0.4778	3	259	972	2008.259718
standard deviation	0.3231	0.5211	1	57	114	2009.368356
state	0.0517	-0.0737	5	295	824	2009.742678
stations	0.2925	-0.1325	1	30	60	2007.983598
statistical analysis	-0.4419	-0.0084	5	45	90	2009.976139
statistical model	-0.3061	1.0242	4	63	126	2009.650307
statistics	-0.2522	0.4303	4	138	292	2009.312095
status	0.9053	-0.5085	1	48	96	2009.341864
stem	0.6631	0.4258	1	25	50	2008.115315
steps	-0.1994	0.4967	4	66	136	2009.019451
stock	-0.3295	0.484	2	68	142	2007.807479
strategies	0.5062	0.4216	1	69	142	2010.305877
strength	-0.8647	0.2706	2	43	86	2009.266467
stress	0.4041	-0.278	5	148	368	2009.003348
strike-slip	0.059	-0.6424	1	48	96	2005.488479
structure	-0.0731	-0.0374	1	459	1690	2008.655706
subantarctic	0.8229	-0.1908	1	39	78	2007.474082
subarctic	-0.1569	0.5753	2	34	68	2009.71978
subduction	-0.895	-0.7842	3	43	86	2008.185334
subsidence	-0.2726	-0.5562	5	47	94	2007.462963
substrate	-0.7284	0.2036	2	84	184	2008.452754
subsurface	-0.4138	1.0117	4	68	136	2009.927347
succession	-0.223	0.6414	4	194	554	2008.154965
sulfate	-0.325	-0.4682	5	34	68	2007.17354
sulfide	-0.4226	-0.5152	5	117	274	2009.07973
sulfur	-0.324	-0.4678	5	34	68	2008.25908
sulphur	-0.7513	0.6338	2	53	106	2005.261261
summer	1.1112	-0.2823	1	89	212	2008.716639
summertime	0.3207	-0.6801	1	21	42	2009.23617
support	-1.1152	-0.3653	2	51	116	2009.291409
surface	-0.1997	0.0626	2	277	906	2008.863385
surveillance	1.0537	-0.2244	1	33	66	2011.173729
survey	0.093	-0.158	1	327	1102	2009.037248
susceptibility	-0.0421	0.1874	1	85	182	2008.427194
suture	-0.8937	-0.7847	3	43	86	2008.919732
swarms	-0.1439	-0.4736	5	75	184	2006.875
switch	0.5029	-0.0497	1	28	56	2009.291908
symptoms	1.3383	-0.3182	1	33	66	2008.241379
synthesis	-0.3235	-0.4683	5	34	68	2009.662722
synthetic	-0.8379	-0.7616	3	107	324	2009.089404
system	0.0766	0.1182	1	346	1072	2009.608581
techniques	-0.0962	0.0603	1	516	2368	2007.972333
technology	0.8218	-0.0441	1	157	378	2011.429895
tectonic evolution	-0.8391	-0.7867	3	60	120	2009.586716
tectonic setting	-0.0183	-0.3898	5	45	90	2007.469945
tectonics	-0.0194	-0.3881	5	45	90	2006.76351
telescope	0.6805	0.2849	1	45	90	2008.459103
temperature	0.4686	-0.0182	1	241	668	2008.94464
term	-0.3054	1.0254	4	63	126	2008.827225
terms	0.0624	-0.214	5	145	346	2008.49203
terra	0.7321	-0.3348	4	38	76	2006.634218
terra nova	0.7307	-0.3336	4	38	76	2004.915464
terrain	0.5135	-0.2823	2	117	272	2009.112619
terrane	-0.8284	-0.7674	3	116	326	2006.729443
terrestrial	0.2425	-0.5811	2	44	88	2008.824144
territories	0.2907	-0.3923	1	65	138	2007.423737
texture	-0.2168	0.1767	2	100	242	2007.458888
thaw	-0.1444	0.3	4	19	38	2011.976068
theory	0.6189	0.4107	1	49	98	2008.181946
thermal	-0.6802	-0.2956	3	333	1782	2009.266307
thickness	-0.0327	-0.1576	2	102	228	2008.754418
threat	0.7466	0.5402	1	35	70	2012.027911
threshold	0.0588	-0.6412	1	48	96	2010.539227
tibetan plateau	-1.2197	-0.3374	3	40	80	2012.664516
till	-1.0829	0.2242	2	54	108	2006.793544
time	0.3351	-0.0159	1	361	1164	2008.831798
tm	-0.5103	-0.4275	2	91	224	2007.895425
tools	0.4784	0.4641	1	92	198	2011.918196
topographic	-0.9367	0.1745	2	77	158	2009.511628
topography	-0.492	-0.2355	2	108	260	2008.703566
total number	-0.1432	-0.081	2	29	58	2008.215054
trace	-1.0843	0.2216	2	54	108	2007.662102
trace elements	-1.0826	0.2255	2	54	108	2009.237548
track	0.824	-0.1904	1	39	78	2008.851477
trade-off	0.666	0.4817	1	37	74	2010.706897
training	-0.32	0.5213	4	56	122	2011.13913
traits	0.4572	0.6818	1	24	48	2011.145237
trajectories	-0.8658	0.272	2	43	86	2008.784052
transfer	-0.3619	0.3048	2	84	172	2008.40464
transformation	-0.6273	-0.2293	3	172	564	2009.214985
transition	-0.5008	0.7312	4	155	424	2009.289721
transition zone	-0.7717	0.0575	2	65	162	2009.219331
transmitters	0.8242	-0.1913	1	39	78	2006.933063
transport	0.1722	-0.001	1	93	196	2008.638472
trawl	0.9031	-0.5096	1	48	96	2008.498674
tree line	-0.3896	-0.4423	2	44	88	2008.50625
trees	0.1968	0.4142	1	187	580	2009.293127
trends	0.1233	-0.3721	5	239	688	2009.691924
trough	-0.7445	-0.6959	3	59	118	2008.165586
tundra	1.1752	-0.1481	1	41	82	2009.070476
tundra vegetation	-0.4346	-0.2405	2	36	72	2010.853933
turbulence	1.0534	-0.2237	1	33	66	2008.098326
types	0.335	0.1962	1	327	986	2008.677962
ultramafic rocks	-0.5123	-0.2451	2	85	182	2008.993464
uncertainty	-0.1639	0.8847	4	149	376	2011.023214
university	1.1057	-0.2279	1	17	34	2007.852518
upper crust	-0.0193	-0.3903	5	45	90	2006.377358
uranium	-0.3653	-0.0836	2	85	178	2009.11236
uria	1.3982	0.1246	1	28	56	2008.091772
utilization	-0.4091	-0.1019	2	103	250	2009.166837
uv	0.4774	-0.4017	1	32	64	2006.991828
validation	-0.1651	0.2984	2	193	516	2010.014759
values	-0.4685	0.2006	2	256	706	2008.134938
variability	0.1789	0.2415	2	240	662	2009.910572
variations	-0.1093	0.0116	2	176	494	2008.23722
vector	-0.9818	-0.1558	2	21	42	2009.067811
vegetation	0.2252	0.0606	1	409	1420	2009.373552
vehicles	1.0579	-0.0989	1	229	782	2011.334764
veins	-0.8578	-0.6693	3	119	366	2006.863344
velocity	-0.4027	1.0466	4	121	364	2008.229763
vertical	1.1375	0.0187	1	18	36	2006.365209
vessel	0.2437	-0.5828	2	44	88	2009.364564
vhf	0.8232	-0.1901	1	39	78	2005.713615
victoria	-0.8374	-0.6578	3	110	340	2006.654545
victoria land	-0.8364	-0.659	3	110	340	2006.180765
video	1.3967	-0.2235	1	31	62	2009.312925
visibility	-0.1348	0.5162	2	70	142	2008.728125
volcanic	-0.1557	-0.4282	2	137	368	2007.684982
volcanic rocks	-1.1981	-0.5084	2	37	74	2006.441489
volcano	-0.8309	-0.0122	3	56	160	2009.385534
volume	-0.1216	0.3354	2	88	192	2008.390878
warming	0.233	0.7675	6	41	82	2011.01791
water	0.855	-0.3738	1	113	268	2008.522927
water bodies	0.9042	-0.5085	1	48	96	2010.393162
water temperature	0.9052	-0.5059	1	48	96	2008.738971
wavelength	-0.4229	-0.0611	2	94	254	2006.776718
wavelet	-0.4912	0.3265	2	57	114	2011.090379
weather	0.3054	0.0172	1	103	236	2009.837145
weddell	1.2844	-0.1363	1	73	184	2005.737398
weight	-0.4887	0.3265	2	57	114	2006.661831
well	-0.4159	1.0126	4	68	136	2008.243446
wetlands	-0.7517	0.6316	2	53	106	2009.706852
wildlife	1.2221	-0.1018	1	158	520	2011.223022
wind	1.0532	-0.2231	1	33	66	2008.553573
wood	0.4567	0.6819	1	24	48	2008.080058
work	0.0844	-0.0073	2	233	570	2010.485608
world	0.1337	-0.3592	1	275	1006	2009.680768
x-ray	-0.4706	-0.4643	5	81	168	2009.533047
yield	0.6665	0.4813	1	37	74	2007.793478
yukon	0.478	-0.4018	1	32	64	2008.592034
zinc	-0.743	-0.697	3	59	118	2007.542929
zn	-1.0818	0.2241	2	54	108	2007.627358
zone	-0.4758	-0.1867	3	472	2384	2007.966537
zoning	-0.2359	-1.077	6	25	50	2008.545455
