id	x	y	cluster	weight<Links>	weight<Total link strength>	weight<Keyword count>	score<Avg year>
20th century	-0.2417	-0.5086	3	693	4300	43	2011.125
absolute gravimetry	0.2178	0.7582	2	250	802	8	2005.125
absolute gravity	0.4282	0.6569	2	546	2994	29	2008.290323
acceleration	0.2359	-0.357	3	1072	9880	95	2012.217042
access	0.2395	-0.4244	2	328	946	8	2013.769679
accord	-0.1571	-0.239	3	229	636	7	2009.230769
accretion	-0.9316	-0.3876	1	273	886	11	2009.336634
accumulation	0.1124	-0.0071	5	924	6016	56	2011.1675
accumulation rates	-0.3009	0.0121	1	341	1074	11	2010.201613
accuracy	0.652	0.221	2	1158	11636	113	2012.031588
action	-0.4902	-0.3017	1	248	696	9	2009.595808
activity	-0.2754	-0.0397	1	643	2724	29	2011.741747
adaptation	-0.4004	-0.8451	3	501	2820	31	2013.458029
addition	0.172	-0.1041	2	1349	14544	141	2012.072879
adjustment	-0.0958	0.5506	4	1548	42908	404	2011.543956
adriatic	-0.5949	-0.3242	1	274	894	9	2009.65
advance	-0.3384	0.2436	1	753	4066	42	2012.223684
africa	0.032	-0.131	2	643	2992	31	2009.943515
age	-0.9999	0.1215	1	1015	10724	110	2010.368729
agency	0.7704	-0.0646	2	402	1446	11	2012.539216
agreement	0.4308	0.1066	2	1235	13340	132	2010.554303
air	0.0794	-0.5135	3	590	2568	29	2011.976061
air temperature	0.0484	-0.7047	3	343	1176	12	2012.218924
ais	0.3581	-0.0705	5	414	1972	16	2014.4625
al	0.2834	0.4169	2	809	4536	43	2010.555118
alaska	0.2638	-0.1494	5	708	3288	31	2010.597746
algae	-0.8722	-0.3577	1	267	782	8	2012.039501
algorithm	0.5534	0.2053	2	557	2376	23	2011.916828
aliasing	1.3206	0.049	2	319	1432	14	2010.384615
altimeter	0.8344	-0.3112	2	707	4666	44	2009.018667
altimeter data	0.949	-0.3743	2	452	1996	19	2007.217143
altimetry	0.8664	-0.2984	2	1093	15438	139	2011.731674
altimetry data	0.8804	-0.1105	2	676	4196	36	2011.834356
altimetry era	0.7437	-0.7746	3	265	1048	10	2016.7
altimetry observations	1.0267	-0.21	5	302	1146	10	2014.166667
altitude	0.0103	0.3574	1	448	1678	18	2011.218807
amazon	1.1788	-0.1739	2	351	1568	16	2013.459459
amazon basin	1.077	-0.4076	2	197	588	7	2013.761905
ambiguity	-0.1216	0.4836	4	293	780	7	2010.945946
america	-0.3099	0.431	4	1119	10888	101	2011.440252
american	-0.3456	0.6288	4	275	772	7	2010.565574
amino acid racemization	-1.2782	-0.1273	1	193	650	7	2008.25
amino acids	-1.2736	-0.1151	1	229	852	9	2012.884393
amplitude	0.4235	0.0073	2	1092	9172	94	2010.372165
ams	-1.2155	-0.0313	1	250	830	9	2009.358491
amundsen	1.0749	0.3495	5	474	3270	25	2012.553846
amundsen sea	1.1615	0.3546	5	453	3202	24	2013.842105
amundsen sea embayment	1.1856	0.1927	5	322	1530	12	2014.621622
amundsen sea sector	1.0701	0.6175	5	278	1306	9	2013.240741
analog	-1.1787	-0.2296	1	248	748	8	2012.234043
analogue	-0.9523	-0.4295	1	232	626	7	2011.282609
analysis	0.1	0.0743	2	1586	35050	354	2011.656462
ancient ice	-0.3288	0.7897	4	217	598	7	2009.4375
angular momentum	0.7513	-0.4298	2	294	1286	15	2006.62963
annual	0.9574	-0.4257	2	269	878	9	2010.264808
annual cycle	0.666	-0.6513	3	328	1146	11	2009.189944
annual variability	0.8281	-0.4912	2	289	822	7	2012.096045
annual variation	0.7923	-0.2097	2	352	1238	12	2011.130137
annular mode	0.7528	-0.733	3	212	674	7	2012.262136
anomaly	0.5741	-0.0376	2	1175	12680	127	2010.997204
antarctic	0.2056	0.0818	5	1462	30908	306	2010.797819
antarctic circumpolar current	0.5917	-0.7186	3	454	2060	17	2008.485816
antarctic continent	0.6873	0.621	2	247	854	8	2010.136364
antarctic ice	0.0587	-0.0348	5	1281	19332	186	2012.455772
antarctic ice mass loss	1.2087	0.2315	5	242	886	8	2013.181818
antarctic ice sheet	-0.0435	-0.1135	5	1212	16756	158	2012.616541
antarctic peninsula	0.86	0.4728	5	683	5294	46	2011.82716
antarctic plate	0.3665	0.868	2	276	1076	11	2009.4
antarctic research	0.6342	0.6924	2	273	1070	10	2011.169643
antarctic sea	0.01	-0.3274	3	271	820	8	2013.249337
antarctica	0.5602	0.2427	5	1427	30104	297	2011.220175
antarctica ice	0.6876	0.3502	5	680	4526	42	2011.795666
antarctica ice sheet	0.858	0.3741	5	340	1468	13	2011.758065
antarctica mass balance	1.0818	0.3469	5	286	1086	9	2010.416667
antarctica mass loss	0.7447	-0.222	5	318	1182	10	2012.947368
ao	0.3972	-0.6566	2	271	884	9	2011.098916
application	0.372	0.072	2	1101	9446	93	2012.361823
approach	0.3889	0.0713	2	1336	18454	185	2013.011682
approximation	0.2661	0.3813	4	573	2420	23	2011.077491
aquifer	0.2616	-0.8039	3	293	926	9	2013.608247
ar5	-0.0548	-0.852	3	317	1052	8	2015.21875
arc	-0.0493	0.3548	1	278	730	7	2011.75
archipelago	-0.3872	0.2599	1	462	1598	16	2011.082609
architecture	-0.8709	-0.3125	1	232	616	7	2011.802326
archives	-0.9188	-0.338	1	276	864	10	2012.62249
arctic	0.3732	-0.4289	2	1112	10284	106	2012.189504
arctic ocean	0.4595	-0.5832	3	695	4250	43	2010.893127
arctic oscillation	0.303	-0.6778	2	358	1378	14	2011.24912
arctic regions	0.9112	-0.3355	2	395	1616	15	2013.278834
arctic seas	0.4708	-0.7238	3	322	1328	13	2014.010669
area	-0.0564	-0.0339	1	1562	30732	315	2011.37466
argo	0.6707	-0.7698	3	374	1718	16	2013.487705
asia	0.0403	-0.4353	2	558	2510	27	2013.012594
assemblages	-1.1701	-0.2012	1	345	1298	15	2012.247588
assessment	0.1028	-0.5052	3	1150	11414	118	2013.024899
assimilation	0.8207	-0.4633	2	620	3418	32	2012.629787
association	-0.213	-0.1326	1	319	846	9	2011.081886
asthenosphere	-0.0488	1.0056	4	267	952	10	2009.272727
atlantic	-0.319	-0.4475	3	1149	12284	121	2010.236737
atlantic coast	-0.9174	-0.0225	1	467	2304	24	2009.675
atlantic ocean	-0.1002	-0.5749	3	653	3158	27	2009.615463
atmosphere	0.6201	-0.3125	2	967	7456	69	2011.581199
atmospheric circulation	-0.1657	-0.5247	1	285	828	9	2012.002058
atmospheric mass	1.2762	-0.1249	2	241	834	7	2009.103448
atmospheric pressure	0.8887	-0.3017	2	450	1956	20	2008.613793
attention	0.0622	-0.3861	3	577	2362	28	2012.917808
attenuation	0.6683	-0.2024	2	321	1160	11	2011.218605
attraction	-0.0984	-0.0946	5	359	1360	12	2010.052632
australia	-0.5078	-0.1984	1	866	5656	58	2010.617438
australian	-0.5251	0.3357	1	651	3432	35	2010.832787
availability	-0.1592	0.0315	1	469	1590	16	2012.908905
bahamas	-1.0985	-0.2417	1	356	1336	15	2005.681818
balance	0.8286	0.0945	5	1155	17094	153	2011.539286
baltic	-0.5609	0.4122	4	430	1632	15	2011.08982
baltic sea	-0.4913	0.0943	4	308	1016	10	2011.529412
barbados	-1.0225	0.2327	1	521	2872	28	2008.666667
barents	-0.0529	0.5796	4	443	1946	19	2010.39816
barents sea	-0.1593	0.7194	4	408	1688	16	2010.27735
barotropic	0.489	-0.7873	3	322	1406	14	2008.382671
barrier	-1.0532	-0.2415	1	476	2228	25	2010.248366
barrier islands	-0.8821	-0.3945	1	260	806	8	2009.266667
basal	-0.7862	0.1106	1	328	1020	10	2012.568254
baseline	0.1143	0.3174	2	552	2220	23	2012.74934
basin	0.2774	-0.3423	2	1198	13770	133	2010.09645
bathymetry	-0.6856	0.2114	1	320	992	11	2011.112299
bay	-0.3779	0.3952	4	1162	11610	119	2010.11814
bayesian	-0.127	-0.0982	3	412	1346	12	2013.796296
beach	-0.9749	-0.1966	1	571	2734	28	2008.855932
bed	-0.5628	-0.0276	1	222	624	8	2012.649281
bedrock	0.2704	0.6428	5	611	3426	34	2011.093588
behavior	0.0192	-0.1342	3	682	3014	32	2011.103784
behaviour	-0.1593	0.508	4	586	2394	24	2010.943662
benchmark	0.1128	0.1347	2	363	1106	10	2013.198276
benefits	0.1912	-0.1473	2	487	1732	19	2014.038732
bermuda	-1.1781	-0.0463	1	335	1398	15	2006.844444
bias	0.7195	-0.0182	2	648	3552	34	2013.065051
biases	0.6429	-0.2653	2	544	2310	21	2013.826211
biodiversity	-0.6468	-0.3833	1	252	730	8	2013.864286
body	-0.4921	0.0735	1	470	1532	16	2011.227462
borehole	-1.0916	-0.2329	1	205	594	7	2012.604563
bottom pressure	0.9089	-0.3995	2	677	5216	52	2008.664
boundary	0.0789	0.1909	4	731	3644	37	2008.420868
boundary conditions	-0.4882	-0.2928	1	373	1212	11	2010.430736
bounds	-0.4153	0.573	4	390	1488	13	2011.2375
bp	-0.994	0.1305	1	945	9574	100	2012.006369
bridge	-0.4713	-0.3058	1	279	730	7	2012.680412
britain	-0.8842	0.5836	1	394	1958	20	2008.026316
british isles	-0.6895	0.6538	4	236	864	9	2001.181818
budget	0.5947	-0.6176	3	914	7982	77	2011.153068
building	-0.5974	-0.6177	3	246	680	7	2011.116071
c-14	-1.022	0.249	1	558	2794	27	2010.938406
c-20	1.2709	-0.0292	2	256	898	9	2010.375
calibration	-0.1825	-0.1532	3	593	2446	23	2011.99511
california	-0.5677	0.3878	1	386	1286	12	2009.673387
campaign	0.58	0.7594	2	338	1244	12	2013.041363
canada	-0.2609	0.4196	4	932	7056	71	2011.058788
canadian	-0.0228	0.3346	4	254	748	9	2010.480463
capabilities	0.4787	-0.23	2	352	1118	11	2013
capacity	-0.2675	-0.3708	1	387	1142	13	2013.094099
cape	-0.6251	0.1116	1	324	886	10	2009.255255
caps	-0.0209	-0.3578	3	653	3446	34	2011.769912
capture	-0.1937	-0.1531	1	253	672	7	2012.315068
carbon	-0.6231	-0.519	1	466	1878	19	2013.107259
carbonate	-1.09	-0.1934	1	373	1624	19	2011.940552
caribbean	-0.9081	0.216	1	397	1410	14	2011.107692
case	0.1413	0.026	2	1208	11260	111	2010.847835
case study	0.0605	-0.2325	2	681	3140	32	2012.678179
cause	-0.0341	-0.5082	3	941	7364	79	2011.675244
century	-0.2653	-0.6438	3	1228	18222	195	2012.205869
chain	-0.6223	-0.0983	3	314	838	7	2011.096866
challenges	0.0356	-0.513	3	687	3574	36	2014.48237
champ	0.9392	0.6349	2	194	608	7	2007.428571
changes	-0.0827	-0.0937	1	1649	95344	981	2012.206219
channel	-0.6879	0.0946	1	605	2440	24	2009.903036
characteristics	-0.0051	0.0372	2	911	5268	49	2010.936545
characterization	-0.0266	-0.6701	3	304	922	10	2012.72969
china	0.1639	-0.4795	2	692	3668	38	2013.948798
china sea	-0.7127	-0.5869	1	258	774	9	2013.311594
chronology	-0.8266	0.3997	1	641	3586	36	2010.47
cia	-0.5007	0.3281	1	490	2242	19	2011.954545
circulation	0.3045	-0.4916	3	1045	8930	88	2010.44219
circulation model	0.5174	-0.598	3	429	1720	17	2009.61811
circulation patterns	-0.0984	-0.5342	1	250	704	7	2010.597956
circumpolar	0.5365	-0.7905	3	469	2314	20	2008.65295
circumpolar current	0.5909	-0.7194	3	454	2060	17	2008.384884
citation	0.4911	-0.4724	3	412	1820	23	2010.689507
cities	-0.3329	-0.7536	3	209	608	7	2013.631579
climate	0.2626	-0.3862	3	1604	57180	570	2012.847305
climate change	-0.1874	-0.5933	3	1345	20590	215	2013.106897
climate driven	-0.0943	-0.5251	2	334	1130	13	2013.781513
climate dynamics	-0.5764	-0.2494	1	251	690	7	2013.25
climate forcings	-0.4878	-0.1069	3	327	1064	9	2012.930131
climate impacts	-0.2448	-0.7941	3	254	756	8	2013.568493
climate model	0.087	-0.6783	3	966	7938	77	2013.16224
climate system	0.0453	-0.7004	3	547	2488	25	2012.717277
climate variability	0.0216	-0.7423	3	500	2100	22	2012.20898
climate variations	-0.3453	-0.508	3	285	888	10	2011.1875
climate warming	-0.604	-0.5379	3	352	1154	12	2013.628339
climatic conditions	-0.4072	-0.3834	1	480	1832	20	2011.992424
climatic events	-0.4797	-0.2085	1	284	848	8	2012.435644
climatology	0.3136	-0.5298	2	343	1030	10	2010.440048
closure	0.3409	-0.7263	3	499	2426	24	2009.644444
cloud	1.193	0.4864	5	343	1942	15	2010.976891
cmip5	0.1599	-0.9671	3	433	2326	24	2015.883929
cmip5 models	0.2845	-1.0085	3	205	672	7	2015.970588
co2	-0.4202	-0.5491	3	410	1488	14	2013.165022
coast	-0.4821	-0.1472	1	1382	22302	221	2010.134684
coastal	-0.6429	-0.44	1	814	5528	65	2010.739865
coastal areas	-0.234	-0.4873	3	605	2622	27	2012.54386
coastal communities	-0.2887	-0.8143	3	297	1056	11	2015.533333
coastal environments	-0.6248	-0.4612	1	334	1058	10	2012.679012
coastal erosion	-0.6478	-0.5981	1	268	818	8	2012.326087
coastal evolution	-1.1384	-0.2526	1	225	674	8	2011.096774
coastal flooding	-0.3057	-0.9079	3	274	1236	15	2016.588235
coastal geomorphology	-0.8776	-0.3231	1	288	906	9	2015.894737
coastal impacts	-0.0197	-0.9922	3	262	946	10	2014.083333
coastal plain	-1.3005	-0.058	1	187	582	7	2011.185185
coastal regions	0.0821	-0.4029	3	497	1942	20	2011.633188
coastal sea level	0.1057	-0.9383	3	375	1434	14	2009.766667
coastal seas	0.0867	-0.9035	3	397	1530	15	2011.26087
coastal wetlands	-0.7477	-0.5	1	268	756	8	2013.466667
coastal zone	-0.3254	-0.6562	3	502	2066	23	2011.138158
coastline	-0.6241	-0.033	1	973	7298	73	2010.273529
coefficients	0.9883	0.2062	2	893	8340	79	2010.617647
coherent	0.5048	-0.2921	2	331	1064	12	2010.047859
cold climate	-0.8923	-0.2765	1	202	558	7	2010.489583
collapse	-0.8565	0.0096	1	756	4812	53	2012.51938
column	-0.0628	-0.6385	3	381	1258	11	2010.224159
comment	-0.1453	0.506	1	184	508	8	2009.15
community	-0.1747	-0.5349	3	840	4892	50	2013.620087
compaction	-0.7079	0.0467	1	497	2350	21	2013.106796
comparison	0.316	0.2075	2	1315	15840	160	2010.70057
compilation	-0.4264	0.1993	1	383	1248	12	2012.019048
complex	-0.6271	0.2118	1	695	3622	34	2011.908387
composition	-1.031	-0.244	1	378	1330	14	2012.45256
concentrations	-0.1556	-0.57	3	775	4020	39	2011.643222
concept	-0.1926	0.1659	1	275	730	7	2011.306773
condition	-0.386	-0.239	1	243	596	7	2010.79798
configuration	-0.4914	0.3695	1	406	1380	13	2012.603053
consequences	-0.2791	-0.5199	3	578	2438	30	2012.275862
conservation	0.0234	-0.1875	2	330	972	10	2011.717256
consistency	0.7011	0.0624	2	575	2554	28	2011.881356
constellation	0.9058	0.3273	2	220	702	7	2015.666667
constituents	0.9239	0.0074	2	298	1070	12	2010.319372
constraints	-0.3006	0.5378	4	1310	18710	177	2011.060453
construction	-0.0372	0.1314	2	462	1506	14	2011.684729
contamination	0.9931	-0.1134	2	311	1104	13	2011.920245
content	0.2409	-0.5518	3	695	3576	37	2011.761593
continent	0.3609	0.2908	2	1000	8034	78	2011.202884
continental	-0.6478	-0.0706	1	690	3242	31	2010.243993
continental ice	-0.6239	0.099	1	634	3616	37	2009.621053
continental ice sheets	-0.7772	0.1568	1	501	2176	23	2009.5
continental margins	-0.8771	-0.0159	1	421	1460	13	2010.39759
continental shelf	-0.9103	-0.1453	1	613	3170	31	2010.424501
continental water	1.0604	-0.3996	2	345	1450	14	2007.227273
continental water storage	1.0561	-0.2994	2	268	906	9	2009.9
contrast	-0.1998	0.2541	4	978	6444	65	2011.509677
control	-0.1994	-0.0214	1	826	4246	39	2012.474255
convection	-0.1236	0.7276	4	483	2380	25	2009.024462
convergence	-0.0521	0.2657	4	497	1740	18	2010.408056
conversion	0.2879	-0.0828	2	277	702	7	2010.995798
coordinate time series	0.8304	0.6714	2	229	848	10	2016.454545
coordinates	0.7289	0.4739	2	300	970	11	2010.443478
coral reefs	-1.1161	-0.2152	1	474	2618	28	2010.852459
corals	-1.1194	-0.1527	1	650	4808	52	2011.211921
cordilleran	-0.9015	0.4185	1	362	1352	14	2013.888889
cordilleran ice sheet	-0.9471	0.399	1	192	564	7	2012.6
core	-0.8856	-0.1854	1	930	7388	77	2010.446523
correction	0.6557	0.2475	2	1106	12500	115	2011.927948
correlation	0.4517	-0.258	2	1115	10042	101	2011.333794
costs	-0.0926	-0.4825	3	308	988	11	2013.503597
coupled	-0.1084	-0.4621	3	521	2322	23	2014.46932
coupled models	8e-04	-0.937	3	370	1630	16	2015.212806
coupling	0.0441	0.1276	1	365	1158	13	2011.935532
covariance	1.122	0.1649	2	364	1506	15	2012.039146
cover	-0.3865	0.0562	1	689	3152	31	2011.664763
coverage	0.4156	-0.2903	2	778	3756	36	2012.329283
craton	-0.8012	0.5786	4	289	1008	10	2012.238095
criteria	0.063	0.278	5	306	906	8	2010.149038
crown	-0.703	0.2182	1	320	932	9	2011.075472
crust	-0.2978	0.56	4	717	3888	36	2010.24359
crustal deformation	0.237	0.797	4	675	3798	34	2010
crustal motion	0.0739	0.8431	4	639	3944	37	2007.925
crustal movement	0.3318	0.4092	2	243	762	8	2008.777778
crustal uplift	0.2761	0.7905	2	352	1364	13	2010.9
crustal velocities	-0.0492	1.2587	4	245	940	9	2007
cryosphere	0.1148	-0.1871	2	435	1584	17	2014.539877
csr	1.2123	0.123	2	553	3670	31	2013.909091
current	-0.096	-0.4269	3	980	6430	61	2008.757215
cycle	-0.0995	-0.0213	1	1324	16764	162	2011.47296
dam	0.1535	-0.6802	2	231	664	7	2011.672131
damage	-0.2165	-0.8027	3	277	986	11	2013.018116
data	0.1732	0.1124	2	1652	77530	777	2011.015066
data analysis	0.3258	0.5376	2	524	2264	22	2011.003436
data assimilation	0.8328	-0.4827	2	547	2670	24	2013.092251
data processing	1.0179	0.2095	2	572	2916	26	2011.672727
data quality	0.5042	0.0165	2	325	950	8	2013.258427
data set	-0.2685	0.2467	1	771	3860	37	2010.433246
data sets	0.4562	0.1565	2	961	7260	66	2011.63144
data/model	0.0359	0.283	4	673	3434	32	2011.4
database	-0.6634	0.0236	1	770	4574	45	2012.403509
dataset	-0.2842	-0.0191	1	562	2346	23	2012.68054
date	-0.7899	0.0696	1	865	5180	54	2012.087051
dating	-1.1166	-0.0869	1	576	3142	33	2010.925926
decadal	0.5008	-0.4567	2	468	1938	19	2012.008761
decadal oscillation	0.3625	-0.7623	2	224	696	7	2012.751979
decadal variability	0.2743	-0.8565	3	252	888	9	2011.26893
decay	-0.5818	0.5147	4	620	3466	38	2010.074434
decision-making	-0.277	-0.9117	3	161	506	7	2015.4
decline	-0.0936	-0.3811	1	436	1414	14	2013.254217
decomposition	0.8423	-0.5391	2	370	1440	15	2012.585736
deep	-0.464	-0.4979	3	223	618	7	2008.172697
deep ocean	-0.3614	-0.6549	3	345	1254	12	2011.244019
deep sea	-1.071	-0.2357	1	387	1590	17	2010.4
definition	-0.078	0.3324	2	398	1326	15	2010.611111
deformation	0.1166	0.7595	4	1160	15286	148	2010.55336
deglacial	-0.8891	0.3975	1	256	808	9	2012.571429
deglaciation	-0.641	0.4783	1	1233	18240	179	2010.986813
deglaciation history	-0.3472	0.9657	4	482	2494	21	2010.074074
deglaciation model	0.1724	1.15	4	236	828	8	2007.888889
degradation	0.2587	-0.3484	2	347	1126	12	2013.464824
delta	-0.7749	-0.2559	1	808	4920	53	2010.255844
density	0.2419	0.2175	4	747	4786	49	2009.879211
dependence	-0.0226	0.15	4	706	3374	34	2010.591411
depletion	0.4685	-0.7561	2	376	1502	17	2011.778068
deposition	-0.9739	-0.1293	1	646	3234	34	2012.094256
deposits	-1.0952	-0.0846	1	717	4958	52	2011.200561
depression	-0.8094	-0.0338	1	447	1530	15	2010.355769
depth	-0.3948	0.2115	1	945	6778	67	2010.672402
description	-0.2173	0.4661	4	430	1416	13	2009.996622
design	0.5525	-0.225	2	390	1330	14	2013.015625
detail	-0.2035	0.0737	1	548	2158	21	2011.078886
detection	0.4745	-0.0486	2	620	2656	26	2012.417625
determination	0.7047	0.207	2	750	4338	45	2010.57381
development	-0.44	-0.277	1	1045	7456	74	2011.773084
diatom	-1.1833	-0.017	1	217	710	9	2012.261803
difference	0.3203	-0.0105	2	1164	9692	94	2011.163032
digital elevation model	-0.278	0.3241	4	341	1274	13	2012.770142
discharge	0.0751	-0.3155	2	856	5160	49	2012.354474
discontinuities	-0.1998	0.4322	4	436	1524	15	2007.817204
discovery	-0.6638	-0.3041	1	240	626	8	2012.116822
discrepancies	-0.0049	0.2991	4	981	7574	73	2011.321353
disintegration	-0.2044	0.0911	3	338	1022	11	2011.467105
dispersal	-0.678	-0.1665	1	293	800	9	2011.394973
displacement	0.2717	0.6813	4	928	8004	80	2010.607877
dissipation	-0.1773	0.0263	1	261	736	7	2011.094156
distance	-0.3373	0.527	4	543	2314	24	2011.010448
distribution	-0.1264	-0.1442	1	1330	14354	150	2010.907306
divergence	0.1359	-0.4748	3	307	896	7	2010.679372
dome	-0.5713	0.539	1	422	1526	13	2009.974138
doris	0.8475	0.5537	2	359	1648	18	2010.052632
drainage	-0.0721	-0.0476	1	727	3940	37	2012.254459
drainage basin	0.1423	0.1644	5	410	1624	14	2010.668367
drainage system	0.6355	-0.1443	5	244	746	7	2013.272727
drift	0.4972	0.1691	2	526	2236	24	2009.705986
drilling	-1.0766	-0.2736	1	216	710	8	2011.883459
drivers	-0.019	-0.4092	1	402	1274	12	2015.864011
drought	0.3517	-0.7044	2	276	952	11	2012.975684
drowning	-1.0969	-0.2855	1	194	604	7	2008.9
dryas	-0.9995	0.1322	1	416	1880	22	2010.77931
duration	-0.9286	0.0303	1	557	2514	26	2012.189258
dynamic topography	0.0542	0.0401	1	345	998	10	2010.727273
dynamics	-0.2269	-0.2543	1	1224	10760	105	2012.382241
dynamics of lithosphere and mantle	0.2259	0.9583	4	477	2386	20	2013.619048
early holocene	-1.0247	-0.1898	1	405	1540	15	2013.088889
earth	0.1527	0.4606	4	1564	50330	499	2012.416212
earth deformation	-0.0092	0.5807	4	516	2302	21	2014.318182
earth gravity field	1.0262	-0.0233	2	625	3702	36	2011.886364
earth history	-0.9146	0.0514	1	307	1006	10	2011.75
earth model	-0.0994	0.9176	4	1009	12654	122	2013.043702
earth oblateness	1.1228	-0.0806	2	260	1006	11	2014
earth observation	0.1005	0.3292	2	337	906	7	2013.017241
earth rotation	0.2651	0.3203	4	824	6156	57	2007.583333
earth rotation variations	0.4909	0.3079	4	382	1604	14	2013.8
earth structure	-0.0251	0.8877	4	596	3418	30	2012.96875
earth system	0.6966	-0.0626	2	741	4640	44	2015.459227
earth system models	0.8158	-0.3839	2	307	1102	10	2016.009881
earthquakes	0.1813	0.6098	4	558	2646	28	2011.096774
east	0.1761	0.1962	5	1266	14352	136	2011.088561
east antarctic	-0.0984	0.2744	5	536	2808	25	2012.333333
east antarctic ice sheet	-0.619	0.153	5	375	1504	13	2012.854839
east antarctica	0.784	0.4377	5	762	5946	54	2012.024096
east coast	-0.5896	-0.1321	3	381	1450	14	2011.173333
eastern	-0.2558	-0.0261	1	308	922	11	2011.347648
ecmwf	1.1504	-0.2107	2	260	926	8	2010.330601
ecology	-0.2153	-0.5299	1	260	694	7	2012.514768
ecosystem	-0.5254	-0.589	1	504	2194	25	2013.530062
effects	0.118	0.0653	4	1593	41354	412	2011.624055
effort	0.2561	-0.538	3	439	1492	14	2012.512579
el nino	0.5367	-0.6579	2	404	1642	17	2011.439268
el nino-southern oscillation	0.5608	-0.6498	2	370	1456	16	2011.537252
elastic deformation	0.154	0.806	4	373	1432	13	2013.117647
elastic lithosphere	-0.1439	1.0096	4	340	1344	13	2009.2
elements	0.0362	0.3979	4	768	4136	38	2011.89258
elevation	-0.5141	0.2127	1	1044	9818	96	2012.227186
elevation changes	0.6301	0.6622	5	356	1698	16	2012.632107
elevation model	-0.3364	0.4501	4	265	858	9	2012.230435
embayment	0.8376	0.2637	5	420	1962	16	2012.954887
emergence	-0.4785	-0.0056	1	524	1946	20	2012.277778
emission scenarios	-0.1772	-1.0409	3	321	1402	15	2013.561404
emissions	-0.2571	-0.9329	3	600	3758	41	2013.550741
empirical	0.9942	-0.5514	2	300	976	9	2010.635762
empirical orthogonal function	0.8953	-0.3947	2	406	1626	15	2009.847087
enderby land	1.1298	0.2151	5	251	1158	9	2009.625
energy	-0.1989	-0.3201	1	700	3078	31	2011.753532
england	-0.8619	-0.0107	1	348	1130	11	2006.690909
ensemble	0.1452	-0.7751	3	521	2502	25	2013.566298
environment	-0.7347	-0.2583	1	832	5004	53	2012.515563
environmental	0.6043	-0.3989	2	272	852	8	2010.845217
environmental changes	-0.6697	-0.3903	1	380	1350	17	2013.895683
environmental conditions	-0.0959	-0.2311	3	291	810	7	2013.912338
envisat	1.1105	-0.0546	2	315	1164	10	2012.962963
eof	0.9032	-0.4567	2	334	1168	11	2009.453216
episode	-1.0447	-0.0778	1	317	1036	11	2011.017391
epoch	-0.529	-0.061	1	434	1528	14	2011
equator	0.4247	-0.1018	3	405	1276	12	2007.514563
equilibrium	-0.2222	0.1683	4	703	3190	31	2010.171186
equivalent water height	1.0314	0.056	2	438	2000	20	2013.25
erosion	-0.7595	-0.3637	1	659	3230	32	2011.871716
error	0.8179	0.1477	2	1299	21074	200	2011.486384
error estimates	1.1267	0.2267	2	294	968	10	2009.870968
esa	0.9138	0.2012	2	354	1282	11	2015.411765
establishment	-0.8755	-0.428	1	289	810	7	2011.445578
estimate	0.5234	0.0026	5	1134	11456	114	2010.903093
estimation	0.8306	-0.0566	2	985	8280	77	2012.012407
estuarine	-0.9275	-0.2422	1	207	600	7	2010.194444
estuary	-0.767	-0.3404	1	410	1564	17	2010.621212
eurasia	0.1625	0.3944	4	555	2254	21	2012.876384
europe	-0.2254	0.4032	4	833	5254	50	2011.79689
european	0.4302	-0.178	2	422	1380	13	2011.362949
eustasy	-1.1084	0.2847	1	380	1562	16	2008.764706
eustatic sea level	-0.846	0.1861	1	982	8730	87	2008.6
evaluation	0.4709	-0.0348	2	581	2480	27	2013.100503
evaporation	0.4706	-0.7455	2	301	1110	12	2011.268156
evapotranspiration	0.5902	-0.7015	2	312	1432	16	2013.497207
events	-0.5655	-0.2541	1	1217	12204	127	2012.030986
evolution	-0.4607	0.1527	1	1164	10588	106	2012.05694
excess	-0.2936	0.2987	1	324	948	9	2008.657895
exchange	0.0875	-0.083	2	582	2266	23	2010.706601
excitation	0.7382	-0.1205	2	436	2196	27	2009.456311
expansion	-0.0106	-0.6442	3	1087	10058	97	2012.969492
expedition	-0.3038	0.2155	1	363	1324	14	2010.922432
experiments	0.9548	-0.0649	2	1319	28804	270	2011.075205
explanation	-0.3308	-0.1449	1	486	1908	19	2009.867769
exposure	-0.6358	-0.4527	1	416	1324	12	2012.977505
expression	-0.4218	-0.0311	1	294	818	8	2012.171315
extension	0.3239	0.3126	2	388	1242	11	2010.251641
extent	-0.351	0.1244	1	1120	8592	87	2011.835219
extraction	0.4047	-0.3263	2	319	982	10	2013.323651
extreme	-0.1679	-0.8058	3	429	1678	18	2013.461538
extreme events	-0.2544	-1.0612	3	211	748	8	2013.8
extreme sea levels	-0.2994	-0.9402	3	254	884	9	2015.583333
facies	-1.1499	-0.1588	1	365	1724	20	2007.653061
failure	-0.1098	-0.0255	3	360	1138	10	2011.859477
fall	-0.805	0.0598	1	917	6796	67	2011.228402
far field	-0.9258	0.2669	1	762	5074	49	2011.461538
fault	-0.0891	0.7488	4	415	1592	15	2011.869565
features	-0.1835	0.0338	1	1038	6628	67	2010.384646
feedback	-0.0847	0.4115	4	619	3060	30	2013.003957
fennoscandia	-0.1553	0.8844	4	646	4264	41	2010.047619
fennoscandian	-0.3659	0.8266	4	567	3138	32	2008.661017
fennoscandian ice sheet	-0.3533	1.034	4	219	780	9	2006.285714
fg5	0.608	0.4795	2	230	722	7	2006.857143
field	0.4807	0.2567	2	1470	29562	282	2010.533445
field data	-0.3401	0.3886	1	526	2186	20	2011.688136
field observations	-0.7167	-0.0942	1	435	1524	14	2011.242424
filter	1.1017	0.1932	2	654	4348	39	2011.920139
filtering	1.2233	0.1501	2	512	3446	34	2012.893617
fingerprints	0.1227	-3e-04	5	660	3812	36	2013.054726
finite element	0.1546	0.8248	4	561	3226	31	2011.713675
finite element method	-0.1477	1.2172	4	215	916	9	2012.510638
fit	-0.1182	0.7671	4	800	5672	52	2009.364583
flood	-0.3728	-0.646	3	604	3122	34	2013.016026
flood risk	-0.3454	-0.9105	3	235	992	12	2014.08
flooding	-0.5321	-0.6776	3	530	2612	29	2012.61745
florida	-0.9728	-0.2451	1	427	1626	16	2009.880597
flow	0.1079	0.2746	4	954	6334	55	2010.017411
fluctuations	-0.4444	-0.2925	1	1030	7464	76	2009.816514
fluid	0.4025	-0.034	2	450	1684	16	2009.934901
flux	0.1186	-0.3429	3	916	6266	56	2010.974387
focus	-0.1609	0.1408	1	720	3344	30	2012.93921
foraminifera	-1.0306	-0.2313	1	485	2270	25	2011.592
force	0.2079	0.1768	4	488	1776	17	2011.140909
forcing	-0.1336	-0.5348	3	1006	8122	79	2011.371506
forebulge	-0.8772	0.4194	1	447	2018	20	2009.952381
forecasts	0.8869	-0.447	2	388	1490	14	2012.850526
formation	-0.8593	-0.0885	1	628	2902	31	2010.511811
forward model	0.7352	0.3932	5	541	2602	22	2013.653061
fossil	-1.1087	-0.1833	1	550	2976	30	2010.893617
fossil reefs	-1.0901	-0.3152	1	356	1406	15	2012.25
fraction	0.0748	-0.537	3	499	1884	20	2011.553026
frame	0.4398	0.5384	2	743	4798	48	2010.64
framework	-0.1332	-0.306	3	810	3960	40	2013.208431
france	-0.7585	0.5597	1	254	836	9	2010.519481
free-air gravity	0.1589	0.8934	4	292	996	8	2003.375
frequency	0.3087	-0.292	2	871	5302	56	2011.174374
freshwater	-0.3399	-0.5197	3	625	2750	26	2011.825688
freshwater flux	-0.0427	-0.5465	3	258	752	7	2011.361111
front	-0.5555	-0.1235	1	326	978	10	2009.508357
function	-0.0677	0.1733	4	954	5902	59	2010.972155
functional response	-0.2668	0.5498	4	328	1102	9	2013.722222
future	-0.0752	-0.3599	3	990	6862	68	2013.712684
future climate	-0.5206	-0.7289	3	395	1388	16	2013.848387
future projections	-0.2331	-0.8455	3	255	800	9	2015.109375
future sea-level rise	-0.4802	-0.6165	3	400	1500	16	2013.244898
gap	0.4344	-0.3515	2	658	3344	34	2012.915572
gas	-0.2435	-0.8511	3	507	2594	28	2012.319686
gas emissions	-0.2533	-0.9813	3	362	1688	19	2014.400901
gases	-0.2701	-0.7897	3	384	1334	12	2012.066763
gauge	0.2386	-0.1994	3	978	9174	90	2010.393548
gaussian	0.8638	0.096	2	536	2494	22	2011.285714
general circulation	0.3288	-0.5526	3	447	1766	17	2009.760621
general circulation model	0.3063	-0.6456	3	501	2110	20	2010.017151
generation	0.3732	-0.2077	2	556	2242	24	2012.050847
geocenter	1.008	0.3197	2	382	1818	19	2009.526316
geocenter motion	1.1829	0.1057	2	281	1108	10	2013.1
geodesy	0.5411	0.4586	2	737	4324	39	2009.017241
geodetic measurements	0.4922	0.3524	2	451	1622	15	2009.047619
geodetic observations	0.5887	0.6162	4	603	3120	25	2013.457143
geodetic surveys	0.5963	1.0861	4	308	1200	10	2013.625
geodynamics	0.2912	0.6766	4	563	2398	22	2008.5
geographic variability	-0.5836	0.6044	4	228	756	7	2013.086957
geoid	0.4077	0.5077	4	830	5944	57	2006.915663
geologic	-0.6185	-0.2067	1	363	1146	12	2011.851852
geological data	-0.7169	0.354	1	345	1112	10	2013.35
geological record	-0.7495	0.171	1	376	1264	11	2011.470588
geology	-0.5787	-0.0407	1	348	978	9	2011.073333
geometry	-0.2317	0.524	4	764	4930	49	2011.419355
geomorphology	-0.843	-0.1119	1	521	2020	20	2011.886878
geophysical	0.6303	0.2074	2	501	1960	20	2010.732794
geophysical models	0.4232	0.1975	2	640	3220	31	2011.390244
geopotential	0.3436	0.8497	4	335	1396	12	2008.387755
geoscience	0.8244	-0.2375	2	276	908	8	2009.7
germany	-0.115	0.575	4	264	760	9	2011.132743
gia	0.0708	0.6793	4	1329	25412	226	2013.357447
gia corrections	0.5371	0.6077	5	403	1784	15	2013.2
gis	-0.5476	-0.0111	1	425	1770	20	2011.154589
glacial	-0.4924	0.5265	1	1321	21626	206	2011.612378
glacial cycle	-0.4986	0.5866	4	756	5698	54	2010.016949
glacial history	-0.0558	0.8443	5	301	1126	10	2010.645833
glacial ice	-0.6312	0.1803	1	242	652	7	2010.732394
glacial isostasy	-0.4955	0.8439	4	484	2322	21	2005.285714
glacial isostatic adjustment	-0.0661	0.6289	4	1495	38824	363	2012.284615
glacial isostatic adjustment (gia)	0.5357	0.7071	4	346	1296	11	2012.454545
glacial lakes	-0.7663	0.402	1	298	998	10	2012.032787
glacial maximum	-0.7502	0.3976	1	1065	11348	111	2011.882521
glacial meltwater	0.57	-0.1606	2	426	1624	14	2014.267176
glacial period	-0.9846	-0.1724	1	392	1514	17	2010.808333
glacial rebound	-0.3418	0.9774	4	694	5146	53	2001.622642
glacial-interglacial	-0.7541	-0.0471	1	500	2190	20	2011.028037
glaciation	-0.6079	0.4789	4	861	6632	67	2009.656667
glaciation history	-0.2232	0.9936	4	243	746	7	2006.307692
glacier	0.3393	-0.288	3	1294	18326	173	2012.551157
glacier mass	0.5756	-0.6038	3	476	2232	19	2013.400862
glacier mass balance	0.9523	-0.2779	2	276	954	9	2013.324503
glacier mass loss	0.2726	-0.7583	3	316	1054	8	2014.978261
glacio-hydro isostasy	-1.2518	0.1038	1	204	628	7	2005.857143
glacio-isostasy	-1.0086	0.3087	1	243	734	8	2007.545455
glacio-isostatic adjustment	-0.8893	0.2327	1	561	2666	27	2012.724138
glaciology	0.4619	0.6828	5	608	3082	23	2012.355263
gldas	1.0961	-0.1885	2	407	1800	16	2014.105263
global	0.3773	-0.0623	2	1375	19694	186	2012.401509
global change	0.694	0.2827	2	780	5098	44	2010.717949
global change from geodesy	0.8875	0.6196	2	612	3462	26	2013.62963
global climate	-0.1381	-0.479	3	793	4230	41	2012.960148
global climate models	-0.2067	-0.7894	3	305	1060	10	2013.408482
global hydrology	0.9793	-0.3512	2	262	842	8	2012
global ice volume	-1.0575	0.2701	1	249	762	8	2013.307692
global land data assimilation system	0.919	-0.4188	2	318	1190	9	2014.916667
global mean sea level	0.2169	-0.8559	3	372	1482	14	2015.684211
global model	-0.0819	0.5743	4	420	1644	16	2012.089474
global ocean	0.449	-0.6527	3	754	4646	47	2012.454839
global positioning system	0.4782	0.6839	4	849	6646	59	2011.209302
global satellite	0.5227	0.7009	2	369	1272	12	2014.779661
global scale	0.2234	-0.4086	2	714	3416	34	2012.819495
global sea level	-0.2711	-0.3296	3	1231	14434	147	2012.593596
global temperature	-0.3717	-0.7663	3	345	1298	14	2012.932331
global warming	-0.1345	-0.294	3	370	1270	13	2012.884793
globe	-0.0476	-0.2427	3	540	1920	18	2012.275862
gmsl	-0.1038	-0.6677	3	502	2292	24	2016.076923
gnss	0.6203	0.5618	2	500	2276	21	2015.392405
goce	0.9248	0.3641	2	336	1376	13	2011.875
goce gravity	1.055	0.1953	2	218	738	7	2012
gps	0.4432	0.6869	4	1262	21574	203	2011.867769
gps data	0.5363	0.7248	4	622	3786	37	2011.709302
gps measurements	0.2008	0.9584	4	547	3178	31	2010.886076
gps observations	0.4575	0.7415	4	663	4024	38	2012.864407
grace	1.0121	-0.0629	2	1340	38510	366	2013.178344
grace follow-on	1.2698	0.0907	2	365	1702	16	2016.75
grace satellite data	1.2045	0.0484	2	382	1644	15	2011.882353
grace satellites	0.9804	0.0112	2	1002	11118	97	2012.774775
grace time variable gravity	1.3223	-0.0936	2	325	1264	12	2013.533333
gradient	-0.1571	0.1524	4	782	4106	41	2011.354256
gravimeters	0.5563	0.4152	2	306	1098	10	2007.5
gravimetry	0.9356	-0.0244	2	866	6940	60	2013.61165
gravitational attraction	-0.1322	-0.2332	5	275	964	8	2014
gravitational field	0.3756	0.6092	4	493	2264	21	2006.136364
gravity	0.8304	0.17	2	1440	45862	443	2010.857664
gravity anomalies	0.5637	0.6866	4	639	4012	39	2007.810345
gravity change	0.6737	0.5825	2	548	2914	26	2009.107143
gravity data	0.878	0.152	2	859	6734	60	2011.91
gravity field	0.9453	0.2277	2	1120	15686	151	2011.376344
gravity field models	1.2311	0.1225	2	422	2110	22	2011.269231
gravity models	0.8782	0.383	2	367	1384	13	2011.388889
gravity variations	0.8296	0.4805	2	504	2498	23	2010.615385
great barrier reef	-1.1839	-0.2025	1	209	678	8	2011.117647
great britain	-0.6679	0.8885	4	254	922	8	2006.5
great lakes	-0.4276	0.7046	4	335	1446	13	2008.913793
great lakes region	-0.4862	0.7042	4	220	820	8	2007.555556
green	0.2035	-0.1926	2	272	730	8	2010.590909
greenhouse	-0.3544	-0.8506	3	636	3822	38	2012.619866
greenhouse gas	-0.176	-0.9926	3	455	2402	25	2013.545016
greenhouse gas emissions	-0.2357	-1.0028	3	352	1626	18	2014.455556
greenhouse gases	-0.3338	-0.8262	3	365	1276	12	2012.497653
greenland	0.3953	-0.0746	5	1411	27972	290	2011.434214
greenland ice	0.1038	-0.0892	5	1021	10244	104	2013.011636
greenland ice sheet	0.2038	-0.1481	5	867	7264	75	2013.335324
grid	0.782	0.1468	2	390	1492	15	2011.079167
gris	0.4219	0.3599	5	262	908	8	2015.391489
ground water	0.8507	-0.2676	2	257	756	7	2007.72973
grounding line	-0.408	0.3724	1	170	564	7	2012.479695
groundwater	0.581	-0.6469	2	663	4392	42	2013.564784
groundwater depletion	0.6896	-0.823	2	278	990	10	2015.8
groundwater storage	0.7475	-0.6095	2	377	1748	15	2016
group	-0.4777	-0.2237	1	311	868	11	2011.722362
growth	-0.8168	-0.1025	1	873	6446	72	2011.406319
guinea	-1.0318	-0.1201	1	319	1214	13	2005.941176
habitat	-0.7921	-0.3423	1	328	1014	11	2012.561584
hand	0.3006	0.0096	2	431	1500	13	2010.96875
harmonic	0.969	0.3044	2	674	4510	41	2010.522388
harmonic analysis	1.0378	0.0179	2	218	604	7	2008.190476
hawaii	-0.8818	0.0284	1	234	656	7	2007.543478
hazard	-0.5491	-0.6672	3	451	1852	20	2012.855072
heat	0.125	-0.8042	3	664	3930	37	2011.129975
heat content	0.2532	-0.9012	3	387	1776	17	2012.877419
height	0.3308	-0.0194	2	1147	9690	94	2010.601343
hemisphere	-0.4685	-0.0484	1	818	4828	46	2010.968158
heterogeneity	-0.1051	0.8433	4	356	1288	13	2014.002481
high accuracy	0.6582	0.1433	2	377	1282	11	2012.55
high latitudes	0.4523	-0.3476	2	687	3376	33	2011.932029
high sea	-0.9911	-0.2963	1	398	1646	17	2011.047619
high spatial resolution	0.7679	0.401	2	270	852	7	2013.379085
high-frequency	0.6206	-0.149	2	572	2486	23	2011.689759
high-precision	-0.3883	-0.0077	1	461	1632	16	2010.961538
high-resolution	-0.2352	-0.0447	1	1030	6978	70	2012.264879
highstand	-1.0971	-0.044	1	797	7030	72	2010.341772
history	-0.5386	0.497	1	1345	22406	211	2011.001969
holocene	-0.9666	0.1538	1	1204	20820	219	2010.62959
holocene highstand	-1.0809	0.0725	1	484	2558	24	2011.25
holocene relative sea level	-1.0262	0.2623	1	636	4278	41	2011.108696
holocene sea level	-1.0279	0.145	1	906	9282	94	2010.037383
horizontal velocities	0.2784	1.0002	4	348	1562	15	2009.571429
hudson	-0.233	0.6253	4	890	7586	76	2008.012876
hudson bay	-0.0678	0.7275	4	824	6740	68	2008.175879
hudson bay region	-0.1103	0.739	4	272	850	8	2005.909091
human activities	-0.0235	-0.4511	2	342	1030	10	2013.345725
humans	-0.6587	-0.3921	1	284	896	10	2012.412162
huon peninsula	-1.1955	-0.1135	1	247	1018	11	2001.818182
hydrological cycle	0.7305	-0.533	2	396	1376	13	2012.589286
hydrological model	0.8599	-0.2322	2	534	2476	21	2014.325397
hydrology	0.7859	-0.0718	2	947	8194	77	2013.474126
hydrosphere	0.2332	-0.3504	2	285	898	10	2008.375
hypotheses	-0.7137	0.3078	1	362	1118	9	2011.496
hypothesis	-0.4797	0.1509	1	690	3134	32	2011.082126
ice	-0.2108	0.235	4	1637	84934	869	2011.721291
ice age	-0.5811	0.4428	4	782	5270	52	2011.186842
ice cap	-0.0286	-0.2795	3	677	3764	37	2011.954907
ice cores	-0.76	-0.213	1	345	1342	14	2010.322795
ice discharge	0.8716	-0.1946	5	339	1324	10	2013.796178
ice dynamics	0.0246	0.0572	5	350	1212	12	2013.540943
ice extent	-0.3925	-0.0478	1	354	1202	13	2012.764347
ice flow	0.5216	0.4601	5	316	1078	9	2012.942857
ice load	-0.3464	0.8721	4	730	5226	49	2007.789474
ice loading	-0.1208	0.9253	4	247	790	7	2011.888889
ice loss	0.52	0.1918	5	673	4160	41	2014.762324
ice margin	-0.4016	0.7184	4	369	1558	15	2012.065421
ice mass	0.7991	0.3613	5	1215	19078	173	2012.600478
ice mass balance	1.0399	0.3583	5	555	3220	27	2011.513514
ice mass changes	0.9307	0.466	5	788	6946	61	2011.890244
ice mass loss	0.8988	0.0665	5	834	6980	63	2014.797101
ice melt	-0.0081	-0.3133	3	637	3252	31	2012.747368
ice melting	-0.0383	0.2069	4	906	6414	64	2011.241071
ice model	-0.2148	0.6825	4	983	9094	84	2011.207143
ice sheet	-0.3762	0.1723	1	1631	73984	768	2012.194459
ice sheet changes	0.1924	0.3807	5	315	1088	10	2012.6
ice sheet collapse	-0.8319	-0.1169	1	337	1244	15	2011.315789
ice sheet dynamics	-0.5977	-0.3029	1	554	2316	23	2013.658683
ice sheet evolution	0.143	1.0536	4	250	940	8	2013.577465
ice sheet history	-0.5502	0.7386	4	548	3052	28	2012.021739
ice sheet instability	-0.6907	-0.535	1	263	852	8	2015.132075
ice sheet mass balance	1.0943	0.3074	5	525	3514	30	2012.192771
ice sheet melting	-0.4575	-0.5023	3	282	916	9	2014.961538
ice sheet model	-0.5216	0.5329	1	774	5516	54	2014.003868
ice sheet reconstructions	-0.7276	0.6386	1	510	2660	27	2011.675676
ice sheet retreat	-0.7434	0.1371	1	360	1308	12	2013.776119
ice sheet surface	0.4559	-0.0978	5	303	952	8	2013.170124
ice sheet thickness	-0.0865	0.796	4	380	1352	13	2010.027027
ice shelf	0.3549	0.3814	5	662	3520	32	2011.573026
ice streams	0.2443	-0.1685	5	359	1178	9	2012.40249
ice surface	0.0222	0.6457	4	515	2328	21	2011.816258
ice thickness	-0.2555	0.7741	4	728	4790	40	2011.271053
ice volume	-0.819	0.3356	1	838	6494	66	2012.008571
ice-cover	-0.3286	0.5228	4	475	2028	20	2011.210019
ice-free	-0.6712	0.4299	1	279	800	7	2013.322981
ice-sheet extent	-0.6459	0.3668	1	212	646	7	2010.92
iceland	0.5384	-0.1073	3	374	1356	14	2009.361905
icesat	1.2338	0.3809	5	480	3392	29	2012.032558
identification	-0.2803	-0.2754	1	484	1684	17	2011.944837
ij05	1.0092	0.5456	5	230	920	8	2011.375
imbalance	0.4629	0.3129	5	454	1906	17	2012.174242
impact	0.0672	-0.4445	3	1413	20850	209	2013.206627
implementation	0.5504	0.1172	2	307	954	11	2013.145907
implications	-0.4902	-0.0228	1	1174	11164	115	2011.871583
improvement	0.6775	0.1952	2	955	7264	71	2012.529851
in-situ	0.5832	-0.3968	2	389	1412	13	2013.712
inclusion	0.48	-0.3899	2	422	1466	14	2010.77907
index	-0.4785	-0.1131	1	853	5740	57	2011.380952
index points	-1.0994	0.1828	1	558	3642	36	2013.921053
india	0.2359	-0.5316	2	452	1660	16	2012.167702
indian ocean	-0.0392	-0.3833	3	627	2802	27	2010.03125
indices	-0.5327	-0.0752	1	1032	7768	78	2012.102711
inference	-0.2237	0.447	4	585	3166	34	2011.260163
influence	-0.2143	-0.0188	1	1244	11954	118	2011.779275
information	0.0912	-0.0736	2	1312	12962	123	2011.767792
infrastructure	-0.1644	-0.5006	3	552	2434	25	2014.216606
inland	0.2711	-0.0526	2	367	1252	13	2012.551282
insar	0.6685	0.3871	2	263	748	7	2012.138889
insight	-0.1734	-0.0586	1	515	1770	17	2012.936061
insolation	-1.0146	-0.177	1	351	1466	15	2010.586826
instability	-0.6276	-0.3165	1	521	2058	19	2009.776848
installation	0.3048	0.3494	2	241	694	8	2011.6
instrument	0.6649	-0.0538	2	486	1936	17	2011.288956
integration	0.4522	-0.0582	2	423	1400	15	2010.47619
intensification	0.172	-0.8647	3	222	580	7	2011.672775
intensity	-0.1553	-0.633	3	291	854	10	2011.663823
interactions	-0.308	-0.0805	1	754	3442	36	2011.626733
interannual variability	0.3622	-0.8663	3	360	1244	12	2010.7663
interannual variations	0.983	0.1595	2	431	1898	17	2010.739437
intercomparison	0.141	-0.8661	3	504	2438	24	2014.488211
interferometry	0.3196	0.6087	2	418	1650	15	2010
interglacial	-1.1157	-0.1189	1	689	5492	58	2010.910891
interglacial period	-1.105	-0.2779	1	442	2290	25	2011.269841
interglacial sea levels	-1.1844	-0.1418	1	234	738	7	2008.125
interior	0.3619	0.5326	4	748	4444	39	2010.221733
international	0.555	0.409	2	585	3092	32	2009.59081
interpretation	-0.0832	0.3757	4	915	5768	59	2010.411609
intertidal	-1.2673	-0.11	1	204	640	7	2011.37037
introduction	0.3053	0.6573	4	332	1046	10	2010.370629
inundation	-0.6176	-0.451	1	555	2674	32	2013.174419
inverse methods	0.9022	-0.1469	5	243	760	7	2011.116279
inverse problem	0.6004	0.7015	4	238	722	7	2012.675
inverse theory	0.9788	0.3465	2	271	924	9	2013.692308
inversion	0.4273	0.6247	4	994	10170	98	2010.501809
iodp	-1.0246	-0.2299	1	192	594	7	2014.628571
ipcc	-0.2322	-0.7795	3	603	3792	40	2011.552189
ireland	-1.0907	0.4946	1	272	1060	12	2008.076923
irish ice	-0.9995	0.6334	1	229	856	8	2013.416667
irish ice sheet	-0.9942	0.5854	1	217	740	7	2013.636364
island	-0.525	-0.0378	1	1156	10970	115	2009.956692
isobase	-0.7517	0.46	1	170	466	7	2003.375
isolation	-0.9541	-0.0973	1	353	1264	12	2010.695946
isolation basins	-1.144	0.1371	1	240	820	7	2010.888889
isostasy	-0.7932	0.4475	1	662	3862	40	2005.658537
isostatic	0.1135	0.7683	4	839	6470	59	2011.966667
isostatic adjustment	-0.1547	0.5759	4	1526	42454	399	2012.225058
isostatic rebound	-0.7565	0.3811	1	192	546	7	2001.857143
isostatic uplift	-0.5135	0.2795	1	245	662	8	2008.4375
isotope	-1.2053	-0.0833	1	728	6594	71	2011.966793
italy	-0.6724	-0.0763	1	400	1480	17	2009.814433
itrf	0.7078	0.631	2	259	990	12	2011.416667
itrf2000	0.8376	0.7216	2	207	678	7	2008.428571
james	-0.5815	0.5835	4	214	674	8	2010.292308
japan	-0.1727	-0.0364	1	499	1826	21	2010.171958
jason-1	1.0138	-0.2162	2	344	1270	11	2010.952381
jersey	-1.1202	-0.026	1	259	882	9	2006.769231
jet	1.2739	0.0635	2	262	886	7	2011.139834
jet propulsion	1.2731	0.0644	2	262	886	7	2007.4
john	-0.9601	0.188	1	535	2492	28	2008.988287
joint inversion	0.9141	0.6108	4	445	2232	18	2012.958333
k1	1.0249	0.0971	2	233	736	8	2011.136364
kalman	0.9631	0.2832	2	278	936	9	2013.5
kalman filter	0.9723	0.3173	2	251	836	8	2013.882353
key	-0.5254	-0.1192	1	448	1450	15	2013.075472
knowledge	-9e-04	-0.2611	3	1019	7088	65	2012.895394
laboratory	0.5324	0.2178	2	455	1692	14	2010.526248
labrador	-0.5447	-0.2238	1	354	1170	11	2008.853808
lag	-0.0194	-0.5265	3	378	1160	12	2010.653179
lageos	1.1394	0.4561	2	268	1008	11	2007.363636
lagoon	-0.9567	-0.1732	1	266	902	11	2011.571429
lake	-0.4108	0.2663	1	933	6412	62	2012.017794
lake level	-0.6643	0.578	1	301	1084	11	2011.112903
land	0.2868	-0.1773	2	1472	28942	269	2012.42268
land data assimilation	0.9106	-0.4312	2	371	1494	12	2015.272727
land ice	0.2687	-0.3957	3	697	4278	40	2013.564935
land motion	-0.3603	0.0248	3	596	3670	32	2015.34375
land subsidence	-0.4553	-0.3047	3	319	1084	10	2013.411765
land surface	0.5813	-0.5565	2	547	3120	31	2013.553603
land surface model	0.7942	-0.6771	2	344	1608	15	2014.643836
land uplift	-0.4462	0.4467	4	520	2350	23	2010
land use	-0.1137	-0.6276	3	254	762	9	2012.561111
landscape	-0.888	-0.137	1	355	1224	15	2013.677302
language	0.1638	-0.0507	3	590	2484	20	2018.048117
large	0.2367	0.2036	2	261	696	9	2011.479452
large-scale	0.1588	-0.3047	3	866	5176	51	2011.165527
laser	1.1016	0.2782	2	724	5682	53	2011.969194
laser altimetry	1.3427	0.4081	5	227	856	7	2011.973856
laser ranging	1.0275	0.299	2	589	3678	35	2010.769231
last glacial	-0.6919	0.2804	1	252	884	10	2011.632353
last glacial maximum	-0.7207	0.2405	1	229	792	9	2012.258621
last interglacial	-1.1768	-0.1324	1	448	2166	24	2009.307692
late	-0.6888	0.6109	4	719	4984	47	2009.495327
late devensian	-1.0253	0.3788	1	289	1078	11	2001.083333
late glacial	-0.8252	0.4821	1	437	1744	17	2009.423077
late holocene	-0.9475	0.2091	1	624	3842	39	2010.923729
late pleistocene	-0.6564	0.6367	4	762	5742	54	2008.182609
late pleistocene ice sheets	-0.2895	1.1231	4	342	1574	14	2005.5
late quaternary	-0.9671	0.0796	1	416	1604	17	2008.162162
lateglacial	-1.1099	0.4468	1	182	574	7	2011.5
lateral	-0.2544	1.0968	4	206	648	7	2008.694915
lateral heterogeneity	-0.0627	1.1752	4	316	1530	16	2006.789474
latitude	0.4162	-0.251	2	566	2176	21	2011.054819
laurentia	-0.173	0.9535	4	297	1156	11	2008.363636
laurentian	-0.534	0.6523	4	276	814	8	2008.952381
laurentide	-0.7674	0.4705	1	944	8820	91	2009.222222
laurentide ice sheet	-0.7406	0.4851	1	865	7374	74	2009.33945
law	0.2865	0.5158	4	374	1220	13	2012.057895
lawrence	-0.5732	0.0623	1	367	1120	10	2010.132653
layer	-0.0396	0.262	4	807	4854	49	2010.321275
lead	0.4914	-0.495	3	336	1024	11	2010.716069
leakage	1.224	-0.2362	2	571	4138	37	2013.211679
leakage effect	1.2677	-0.1927	2	279	1078	10	2013.166667
least-squares	1.012	0.3721	2	387	1590	15	2011.637363
length	0.4316	0.1617	2	696	3502	38	2010.5328
length-of-day	0.9412	-0.0997	2	206	608	7	2006.666667
level ice	-0.4383	0.2025	1	643	3096	30	2011.739837
levels	-0.5881	-0.2804	1	1305	16060	168	2011.25209
lgm	-0.6515	0.4892	1	864	6192	58	2011.552083
lia	-0.1947	0.792	4	265	888	8	2013.264368
life	-0.4395	-0.6471	3	258	720	7	2011.876747
light	-0.667	-0.4273	1	397	1156	12	2011.753582
likelihood	-0.1879	-0.5662	3	369	1284	11	2011.660944
limestone	-1.1148	-0.1561	1	195	620	8	2006.816327
limit	-0.5882	0.033	1	838	4724	48	2010.544865
limitations	0.4159	0.0295	2	737	3598	33	2012.614846
line	-0.2953	0.1885	1	755	3972	40	2011.363128
linear regression	0.0291	-0.6468	2	255	770	8	2012.840304
linear trend	0.6589	0.0976	2	735	4624	45	2012.20765
literature	-0.3238	-0.2355	3	668	3410	33	2011.726524
lithosphere	-0.2646	0.9385	4	613	3882	37	2007.645833
lithospheric structure	-0.2065	1.1394	4	200	594	7	2010.375
lithospheric thickness	-0.331	1.0456	4	676	5818	51	2006.058824
little ice age	-0.2782	0.7178	4	323	1160	11	2011.269784
living	-0.9432	-0.0789	1	282	774	8	2011.447853
lm	-0.6234	0.7849	4	291	1080	8	2010.05
loading	0.0444	0.4262	4	1069	9222	89	2011.31401
loading of the earth	0.568	1.021	4	246	824	7	2018
loads	-0.3615	0.7736	4	642	3872	37	2009.628099
local scale	-0.7344	0.1698	1	334	1180	10	2013.690476
location	-0.5158	0.1165	1	1045	7592	77	2010.881081
long-term	0.1884	-0.267	3	1293	14688	150	2012.366366
long-term trends	0.7422	-0.4332	2	489	2172	22	2012.589226
loss	0.516	-0.1998	5	1373	23906	230	2013.251087
loss rates	0.4744	0.3702	4	328	1196	11	2012.490566
love number	0.2473	0.6717	4	254	726	7	2009.285714
lower mantle	-0.3851	0.9181	4	494	3022	26	2005.5
lowstand	-1.011	-0.0421	1	388	1348	13	2008.470588
luminescence	-1.2922	0.0556	1	202	648	7	2011.666667
m2	0.8854	0.1349	2	172	468	7	2010.244444
magnitude	-0.1162	0.0334	4	1347	15572	156	2011.364091
mainland	-0.5553	0.3029	1	284	788	7	2011.146667
management	0.0986	-0.5419	2	646	2968	30	2013.088766
mangrove	-1.0556	-0.2838	1	337	1258	13	2010.076923
manitoba	-0.1867	0.6239	4	265	842	8	2010.155556
mantle	-0.1466	0.9456	4	1098	17852	169	2007.089202
mantle convection	-0.2233	0.731	4	385	1626	18	2003.166667
mantle dynamics	-0.2716	0.9888	4	264	908	8	2006.75
mantle flow	0.1338	0.538	4	292	902	7	2012.857143
mantle viscosity	-0.1581	0.999	4	1041	16524	152	2005.415584
map	0.0308	-0.0208	1	882	4980	49	2011.727201
mapping	-0.1586	-0.191	1	513	1804	19	2012.226667
margin	-0.6714	0.3181	1	1166	12518	123	2010.972504
marine	-1.0754	-0.0897	1	914	8744	92	2012.020366
marine deposits	-1.1918	-0.0542	1	247	750	8	2006.294118
marine ice	-0.6004	-0.3108	1	333	1180	11	2011.30198
marine ice sheets	-0.5213	-0.3105	1	310	1078	10	2013.433333
marine isotope stage	-1.1989	-0.0111	1	553	3546	37	2013.362637
marine sediments	-1.0872	-0.1836	1	303	948	11	2011.473418
marine terraces	-1.0057	0.1224	1	288	1008	11	2010.6875
marine transgression	-0.8881	-0.2893	1	322	1018	9	2014.631579
markers	-0.8984	0.1684	1	439	1818	20	2013.021898
marshes	-0.9553	-0.2408	1	474	2108	24	2011.65
mascon	1.188	-0.2218	2	535	3422	30	2016.184211
mass	0.659	-0.0048	2	1566	54282	524	2010.941993
mass balance	0.8935	0.2609	5	1068	15540	136	2012.104996
mass balance estimates	1.2145	0.3886	5	376	1848	15	2012.403509
mass budget	0.6644	-0.1583	5	283	936	9	2012.867925
mass changes	1.0248	0.0915	2	1177	20470	188	2013.153226
mass contribution	1.1677	-0.6042	3	251	1044	9	2013.388889
mass distribution	0.8538	-0.0979	2	429	1882	20	2007.494253
mass exchange	0.4707	0.0416	2	292	886	9	2008.770833
mass flux	0.7264	0.1692	2	437	1974	18	2009.567376
mass gain	0.7695	-0.1636	5	346	1300	11	2015.282051
mass increase	1.0776	-0.3879	2	252	898	8	2011.6
mass loss	0.743	-0.1086	5	1171	15924	149	2014.261119
mass rate	1.3485	0.2876	5	287	1240	11	2013.644444
mass redistribution	0.6874	0.0338	2	744	4438	43	2011.384615
mass transfers	0.0974	0.3532	4	224	602	7	2009.44898
mass transport	1.021	-0.0014	2	558	2974	26	2010.308176
mass variation	1.1046	0.2019	2	466	2426	22	2011.961538
matrix	1.2837	0.1093	2	207	688	7	2011.695341
maud	0.9168	0.5658	5	283	1204	10	2010.953333
maximum	-0.6162	0.3948	1	1299	19200	186	2010.287843
maximum extent	-0.9249	0.3255	1	210	604	7	2011.285714
mean	0.1919	-0.5737	3	1306	18770	181	2010.953636
mean sea level	0.1421	-0.7033	3	1055	10288	98	2012.41358
measurement error	0.5947	-0.0322	2	318	1004	9	2010.021277
measurements	0.4975	0.1145	2	1494	30744	302	2010.932763
mechanisms	-0.1522	-0.1148	1	1070	7332	74	2011.610479
mediterranean	-0.8625	-0.1691	1	680	4378	45	2009.594488
mediterranean sea	-1.0739	0.181	1	408	1934	19	2009.836735
melt	-0.2135	-0.3905	3	900	6376	64	2013.146853
melt-water	-0.4061	0.3543	4	473	1876	17	2011.098684
melting	-0.1507	-0.0374	3	1316	18368	184	2012.110283
melting glaciers	0.138	-0.8041	3	317	1230	13	2013.755556
meltwater	-0.7854	0.0945	1	1016	9054	90	2012.781925
meltwater discharge	-1.1286	0.0324	1	195	642	7	2015.061224
meltwater pulse	-0.9825	0.0636	1	688	4360	45	2011.421875
meltwater pulse 1a	-1.0319	0.0494	1	341	1246	12	2010.470588
memory	0.3496	0.2257	4	273	800	8	2012.1
meteorological	0.8205	-0.2777	2	291	820	7	2009.80117
method	0.4549	0.1248	2	1446	22938	227	2012.144788
methodology	0.0713	-0.0602	2	818	4444	44	2012.912525
mexico	-0.9207	-0.1273	1	437	1758	19	2010.818182
microwave	1.0007	-0.4433	2	259	880	8	2009.844327
mid-holocene	-1.0412	-0.0257	1	666	4560	49	2012.07874
mid-latitudes	-0.0271	-0.2037	2	296	836	8	2012.022549
migration	-0.6663	-0.0925	1	731	3772	38	2011.023474
minimum	-0.4404	0.1853	1	425	1578	16	2009.779051
mis	-1.1938	-0.0157	1	610	4408	45	2013.46875
mis 5e	-1.1855	-0.1613	1	361	1616	15	2013.25
mission	0.9441	0.1171	2	1185	18428	166	2012.55098
mitigation	-0.3456	-0.7576	3	403	1678	19	2014.985849
mixing	-0.5801	-0.1573	1	270	706	7	2009.902919
mode	0.559	0.0073	2	875	6162	66	2010.915266
model	0.0851	0.1938	4	1650	86198	873	2011.651901
model errors	1.2019	0.0999	2	334	1420	15	2011.836957
model ice	-0.3559	0.7077	4	833	5680	50	2010.963788
model intercomparison	0.0952	-0.9958	3	349	1600	16	2014.817568
model simulations	0.1622	-0.6049	3	602	2772	27	2012.477137
model structure	-0.3194	0.9726	4	365	1554	14	2010.471264
model uncertainty	0.5275	-0.0862	3	350	1046	9	2014.721311
modeling	-0.0151	0.3118	4	1352	16096	159	2012.080047
moisture	0.5796	-0.5148	2	526	2640	24	2012.602086
mollusks	-1.2172	-0.1383	1	244	762	7	2011.988889
momentum	0.6661	-0.3677	2	368	1622	18	2008.74186
monitoring	0.5202	-0.2205	2	773	4224	42	2012.828676
monte carlo	-0.3163	0.1324	3	260	824	9	2011.598684
monthly gravity	1.305	0.1052	2	442	2650	26	2014
monthly gravity field solutions	1.3276	0.291	2	222	794	7	2014.555556
morphology	-1.0674	-0.0553	1	318	1118	13	2011.797508
motion	0.2812	0.5165	4	1194	16048	158	2009.832335
mountain glaciers	0.4425	-0.3809	3	553	2916	25	2013.183099
mountains	0.3785	0.0666	2	917	6680	61	2011.617276
movement	-0.3448	0.2124	1	1032	8382	84	2009.813333
msl	-0.5569	-0.441	1	270	738	7	2008.111111
mud	-1.0209	-0.318	1	232	674	7	2008.941176
nasa	0.8946	-0.3702	2	365	1454	14	2012.319489
national	0.396	0.0432	2	619	2662	24	2010.195652
nature	-0.2254	-0.1557	1	948	5402	55	2010.788145
navigation	0.5699	0.6334	2	403	1566	15	2014.113636
net	0.2606	-0.5738	3	256	658	7	2010.964126
network	0.5138	0.2913	2	1057	9656	94	2012.964962
new data	-0.9478	0.2696	1	504	2130	23	2011.109375
new guinea	-1.2131	-0.0587	1	246	982	11	2004.625
new jersey	-1.1205	-0.0249	1	259	882	9	2006.769231
new york	0.1635	-0.8762	3	230	694	8	2012.115385
newfoundland	-0.6645	0.1556	1	262	706	7	2008.690265
noise	0.948	0.1886	2	841	7214	72	2011.653631
noise level	1.0588	0.0836	2	232	868	11	2012.178571
noise model	0.7875	0.4862	2	221	658	7	2010.789474
nordic	0.3699	-0.5674	3	277	962	9	2010.496583
nordic seas	0.3248	-0.6678	3	237	782	7	2010.261658
normal modes	0.4302	0.5513	2	339	1274	14	2004.071429
north	-0.2914	-0.0072	1	1449	22600	220	2010.374238
north america	-0.3027	0.5177	4	1070	10108	93	2011.532207
north american	-0.4589	0.4739	4	754	4556	45	2010.662844
north atlantic	-0.2527	-0.6428	3	790	5218	51	2010.017846
north atlantic ocean	-0.2036	-0.7022	3	368	1190	10	2009.960733
north pole	0.5872	-0.0802	2	252	722	8	2010.25
north sea	-0.6975	-0.1788	1	529	2368	23	2009.958333
northern	-0.4092	0.2944	1	954	7028	66	2011.106605
northern hemisphere	-0.6932	0.0545	1	817	5330	50	2010.714878
northern hemisphere ice sheets	-0.923	0.1281	1	395	1470	14	2011.36
northwest	-0.0669	-0.0374	2	443	1638	16	2011.701835
northwestern	-0.7127	0.1967	1	255	666	7	2010.753623
norway	0.0133	0.5012	4	468	2002	20	2011.264414
norwegian	0.214	-0.14	3	390	1390	14	2008.200426
numerical	-0.0568	0.4727	4	443	1460	14	2009.72
numerical model	-0.2747	0.2025	1	696	3214	34	2009.365706
numerical simulations	0.2565	-0.1231	2	317	930	8	2012.214493
ny-alesund	0.6803	0.7423	2	258	924	10	2011.961538
objective	0.4775	-0.2896	2	360	1122	10	2011.917647
observational	-0.3682	-0.3647	3	281	776	7	2011.533742
observational data	-0.4216	0.3567	4	456	1742	17	2011.486413
observations	0.1924	0.2398	4	1610	50146	483	2011.448164
observatory	0.3741	0.3664	2	385	1276	11	2013.863636
observing system	0.6161	-0.2489	2	407	1544	16	2013.706667
occurrence	-0.8763	-0.1281	1	609	2608	28	2011.803551
ocean	0.2551	-0.2818	3	1563	38240	382	2010.965167
ocean basins	0.1458	-0.5452	3	437	1756	15	2010.322222
ocean bottom pressure	0.9318	-0.3932	2	608	4232	42	2012.555556
ocean circulation	0.4075	-0.4343	3	774	4978	47	2010.55339
ocean currents	-0.3071	-0.3998	3	391	1230	10	2010.666667
ocean data	0.6428	-0.6314	3	297	996	9	2010.227273
ocean dynamics	0.281	-0.8665	3	291	1008	10	2012.736842
ocean floor	-0.0443	0.1949	4	316	940	9	2008.387755
ocean heat	0.2198	-0.8759	3	431	1994	17	2013.347917
ocean heat content	0.2209	-0.89	3	355	1494	14	2014.3875
ocean mass	0.688	-0.5525	3	889	8162	75	2011.151515
ocean mass variability	0.7483	-0.6323	3	202	690	7	2014.142857
ocean model	0.6423	-0.4661	3	694	4154	41	2010.792558
ocean response	-0.0215	-0.7578	3	241	658	7	2010.018182
ocean surface	0.2513	-0.3067	3	428	1468	14	2011.97351
ocean temperature	0.3044	-0.7545	3	467	2078	18	2012.187952
ocean tides	0.9229	0.1572	2	530	2698	28	2009.54023
ocean variability	0.3974	-0.8136	3	229	752	8	2011.174888
ocean warming	0.4431	-0.8932	3	235	748	7	2013.496894
oceanography	0.9327	0.0173	2	350	1198	11	2009.138686
offset	-0.1363	0.2012	1	362	1078	10	2010.854749
offshore	-0.7755	-0.242	1	296	802	8	2009.651466
onset	-0.6646	-0.0431	1	560	2178	19	2011.400894
ontario	-0.1951	0.7552	4	230	716	7	2009.822222
operation	0.4462	-0.0697	2	322	916	9	2012.715909
optimal	0.5046	0.6019	4	292	930	8	2012.4
optimization	1.1908	-0.0322	5	230	728	7	2013.389313
orbit	0.9741	0.2099	2	639	4244	45	2009.97479
orbit determination	0.9454	0.3155	2	263	972	11	2012.615385
order	0.2942	0.2544	2	1373	18076	181	2010.598046
orientation	0.5428	0.1669	2	332	980	10	2010.063415
origin	-0.2182	0.1013	1	823	4212	44	2010.187679
oscillation	0.0658	-0.4173	2	927	6672	71	2010.801829
outcomes	0.1287	0.1506	3	248	662	7	2014.259036
outlet glaciers	0.7606	0.211	5	262	754	7	2012.713287
oxygen	-1.2064	-0.1445	1	447	2134	24	2009.83871
oxygen isotope stage	-1.2669	-0.0806	1	249	892	11	2005.5
oxygen isotopes	-1.2163	-0.111	1	477	2470	29	2009.387435
oyster	-0.9646	-0.1705	1	215	608	7	2011.592593
pa	-0.2665	1.0141	4	753	7268	67	2007.628319
pace	-0.6067	-0.3604	1	277	764	7	2013.111111
pacific	-0.0227	-0.4191	3	1017	8714	88	2010.950879
pacific coast	-0.9561	0.3451	1	258	952	9	2010.695652
pacific ocean	0.1894	-0.5336	3	479	1886	17	2010.089431
paleo	-1.0245	-0.2764	1	253	774	8	2014.933333
paleoclimate	-0.6306	-0.2378	1	199	576	8	2013.189349
panel	-0.0759	-0.8211	3	601	3320	32	2011.552419
papua new guinea	-1.2345	-0.1314	1	185	694	8	2005.318182
parameterization	0.0251	-0.6483	3	398	1400	14	2011.336207
parameters	0.1264	0.4204	4	1248	14164	138	2010.962104
parametrization	0.5823	0.6664	4	276	834	8	2011.646341
part	-0.0794	0.0291	1	1295	12614	124	2010.410034
pas	0.0098	1.031	4	263	952	9	2010.176471
past	-0.3526	-0.0763	1	683	3128	30	2012.316703
past century	-0.5244	-0.4207	3	339	1088	10	2011.116279
past climate	-0.8232	0.1055	1	292	860	9	2012.666667
patagonia	0.4078	0.5897	4	295	978	9	2012.485294
pathways	-0.2908	-0.7266	3	469	2054	22	2013.213274
pattern change	-0.921	-0.1253	1	230	672	8	2010.194444
patterns	-0.0662	-0.1126	3	1473	23812	237	2011.236066
pca	1.0004	0.4319	2	213	812	9	2012.184466
peat	-1.1225	-0.1988	1	235	770	8	2013.503205
peninsula	-0.1524	0.2348	5	1007	9028	85	2011.596904
performance	0.8548	-0.036	2	588	2840	28	2013.489921
period	0.044	-0.2075	2	1549	33264	341	2011.210316
periphery	-0.6161	0.6835	4	286	866	9	2009.235955
permafrost	0.5738	-0.5151	2	425	2162	22	2012.799678
perspective	-0.0668	-0.3964	3	397	1214	13	2012.901235
perturbations	0.1132	0.5899	4	719	4448	44	2010.583086
phase	-0.1467	-0.2139	3	1133	9268	93	2011.300144
phenomena	0.4109	0.299	2	701	3522	32	2011
physical mechanisms	0.3726	-0.5277	3	203	584	7	2011.84
physical processes	-0.2794	-0.5442	3	369	1142	10	2012.057576
physics	-0.1394	0.1229	4	464	1970	20	2011.674359
place	-0.4056	-0.0742	1	780	3572	37	2009.958042
planet	-0.1245	0.4641	4	564	3050	29	2012.158537
planning	-0.3674	-0.7518	3	464	2134	22	2013.468421
plant	-0.7132	-0.3839	1	417	1486	14	2012.538334
plate	0.1004	0.8038	4	726	5414	58	2010.542683
plate boundaries	-0.4164	0.5389	4	312	1000	11	2008.571429
plate motion	0.2623	0.9261	4	392	1876	21	2010.074074
plate tectonics	0.1263	0.6964	4	300	1102	11	2009.6875
plateau	0.3766	-0.1693	2	516	2186	22	2012.169659
platform	-0.9482	-0.1022	1	379	1232	14	2013.075269
pleistocene	-0.5897	0.4787	1	1139	14000	134	2009.611702
pleistocene holocene	-0.8821	0.1623	1	454	1792	17	2010.096154
pleistocene ice	-0.1564	0.9121	4	725	5496	50	2007.96
pleistocene ice sheet	0.2083	0.7456	4	260	826	7	2008.142857
pleistocene ice sheets	-0.3866	0.9003	4	554	3200	31	2005.72973
pliocene	-0.8733	-0.3077	1	250	762	8	2013.66129
polar	0.246	0.4363	2	484	1948	22	2011.082686
polar ice	-0.0321	-0.0502	3	941	7920	76	2010.186047
polar ice sheets	-0.2589	-0.205	3	717	4598	43	2010.508621
polar motion	0.6434	-0.0252	2	550	2948	32	2006.666667
polar motion excitation	0.7098	-0.3459	2	198	630	7	2007.428571
polar regions	0.8378	0.0953	2	511	2160	24	2011.606775
polar wander	0.0786	1.0101	4	369	2010	20	2005.6
pole	0.3525	0.3454	2	573	2636	28	2010.226221
policy	-0.2625	-0.8226	3	308	1152	12	2014.121693
pollen	-1.2843	0.0569	1	171	556	7	2011.027027
population	-0.4948	-0.6446	3	510	2250	24	2011.362024
position	-0.4028	0.2958	1	1021	7698	79	2010.689373
positioning	0.4914	0.6608	4	948	8966	78	2010.764957
post-glacial	-0.7364	0.2282	1	271	746	7	2009.818182
postglacial	-0.5491	0.6256	4	635	3468	38	2003.471698
postglacial rebound	0.1644	0.8116	4	592	3284	34	2002.588235
postglacial uplift	-0.4715	1.0624	4	208	694	8	2000.625
potential	-0.1289	-0.0121	1	869	5178	52	2012.784435
power	0.2645	0.6111	4	564	2518	28	2011.834034
power-law	0.449	0.9175	4	306	1182	12	2012.595506
precipitation	0.4355	-0.6034	2	849	6180	64	2012.247478
precise orbit determination	0.9536	0.3251	2	208	630	7	2012.125
precision	0.2939	0.1412	2	790	4266	41	2011.580524
prediction	-0.2565	0.5512	4	1390	24568	232	2012.073267
present	-0.8376	-0.0814	1	867	5554	57	2011.176606
present day	0.006	0.6728	4	1288	20830	195	2011.295673
preservation	-1.0396	-0.2136	1	293	944	9	2011.649533
pressure	0.78	-0.3057	2	964	9328	92	2010.477108
pressure anomalies	0.6891	-0.3853	2	229	730	8	2010.023077
principal component analysis	0.8465	0.2934	2	270	1002	11	2010.580645
principal components	0.8537	0.1796	2	322	1274	14	2010.402597
principle	0.57	0.3247	2	242	678	7	2010.684211
probabilistic projections	-0.3489	-0.8125	3	201	664	7	2016.307692
probability	-0.3972	-0.6396	3	577	2780	30	2011.876866
probability distribution	-0.314	-0.7191	3	251	858	10	2012.010101
procedures	0.3865	0.1339	2	227	590	7	2010.315476
process model	-0.2839	0.7054	4	264	768	7	2012.018868
processes	-0.1905	0.0044	1	1503	25198	249	2011.967406
processing	0.9836	0.2326	2	822	6918	66	2012.577495
production	-0.5259	-0.3753	1	363	1098	11	2011.637878
profiles	-0.2863	0.6524	4	966	8618	83	2010.526606
proglacial lakes	-0.7632	0.3354	1	244	668	7	2012.272727
programme	0.2148	-0.764	3	293	984	10	2009.044118
progress	0.2441	-0.2267	3	634	3140	29	2012.411765
project	0.3186	-0.4066	3	861	5134	51	2012.453668
projection	-0.2086	-0.796	3	969	10452	110	2014.197635
propagation	0.8431	-0.2533	2	361	1260	12	2010.734739
properties	-0.08	0.1937	4	791	4218	39	2011.071907
proportion	-0.2447	-0.2791	3	282	776	9	2011.055556
propulsion	1.274	0.0662	2	262	886	7	2008.65
prospects	0.0067	0.0563	3	339	958	9	2012.401575
protection	-0.2394	-0.7393	3	314	1140	13	2013.352941
province	-0.5371	-0.1623	1	259	702	10	2010.882653
proximity	-0.6256	0.0183	1	294	792	8	2011.075099
proxy	-0.7682	-0.2875	1	603	2588	27	2013.127907
pulses	-0.9642	0.07	1	643	3782	39	2011.138996
quality	0.4295	0.103	2	884	5608	56	2012.741898
quantification	0.8402	-0.3705	2	446	2074	20	2013.40625
quaternary	-0.978	-0.016	1	772	5458	57	2010.108108
quaternary sea level	-1.0583	-0.1291	1	412	1614	17	2009.444444
quebec	-0.1758	0.537	4	352	1106	8	2011.605769
radar	0.7246	0.0431	2	550	2560	23	2011.711931
radar altimetry	0.846	0.1689	2	367	1384	11	2011.055046
radiation	0.5237	-0.3216	3	264	782	8	2011.331925
radiocarbon	-1.0491	0.0849	1	698	4370	46	2012.205298
radiocarbon ages	-1.0992	-0.0206	1	292	970	9	2012.69697
radiocarbon dates	-1.0394	0.048	1	472	2016	22	2010.453488
rainfall	0.4579	-0.4245	2	345	1132	11	2011.97561
range	-0.2419	0.0026	1	1422	19902	190	2011.410547
rapid	-0.8382	0.1114	1	512	2308	25	2012.463023
rapid sea-level rise	-1.0403	-0.3162	1	468	2036	22	2010.807692
rates	-0.1821	0.2677	1	1523	32648	322	2011.494306
ratio	-0.069	-0.1734	1	686	3162	33	2010.925387
rcp	-0.1528	-0.9541	3	370	1766	19	2016.081081
rcp8.5	-0.1746	-0.9572	3	289	1140	12	2016.429293
real-time	0.3729	0.2255	2	289	758	7	2012.398907
reanalysis	0.7308	-0.3909	2	561	2702	26	2012.860412
reason	-0.0325	-0.2878	3	329	924	8	2011.71371
rebound	-0.0458	0.7412	4	1154	15226	158	2005.385787
receiver	0.7069	0.4388	2	191	592	7	2013.40678
recent	0.1573	-0.3414	3	879	5634	57	2011.804991
reconstruction	-0.6882	0.0722	1	1159	13512	134	2012.728025
record	-0.7148	-0.1239	1	1231	15274	159	2011.508365
recorders	0.3247	0.0221	2	366	1180	11	2008.953846
recovery	1.0347	-0.0627	2	1257	26958	255	2012.7654
redistribution	0.508	-0.0067	2	962	7322	70	2011.996795
reduction	0.1739	0.0504	2	1010	6894	68	2012.202875
reef	-1.1067	-0.1987	1	680	5716	64	2010.637795
reef growth	-1.1086	-0.3352	1	243	848	10	2008.363636
reference frame	0.5754	0.5937	2	699	4658	46	2010.842105
reference systems	0.7507	0.4498	2	304	1056	11	2011.333333
reflection	-0.9851	-0.096	1	276	870	9	2010.990196
regime	-0.5655	-0.2369	1	601	2414	24	2010.768478
region	0.0272	0.0794	4	1608	47442	474	2011.608772
regional	0.6002	-0.6149	3	543	2666	25	2012.480198
regional climate	0.4531	-0.2917	5	371	1358	14	2013.123404
regional differences	-0.1934	-0.3865	3	358	1130	10	2012.228758
regional patterns	0.3372	-0.7969	3	368	1394	13	2011.170213
regional scale	0.3387	-0.2597	3	424	1488	15	2012.592334
regional sea level	0.0829	-0.8309	3	817	6744	65	2014.153846
regional sea-level projections	-0.1019	-0.9705	3	297	1210	12	2015.416667
regional trends	0.2072	-0.5675	3	386	1386	13	2010.705882
regional variability	0.0739	-0.7423	3	416	1568	14	2011.64557
regional variations	-0.4412	-0.5233	3	341	1194	13	2010.712871
regression	-0.2812	-0.2615	1	622	2598	27	2011.924945
regularization	1.1508	0.0368	2	344	1442	14	2013.736842
relationship	-0.3022	-0.2246	1	976	6012	64	2011.52721
relative sea level	-0.7541	0.3219	1	1372	30714	302	2009.782738
relative sea level variations	-0.0259	0.821	4	226	730	7	2005.571429
relative sea-level changes	-0.8124	0.2118	1	742	4702	44	2011.183673
relative sea-level rise	-0.7869	-0.3286	1	604	2836	28	2010.315789
relaxation	-0.1177	0.9346	4	581	3312	32	2009.702128
release	0.8787	0.0488	2	727	4312	38	2012.712924
reliability	-0.0328	0.0145	2	396	1202	11	2012.402116
relief	-0.66	-0.2183	1	300	812	8	2010.812081
remote	0.3688	-0.1689	2	247	666	7	2012.899032
remote sensing	0.4748	-0.4229	2	302	912	9	2012.958159
removal	-0.1802	0.5286	4	579	2584	22	2011.470833
repeat	0.6477	0.5479	2	322	998	9	2011.037288
representation	0.374	-0.4145	3	609	2646	27	2013.246886
requirements	0.0844	0.2218	2	631	3016	28	2011.322368
res	0.5927	-0.3765	2	487	2248	27	2010.48537
research	0.2772	-0.0783	2	1241	12138	115	2012.25614
reservoir	0.5055	-0.5501	2	598	3050	30	2012.909879
residues	0.6449	0.1396	2	685	3442	32	2009.701681
resilience	-0.3683	-0.5708	1	186	470	7	2014.867816
resolution	0.5284	-0.0215	2	1234	14030	135	2011.918993
resources	0.1675	-0.5449	2	612	2852	29	2013.251701
response	-0.2989	0.0655	4	1483	26886	266	2012.161066
response surface	-0.007	0.682	4	242	700	7	2012.773585
retreat	-0.6519	0.1201	1	926	6898	66	2012.69985
retrieval	1.0958	-0.0893	2	297	1058	10	2011.428846
reversal	-0.508	-0.1557	1	360	1126	11	2011.354497
revision	-0.4336	0.7875	4	318	978	8	2011.627451
rheology	-0.3343	0.8325	4	897	8314	78	2009.785276
rheology: crust and lithosphere	0.0629	1	4	247	812	7	2016.285714
rheology: mantle	-0.0792	0.9517	4	756	6010	53	2009.314815
ridge	-0.8842	0.0928	1	532	2162	21	2008.953586
risk	-0.2994	-0.7967	3	617	4098	44	2014.229167
river	2e-04	-0.3506	2	1070	9568	99	2011.920886
river basins	1.1328	-0.2986	2	338	1494	14	2012.561798
river discharge	0.3258	-0.604	2	386	1520	16	2011.398406
rms	0.9994	0.1834	2	589	3214	29	2009.254237
robustness	0.3175	-0.7608	3	239	640	8	2013.84141
rocks	-0.5887	0.2629	1	518	1918	21	2010.835085
role	-0.0754	-0.1522	3	1058	7384	74	2012.568357
root	0.3453	0.5265	2	531	1972	19	2012.083538
root-mean-square	0.775	0.3626	2	325	1080	9	2010.727273
ross	0.4556	0.5853	5	439	1968	18	2011.009202
ross sea	0.1377	0.7207	5	245	826	8	2010.810256
rotation	0.2559	0.3769	4	890	6894	68	2006.295359
runoff	0.1815	-0.5762	2	578	2600	26	2012.212743
s-2	1.1495	0.1412	2	209	816	11	2009.592593
salinity	0.1842	-0.7909	3	660	3876	36	2009.248247
salinity changes	0.2736	-0.8339	3	214	696	7	2010.755814
salt	-0.8067	-0.331	1	403	1530	18	2008.72546
salt marsh	-0.909	-0.3003	1	488	2422	27	2012.777778
sampling	0.6728	-0.349	2	449	1814	17	2012.100775
sand	-0.9869	-0.2442	1	478	2168	25	2010.211726
satellite	0.8533	0.0223	2	1345	28806	266	2011.755822
satellite altimeter	0.7391	-0.5818	3	486	2232	19	2008.958333
satellite altimetry	0.7668	-0.357	3	952	10140	91	2012.138138
satellite altimetry data	0.7857	-0.254	2	497	2080	18	2012.660377
satellite data	1.1197	0.1101	2	544	3056	29	2011.686028
satellite geodesy	0.8753	0.4557	2	813	5730	50	2012.888889
satellite gravimetry	1.1721	-0.0057	2	636	4202	36	2014.392857
satellite gravity	1.0216	0.0645	2	911	8966	82	2012.534653
satellite gravity missions	0.4783	0.5022	2	354	1314	12	2010.416667
satellite laser ranging	1.081	0.2659	2	477	2606	25	2011.88
satellite measurements	0.753	-0.2472	2	342	1074	9	2012.201389
satellite mission	0.9335	0.1408	2	922	7898	66	2012.747826
satellite observations	0.6056	-0.2478	3	573	2656	23	2012.973832
satellite radar	0.6615	-0.0145	2	284	936	8	2009.745763
satellite system	0.484	0.5106	2	422	1548	13	2014.830508
scale	0.374	-0.328	2	1329	17916	178	2011.804989
scaling	0.1409	0.3289	4	442	1472	12	2011.411765
scandinavia	-0.3014	0.9119	4	368	1548	13	2009.753425
scenarios	-0.2982	-0.6431	3	1051	11084	116	2012.882212
science	-0.4163	-0.1126	1	1045	7590	85	2005.441336
scotland	-0.9617	0.2756	1	476	2456	27	2008.991304
se	-0.3724	0.4927	1	300	956	9	2011.945205
sea	-0.3147	-0.1732	1	1636	79990	828	2010.929745
sea coast	0.1412	0.2125	5	307	892	7	2010.221053
sea ice	0.3874	-0.3279	3	773	4666	47	2012.341204
sea ice model	0.8642	-0.407	3	256	886	8	2011.770171
sea level	-0.4143	-0.1492	1	1643	92376	983	2011.153319
sea level acceleration	-0.3696	-0.7766	3	351	1358	14	2013.5625
sea level anomalies	0.6455	-0.601	2	341	1268	12	2011.621212
sea level budget	0.4192	-0.7463	3	647	4174	40	2015.978261
sea level equation	-0.0336	0.6911	4	610	3688	34	2009.058824
sea level model	-0.4858	-0.0315	3	381	1450	16	2012.677419
sea level projections	-0.2492	-0.8217	3	682	4756	47	2015.763158
sea level rise	-0.4042	-0.4401	3	1551	43170	458	2012.696243
sea level rise projections	-0.1893	-0.8885	3	309	1242	14	2015.179487
sea level trends	0.1287	-0.7011	3	798	5856	55	2010.272727
sea level variability	0.0139	-0.7036	3	715	4328	43	2010.28
sea level variations	-0.1813	0.1759	4	878	6432	63	2008
sea surface	0.1609	-0.3256	3	937	6694	61	2011.29989
sea surface height	0.6132	-0.4196	3	601	3006	27	2010.567114
sea surface temperature	-0.0167	-0.492	3	554	2302	21	2011.542882
sea-level changes	-0.4595	-0.1035	1	1520	36612	366	2010.962887
sea-level curve	-1.0479	-0.0297	1	338	1288	12	2006.923077
sea-level database	-1.1551	0.1913	1	195	648	7	2011.285714
sea-level fall	-0.8882	0.0751	1	622	3144	31	2009.971429
sea-level fluctuations	-0.8817	-0.22	1	560	2440	24	2009.294118
sea-level highstand	-1.1145	0.028	1	474	2316	25	2007.84
sea-level history	-0.8654	0.1794	1	728	4052	37	2009.02439
sea-level index points	-1.1436	0.1952	1	435	2284	23	2012.73913
sea-level indicators	-0.921	0.2581	1	625	3314	33	2011.272727
sea-level observations	-0.8322	0.0596	1	326	1056	10	2004
sea-level reconstruction	-0.6128	-0.4258	1	467	2122	23	2014.321429
sealevel	-0.7899	0.2733	1	375	1324	14	2002.5
search	0.1089	0.5762	4	376	1300	12	2011.96
season	0.6039	-0.4422	2	626	3202	33	2012.178114
seasonal cycle	0.7346	-0.3658	3	387	1446	13	2011.135957
seasonal variation	0.6828	-0.2558	2	504	2196	24	2011.013917
seawater	-0.6022	-0.6137	3	376	1382	15	2011.626116
secular trends	0.781	-0.033	2	402	1436	13	2013.111111
secular variations	0.3423	0.9622	4	275	968	9	2002.777778
sediment compaction	-1.0766	-0.1607	1	266	914	9	2015.076923
sediment cores	-0.9658	-0.3028	1	317	1116	12	2012.336207
sediment supply	-0.9296	-0.2933	1	290	914	7	2010.117647
sediment transport	-0.5592	0.0427	1	242	678	7	2009.963768
sedimentation	-0.9282	-0.1966	1	490	2012	20	2009.867797
sedimentation rates	-1.003	-0.25	1	216	616	7	2011.808511
sediments	-0.9813	-0.2172	1	958	9164	97	2011.206075
segments	-0.2733	-0.2373	1	301	752	7	2010.556701
seismic	0.128	0.6857	4	256	696	7	2011.044586
seismic tomography	-0.1863	1.2107	4	297	1330	12	2011.15
selection	0.4611	0.0092	5	361	1114	10	2012.335938
sensing	0.7867	-0.0802	2	297	918	8	2012.945017
sensitivity	-0.1081	0.3641	4	1069	9562	91	2012.152936
sensors	0.7776	-0.1941	2	335	1100	10	2011.517949
separation	0.4988	0.4251	2	569	2856	27	2009.887195
sequence	-0.84	0.1097	1	737	3760	37	2012.290017
series	0.5377	0.0225	2	1404	20850	205	2010.601012
service	0.4701	0.1492	2	681	3438	33	2013.140288
settlement	-0.7457	-0.2679	1	241	706	9	2011.937107
sg	0.7405	0.5615	2	195	562	7	2009.928571
sh	0.8998	-0.1863	2	346	1304	13	2012.506667
shallow marine	-1.1186	-0.1457	1	259	812	9	2012
shallow water	-1.0973	-0.2471	1	322	1240	14	2010.653846
shape	0.1123	0.2842	4	595	2618	27	2010.573529
sheet instability	-0.6918	-0.5346	1	263	852	8	2015.166667
shelf	-0.6402	-0.0381	1	1059	8582	84	2010.587376
shelf seas	-0.4463	-0.2863	1	289	950	9	2011.734043
shell	-1.0833	-0.021	1	301	936	11	2012.617486
shelves	-0.2591	0.1316	1	647	2866	24	2011.760377
shift	-0.4732	-0.4135	1	617	2632	26	2012.333333
shore	-0.832	0.1795	1	303	926	9	2010.122222
shoreline	-0.952	0.1732	1	861	7006	77	2009.668367
short-term	-0.3907	-0.3963	1	365	1072	9	2012.055432
siberia	0.0208	-0.6247	2	201	614	7	2012.538153
siberian	-0.0685	-0.4565	2	247	734	8	2012.301282
signal	0.6246	0.1409	2	1433	28476	275	2011.038817
signal leakage	1.1574	-0.1957	2	275	1018	9	2016.818182
signatures	0.3429	0.7212	4	523	2352	22	2011.86758
significance	-0.1815	-0.2067	1	433	1422	14	2011.019928
simulations	0.2047	-0.2928	2	1217	12198	122	2012.277903
sites	-0.5252	0.4167	1	1289	19710	204	2011.507274
size	-0.1733	0.4045	4	660	2982	30	2010.965923
slope	-0.5458	-0.3023	1	669	2742	28	2010.341082
slr	0.4368	-0.2309	3	810	5570	58	2013.44186
slr data	0.9828	0.5981	2	197	644	7	2010.571429
smb	0.918	-4e-04	5	283	886	7	2014.447853
smoothing	1.0975	-0.0228	2	430	2026	19	2010.534483
snow	0.7771	-0.4327	2	478	2302	24	2012.043528
snow accumulation	1.002	0.0178	2	288	1040	10	2012.351145
snow/ice	0.9608	-0.2181	2	287	974	11	2012.216867
society	-0.271	-0.5207	3	491	2018	24	2010.520354
software	0.5338	0.489	2	513	2350	25	2012.686047
soil	0.4525	-0.5711	2	593	3474	34	2012.887856
soil moisture	0.6616	-0.5534	2	437	2152	20	2013.428315
solid earth	0.111	0.185	4	512	2252	23	2010.25
solution	0.8331	0.3615	2	1252	21792	205	2010.22668
source	0.1759	-0.0926	2	1350	15872	154	2011.544715
south	-0.3737	-0.073	1	1149	10232	103	2009.816077
south america	0.1237	-0.0721	2	408	1494	15	2010.900662
south atlantic	0.6876	-0.667	3	238	712	7	2007.451691
south carolina	-1.1139	-0.0426	1	174	572	7	2007.272727
southeast asia	-0.2871	-0.5394	1	274	798	8	2012.767442
southern	0.109	-0.3511	3	1000	7002	68	2011.247603
southern annular mode	0.7521	-0.7337	3	212	674	7	2013.425339
southern hemisphere	-0.1536	-0.3878	3	435	1594	16	2010.882466
southern ocean	0.2628	-0.4805	3	711	4002	37	2011.310743
southern oscillation	0.5812	-0.6553	2	357	1358	14	2011.761165
southwest	-0.4267	0.052	1	331	1052	11	2010.224324
space	0.6409	0.2437	2	1188	13080	117	2011.281958
space geodesy	0.5534	0.3793	2	448	1676	15	2007.4375
space geodetic surveys	0.5732	1.2146	4	277	1100	9	2013.6
space geodetic techniques	0.7544	0.1322	2	325	1050	10	2007.1
space gravimetry	0.7195	-0.4035	3	384	1506	12	2014.538462
space gravity	0.8625	0.4614	2	277	918	7	2011.75
span	0.8065	0.0607	2	567	2714	26	2012.134921
sparse	0.8638	-0.4562	2	269	776	8	2011.660194
spatial	0.3534	0.0093	2	720	3616	34	2011.877747
spatial distribution	0.2341	-0.2287	2	495	1866	20	2012.602028
spatial domain	1.1834	0.2359	2	271	928	9	2012.363636
spatial extent	-0.5879	0.4236	1	256	730	7	2012.475806
spatial patterns	0.272	-0.1337	3	851	5538	54	2012.024523
spatial resolution	0.8919	0.0259	2	776	5374	50	2012.877034
spatial scales	0.9635	0.0236	2	464	2118	20	2012.42723
spatial variability	-0.5274	-0.2337	1	631	3018	28	2011.858628
spatial variation	-0.1264	0.1664	4	586	2870	27	2011.835735
species	-0.8606	-0.2316	1	527	2086	21	2011.629341
spectra	0.7219	0.3425	2	286	814	9	2010.240566
spectrum	0.409	0.3806	2	524	1912	17	2010.348901
speed	0.2927	0.6211	4	475	1750	16	2010.795455
speleothem	-1.1632	-0.0891	1	168	546	7	2013.235294
spherical harmonics	1.1034	0.1374	2	502	2620	26	2012.714286
spread	0.3191	-0.6487	3	427	1716	19	2013.442623
spring	0.0156	-0.3339	2	482	1716	17	2011.445356
ssh	0.5783	-0.6412	3	294	954	9	2010.885714
st	-0.5468	-0.1597	1	285	860	7	2011.204819
stability	-0.8061	0.0662	1	748	4468	46	2011.601934
stage	-1.0512	-0.0158	1	851	7058	72	2011.432692
standard	0.3478	-0.2327	2	452	1536	15	2011.405751
standard deviation	0.3292	-0.291	3	350	1116	13	2011.034783
state	0.1454	-0.0971	3	889	5496	54	2012.176355
stations	0.5461	0.3477	2	1002	9134	93	2010.728667
statistical analysis	-0.1279	-0.5438	3	234	682	8	2011.880795
statistical model	-0.4607	-0.0234	1	301	888	7	2011.85
statistics	0.5558	-0.124	2	404	1362	13	2010.724252
status	0.2006	-0.4283	3	339	1052	12	2011.737569
steady state	0.6286	0.4423	2	321	1134	11	2009.695015
steps	0.5196	-0.1064	2	289	770	8	2012.015873
steric	0.4331	-0.7409	3	477	2364	22	2010.806452
steric sea level	0.5855	-0.7657	3	598	3964	37	2012.416667
stokes	1.0655	0.2675	2	452	2128	18	2013.414141
stokes coefficients	1.0328	0.3048	2	429	1910	16	2014.875
storage	0.6986	-0.5974	2	1039	12356	118	2013.435429
storm	-0.487	-0.6873	3	712	4542	47	2010.368357
storm surges	-0.3179	-0.8736	3	480	2576	27	2010.830986
strain	0.0031	1.0468	4	236	792	9	2011.527632
strait	-0.6079	0.0499	1	354	1044	10	2008.864542
strategies	0.2729	-0.2013	3	807	4726	48	2013.49449
stratification	-0.4741	0.6621	4	295	976	11	2010.765734
stratigraphy	-1.1198	-0.0798	1	496	2412	26	2010.59887
stream	0.32	-0.252	5	498	1922	17	2011.208251
strength	-0.0101	0.1055	4	416	1384	14	2011.147674
stress	-0.0723	0.1859	4	687	3448	34	2010.771906
stripes	1.2128	-0.2317	2	247	870	7	2010.259259
structure	-0.2842	0.6473	4	1080	11250	109	2010.587788
subduction	-0.3128	0.4255	1	528	2308	20	2011.285714
subduction zone	-0.5436	0.4095	1	396	1404	12	2011.4
submergence	-1.0116	0.0088	1	254	722	9	2008.434783
subsidence	-0.5682	0.09	1	1031	9020	86	2011.801303
subsurface	0.0577	-0.5036	3	389	1250	12	2011.621895
succession	-1.1556	-0.1937	1	318	1166	11	2012.128814
summer	0.1298	-0.132	2	686	3064	34	2011.747886
sun	0.524	0.013	2	270	772	7	2011.068966
sunda shelf	-1.111	-0.1235	1	210	628	7	2008.285714
superconducting gravimeter	0.807	0.5195	2	233	768	10	2006.2
superposition	0.1962	-0.4259	2	224	600	7	2009.931034
supply	-0.8124	-0.3986	1	436	1656	15	2011.339312
support	-0.261	0.1667	1	601	2128	21	2012.160714
surface	0.2418	0.006	2	1578	38290	367	2011.274886
surface air	0.1021	-0.7008	3	252	758	8	2012.202151
surface air temperature	0.0695	-0.7112	3	237	694	7	2012.177381
surface deformation	0.3413	0.8567	4	365	1406	13	2012.166667
surface displacement	0.3533	0.8522	4	309	1106	11	2011.277778
surface elevation	-0.1555	0.2985	5	423	1630	15	2011.86618
surface height	0.7152	-0.3035	3	645	3452	30	2010.910364
surface loading	0.3832	0.5069	4	341	1264	13	2010.333333
surface loads	-0.0553	0.9327	4	349	1386	14	2002.4
surface mass balance	0.9418	-0.1289	5	484	2664	23	2014.124183
surface pressure	1.0047	-0.1785	2	330	1278	12	2009.187166
surface temperature	-0.1415	-0.5323	3	703	3734	35	2011.552855
surface waters	0.4886	-0.5666	2	466	2004	19	2010.917469
surge	-0.333	-0.8351	3	493	2554	27	2011.309645
survey	-0.0483	0.1502	2	681	3030	36	2010.854962
svalbard	0.4158	0.8107	4	436	2246	22	2012.982836
sweden	-0.3656	0.9232	4	347	1374	13	2011.298755
symmetry	-0.1413	0.7412	4	266	862	8	2007.320755
synthesis	0.0903	-0.3296	3	501	1982	17	2012.494924
syowa	0.6154	0.3821	2	352	1306	17	2006.9
syowa station	0.6384	0.4003	2	268	932	13	2006.483871
system	0.3583	0.0429	2	1485	26416	253	2012.244703
systematic errors	1.0065	0.2762	2	347	1328	15	2009.405405
tahiti	-1.0566	-0.0144	1	347	1522	19	2010.227273
techniques	0.5064	0.2158	2	1185	12084	118	2010.995925
technology	0.4488	0.1478	2	553	2220	20	2013.19378
tectonic uplift	-0.9624	0.1157	1	402	1640	18	2005.333333
tectonics	-0.5438	0.3409	1	753	4358	43	2010.556962
teleconnection	0.3144	-0.669	2	217	624	7	2012.106926
temperature	-0.093	-0.5873	3	1238	14174	143	2011.477652
temperature changes	0.0343	-0.8138	3	378	1288	13	2012.055092
temporal changes	0.042	-0.0476	1	333	998	9	2011.742138
temporal distribution	-0.369	-0.1646	1	323	1082	10	2011.0125
temporal gravity	1.0344	0.1847	2	468	2512	26	2011.592593
temporal gravity field	1.1188	0.1475	2	292	1206	12	2013.25
temporal patterns	-0.7452	0.2785	1	251	844	9	2011.927711
temporal resolution	0.7007	0.1219	2	480	2008	19	2013.873362
temporal variability	-0.1724	0.1036	1	367	1108	10	2011.288462
temporal variations	0.3883	0.3216	2	557	2420	23	2011.722063
termination	-0.824	-0.0377	1	522	2260	22	2011.142857
terms	0.4082	0.1181	2	1305	14892	147	2011.105954
terraces	-1.0987	-0.0363	1	451	2286	26	2008
terrestrial	0.699	0.0092	2	510	2384	25	2012.64094
terrestrial reference frame	0.7416	0.5699	2	354	1470	16	2012.25
terrestrial water	0.8936	-0.5807	2	735	6026	56	2015.273973
terrestrial water storage	0.861	-0.5893	2	696	5142	48	2015.259259
territories	-0.3022	0.2802	4	325	964	10	2011.376997
texas	-0.2306	0.1162	1	451	1618	13	2010.2
theoretical models	-1.0019	0.5328	1	232	698	7	2008.454545
theory	-0.072	0.3738	4	801	4748	48	2009.714706
thermal	-0.2395	-0.0301	4	353	1034	10	2011.557652
thermal expansion	-0.0037	-0.8449	3	817	7418	70	2011.613445
thermosteric sea level	0.179	-0.8357	3	297	1014	10	2013.8125
thickness	-0.1657	0.7258	4	1178	15742	144	2010.814467
thickness change	0.3352	0.6227	5	338	1164	9	2010.121951
thinning	0.0269	0.492	5	405	1412	13	2011.906393
threat	-0.4002	-0.6156	3	344	1178	12	2013.121076
three dimensional	-0.3489	1.038	4	403	1772	16	2009.329939
threshold	-0.0954	-0.2767	3	301	820	8	2012.8
tibetan plateau	0.7051	-0.1512	2	358	1454	14	2014.317191
tidal	0.1703	-0.1317	2	560	2402	23	2009.893939
tidal flats	-1.0385	-0.3392	1	202	616	7	2010.052632
tidal model	0.8553	0.0533	2	387	1856	21	2009.342466
tidal range	-0.5367	-0.1793	1	290	926	9	2011.705882
tide gauge data	0.1363	-0.3571	3	714	4464	42	2010.132075
tide gauge observations	0.7389	-0.2673	2	294	1044	11	2010.307692
tide gauge records	0.0995	-0.4494	3	684	4284	43	2009.16
tide gauges	0.1048	-0.332	3	1146	15782	157	2010.147059
tides	0.2871	-0.1829	2	1150	12504	129	2010.001852
tilt	-0.3355	0.1364	1	373	1104	10	2010.517857
time	0.1278	0.0747	2	1626	51474	514	2011.191579
time dependence	-0.3248	0.4604	4	289	828	8	2010.48
time scales	0.0814	-0.2953	3	1019	7404	70	2011.351464
time variable gravity	1.158	0.0641	2	906	9630	89	2013.555556
time variations	0.8217	0.4008	2	391	1386	12	2009.659574
time-series analysis	0.8364	0.0752	2	1253	18680	179	2010.95228
time-variable gravity field	1.1522	-0.1111	2	300	1070	10	2011.8
timescales	0.0243	-0.2891	3	938	5834	62	2011.525048
timing	-0.9223	0.101	1	972	8548	87	2012.348348
tip	-0.0352	0.5353	2	343	994	8	2009.34375
tomography	-0.188	1.2106	4	297	1330	12	2012.146341
tools	0.0046	-0.1822	2	435	1364	14	2013.795322
topex/poseidon	0.7725	-0.2692	2	475	2232	21	2003.638554
topography	-0.1145	0.148	1	929	6258	58	2010.120382
total mass	0.8775	0.1069	2	465	1968	16	2011.918367
total water storage	0.8965	-0.4436	2	298	1098	11	2015.666667
tpw	0.1156	0.9337	4	233	850	9	2009.454545
track	1.0675	-0.0633	2	277	928	10	2010.190476
tracking	0.6499	0.2003	2	379	1450	15	2012.732026
trade-off	-0.1349	0.3908	4	353	1144	10	2013.210526
trajectories	0.303	0.293	2	228	562	7	2011.384117
transfer	-0.2093	0.0753	4	425	1500	18	2010.678679
transform	0.5035	0.3775	2	245	712	7	2011.990385
transgression	-0.995	-0.1339	1	544	2602	26	2010
transient	-0.2447	0.6893	4	233	674	8	2011.104545
transient deformation	0.2108	0.8987	4	336	1292	11	2013.923077
transition	-0.4654	0.3374	4	848	5090	53	2011.648928
transition zone	-0.2247	1.0399	4	350	1556	16	2010.954545
transport	0.4203	-0.2224	2	913	6256	58	2010.537155
treatment	0.1983	0.0035	2	400	1264	12	2012.769355
trend surface	-0.3797	0.5236	1	265	830	9	2012.018182
trends	0.5338	-0.2374	2	1490	32092	310	2012.269204
tropical	-0.0713	-0.6186	1	337	950	8	2011.862319
true polar wander	0.0623	0.9599	4	274	1088	11	2007.818182
tsunami	-0.7713	-0.0569	1	213	624	7	2015.125
tunisia	-1.1686	0.1649	1	188	624	7	2010.428571
twentieth century	-0.0683	-0.7315	3	536	2854	30	2012.145055
tws	0.911	-0.6106	2	444	2668	25	2015.71875
types	-0.0157	0.1393	4	745	3182	32	2011.720352
u-series	-1.1621	-0.1691	1	371	1728	18	2008.238095
u-th	-1.1333	-0.1226	1	287	1064	12	2012.75
uk	-0.9717	0.04	1	313	1210	14	2011.816794
uncertainty	0.231	-0.1146	3	1448	24556	241	2013.221957
uncertainty estimates	0.8881	-0.1555	2	276	816	8	2012.15
united states	-0.3961	-0.4285	3	577	2466	26	2011.349593
university	-0.1067	0.3775	1	764	3726	36	2010.400794
unloading	-0.3414	0.6026	4	466	1800	17	2008.965517
uplift	-0.1696	0.6194	4	1280	18910	187	2010.481605
uplift rate	0.0694	1.0027	4	581	3540	34	2010.525
upper mantle	-0.2178	1.0257	4	837	9032	82	2005.909091
upper mantle viscosity	-0.1957	0.99	4	619	4198	34	2007.171429
uranium-series	-1.2381	-0.1458	1	319	1308	14	2008.0625
usa	-0.6948	-0.0344	1	444	1616	16	2010.335681
utility	-0.2423	-0.3633	3	332	944	10	2012.942222
validation	0.868	-0.2048	2	544	2580	26	2012.727575
valley	-0.7974	-0.0063	1	376	1266	13	2011.024
values	-0.0295	0.2316	4	1439	21904	215	2010.746562
variability	0.096	-0.4636	3	1454	27246	270	2011.545737
variance	0.6973	-0.1512	2	678	3580	37	2010.046067
variations	0.353	0.1005	2	1578	47888	472	2010.901917
vector	0.6063	0.469	2	430	1646	17	2010.835404
vegetation	-0.5651	-0.3856	1	308	870	10	2012.521246
velocity	0.3709	0.7997	4	993	11574	114	2010.066944
velocity field	0.2636	0.979	4	398	1808	17	2009.17301
vertical	-0.1984	0.5012	4	475	1938	20	2009.544379
vertical crustal motion	-0.1318	0.9431	4	370	1510	15	2008.25
vertical displacement	0.1594	0.8473	4	451	2030	21	2009.33871
vertical land motion	-0.3379	0.0767	3	537	3178	27	2016
vertical motion	0.0229	0.8544	4	643	4048	38	2008.438017
vertical movement	-0.4731	0.4258	1	378	1456	15	2007.214286
vertical velocity	0.6473	0.6462	2	271	822	7	2008.840336
victoria	0.5292	0.6917	2	265	1016	10	2009.108571
victoria land	0.4648	0.8426	2	176	730	7	2008.485075
viscoelastic	-0.1001	0.9675	4	311	1344	16	2006.703704
viscoelastic deformation	-0.0915	0.9928	4	212	678	7	2011.7
viscosity	-0.1471	0.974	4	1130	21282	201	2008.10119
vlbi	0.4884	0.6588	2	478	2290	24	2005.48
vlndef	0.4655	0.842	2	176	730	7	2011
volume	-0.5186	0.1937	1	1234	14790	143	2010.936662
volume changes	-0.0324	-0.1454	5	568	2622	24	2012.029762
vulnerability	-0.353	-0.6859	3	433	1682	19	2013.925926
wais	-0.146	-0.3701	5	348	1260	11	2013.442105
wales	-0.9566	0.0262	1	287	830	7	2009.914894
warm	-0.6864	-0.3305	1	159	430	7	2011.29985
warming	-0.1847	-0.5995	3	1086	10256	105	2012.978577
warmth	-1.1672	0.0578	1	192	560	7	2011.625
washington	-0.9302	0.2331	1	429	1758	21	2008.381818
water	0.1426	-0.3238	2	1532	35234	349	2010.775054
water balance	0.6793	-0.5862	2	281	1092	12	2012.68
water budget	0.9272	-0.5505	2	275	944	9	2011.38806
water cycle	0.7864	-0.6855	2	389	1744	19	2012.931624
water depth	-0.8383	-0.2457	1	359	1282	13	2011
water equivalent	0.7908	-0.3226	2	458	1970	18	2012.877005
water ice	-0.735	0.2994	1	260	766	8	2010.074941
water level	0.1643	-0.3499	2	649	3050	29	2011.696429
water mass changes	0.8635	-0.3745	2	263	810	7	2010.578947
water masses	0.7508	-0.4385	2	651	3718	35	2009.047927
water resources	0.6812	-0.5316	2	356	1516	15	2014.535912
water storage	0.7792	-0.5955	2	964	10622	102	2013.488152
water storage change	1.0273	-0.503	2	274	1164	12	2013.642857
water storage variations	0.9942	-0.5784	2	253	916	9	2013.375
water vapor	0.3526	-0.5969	2	235	746	7	2011.155556
watersheds	0.7222	-0.5525	2	241	714	8	2012.420863
wave	-0.1662	-0.3749	1	654	2982	34	2010.934812
wavelength	0.3906	0.7469	4	474	2008	18	2009.220077
weather	0.8237	-0.3869	2	455	1874	17	2012.202602
weather forecasts	1.0639	-0.3559	2	248	886	8	2011.889868
weddell	0.474	0.6269	5	366	1406	13	2008.661238
weddell sea	0.3104	0.736	5	309	1106	10	2008.40797
weight	0.8215	0.3601	2	302	984	10	2010.632353
west antarctic	-0.2211	-0.1853	5	751	4878	48	2012.620545
west antarctic ice sheet	-0.3123	-0.3267	5	595	2946	29	2012.443182
west antarctica	0.9567	0.54	5	696	6220	54	2012.746114
west coast	-0.7723	0.1502	1	323	1014	10	2010.449541
wetlands	-0.6586	-0.4894	1	415	1496	16	2014.02029
wghm	1.0396	-0.4439	2	228	774	7	2014.5
wind	0.0675	-0.6766	3	701	4242	40	2010.366929
wind stress	0.2264	-0.7361	3	318	996	8	2008.608177
winter	0.3276	-0.4362	2	638	2828	30	2011.016141
wisconsin	-0.9801	0.3196	1	235	738	7	2007.692308
work	-0.0246	-0.0192	3	985	6804	66	2012.585814
world	-0.1744	-0.5903	3	982	7088	73	2011.293273
world ocean	0.4224	-0.6131	3	448	1850	19	2007.82598
worldwide	-0.3553	-0.4829	3	322	920	8	2013.141414
yangtze	0.2824	-0.5548	2	231	728	7	2013.226804
yellow	0.0775	-0.7268	2	259	714	7	2014.752475
yield	-0.8204	0.3952	1	253	762	7	2011.766667
younger dryas	-1.0121	0.1101	1	403	1774	21	2011.101124
zonal	0.3463	-0.1816	3	283	902	8	2008.993976
zone	-0.3656	0.1521	1	1122	9320	94	2010.917256
