id	x	y	cluster	weight<Links>	weight<Total link strength>	score<Avg year>
1960s	0.986	0.3766	3	189	590	2007.723464
1970s	0.5002	0.5017	3	148	388	2008.301205
20th century	-0.3122	-0.0357	4	545	3258	2009.625488
abrupt	0.3709	0.8707	3	196	602	2008.765363
absorption	-0.9119	0.4027	3	326	1500	2007.595437
acc	-1.1615	0.462	5	123	316	2008.139628
acceleration	-0.1712	-0.3067	4	372	1448	2010.334658
access	-0.4365	-0.5262	1	410	1986	2011.56924
accord	-1.0904	-0.5673	6	109	310	2006.193694
accumulation	0.3177	-0.5343	4	467	2078	2008.145056
accuracy	-0.0472	-0.3676	1	581	3420	2010.08255
acidification	-0.8595	-0.2919	1	229	680	2012.615128
action	-0.2422	-0.1964	1	282	952	2008.283128
activity	0.5078	0.0218	2	916	11614	2008.610119
adaptation	-0.2509	-0.8419	1	448	2228	2009.276196
addition	0.0596	0.0888	1	902	8994	2009.285986
adjustment	-0.4487	0.5035	5	533	3270	2010.059972
administration	-0.4166	-0.3517	1	276	1016	2008.585608
advance	-0.3564	-0.0112	1	506	2968	2009.278139
advection	0.4764	0.7858	2	776	8976	2008.192895
adverse effects	0.312	-0.6935	1	85	202	2010.733945
aerosol	-0.8606	0.0316	1	648	5892	2007.154489
africa	0.2425	-0.7393	1	481	2892	2008.243209
agcm	0.8084	0.5181	2	451	2964	2008.143646
age	-0.571	-0.0316	4	262	902	2007.797965
agency	0.0914	-0.2946	1	192	560	2011.612195
aggregates	-0.0472	-0.5774	1	151	362	2008.541433
agreement	-0.3312	-0.3691	1	887	9968	2007.890269
agriculture	-0.0181	-0.9559	1	185	502	2011.68272
air	0.3253	0.2616	2	1319	39410	2008.618101
air masses	0.3622	0.0645	1	383	1846	2007.547564
air pollution	0.8721	-0.5671	1	87	206	2007.770408
air temperature	0.3046	0.3019	3	704	5998	2010.069914
air-sea	-0.3497	1.0372	3	276	1020	2010.25
aircraft	-0.4399	-0.1109	1	251	826	2006.227098
al	-0.3554	0.4554	1	368	1328	2007.388849
alaska	0.3441	-0.3797	1	749	5990	2008.146234
alaskan	-0.2582	-0.185	1	320	1276	2008.305085
alaskan arctic	-0.4957	0.0332	1	115	312	2010
albedo	-0.8079	0.4501	3	778	9770	2009.324338
alberta	0.0516	-0.9251	1	94	224	2007.302682
aleutian	1.191	-0.4436	2	335	1716	2008.620981
algorithm	0.4217	-0.1972	1	685	4962	2010.210584
alps	0.0065	-1.0132	1	133	314	2009.971568
alteration	-1.0792	0.0079	1	89	212	2008.680165
alternative	-1.1946	-0.2213	5	134	374	2009.029126
altitude	0.8349	-0.2805	2	153	408	2007.653347
amazon	-0.6235	-0.7804	1	216	736	2010.429268
america	0.6797	-0.2595	2	1000	16750	2008.697703
american	0.606	-0.2864	2	417	1828	2008.42539
amo	0.6469	-0.5373	4	477	2894	2014.846667
amoc	-1.0084	0.5879	5	445	2870	2014.607664
amplification	0.0517	0.6998	6	969	17034	2010.670509
amplitude	0.3715	0.5593	2	700	6184	2008.158367
analog	-0.7005	-0.2922	1	252	906	2008.432668
analogue	-1.0694	0.7563	5	174	498	2009.003268
analyses	0.4121	0.2786	2	834	8794	2009.301682
analysis	0.4001	-0.0943	2	1362	41038	2009.366286
angle	0.3045	0.2037	2	93	198	2007.895326
annual	0.5499	-0.6975	1	164	466	2007.172557
annual cycle	-0.1275	0.3454	5	484	2734	2007.690078
annual precipitation	0.0336	-0.6925	4	284	1096	2010.141667
annual temperature	0.1288	-0.7392	1	161	446	2008.690789
annular mode	1.2345	0.0319	2	275	1072	2012.46283
anomalies	0.6686	0.3642	2	1249	37854	2009.553394
antarctic	-0.3777	0.029	4	795	8418	2007.820711
antarctic circumpolar current	-0.9502	0.6103	5	202	696	2007.99332
antarctic ice sheet	0.1242	-0.6092	4	147	382	2011.123173
antarctic oscillation	0.4726	-0.5346	4	99	232	2011.506726
antarctic peninsula	0.31	-0.8424	4	95	232	2009.392737
antarctica	0.0603	-0.4156	4	598	4080	2007.877974
anthropogenic	-0.6809	-0.2734	1	366	1756	2009.897004
anthropogenic emissions	-0.8595	-0.2974	1	88	218	2009.427083
anticyclone	0.8005	0.0336	2	464	2612	2009.04646
ao	0.9588	-0.0156	2	615	5648	2011.268478
application	-0.3866	-0.3421	1	784	6358	2010.011511
approach	-0.0774	-0.4022	1	1013	12496	2011.153242
ar	0.7348	-0.4023	4	330	1434	2008.531532
archipelago	0.1104	0.1524	4	458	2282	2008.970938
archives	-0.6863	-0.3346	1	301	1064	2012.032657
arctic	0.0937	0.2604	3	1506	101124	2009.446222
arctic alaska	-0.086	-1.0565	1	134	372	2010.011811
arctic archipelago	0.1758	0.0858	4	291	1064	2009.927203
arctic climate	0.1149	0.6531	3	435	2270	2010.487654
arctic ocean	-0.6491	0.3358	3	299	1090	2011.521277
arctic oscillation	0.9648	0.1003	2	785	10182	2011.438335
arctic regions	-0.7081	-0.6239	1	137	364	2009.653333
arctic sea ice	0.2549	0.5021	3	652	5686	2013.34715
area	0.0476	0.0029	1	1291	32166	2008.578401
areal	0.0573	1.062	3	110	254	2008.079755
areal extent	0.8192	0.8249	3	127	322	2007.510417
argo	-0.8075	-0.3908	1	128	342	2013.322807
array	-0.5091	-0.0107	1	309	1084	2008.688032
art	0.68	0.4061	2	202	590	2011.464115
artifacts	0.5279	-0.4683	1	147	384	2008.355556
asia	0.9237	0.1349	2	791	9332	2010.858426
asian	0.93	0.1415	2	348	1576	2011.471582
asian monsoon	0.7153	-0.0216	2	141	386	2010.222892
aspect	-1.1985	0.4452	5	197	632	2009.986813
assembly	-0.2822	-1.1108	1	30	114	2010.574959
assessment	-0.1773	-0.4902	1	973	12258	2011.123547
assimilation	-0.5332	0.1893	3	683	6322	2009.247808
association	1.0352	-0.0369	2	595	4232	2009.179096
asymmetry	0.4079	0.6606	2	361	1592	2008.648336
atlantic	0.3826	0.4342	2	1288	44742	2008.590945
atlantic meridional overturning circulation	-0.8896	0.5578	5	365	1814	2014.527473
atlantic multidecadal oscillation	0.5773	-0.5792	4	463	2858	2014.897436
atlantic oscillation	0.854	0.3162	2	848	11462	2010.686288
atlantic water	-0.5951	1.1448	3	158	572	2009.77451
atm	-0.2637	0.8693	6	151	450	2011.819026
atmosphere	-0.0743	0.3994	3	1346	44592	2008.501913
atmospheric carbon dioxide	-0.6864	0.8791	3	164	494	2008.128205
atmospheric circulation	0.6981	0.3184	2	992	16248	2010.428462
atmospheric circulation patterns	0.5559	-0.3843	2	477	2422	2010.923567
atmospheric conditions	0.588	-0.2242	2	279	956	2010.137931
atmospheric general circulation model	1.1242	0.461	2	539	4276	2007.428082
atmospheric model	0.4935	0.0472	2	451	2660	2009.393443
atmospheric pressure	0.718	-0.588	2	111	270	2007.909091
atmospheric response	0.6658	1.051	2	522	4356	2010.796178
atmospheric temperature	-0.649	0.909	3	177	562	2008.816667
atmospheric variability	0.9749	0.7272	2	328	1536	2009.901554
attention	0.1047	0.138	2	605	4006	2010.284583
attribution	-0.7372	-0.2397	1	625	5354	2013.318937
austral spring	0.5228	-0.6229	4	132	352	2006.924282
austral winter	0.8582	-0.2467	4	119	284	2008.593434
australia	0.2817	-0.6223	1	364	1466	2008.106865
australian	0.3038	-0.9414	1	199	618	2008.113497
autocorrelation	0.6477	-0.6248	2	162	490	2009.173585
automated	0.0443	-0.7255	1	103	222	2010.614379
automatic weather stations	0.4143	-0.6877	4	81	232	2008.647727
autumn	0.6315	0.506	3	910	13682	2008.811221
availability	0.0109	-0.6648	1	455	1986	2009.56451
averaging	0.3257	-0.8321	4	158	448	2007.562814
awareness	-0.6996	0.1146	1	88	196	2012.302521
azores	0.8121	-0.738	2	133	368	2008.21547
background	0.5617	0.3615	2	559	3842	2009.681872
backscatter	-0.5045	-0.5477	1	89	194	2008.125292
baffin	0.5481	0.509	2	384	1918	2007.975111
baikal	1.5439	0.1636	2	146	446	2008.551181
balance	-0.3732	0.0651	4	824	7956	2009.168937
baltic	0.125	-0.4897	1	185	514	2007.775035
bands	0.019	0.2435	1	341	1284	2007.694277
barents	0.3301	0.6892	3	883	12622	2008.144333
barents sea	0.1839	0.9546	3	309	1414	2009.642325
baroclinic	0.6558	0.8497	2	504	3194	2007.866828
baroclinic instability	0.638	0.8182	2	212	724	2008.2
barotropic	0.667	0.865	2	422	2118	2007.533333
barrier	-0.4322	-0.3119	1	236	770	2008.988387
barrow	0.3803	-0.7511	1	149	398	2008.635721
baseline	-0.0273	-0.6541	1	399	1752	2011.063023
basin	0.4911	-0.0802	2	879	9010	2008.451393
bay	0.5437	0.0882	2	441	2474	2007.629364
bayesian	0.2775	-0.9024	1	219	656	2013.3809
beaufort	0.2868	0.5281	3	620	4964	2009.491785
bed	0.5393	1.4541	2	82	208	2008.925373
behavior	-0.453	0.2727	1	608	4122	2008.780232
behaviour	-0.7877	-0.0184	1	317	1214	2008.035198
belt	0.4817	0.649	2	324	1200	2007.364949
benchmark	-0.6919	0.0046	1	236	794	2012.336996
benefits	0.2448	-0.3064	1	462	2354	2011.531274
bering	0.2054	0.4586	3	550	3622	2008.596391
bering strait	-0.3936	0.5363	3	349	1638	2009.543269
bias	-0.3834	-0.0501	1	939	11202	2011.002385
biases	-0.4337	-0.092	1	966	14126	2011.934239
bifurcation	-0.733	0.478	1	134	398	2008.32948
biogeochemistry	-0.9638	-0.1256	1	156	484	2011.871515
biological productivity	-1.0237	-0.2815	1	125	280	2009.482673
biosphere	-0.8311	-0.289	1	142	340	2009.397647
blocking	0.9701	0.1662	2	704	7998	2012.348901
blue	-0.5363	-0.9579	1	56	134	2009.304158
body	0.0113	0.6218	2	167	464	2007.977291
bootstrap	-0.2932	-0.9407	4	118	324	2008.965116
border	-0.7767	1.0195	5	106	256	2007.5
boreal	0.4437	0.2436	4	459	2830	2009.748786
boreal forest	-0.635	-0.5465	1	99	232	2009.254495
boreal winter	0.7929	0.5727	2	378	1988	2012.490909
boundary	6e-04	0.0993	4	556	3090	2007.239183
boundary conditions	-0.4132	0.2351	3	448	2452	2007.871795
boundary layer	0.0089	0.7434	3	244	756	2006.497645
bounds	-0.83	-0.1003	1	167	470	2008.568627
breakdown	0.1974	0.8969	4	144	384	2007.162996
bridge	0.5438	-0.2667	2	225	686	2010.550201
brightness temperatures	-0.4263	-0.6995	1	162	512	2009.269231
broadband	-0.421	0.2981	1	183	602	2009.503198
budget	-0.5649	0.648	3	848	9494	2008.970525
building	-0.5865	0.4387	5	109	260	2010.464789
buildup	-0.4351	1.3531	4	107	264	2007.224066
buoy	-0.4612	-0.5821	1	260	936	2008.525424
buoyancy	-0.1147	0.8277	4	117	300	2008.601273
burning	-0.0959	-0.6115	4	117	284	2009.814558
calibration	-0.5922	-0.3456	1	268	988	2009.197434
california	0.2381	-0.4602	1	351	1392	2007.408635
campaign	-0.2978	0.4314	1	219	760	2008.901876
canada	0.2844	-0.6925	1	737	5704	2008.358354
canadian	0.1493	-0.0681	1	559	3308	2008.213722
capabilities	-0.6082	-0.3211	1	261	934	2010.500666
capacity	-0.6745	-0.3252	1	284	1012	2009.597315
cape	0.1181	0.5344	3	87	196	2007.560284
caps	0.5584	-0.8124	4	131	324	2008.309322
capture	0.331	-0.6436	1	127	316	2008.679206
carbon	-0.9169	-0.1943	1	715	6710	2009.564589
carbon cycle	-1.1481	-0.2406	1	297	1446	2011.26087
carbon dioxide	-0.8285	-0.5734	1	313	1324	2009.945455
carbon sequestration	-1.1864	-0.396	1	88	234	2012.722222
care	-0.1151	0.5833	6	203	588	2009.432935
caribbean	0.8257	-0.4508	1	111	258	2007.946488
case	0.0552	0.0295	1	1000	11662	2008.95177
catchment	-1.0012	-0.49	1	102	236	2010.694125
cause	0.0644	0.2087	3	637	4376	2008.342905
cells	-0.328	0.5138	6	471	2590	2008.211757
century	-0.1855	-0.2241	1	1226	29252	2010.371507
ch4	-0.8432	-0.2488	1	174	486	2009.020747
chain	0.9213	-0.2819	4	273	974	2008.08967
challenges	-0.3031	-0.4064	1	752	5510	2013.058999
chance	-0.6011	-0.8959	1	270	942	2008.606061
changes	-0.0779	-0.0451	1	1492	94448	2009.682502
channel	0.1679	-0.1496	1	159	368	2008.014353
characteristics	0.4303	-0.1351	2	951	11002	2008.736404
characterization	-0.6864	-0.4051	1	276	882	2010.633346
chemistry	-0.8709	-0.0601	1	334	1494	2007.680636
china	0.8571	-0.3121	2	585	4338	2011.999131
chukchi	0.0852	0.6975	3	457	2720	2011.003571
circulation	0.3674	0.3206	2	1395	59716	2008.948109
circulation changes	0.9335	-0.1819	2	331	1554	2010.368421
circulation model	-0.5923	0.286	6	262	996	2008.302789
circulation patterns	1.0623	-0.5026	4	353	1750	2009.422111
circumpolar	-0.8841	0.3758	5	230	784	2008.280533
citation	-0.1046	0.5301	2	551	3834	2010.604072
class	-0.3149	-0.6069	1	205	618	2008.629702
classification	0.6542	-0.4222	4	392	1880	2009.286924
climate	-0.2157	-0.0735	1	1529	109918	2010.804187
climate change	-0.0255	-0.2539	1	1109	19314	2011.726653
climate data	0.6309	-0.8117	3	126	390	2011.201149
climate dynamics	-0.6201	-0.0795	6	313	1078	2011.636364
climate indices	0.1692	-0.8064	1	346	1364	2013.842424
climate model simulations	-0.8815	-0.2347	5	499	2968	2013.512315
climate models	-0.558	0.2123	5	1202	28082	2011.501132
climate response	-1.0501	0.0592	6	401	2542	2011.084577
climate sensitivity	-1.165	0.1339	6	531	4712	2011.210117
climate simulations	-0.5322	-0.0764	1	401	1778	2010.19898
climate system	-0.502	0.4474	3	765	7308	2010.341853
climate variability	0.2278	0.062	5	944	12400	2011.231434
climate variations	-0.3469	0.0789	2	172	476	2010.072115
climate warming	-1.0255	-0.3601	6	87	214	2012.926087
climatic conditions	0.6316	-0.5482	1	259	806	2010.008439
climatology	0.2972	-0.292	1	912	9612	2008.664945
cloud	-0.6207	0.5585	3	953	14416	2007.587105
cloud properties	-0.3492	1.0025	4	95	234	2011.279221
cloudiness	-0.1304	0.6361	3	389	1836	2006.48368
cluster	0.8605	-0.419	4	410	2272	2009.267877
cluster analysis	0.7933	-0.6705	4	138	412	2008.422897
cmip5	-0.4718	-0.0355	6	1046	19868	2015.851097
co2	-0.9353	0.1345	1	903	14120	2009.235732
coal	-0.536	-0.8977	1	97	222	2008.261905
coast	0.4403	-0.1281	1	818	6938	2007.916968
coastal	-0.1335	-0.1379	1	227	650	2008.750196
coastal areas	0.3873	-0.2919	1	150	392	2008.556848
coastal erosion	-0.3982	-0.3586	1	240	840	2011.756757
coastal regions	-0.46	-0.1764	1	215	692	2008.885662
coastline	0.5433	-0.2923	1	352	1374	2009.082534
coefficients	0.0939	-0.2282	5	430	2076	2007.85666
coherent	0.4852	-0.3889	4	270	932	2008.626866
cold	0.6196	0.0691	2	808	8646	2009.295106
cold air	0.9464	0.4685	2	323	1426	2008.354839
cold events	0.8635	0.3272	2	365	1810	2010.406593
cold regions	-0.3765	-0.4291	1	191	534	2011.787565
cold season	0.4712	0.3936	2	441	2314	2011.497817
cold temperatures	1.109	0.5068	2	195	608	2009.007752
collaboration	-0.1179	-0.5217	1	168	426	2011.526627
collapse	0.28	0.3619	4	96	232	2009.31737
collection	-0.6153	-0.4752	1	147	420	2009.184687
columbia	0.2689	-0.8574	1	224	664	2008.284146
column	0.0424	0.8317	3	418	1894	2007.520529
comment	-0.7189	0.3524	1	68	148	2007.60303
community	-0.3182	0.0158	1	1035	15796	2010.388476
comparison	-0.0753	-0.1542	1	985	12166	2007.950757
compensation	-0.4364	0.7395	6	280	1188	2007.767361
competition	-0.356	-0.5463	1	121	306	2008.582677
compilation	-0.552	-0.835	1	92	212	2010.398754
complex	-0.8784	-0.3039	1	489	2556	2008.626599
composition	0.6645	-0.2107	2	445	2132	2008.609526
computer	0.1843	0.7564	3	129	338	2006.919266
concentrations	-0.3638	0.2534	3	1267	32568	2008.182298
concept	-0.1093	-0.439	1	263	776	2009.039852
concerns	-0.5861	-0.7033	1	231	736	2011.148773
condensation	0.5478	0.9452	4	223	770	2007.275806
condition	0.3198	-0.1207	2	550	3022	2008.989432
configuration	-0.3757	-0.0808	1	516	2792	2009.544
conflict	-0.4541	-0.7876	1	103	240	2010.018223
connectivity	1.3215	0.2543	2	110	256	2013.917665
consensus	-0.0956	-0.3215	6	342	1402	2011.2949
consequences	-0.4194	-0.5004	1	567	3032	2010.388946
conservation	-1.0733	0.2028	1	167	496	2011.195486
consistency	-0.2489	-0.1057	1	442	2114	2009.971397
constraints	-0.7766	0.3301	6	516	3288	2009.183622
construction	-0.5657	-0.7279	1	116	280	2009.416124
content	-0.3283	0.4946	5	712	6192	2008.566458
context	-0.2177	-0.2773	1	698	4596	2011.030192
continent	0.5193	0.1172	2	862	10132	2008.964696
continental	0.0203	-0.4976	4	227	690	2008.05522
contour	-0.3777	-0.602	1	116	278	2005.825095
contraction	0.1967	1.1627	6	98	236	2008.338174
contrast	0.0402	0.5641	2	989	12980	2008.536194
control	-0.2602	0.1723	5	842	8776	2009.125056
controversy	1.5118	0.0591	2	98	250	2008.57754
convection	-0.3924	0.447	5	628	4474	2007.398389
convergence	0.0035	0.7107	2	654	5210	2008.020145
conversion	0.5458	1.006	2	200	666	2007.330144
conveyor	0.6767	0.6967	2	131	352	2005.458333
cooling	0.0337	0.5145	2	890	10758	2008.320685
cooperation	-0.264	-0.6258	1	76	160	2010.990354
coordinates	-0.5673	0.2296	1	132	330	2008.750442
copyright	0.4767	-0.3248	1	352	1684	2007.992246
core	-0.1545	-0.1894	4	550	3102	2007.967995
correction	-0.553	-0.618	1	381	1792	2008.598508
correlation	0.2978	0.0241	5	1039	15076	2008.606178
correlation analysis	0.9501	-0.2166	2	228	682	2011.239796
correlation coefficient	-0.0807	-0.2678	1	321	1332	2010.154098
correspondence	-0.968	0.0319	5	182	528	2007.499487
corridor	0.2091	-0.4923	1	172	446	2010.096154
costs	-0.5843	-0.4943	1	300	1034	2009.673817
counts	0.4527	0.367	3	187	556	2008.352941
coupling	-0.4483	0.0308	6	1048	21232	2010.327135
covariance	0.1582	0.5667	3	320	1392	2010.7125
cover	-0.2648	0.2476	3	1182	26130	2009.332353
coverage	-0.5833	-0.0869	1	668	4776	2010.04391
criteria	-0.1732	-0.5904	1	253	702	2008.509297
criterion	-0.3006	-0.5752	1	210	564	2008.588571
crop	-0.372	-0.8414	1	143	340	2007.490323
crown	-1.0446	0.5239	3	105	280	2010.518438
cryosat-2	-0.8957	0.5285	3	115	372	2016.666667
cryosphere	-0.067	-0.7778	1	396	1810	2012.880689
current	-0.3718	0.4436	5	623	4270	2008.021581
current climate	0.1261	-0.6713	4	297	1174	2011.142045
cycle	-0.266	0.144	1	1098	17090	2009.115632
cyclogenesis	0.8914	0.4734	2	331	1478	2005.822581
cyclones	0.642	0.1842	2	901	11310	2009.363996
da	-0.7713	0.9155	3	117	300	2010.493103
damage	-0.0175	-0.8071	1	265	862	2009.428672
dark	-0.4426	0.1962	4	141	364	2007.577227
data	0.1775	-0.1003	1	1401	47172	2008.849817
data assimilation	-0.692	0.4657	3	334	1658	2011.91129
database	0.1326	-0.7501	1	332	1216	2011.009739
dataset	0.262	-0.3354	1	762	6318	2012.492063
date	0.1543	-0.2926	1	742	5800	2008.781013
davis strait	1.1704	0.8204	2	136	440	2008.421525
decadal	0.2108	0.1944	5	795	9228	2011.563199
decadal oscillation	0.5917	-0.5171	4	449	2608	2012.632979
decadal variability	0.1913	0.6411	5	434	2310	2011.142857
decay	-0.0888	0.5124	1	302	998	2007.653232
decline	0.0299	0.3673	3	958	14462	2009.893655
decomposition	0.6756	0.2342	2	457	2748	2009.869063
deep	-0.664	-0.37	1	207	592	2007.233692
deep convection	-0.7534	0.6314	5	244	844	2007.788462
deep ocean	-0.8733	0.3575	5	227	778	2009.605505
deficiency	0.7127	-0.8869	4	115	274	2007.231527
deficit	-0.9143	1.0735	5	142	398	2008.087049
definition	-0.2632	-0.274	1	384	1572	2008.873016
deformation	0.7751	0.7683	2	192	508	2007.663668
degradation	-0.1087	-0.8785	1	271	858	2011.065225
delay	-0.4339	0.5556	3	222	680	2008.579495
delta	-0.0499	0.3581	1	106	260	2007.83363
demand	-0.0258	-0.0276	1	173	474	2009.740876
density	0.1866	0.0306	5	519	2908	2008.013051
dependence	-0.3811	0.0821	1	787	7214	2007.840071
depletion	-0.3878	0.7908	4	238	788	2006.739015
deployment	-0.6821	0.1107	1	147	344	2010.371901
deposition	-0.5354	-0.5176	1	158	364	2008.224764
depth	-0.4432	0.1344	1	663	4780	2008.424673
description	-0.5026	-0.0583	1	425	2236	2008.463605
desert	-0.307	0.1735	1	160	438	2008.949606
design	-0.7169	-0.2025	1	445	2116	2010.581328
detail	-0.5901	0.2263	1	473	2314	2008.325282
detection	0.0146	-0.5309	1	569	3346	2009.603252
determination	0.6645	-0.3737	1	154	398	2007.484902
development	0.0135	-0.1361	1	911	8484	2008.720806
diagnosis	-0.137	0.2694	2	313	1074	2009.412781
diagnostics	0.4654	-0.0236	2	451	2204	2008.567084
difference	-0.1529	0.1581	1	803	7938	2008.353517
differentiation	-0.2074	-0.7413	1	110	248	2009.166072
dipole	0.9839	0.4438	2	570	4398	2011.0301
direct effect	-0.9891	0.3514	6	217	776	2009.810127
discharge	0.0856	-0.4114	1	309	1232	2009.968547
discontinuities	-0.9569	0.1462	1	143	360	2006.533808
discrepancies	-0.3247	-0.1323	1	547	3196	2008.348934
dispersal	0.8949	0.4137	2	227	764	2009.272755
displacement	0.4811	0.2905	2	344	1402	2008.077434
display	1.061	-0.6669	2	127	372	2007.770588
dissipation	0.1334	0.8909	2	94	212	2008.963289
distance	-0.149	0.061	1	227	692	2008.760466
distribution	0.066	-0.1761	1	1080	17310	2008.398254
disturbance	0.5641	0.6151	2	350	1290	2008.857587
diurnal cycle	0.2408	-0.4871	1	128	308	2007.8875
divergence	0.0124	0.7108	3	461	2242	2009.013309
diversity	0.487	-0.6874	6	260	1060	2010.578345
domains	0.337	-0.4097	1	323	1334	2009.822976
dome	0.3357	-0.0291	4	122	310	2008.285893
dominance	1.0771	-0.2872	2	212	648	2008.872257
doubling	-0.9007	0.6893	6	329	1846	2006.720126
doubt	-1.0419	0.098	4	125	348	2006.173684
downscaling	-0.1124	-0.8462	1	436	2516	2012.79878
downwelling	-0.4567	0.8747	3	152	446	2008.992278
drift	-0.4413	0.7734	3	580	4092	2007.53137
drivers	0.1023	-0.5853	1	657	4986	2015.214206
drought	0.337	-0.7589	1	487	2888	2011.447977
drying	-0.6381	-0.789	1	266	890	2010.299595
duration	0.1872	-0.3687	1	717	5080	2008.532595
dust	-0.1972	-0.1593	6	252	722	2009.168189
dynamics	0.1193	0.4119	2	936	12326	2010.313072
early spring	0.2001	0.4346	1	204	660	2006.976027
earth	-0.7815	-0.0658	1	1123	21298	2010.179198
east	0.8371	0.147	2	951	13306	2008.607533
eastern	0.9999	0.3115	2	418	2028	2008.869757
ecmwf	0.5321	0.0749	2	661	5106	2008.705179
ecology	-0.2124	-0.7318	1	142	356	2009.579615
economy	-0.3332	-1.1483	1	148	374	2011.137536
ecosystem	-0.4037	-0.3982	1	539	2758	2011.299513
eddies	0.4288	1.024	2	593	4780	2008.668786
eemian	-0.7511	0.2346	6	86	190	2007.367847
effects	-0.1723	0.1922	6	1255	30790	2008.834618
efficacy	-0.0476	-1.1478	1	107	236	2011.532915
efficiency	-0.6717	0.5604	5	328	1390	2009.198697
effort	-0.6276	-0.051	1	344	1244	2009.28
ekman	-0.2122	1.4117	3	141	442	2008.984483
el nino	0.1966	-0.618	1	519	2854	2009.823227
el nino-southern oscillation	0.5555	-0.0686	4	510	3176	2011.67313
elements	-0.4895	-0.388	1	304	1024	2008.706361
elevation	-0.0203	-0.5614	1	301	992	2009.824954
emergence	-0.778	-0.5337	1	285	1126	2009.419162
emissions	-0.7117	-0.3935	1	956	12868	2009.691385
empirical	0.7128	0.356	2	245	772	2009.435484
empirical orthogonal function	1.0806	0.0239	2	257	1068	2010.773913
energetics	0.2152	1.3308	2	101	238	2006.744444
energy	-0.4012	0.5935	3	1057	18468	2008.723489
energy balance	-0.6403	0.0636	1	286	1018	2008.914956
energy budget	-0.3959	0.9789	3	263	1208	2009.877193
engineering	-0.7607	-0.4153	1	177	474	2011.966811
enhanced	0.2099	0.4999	6	428	1866	2009.105949
ensemble	-0.4975	-0.1798	5	1097	22244	2012.843972
enso	0.4876	-0.2645	4	600	4306	2010.797727
entrainment	0.3254	0.8785	2	126	286	2006.92671
envelope	-0.1777	0.8387	2	100	220	2008.929752
environment	0.0445	-0.1431	1	711	4724	2009.620856
environmental	0.0195	-0.1032	4	522	3146	2009.652452
environmental conditions	0.1953	-0.6743	1	104	254	2011.073304
environmental prediction	-0.3955	-0.2132	4	343	1428	2007.35
eocene	-0.1559	0.6116	2	123	288	2008.505701
eof	1.0589	0.3445	2	285	1382	2009.340659
episode	0.1846	0.1951	4	193	644	2007.181633
equator	-0.3446	0.3037	2	377	1678	2006.840217
equilibrium	-1.1056	0.1533	6	537	4112	2007.331412
era-40	0.5429	-0.2189	4	459	2728	2009.710145
era-interim	0.4315	0.1113	3	893	10868	2015.76381
erosion	-0.2252	-0.3773	1	309	1254	2008.588984
error	-0.3417	-0.0206	1	862	9346	2009.089766
eruption	-0.7616	0.0837	4	227	802	2008.698131
establishment	-0.0412	-0.351	1	178	476	2009.077273
estimate	-0.6131	-0.2223	1	722	5908	2009.037943
eurasia	1.0498	0.1261	2	812	11420	2010.129179
europe	0.6781	-0.1084	2	951	13856	2009.264767
european	0.2735	-0.1831	2	737	5898	2008.535922
evaluation	-0.5226	-0.3611	1	847	8680	2010.494567
evaporation	-0.4757	0.4412	3	572	3924	2007.500434
evapotranspiration	0.1415	-0.7961	1	287	1014	2010.7866
events	0.6083	-0.1441	2	1235	28418	2008.940003
evolution	-0.0758	0.1456	4	930	10040	2009.317419
excess	0.0145	0.4836	3	271	790	2006.587452
exchange	-0.3563	0.2514	3	428	2114	2008.103913
excitation	0.2002	1.3543	5	125	294	2006.65122
excursions	-0.0481	-0.2935	4	94	232	2008.684531
expansion	-0.2766	-0.0707	1	542	2888	2010.313347
expectations	-0.0036	-0.4212	1	174	466	2009.868534
expedition	-0.0044	0.1561	1	207	690	2008.265986
experiments	-0.3248	0.4235	5	1202	31710	2008.056984
experts	-0.4797	-0.6852	1	130	298	2012.340659
explanation	-0.0303	0.3177	2	492	2464	2007.120259
exploitation	-0.3735	-0.3018	1	184	486	2009.632911
exploration	-0.4745	-0.7154	1	177	476	2009.280242
export	-0.3794	1.2256	3	283	1180	2009.527633
exposure	0.5251	-0.7937	1	136	390	2009.120837
expression	0.2274	0.4506	2	195	564	2010.221853
extension	0.0966	0.546	2	488	2500	2007.564542
extent	-0.0805	0.2608	3	1209	27676	2009.292904
extraction	-0.3594	-0.7355	1	81	178	2009.332489
extrapolation	-0.9099	-0.2636	1	125	342	2007.606469
extratropics	0.2369	0.7728	5	439	2580	2009.921769
extreme	0.6704	-0.4099	2	1038	18634	2011.052923
extreme events	0.4312	-0.5683	1	696	5908	2013.275093
failure	-0.5876	-0.7808	1	289	910	2009.185744
fall	0.271	0.2627	3	609	4366	2008.13205
family	0.7699	-0.2189	2	203	778	2008.985487
fast	-0.9101	0.408	6	208	698	2008.162581
feasibility	-0.4697	-0.637	1	172	440	2009.413978
features	0.3552	0.0422	2	921	10570	2008.398624
feedback	-0.6498	0.5097	3	1144	27194	2010.893652
fidelity	-0.5068	0.3853	5	322	1280	2009.813596
field	0.0994	0.0445	1	1076	16032	2008.149599
filter	-0.2144	0.2825	3	281	1076	2008.739821
fingerprints	-0.024	0.4332	1	301	1258	2010.9046
finland	0.6347	-0.6879	1	155	450	2007.913074
fire	0.0286	-1.0253	1	189	576	2009.826617
fit	-0.0908	-0.8459	1	88	196	2009.546259
fjord	0.4912	0.1623	1	148	430	2010.034467
flight	-0.1909	0.3684	1	151	368	2007.375
floats	-0.7978	-0.3535	1	133	358	2010.247475
flood	0.2329	-0.7606	1	553	3334	2008.873819
flow	0.7485	0.0571	2	878	9812	2008.227829
fluctuations	0.3653	0.0367	4	567	3738	2007.651355
fluid	-0.7193	-0.1296	5	299	1250	2008.294565
flux	-0.0351	0.8403	3	1106	23518	2008.597609
focus	0.2373	-0.1356	1	701	5194	2011.577425
focusing	0.681	0.1781	6	201	638	2010.075556
food	-0.3334	-0.8454	1	195	524	2008.346694
footprint	-0.1126	-0.3942	1	242	712	2010.881764
forcing	-0.543	0.3064	6	1244	34942	2009.576195
forecasts	-0.0785	-0.0309	1	1134	21194	2011.270248
forest	-0.3617	-0.8359	1	229	712	2009.036828
formation	0.2318	0.5702	2	681	5542	2008.321264
fossil	-0.5836	-0.8695	1	83	206	2008.55551
foundation	-0.3716	-0.4676	1	205	554	2010.923077
fourier	0.7557	-0.5207	1	65	152	2008.68
fraction	-0.4167	0.2848	1	723	5828	2008.456562
fram strait	-0.3344	1.0077	3	354	1636	2008.775306
frame	0.0185	0.2912	3	155	418	2009.852989
framework	-0.3954	-0.0819	1	765	6116	2011.28923
france	0.4014	-0.8425	1	172	450	2008.0625
franz josef land	-0.5108	1.2114	3	157	450	2006.502857
free troposphere	0.0779	1.277	3	130	316	2007.071749
freeze-up	-0.2494	0.4679	3	207	706	2009.512195
freezing	-0.2366	0.3314	3	403	1898	2008.624187
frequency	0.6973	-0.2847	2	1098	21002	2008.248973
freshening	-0.7496	0.4042	3	175	524	2009.964444
freshwater	-0.417	0.006	5	450	2256	2009.714453
freshwater flux	-0.7919	1.3343	5	116	320	2009.04375
front	0.4668	0.5778	2	348	1404	2007.825421
frontal	1.2039	0.3281	2	198	654	2005.919765
frost	-0.0629	-0.9204	1	184	510	2008.151163
fuel	-0.4728	-0.8425	1	113	286	2009.266599
function	0.2287	-0.0582	2	682	5188	2008.530959
future	-0.1853	-0.5237	1	1033	15554	2011.886201
future climate	-0.492	-0.5583	1	635	4416	2012.298684
future research	-0.353	-0.1183	1	195	558	2011.822917
gap	-0.4299	-0.3297	1	325	1136	2011.364048
gas	-0.7369	-0.0828	1	819	9188	2008.945001
gases	-0.668	0.0914	1	718	6762	2008.364299
gateway	-0.1702	0.5372	3	133	334	2011.955947
gauge	0.4276	-0.8672	1	164	454	2009.200717
gaussian	1.0627	0.267	2	126	344	2010.20625
gcm	0.1851	-0.4148	1	811	8664	2006.636275
general circulation	0.6991	-0.5956	4	157	416	2004.754839
general circulation model	-0.2993	0.1557	6	651	5576	2008.289072
generation	-0.4273	-0.4429	1	713	6192	2009.018917
genesis	1.0506	0.0961	2	205	598	2008.06422
geographic location	-0.1274	1.1629	6	234	868	2010.843575
geographical distribution	-0.2894	-0.9801	1	150	376	2008.29589
geophysical	-0.3376	-0.7838	1	379	1768	2008.193421
geopotential height	0.9174	-0.4504	2	362	1672	2008.960396
gis	-0.1547	-0.6732	1	110	266	2010.110721
glacial	-0.7716	-0.5191	6	189	562	2009.051526
glacial maximum	-0.8188	-0.5746	6	189	584	2010.369629
glacier	0.3144	-0.7651	4	217	638	2009.876697
global	-0.44	0.0038	1	889	10524	2010.049364
global carbon cycle	-1.2427	-0.2291	1	112	320	2011.111111
global change	-0.0221	-0.8983	1	147	336	2008.177778
global climate	-0.4656	-0.2454	1	688	4462	2010.399116
global climate models	-0.1396	-0.4812	1	861	9800	2011.371941
global model	0.4375	-0.5631	1	142	356	2009.1875
global ocean	-0.9311	-0.024	5	168	496	2011.23741
global scale	0.0484	-0.8155	1	291	1096	2010.563923
global temperature	-0.9788	0.0258	6	411	2104	2011.383648
global warming	-0.7033	-0.1349	1	492	2928	2011.050467
globe	0.2476	0.1503	5	587	3838	2010.753165
gm	-0.6522	1.2009	3	76	244	2009.95092
government	-0.3717	-0.5713	1	289	894	2012.723951
gradient	0.3316	0.6292	2	836	10518	2008.605746
gravity	-0.4184	-0.2694	1	87	190	2008.659201
greenhouse	-0.6938	-0.024	1	1016	15988	2010.141546
greenhouse gas	-0.583	0.4754	6	522	3542	2011.881188
greenhouse gas concentrations	-0.868	0.4852	5	354	1830	2011.185897
greenhouse gas emissions	-0.5846	-0.807	1	235	888	2013.902597
greenhouse gases	-0.7148	0.1487	4	667	5988	2010.01027
greenland	0.6149	0.0198	4	958	13618	2008.04131
greenland ice sheet	0.3756	-0.7857	4	219	704	2012.734975
grid	-0.2572	-0.6486	1	466	2466	2008.514164
gris	0.7257	-0.813	4	149	466	2015.252525
group	-0.1308	0.0104	1	427	1812	2007.95978
growth	0.1697	0.5319	2	671	5252	2007.964687
growth rate	0.8333	1.2601	2	154	492	2006.557837
guinea	-0.7683	-0.2019	1	98	264	2006.594203
gyres	-1.0761	0.2721	5	129	334	2007.670623
hadcm3	-0.5347	-0.227	5	252	954	2009.640523
hand	0.0574	0.5977	5	590	4000	2008.390663
hazard	0.2517	-0.63	1	299	1044	2012.14876
health	0.4983	-0.6175	1	169	480	2011.42961
heat	-0.2238	0.7097	3	1272	39518	2008.894185
heat content	-0.7085	0.7148	5	228	776	2011.271523
heat flux	0.003	0.9885	3	422	2186	2008.44591
heat loss	0.7299	-0.9547	5	88	224	2007.910448
heat transport	-0.765	0.9853	3	398	2330	2010.233533
height	0.8789	-0.0472	2	778	7860	2008.844619
hemisphere	0.5097	0.3838	2	1117	25160	2009.014397
heterogeneity	-0.6149	-0.7552	1	153	422	2010.395911
hiatus	0.1026	0.0261	5	505	3402	2010.078616
hierarchy	0.1742	0.5303	2	289	1152	2008.192727
high latitudes	0.2481	0.3441	2	902	11328	2008.289567
high northern latitudes	-0.4805	0.2007	4	458	2336	2009.318267
high spatial resolution	-0.6347	0.1897	1	96	216	2011.610092
high temperatures	0.9641	-0.7347	2	116	274	2007.834793
high-frequency	0.5066	-0.3114	2	292	948	2009.040142
high-latitude regions	0.6549	-0.1922	4	167	534	2011.291209
high-pressure	0.843	0.1262	2	434	2420	2009.278161
high-resolution	-0.1383	-0.4923	1	714	5644	2010.248214
hindcast	-2e-04	0.1596	3	421	2294	2013.123894
historical	-0.2958	-0.8298	1	401	1902	2009.214912
historical data	0.6704	-0.1661	4	125	328	2008.783019
history	-0.5686	-0.1073	1	223	592	2008.523128
hole	-0.5097	1.0459	5	201	592	2006.361279
holocene	-0.3696	-0.0792	4	270	966	2008.578947
home	-0.1178	-1.0301	1	100	266	2010.166259
homogeneity	0.3824	-0.7008	1	150	382	2007.956912
horizon	0.7543	-0.2254	1	123	288	2008.766626
horizontal resolution	-0.1262	0.0805	2	374	1770	2008.945455
hotspot	0.2505	-0.2071	1	211	658	2011.734551
hpa	0.7835	0.0583	2	710	6654	2008.380522
hudson	-0.1372	-0.4497	1	248	796	2006.643807
human activities	-0.6447	-0.4847	1	305	1322	2011.12845
human health	0.6096	-0.4289	1	76	182	2011.985507
humans	-0.2796	-0.2458	1	241	686	2010.156837
humidity	-0.2514	0.4811	3	649	4948	2009.347264
hydrography	-0.8301	0.8194	3	141	400	2008.160574
hydrological cycle	-0.6103	0.4028	6	391	1990	2010.619048
hydrology	-0.0156	-0.79	1	374	1394	2010.90501
hypotheses	-0.4166	-0.6269	1	313	1176	2009.144207
hypothesis	0.0291	0.6497	5	450	2464	2008.194871
hysteresis	-0.6905	0.5961	1	162	544	2008.317895
iberian peninsula	0.7749	-0.522	1	147	384	2010.893082
ice	-0.1632	0.3717	3	1469	87690	2008.860178
ice age	-0.5482	-0.037	4	182	542	2008.966337
ice cap	0.6099	-0.7976	4	92	220	2008.576882
ice concentration	-0.3888	0.3646	3	395	1900	2009.527778
ice conditions	-0.5391	0.8414	3	186	610	2010.267606
ice core records	0.0754	-0.3544	4	82	190	2009.469965
ice cores	-0.0655	-0.2394	4	183	586	2007.335439
ice coverage	-0.6394	-0.9337	6	79	194	2009.394737
ice drift	0.1478	1.291	3	135	366	2008.175439
ice edge	-0.2441	0.561	3	247	856	2006.195122
ice extent	-0.2748	0.6375	3	414	2422	2009.219219
ice growth	-0.7809	1.1077	3	107	314	2008.737892
ice loss	0.688	0.9937	2	567	5168	2014.487889
ice retreat	0.6843	0.6645	3	230	826	2010.171103
ice sheet	-0.0696	-0.3318	4	444	2290	2008.394118
ice surface	0.0395	0.2129	4	135	370	2007.998565
ice thickness	-0.5484	0.7953	3	351	1722	2009.211783
ice volume	-0.3239	1.0421	3	179	544	2008.747554
icebreaker	0.1588	0.711	4	115	300	2009.67623
iceland	0.593	-0.0346	4	363	1660	2008.214375
identification	0.5258	-0.2522	1	548	2862	2009.939059
imagery	0.612	0.1151	3	181	482	2010.027404
images	-0.2976	0.1832	1	195	584	2009.851773
imbalance	-0.9306	0.5998	5	282	1132	2009.882784
impact	0.1161	-0.0018	1	1364	41982	2011.1545
implementation	-0.8203	-0.311	1	336	1186	2012.128733
implications	-0.01	-0.0186	1	869	8702	2008.957655
import	-1.0925	0.8205	5	140	396	2007.835366
improvement	-0.5308	0.0355	5	767	8118	2010.609009
incidence	0.4845	-0.6296	1	117	338	2007.699477
inclusion	-0.2253	-0.0471	1	471	2178	2008.715721
increment	0.8101	0.5028	2	137	354	2008.184071
independence	0.2249	0.8751	5	141	372	2008.945545
index	0.6905	-0.3261	2	857	9670	2009.733438
india	0.523	0.1556	2	159	442	2008.826418
indian ocean	-0.3805	0.9898	5	304	1440	2008.166667
indices	0.2363	-0.4392	1	932	9256	2009.479934
individuals	0.4552	-0.1649	2	200	612	2008.750418
industry	-0.4614	-0.6364	1	220	690	2011.629501
inertia	-0.6245	-0.678	1	196	570	2008.902439
inflow	-0.3791	0.5107	3	299	1302	2008.946292
influence	0.3609	0.2613	2	1106	20830	2009.717142
information	-0.1826	-0.3386	1	859	7774	2009.67229
infrared	-0.4749	1.0179	3	228	942	2010.505226
infrastructure	-0.3449	-0.6625	1	372	1390	2013.719864
initial conditions	-0.5324	0.775	5	454	3252	2009.632653
initiation	-0.4878	0.3052	5	567	4614	2008.403696
inland	0.5939	-0.6614	1	313	1128	2008.910801
insight	-0.4293	0.0723	5	410	1608	2011.173112
insolation	-0.7457	0.4956	3	341	1654	2009.002281
instability	0.3156	0.415	2	371	1532	2008.089958
instrument	-0.4615	-0.3196	1	338	1300	2008.390639
integration	-0.2011	0.3388	5	491	2448	2009.403182
intensification	0.6259	0.1616	2	651	4578	2009.809342
intensity	0.7027	-0.0327	2	852	9774	2008.970237
inter-annual variability	0.6621	-0.4778	1	294	1052	2011.49187
interactions	-0.0258	0.3512	1	863	8748	2009.581424
interannual	0.8408	0.503	2	436	2248	2007.764706
interannual variability	0.4294	0.2619	2	830	8456	2009.34307
interannual variations	0.7998	-0.0177	2	360	1670	2009.136035
intercomparison	-0.5567	-0.2664	5	1059	19300	2012.078383
interface	-0.3324	-0.6187	1	168	456	2008.784137
interference	0.3295	-0.2137	1	190	586	2008.262806
interior	0.2362	-0.2727	4	357	1410	2008.54476
internal variability	-0.1302	0.5187	5	715	7848	2012.705263
international	-0.2494	-0.7707	1	283	954	2009.154964
interpolation	-0.6576	0.2399	1	262	958	2009.545906
interpretation	0.0339	0.2409	4	427	1914	2007.927664
intertropical	-0.2118	0.2579	1	175	514	2010.333333
introduction	0.2973	-0.6236	1	223	638	2009.308432
intrusion	0.6222	1.0388	2	303	1248	2007.462904
invasion	1.2173	0.7956	2	156	474	2010.464396
inversion	-0.1274	0.7547	3	400	2026	2008.510833
ipcc	-0.622	-0.1487	1	607	4216	2010.65261
ir	0.7691	1.0794	2	269	1474	2007.455919
irradiance	-0.5385	-0.2191	1	286	1094	2007.128945
isentropic	0.058	1.0374	2	126	332	2004.492126
island	0.3872	-0.2731	1	391	1662	2007.713057
isolation	-1.0091	1.0002	3	166	530	2008.812901
isotope	-0.6261	-0.0065	6	163	424	2009.3991
itcz	-0.751	0.2679	1	286	1122	2009.342593
japan	0.6813	0.2788	2	329	1388	2008.775189
jet	0.8647	0.2658	2	892	12482	2009.493425
jet stream	1.095	0.3528	2	484	3324	2011.126316
kara	0.6233	0.6478	2	585	5102	2008.534553
key	-0.7528	0.1575	5	411	1998	2010.680262
knowledge	-0.607	0.0206	5	521	2908	2011.311559
korea	0.3845	-0.5316	1	160	442	2012.740659
kuroshio	0.7827	0.7823	2	150	438	2009.819005
laboratory	-0.4089	-0.3417	1	372	1620	2007.465259
labrador	0.4678	0.497	2	490	2978	2007.444614
lag	0.2479	-0.0876	2	364	1578	2008.722821
lagrangian	0.7064	0.6291	2	343	1444	2009.527778
lake	0.9864	-0.3679	2	290	1122	2008.594336
land	-0.3544	-0.239	1	1137	19378	2009.148895
land surface	-0.1241	-0.8151	1	330	1292	2010.371841
landscape	-0.4032	-0.2964	1	135	302	2011.306963
language	0.2267	0.5954	2	710	6408	2016.599415
lapland	0.6008	-0.6102	1	125	332	2006.404494
large	-0.2577	0.7133	3	544	3848	2008.616924
large-scale	0.8066	-0.0344	2	502	2594	2008.937922
large-scale circulation	0.8645	0.0264	2	397	1986	2009.435644
late spring	0.1906	0.9544	2	263	900	2008.015666
late summer	0.1195	0.3156	3	419	1924	2008.352034
latent	-0.0591	1.0228	3	536	3658	2008.406082
latent heat	-0.0966	0.7176	3	258	944	2008.125475
latent heat flux	-0.6237	0.7322	3	169	484	2007.890244
latitude	0.2039	0.1367	2	774	6360	2007.895631
law	-0.1517	-0.3923	1	134	338	2008.30754
layer	-0.3752	0.5237	3	840	7792	2008.050692
lead	-0.1587	0.4467	5	714	5604	2008.141769
learning	0.4475	-0.7504	1	99	234	2013.029851
legacy	-0.5801	-0.6224	1	109	262	2013.072351
lena	0.9562	-0.3969	2	205	698	2009.526316
length	0.0807	-0.5453	1	517	2806	2007.902115
lens	0.3525	0.707	6	106	246	2010.342995
levels	-0.1988	-0.4706	1	814	8028	2008.087057
lgm	-0.8754	-0.5185	6	182	564	2009.82967
life	0.6753	0.1173	2	352	1488	2009.496831
life cycle	0.8261	0.3466	2	283	1050	2008.297638
lifetime	0.5798	0.4698	2	264	800	2008.148837
light	4e-04	-0.1472	1	289	980	2008.497181
likelihood	-0.2273	-0.6858	1	391	2004	2010.108475
limit	-0.4852	-0.4567	1	663	4582	2008.405998
line	-0.5101	0.2307	3	471	2212	2008.353935
linear regression	0.4327	-0.7187	2	158	422	2010.284264
linkage	1.0438	0.3548	2	508	3818	2010.40874
links	0.7848	-0.0069	2	533	3134	2010.597109
list	-0.85	-0.5004	1	174	510	2010.001938
literature	-0.246	-0.4275	1	496	2430	2009.415346
little ice age	-0.52	0.078	4	148	434	2009.720812
loading	-0.3964	-0.762	1	168	426	2008.487434
local scale	-0.2256	-1.0192	1	226	744	2010.141667
locality	-0.9756	1.0541	3	127	328	2008.559969
location	0.4333	0.057	2	710	5336	2008.984732
long-term	0.4281	0.2816	3	271	946	2009.940375
long-term changes	0.5947	0.4445	2	319	1302	2010.047945
long-term trends	0.7955	-0.0542	2	462	2548	2010.221667
longitude	1.0035	-0.128	2	193	568	2007.1875
longwave	-0.5359	0.8075	3	598	5050	2009.39418
longwave radiation	-0.294	0.779	3	447	2412	2010.547368
loop	0.42	1.6955	3	130	338	2008.11138
loss	0.0644	0.51	3	1122	24648	2009.572836
low latitudes	-0.2874	0.6262	6	457	2534	2007.629032
low temperatures	1.0742	0.3046	2	261	974	2008.069861
mackenzie	0.1146	-0.8681	1	175	502	2007.76972
magnitude	-0.1626	-0.0816	3	1095	17804	2008.764211
mainland	-0.0513	-0.577	1	132	302	2008.191358
maintenance	0.5134	0.9412	2	218	714	2008.36166
management	-0.2121	-0.5875	1	434	1688	2011.487395
mapping	0.2792	-0.5687	1	743	6584	2009.334683
margin	-0.0445	0.1742	1	310	1096	2007.943292
marginal ice zone	-0.3054	0.8361	3	283	1124	2007.277674
marginal seas	0.4673	0.4919	2	323	1416	2009.918367
marine	-0.4859	-0.3142	1	427	1894	2009.464672
marine ecosystems	-0.7196	-0.0849	1	233	708	2011.751724
marine environment	0.2154	0.3663	1	103	232	2010.273619
maritime	-0.1859	-0.1799	1	360	1438	2009.976892
markov	0.6479	-0.6021	4	156	476	2011.717105
mass	0.2051	0.0815	4	843	7710	2008.546102
mass balance	0.8484	-0.7775	4	135	372	2009.052377
mass loss	0.6896	-0.7887	4	94	254	2012.661626
match	-0.8319	-0.1391	5	177	486	2009.540171
mature	-1.1192	0.3326	5	94	230	2007.037963
maximum	0.1817	-0.4197	1	817	7696	2008.02311
mb	0.8485	0.0641	2	106	244	2006.662791
mean	-0.0761	0.0842	1	1255	28350	2008.418412
measurements	-0.1877	-0.1299	1	839	7048	2008.052338
mechanisms	0.3097	0.5826	2	1089	21156	2009.236736
media	-0.836	-0.0456	1	128	330	2009.719376
medieval	-0.2404	-0.1472	4	119	326	2010.704545
mediterranean	0.499	-0.3798	1	480	2842	2008.764778
melt	0.0021	0.3474	3	918	12136	2009.845955
meltwater	0.083	-0.731	4	145	384	2009.245847
memory	0.0834	0.2562	3	445	2366	2009.85
meridional overturning circulation	-1.196	0.0304	4	136	430	2013.450262
mesoscale	0.6138	-0.7457	1	159	420	2008.07772
meteorological	0.28	-0.339	1	738	5758	2007.852068
meteorological conditions	0.8308	-0.2297	1	161	414	2009.163205
meteorological stations	0.6025	-0.6315	1	279	1252	2012.078431
methane	-0.7136	-0.6299	1	206	680	2010.061798
method	-0.1386	-0.21	1	1105	18738	2009.830294
methodology	-0.1989	-0.0224	5	465	2456	2011.295783
metrics	-0.4992	-0.3843	1	665	5026	2014.812392
mexico	0.9507	-0.488	1	167	478	2007.779184
microwave	-0.1887	-0.3552	1	381	1702	2008.54041
mid-1990s	1.0782	-0.0751	2	203	668	2010.862559
mid-holocene	-1.0496	-0.2758	6	184	656	2010.212276
mid-latitudes	0.7103	0.0941	2	670	6052	2008.556745
middle latitudes	0.6502	0.5878	2	243	916	2005.857651
midlatitude	0.7402	0.5204	2	916	15212	2008.515404
migration	-0.2264	-0.2893	1	327	1196	2008.7381
millennium	-0.5694	-0.2769	4	214	650	2010.497959
minimum	0.3409	-0.0544	3	682	5154	2007.387903
mismatch	-0.5678	0.8259	5	96	204	2011.443769
mission	-0.3888	0.2765	1	173	442	2010.545273
mitigation	-0.859	-0.5792	1	485	3040	2013.45799
mixing	-0.4061	0.5763	3	339	1302	2008.011628
mobility	0.8913	0.7146	3	122	300	2009.179399
moc	-0.7286	1.0796	5	172	540	2009.953271
mode	0.7272	0.1784	2	875	11564	2009.290859
model	-0.2842	0.0933	5	1511	108868	2009.337703
model performance	-0.5318	-0.6683	1	319	1422	2012.341463
model simulations	-0.2468	0.2032	4	654	5402	2010.372611
modeling	-0.3306	-0.3309	1	917	10416	2009.934739
modern	0.0838	0.0275	3	181	506	2009.175637
modification	-0.4791	0.5293	3	268	928	2007.905808
modis	-0.2404	-0.225	1	239	778	2013.329356
modulation	0.8037	-0.0412	2	491	2654	2009.930686
moisture	0.5097	0.2111	2	1001	15508	2009.760344
moisture content	0.3131	-0.1072	1	125	296	2009.142857
moisture transport	0.777	0.3574	2	521	3282	2011.156863
moment	0.0707	-0.078	1	240	688	2008.200787
momentum	0.0581	0.5366	3	308	1232	2008
mongolia	1.2395	-0.0414	2	160	506	2011.197183
monitoring	-0.1135	-0.5746	1	396	1540	2010.807096
monsoon	0.5181	0.0146	2	544	3724	2010.687995
monte carlo	0.5704	-0.7451	4	166	540	2009.492891
moorings	-0.2719	-0.1391	1	96	224	2010.383104
mortality	0.718	-0.3655	2	98	220	2007.827718
motion	0.5296	0.5697	2	382	1650	2007.241081
motivation	-0.9858	-0.0954	5	129	364	2011.484848
mountains	0.7504	-0.41	2	512	2742	2008.872376
movement	0.7511	0.4428	2	287	1198	2008.271565
mt	0.1204	-0.7352	1	76	164	2007.98715
multimodel	0.3978	-0.431	5	509	3800	2013.652174
multivariate	0.389	-0.5404	1	307	1170	2009.5132
na	0.4686	0.3905	2	212	660	2007.315166
nam	1.2036	0.1296	2	183	562	2009.926941
nao	0.8817	-0.0313	2	763	8368	2010.32948
nasa	-0.152	-0.1185	1	431	1838	2008.399776
national	-0.3376	-0.4126	1	698	6212	2008.772338
natural variability	-0.0612	-0.1125	1	623	4372	2010.189526
nature	-0.2716	-0.1706	1	636	3984	2008.656757
navigation	-0.2351	-0.6674	1	254	988	2012.838636
ncar	-0.9434	0.4335	3	428	2286	2006.113402
ncep	0.3211	0.0267	3	475	2624	2009.064426
ncep-ncar	0.5795	0.0953	2	333	1286	2007.715847
near-surface	0.2512	0.5617	3	455	2240	2010.043197
nearshore	-0.8298	-0.3535	1	94	218	2008.201923
negative correlation	0.7109	-0.2953	2	158	444	2009.317808
negative feedback	-0.6435	0.7879	3	296	1220	2009.88961
nests	-0.5968	-1.1082	1	100	236	2007.605233
net	-0.2494	0.9137	3	253	880	2007.445437
network	-0.0597	-0.4457	1	592	3206	2010.903467
nevada	0.0937	-0.9439	1	123	284	2007.254386
new data	-0.0651	-0.7894	1	80	198	2009.342942
newfoundland	0.8775	-0.2062	2	150	394	2006.768116
nitrogen	-1.1662	-0.204	1	97	252	2008.545217
noaa	-0.541	-0.3744	1	308	1154	2007.517241
noise	0.1522	-0.1055	1	322	1338	2009.477697
nonlinear	0.2434	0.1316	1	392	1766	2009.752443
nordic	-0.2738	0.9477	3	452	2440	2009.580058
nordic seas	-0.2759	0.9688	3	367	1632	2010.055728
north	0.5311	0.1396	2	1384	52286	2008.467015
north america	0.9403	-0.4577	2	310	1266	2011.308108
north atlantic	0.5405	0.1442	4	198	610	2005.722841
north atlantic oscillation	0.7912	0.3666	2	413	2342	2011.363296
north pacific	0.0429	0.2641	1	106	244	2010.377551
north pacific ocean	1.0319	-0.1614	2	158	430	2008.38404
northern	0.5036	0.0671	2	1177	27812	2008.895353
northern hemisphere	0.7915	0.0985	4	345	1476	2006.369048
northern latitudes	-0.121	-0.7757	1	78	168	2010.133929
northwest	0.1823	-0.3971	1	403	1934	2007.741751
northwestern	1.1396	0.8984	2	105	256	2007.018809
norway	0.7325	-0.4956	1	274	958	2008.07857
norwegian	0.5001	0.1969	1	429	2234	2006.948859
novaya	-0.7239	0.8703	3	138	442	2008
novaya zemlya	-0.7247	0.8692	3	138	442	2007.833828
novel	-0.6449	-0.1085	1	245	792	2011.739247
numerical	0.5275	0.7967	6	278	1090	2008.275796
numerical experiments	0.3747	0.2215	5	380	1798	2008.379421
numerical model	0.3506	0.2881	2	208	568	2009.402024
numerical simulations	-0.0328	0.2495	4	267	894	2010.703281
ny-alesund	0.6584	0.3028	1	163	488	2008.436073
ob	1.0192	-0.2573	2	87	238	2007.588415
objective	0.1262	-0.4371	1	392	1434	2010.060845
observational data	0.0508	-0.4205	1	486	2820	2009.774451
observations	-0.1349	-0.0583	1	1345	39170	2008.912908
observatory	-0.2745	-0.2666	1	148	356	2009.994463
occultation	-0.2823	-0.571	1	113	294	2006.75082
occurrence	0.6965	-0.1837	2	938	12176	2008.878622
ocean	-0.3409	0.3601	3	1392	54986	2009.205801
ocean acidification	-0.906	-0.2858	1	180	460	2014.719269
ocean basins	1.1679	0.1598	2	192	618	2009.233449
ocean circulation	-0.8394	0.5186	5	399	1772	2010.079327
ocean currents	-0.6604	1.1146	3	141	428	2009.711055
ocean dynamics	-0.2407	1.0932	5	264	1088	2012.137566
ocean model	-1.0024	0.3435	5	342	1512	2009.497065
ocean surface	-0.7842	0.3805	1	279	1024	2010.806647
ocean temperature	-1.0352	0.3535	5	339	1610	2012.016216
oceanography	0.0083	-0.2973	4	122	284	2008.652819
offset	-0.7055	0.161	1	124	278	2008.77455
offshore	-0.4589	-0.0071	1	116	292	2009.436948
oil	-0.4252	-0.6646	1	140	394	2008.786318
okhotsk	0.7698	0.4033	2	352	1722	2009.301449
onset	0.1382	0.1319	1	670	4638	2008.982999
ontario	0.2117	-0.9671	1	107	264	2007.53507
open ocean	-0.9158	0.3825	5	195	554	2009.287975
open water	-0.5425	0.6713	3	284	1150	2007.546044
opening	-0.1036	1.1037	3	241	1046	2008.074957
operation	-0.34	-0.4494	1	361	1408	2010.347293
optimization	-0.3511	-0.59	1	208	610	2011.222714
optimum	-0.9433	0.2643	5	99	246	2008.096154
options	-0.8743	-0.329	1	202	616	2011.088957
order	-0.2799	-0.1793	1	909	9040	2008.447395
organisms	-0.3359	-0.4745	1	213	588	2009.338918
orientation	1.1261	0.261	2	143	358	2007.578043
origin	0.2706	0.2001	2	550	3374	2007.989853
orography	0.6159	-0.0795	2	347	1326	2007.740196
oscillation	0.7635	0.1313	2	1138	28536	2009.592581
outbreaks	1.016	0.0874	2	369	1730	2010.198516
outcomes	-0.4651	-0.5145	1	259	800	2011.660682
outflow	0.3634	0.7585	2	224	628	2007.944625
overturning	-0.8221	0.4996	5	521	3410	2011.454405
overview	-0.5575	-0.5076	1	355	1500	2009.462544
ozone	-0.4729	0.4183	1	470	2612	2005.151365
ozone depletion	-0.8032	0.5359	1	111	310	2005.289073
ozone loss	-0.2067	0.6627	1	121	288	2005.069909
pa	-0.002	-0.3755	1	164	440	2007.85
pace	-0.5813	-0.8733	1	206	650	2010.591093
pacific	0.6733	0.2601	2	1148	27154	2009.069612
pacific coast	0.8752	-0.7148	4	107	248	2007.822485
pacific ocean	0.5641	0.5199	2	470	2438	2008.600772
pacific sector	0.2885	0.9871	3	346	1646	2009.256705
pack	-0.1168	0.9031	3	325	1386	2006.469572
pack ice	-0.1929	1.0455	3	255	978	2006.242978
paleoclimate	-0.8914	0.0821	4	233	788	2010.143169
paleoclimatology	-0.5273	-0.7522	1	97	204	2009.426966
pan	0.1122	-1.1102	1	93	216	2005.776596
panel	-0.6233	-0.3364	1	508	2786	2010.594747
parallel	0.1796	0.2398	6	170	452	2007.545553
parameterization	-0.5735	0.1205	1	543	3286	2009.170118
parameters	-0.4548	0.0037	1	851	8332	2008.858581
parametrization	-0.4513	0.5294	1	120	294	2009.708791
part	0.0468	0.0352	1	1019	13978	2007.996794
particles	-0.0791	0.0319	1	183	516	2007.800157
partitioning	-0.2092	0.9035	6	250	918	2008.418708
past	-0.597	-0.3345	1	460	2262	2009.286247
past century	-0.5418	1.071	5	177	566	2010.043269
pathways	-0.5136	-0.2484	1	831	9274	2011.336845
patterns	0.5737	0.0484	2	1344	50116	2008.797625
pdo	0.5829	-0.405	4	443	2562	2013.030717
penetration	-0.8194	-0.181	1	162	400	2007.556604
peninsula	0.4875	-0.4575	4	392	1666	2008.446514
perceptions	0.2655	-0.923	1	116	324	2011.684964
performance	-0.3704	-0.4015	1	827	8224	2010.724359
period	0.2475	-0.1826	1	1340	36130	2008.417828
permafrost	-0.5818	-0.6119	1	434	2098	2011.237578
permafrost degradation	-0.0347	-0.9079	1	108	260	2013.537453
persistence	0.5429	0.222	2	793	7826	2010.336061
perspective	0.227	0.1587	2	586	3890	2010.824219
perturbations	-0.5565	0.6618	6	598	4642	2008.294041
phase	0.3643	0.3749	2	1112	26036	2008.459023
phenology	-0.6947	-0.6189	1	95	216	2011.944128
phenomena	0.361	-0.0489	2	479	2462	2008.558488
physical mechanisms	0.5906	0.3842	2	346	1290	2010.5
physical processes	0.2517	0.5296	2	502	2706	2008.985554
physics	-0.2633	0.1015	1	614	3948	2008.705202
place	-0.1049	-0.2279	1	423	1680	2007.525068
planet	-0.7499	-0.0994	1	209	650	2010.483081
planetary	1.0181	0.4997	2	137	368	2008.973118
planetary waves	1.0886	0.6498	2	345	1900	2009.51585
planning	-0.3534	-0.7139	1	345	1328	2012.670807
plant	-0.4863	-0.9105	1	112	252	2008.777628
plateau	0.7475	-0.3371	2	455	2168	2009.592112
platform	-0.2529	-0.0948	1	184	466	2009.532067
play	-0.0589	-0.4884	5	293	1090	2010.560976
plume	1.2336	0.0518	2	148	406	2008.341339
pna	0.7443	-0.4691	2	311	1260	2009.853535
poland	-0.0416	-0.687	1	87	208	2011.292411
polar	0.2441	0.2096	1	875	9580	2007.529419
polar cap	0.6231	1.4338	6	104	250	2006.534066
polar night	-0.269	1.2236	3	136	340	2009.259615
polar oceans	-0.9964	0.3675	6	92	220	2010.397959
polar regions	-0.5525	0.1006	1	672	4986	2009.410444
polar stratosphere	0.6072	0.9223	2	137	450	2006.734982
polar vortex	0.5151	0.7306	2	413	2496	2006.346444
polarstern	0.0938	0.3953	1	93	226	2004.657267
pole	0.0863	0.5213	2	550	2984	2006.940757
poleward	0.2477	0.8168	2	808	8924	2007.923077
policy	-0.6466	-0.7073	1	397	1908	2012.234091
pollution	0.4788	-0.5748	1	135	328	2009.023394
polynya	0.1522	0.5314	3	148	344	2007.504968
ponds	-0.3144	0.5624	1	85	220	2009.15182
population	0.0803	-0.7154	1	306	1004	2008.672858
position	0.3285	0.118	2	586	4010	2008.558417
positive feedback	-0.3967	1.0279	3	264	1080	2009.79703
positive trend	0.5312	0.8198	3	344	1574	2011.244541
potential	-0.1737	-0.053	1	808	6518	2010.240353
potential impact	-0.3749	-0.3811	1	207	652	2010.782051
potential temperature	1.499	0.6361	2	113	286	2005.149635
potential vorticity	0.534	0.7888	2	217	656	2006.125
power	-0.4526	0.2655	3	232	718	2009.270091
practice	0.0162	0.9479	2	162	444	2011.243151
precipitation	0.2112	-0.4273	1	1248	33528	2009.731557
precision	-0.0786	-0.8061	4	116	316	2008.835605
precursors	1.1469	0.6235	2	260	912	2008.874046
predictions	-0.0589	0.1144	5	1175	26660	2009.897678
predictors	0.4663	-0.1158	4	406	2036	2011.173313
present	0.0663	-0.2098	6	284	1000	2007.990715
present day	0.0955	-0.7389	4	324	1244	2009.056396
preservation	-0.9151	-0.6637	1	85	212	2009
pressure	0.6604	0.0838	2	1120	21548	2008.310217
prevention	-0.1308	-0.6486	1	89	194	2011.467662
principal component analysis	1.0637	-0.237	4	151	450	2008.970381
principle	-0.9076	-0.2904	1	258	936	2008.446296
priority	-1.0826	0.1019	1	171	484	2011.372703
probability	0.3136	-0.4507	1	634	5292	2009.789859
procedures	-0.5233	-0.7228	1	201	652	2007.300565
processes	-0.1694	0.1063	1	1214	25466	2009.595773
production	-0.349	-0.4387	1	541	2722	2008.644816
profiles	-0.3307	0.649	3	579	3454	2007.935203
programme	-0.727	-0.9989	1	99	262	2007.667702
progress	-0.0317	-0.2521	1	517	2636	2009.283491
project	-0.3806	-0.4112	1	1291	38406	2010.706868
propagation	0.6455	0.7652	2	530	3786	2008.888573
properties	-0.4247	0.0931	1	683	4232	2009.393254
proportion	0.1799	0.0085	1	249	832	2007.916222
prospects	-0.575	-0.2751	1	341	1314	2010.176471
protocol	-0.708	0.3859	5	330	1508	2010.678419
prototype	-0.7017	0.5117	5	133	324	2008.616505
province	0.2105	-0.8544	1	120	278	2008.267085
proximity	0.2788	-0.0612	2	209	710	2009.550413
proxy	-0.066	-0.1462	4	342	1412	2011.318436
proxy data	-0.5306	-0.6143	6	121	288	2010.490637
publications	-0.1272	-0.7957	1	153	394	2010.741127
pv	0.7726	0.7526	2	231	818	2008.32618
qbo	1.0049	0.1742	2	142	388	2007.679245
quality	-0.3342	-0.3303	1	632	3960	2010.189742
quantification	-0.8962	0.1519	3	324	1328	2011.260355
quasi-biennial oscillation	1.1774	0.1816	2	170	470	2009.712727
radar	-0.0051	-0.208	1	163	438	2008.748589
radiation	-0.3995	0.7422	3	982	15856	2008.357553
radiative	-0.7543	0.3218	3	636	5158	2009.501534
radio	-0.2336	-0.3787	1	162	452	2007.738883
radiometer	-0.4486	-0.422	1	188	576	2007.88206
radiosonde	0.0972	0.2909	1	373	1648	2008.264331
rain	-0.0798	-0.5152	1	312	1122	2008.573092
rainfall	0.3846	-0.5056	1	713	6058	2010.725018
range	-0.2445	-0.2205	1	1084	14688	2008.574661
rapid	0.0589	0.3906	4	415	1868	2009.260784
rapid changes	0.0344	1.0308	2	127	318	2010.078616
rates	-0.1243	0.0529	1	715	5234	2007.943562
ratio	-0.1996	0.12	5	586	3934	2007.736208
rcp	-0.6651	-0.6392	1	494	3182	2016.117021
rcp4.5	-0.5771	-0.6791	1	506	3274	2016.133333
rcp8.5	-0.291	-0.6154	1	691	6166	2016.570342
re-analysis	0.4535	0.6059	3	452	2550	2010.498127
reach	-1.0117	0.0028	1	84	196	2009.485915
reanalyses	0.026	0.0899	1	849	8902	2012.894094
reanalysis	0.4458	0.1075	2	1238	28034	2012.692568
reanalysis data	0.639	0.3057	2	873	10032	2012.770178
reason	-0.3119	0.3424	1	464	2362	2009.101523
recent	0.5207	-0.1062	2	784	7454	2008.930233
recommendations	-0.3839	-0.4577	1	183	482	2011.232852
reconstruction	-0.1417	-0.2962	6	532	3026	2009.991292
record	0.1174	-0.253	1	952	11326	2008.636847
recovery	-0.5859	0.4773	1	361	1468	2009.497477
recurrence	1.1538	-0.1288	2	111	262	2008.935961
redistribution	0.0796	-0.6494	1	157	412	2009.02246
reduction	-0.1217	0.3519	3	1060	18366	2009.195696
reflection	-0.6161	0.4035	1	290	1162	2008.516981
refreezing	0.4603	1.1325	3	85	212	2010.593407
regime	0.3618	-0.3861	1	735	6144	2008.761852
region	0.2327	-0.0776	1	1464	66112	2009.213913
regional climate	0.0025	-0.8205	1	529	3562	2011.116505
regional climate model	0.1512	-0.3762	1	485	3064	2012.050473
regional differences	-0.0171	-0.3956	1	320	1184	2009.450602
regional scale	0.4794	-0.7373	1	270	920	2010.146771
regional variations	0.6246	0.2175	2	112	254	2006.888199
regression	0.4759	-0.1248	2	712	6262	2009.585498
regression analysis	0.7474	0.1022	2	279	1018	2009.417476
regulation	0.1878	-0.6292	1	131	302	2009.381818
related	-0.4671	0.9717	5	180	480	2006.119565
relationship	0.5256	0.1858	2	1090	18680	2008.880832
relative contributions	0.1177	1.4749	3	249	1032	2009.370909
relative humidity	-0.5791	0.1044	1	240	812	2009.402439
relative importance	-0.8653	0.2823	1	242	842	2008.995506
relaxation	0.6691	0.5396	2	279	1238	2007.482838
release	-0.505	0.5345	3	524	3076	2009.408827
reliability	-0.1909	-0.2836	1	415	1966	2010.529737
remote	-0.0476	-0.3078	1	354	1448	2010.867397
remote regions	0.026	0.4566	1	227	700	2011.555556
remote sensing	-0.0998	-0.5769	1	230	666	2011.422546
removal	-0.9374	0.057	1	305	1170	2008.282275
representation	-0.5258	-0.0363	1	870	9952	2010.830294
reproducibility	0.0488	-1.1706	1	162	436	2008.746114
reproduction	0.4689	-0.2998	1	208	592	2007.750979
requirements	-0.3906	-0.5685	1	217	548	2008.486324
res	-0.02	0.5657	2	596	4252	2009.597305
research	-0.1758	-0.4024	1	1106	17768	2010.476977
reserves	-0.4723	-0.8331	1	87	242	2007.674038
reservoir	-0.3967	0.1376	1	252	740	2009.794696
residence	0.3734	1.0511	6	87	214	2007.93816
residues	-0.3542	0.9502	3	204	598	2007.610135
resolution	-0.2528	-0.2924	1	994	13062	2009.55055
resonance	0.6779	-0.1405	1	193	544	2008.954678
resources	-0.2531	-0.6911	1	495	2452	2010.858496
respect	0.2519	0.1962	2	642	4490	2008.283557
response	-0.3492	0.5422	6	1248	41328	2009.573466
rest	-0.8738	0.2968	6	360	1558	2007.845899
result	0.2173	0.3265	2	973	13768	2008.151944
retreat	-0.2126	0.6212	3	732	6842	2010.543237
retrieval	-0.5525	-0.0711	1	274	1022	2010.435006
retrospective	-0.7445	-0.1916	3	267	1100	2012.772152
reveals	0.2999	0.3306	2	688	5132	2010.570102
reversal	0.7064	0.1698	3	251	798	2008.011494
review	-0.2598	-0.5006	1	492	2820	2009.601815
ridge	1.0637	-0.0264	2	464	2766	2007.505288
rights	-0.1449	-0.3556	1	562	2936	2009.549068
risk	-0.1789	-0.6945	1	718	5760	2011.114812
risk assessment	0.9451	-0.6126	1	100	238	2011.822222
river	0.3536	-0.4619	1	841	6986	2009.320924
river discharge	0.1487	-0.2625	1	143	450	2010.513854
road	-0.4444	-0.7279	1	93	210	2010.853081
robustness	0.0154	0.0588	5	527	3128	2012.541485
rocky	1.2083	-0.8157	2	98	234	2007.267352
role	0.1695	0.4908	2	1203	28420	2010.178923
root	0.1664	-0.5512	4	285	1076	2009.331514
ross	-0.7883	-0.0042	5	136	364	2008.076698
rossby	0.888	0.5233	2	615	5188	2009.988811
rotation	0.6352	-0.1166	4	122	278	2006.700205
roughness	-0.6074	-0.092	3	132	360	2008.317614
routes	-0.4403	-0.6467	1	202	758	2010.541845
royal	0.7806	-0.6303	1	332	1556	2007.324771
rules	-0.4452	-0.6206	1	101	236	2009.394984
runoff	-0.1479	-0.7584	1	379	1540	2010.241084
russia	0.2962	-0.5352	1	527	3166	2008.97832
russian	-0.0943	-0.8698	1	339	1290	2009.19962
saf	-0.8269	-0.7621	1	223	964	2008.785714
safety	-0.1727	-0.5974	1	165	420	2012.662963
salinity	-0.7207	0.6295	5	514	3436	2008.2244
sam	1.0637	-0.4174	4	165	490	2012.531667
sample	0.1485	-0.2478	1	293	974	2008.715721
satellite	-0.0725	-0.0686	1	859	8818	2009.46691
satellite data	-0.2386	-0.415	1	318	1320	2009.788853
satellite imagery	0.5799	0.2101	3	159	396	2010.11368
satellite measurements	1.2308	-0.0478	2	153	480	2009.345515
satellite observations	-0.1103	0.7121	3	431	2306	2011.156545
saturation	-0.7892	-0.1018	1	201	548	2008.751023
scale	0.0389	-0.2443	1	1190	23634	2009.692551
scandinavia	0.6878	-0.7261	2	246	864	2006.946698
scandinavian	1.1238	-0.1057	2	275	1074	2007.675182
scenarios	-0.5389	-0.4423	1	1082	19604	2011.166554
science	-0.2908	-0.3018	1	542	2834	2002.851791
se	0.9081	0.5956	2	127	324	2008.4
sea	-0.0638	0.4281	3	1488	102444	2008.689398
sea coast	-0.0611	0.6831	3	106	254	2008.509709
sea ice	-0.1726	0.4827	3	1386	60438	2010.083703
sea ice area	-0.3304	0.7991	3	569	4134	2013.304348
sea ice concentration	0.1232	0.5138	3	890	12188	2013.267038
sea ice conditions	0.1652	0.8123	3	414	2332	2012.019417
sea ice coverage	-0.6673	0.1674	5	268	958	2010.682081
sea ice extent	-0.0358	0.4625	3	945	14528	2011.431635
sea ice formation	-0.4264	0.8772	5	113	276	2010.209756
sea ice loss	0.1412	0.9957	3	822	11576	2015.4
sea ice model	-0.6493	0.3863	3	255	902	2008.585987
sea ice retreat	-0.3434	0.6516	3	467	2568	2014.370861
sea ice thickness	-0.5199	0.5342	3	548	4226	2011.967742
sea level	-0.3009	-0.4157	1	313	1178	2008.698807
sea level pressure	0.7369	0.2629	2	740	7654	2008.889892
sea level rise	-0.5826	-0.4728	1	302	1158	2011.57856
sea surface	-0.6208	0.3655	3	345	1510	2008.069565
sea surface temperature	-0.0489	0.5686	5	1015	19122	2009.815317
search	-0.7362	-0.2322	1	188	506	2009.995035
season	0.2409	-0.0619	1	1284	32696	2009.082749
seasonal changes	-0.5784	0.3341	1	120	296	2008.582435
seasonal cycle	-0.2776	0.4568	3	582	4342	2008.792717
seasonal differences	0.3494	0.4462	1	98	240	2007.595376
seasonal ice	-0.1679	0.7346	3	251	950	2009.353535
seasonal pattern	-0.2314	0.6702	1	129	344	2008.062651
seasonal variability	0.4863	-0.5527	1	267	876	2009.932458
seasonal variation	0.1124	0.7535	3	369	1662	2007.929683
sections	0.4803	0.0146	1	207	596	2007.337998
security	-0.3729	-0.8406	1	146	368	2013.61747
seesaw	0.5908	0.5116	2	212	666	2010.668394
selection	-0.3043	-0.7104	1	273	982	2009.482489
sensible heat flux	-0.0969	0.943	3	141	402	2007.631313
sensing	-0.4251	-0.7191	1	171	468	2011.019623
sensitivity	-0.8071	0.3079	6	970	16982	2009.595052
sensitivity experiments	-0.6615	0.7648	5	388	1820	2009.214286
sensors	-0.2381	-0.4525	1	366	1348	2009.759019
separation	-1.2384	-0.0683	6	157	474	2007.566611
sequence	0.7986	-0.4459	2	223	712	2008.880269
sequestration	-1.1124	-0.3898	1	139	382	2011.605607
series	0.1948	-0.1968	1	911	10224	2008.676664
service	-0.2774	-0.6632	1	337	1206	2012.189453
severity	0.4692	-0.655	1	377	1692	2010.095915
sh	1.0135	0.3524	2	334	1394	2010.224176
shape	0.1364	0.0452	1	284	990	2008.770625
shear	0.7171	0.7556	2	196	652	2007.066225
sheba	-0.4381	0.6702	1	151	482	2006.307692
shelf	-0.5564	-0.3192	1	265	794	2008.672172
shelves	-0.2429	-0.0782	4	119	310	2009.828045
shift	0.3961	0.1233	2	1009	16118	2010.334777
ship	-0.4184	-0.6746	1	432	2380	2010.548666
shortening	0.362	-0.349	1	176	466	2007.150794
shortwave	-0.4914	0.8097	3	441	2472	2010.126492
shortwave radiation	-0.5309	0.9711	3	250	962	2009.857143
siberia	0.8763	-0.0013	2	708	6516	2009.391116
siberian	0.8527	0.5897	2	704	7894	2010.123978
signal	0.1418	0.2344	4	879	10548	2009.224031
signatures	0.7876	-0.1338	4	123	308	2009.339117
significance	0.445	-0.0919	4	499	2628	2008.013281
similarity	-0.1945	-0.0944	5	261	884	2009.020248
simulations	-0.3907	0.0762	5	1386	52578	2010.182554
sink	-0.6637	0.2868	1	241	716	2008.9164
sites	0.0187	-0.6355	1	442	1802	2008.514265
size	-0.1405	-0.2555	1	531	3004	2008.248059
skill	-0.1494	0.099	5	899	13424	2012.574869
skin	-0.5496	1.1838	3	115	298	2007.757384
slab	-0.3332	1.3241	6	216	860	2008.388298
slope	0.2108	-0.2323	1	360	1476	2008.522006
slp	0.9834	0.4547	2	525	3606	2008.94012
smb	0.4947	-0.8804	4	111	274	2014.035354
snow	0.0673	-0.3195	1	844	9468	2008.843053
snow accumulation	0.506	-0.792	4	113	266	2008.890244
snow cover	0.8239	-0.2881	2	243	830	2012.370588
snow depth	-0.3763	-0.359	1	385	1708	2011.340979
snow/ice	-0.7256	-0.3869	1	142	394	2010.232432
snowfall	0.5	-0.5075	2	421	2094	2010.160714
snowmelt	0.0239	-0.8285	1	342	1320	2009.443804
snowpack	0.1612	-0.9441	1	358	1390	2009.730081
society	0.5611	-0.681	1	565	3756	2008.419795
software	-0.4671	-0.8989	1	155	482	2011.491499
soil	-0.2106	-0.4282	1	655	4596	2010.0138
soil moisture	-0.0522	-0.0331	1	437	2140	2011.120729
soil temperature	0.1255	-1.0144	1	134	364	2010.662857
solar	-0.8366	0.2064	1	305	1286	2008.730461
solar irradiance	-0.9553	-0.1236	1	145	420	2008.133971
solar radiation	-0.6497	0.5825	3	489	2468	2009.055833
solution	-0.4279	-0.1719	1	297	1040	2008.161376
som	0.8023	-0.6056	4	335	1592	2012.532189
sound	-0.0349	0.1245	1	202	560	2007.411115
sounder	-0.6863	0.6988	3	224	822	2008.856481
source	-0.2302	0.0291	1	929	10238	2008.933035
south	0.6467	-0.1456	2	791	7206	2007.747219
southern	1e-04	0.2271	5	807	7782	2009.223665
southern hemisphere	0.9856	0.5081	2	119	296	2006.282579
southern ocean	-0.7048	0.2948	5	565	3794	2009.57408
southwest	0.6092	-0.3759	2	323	1312	2008.084584
space	-0.4484	-0.261	1	713	5216	2009.527303
sparse	-0.306	-0.8104	1	278	1072	2009.608974
spatial	0.0379	-0.4273	1	526	2860	2009.53617
spatial distribution	0.3232	-0.3477	1	553	2990	2010.361231
spatial extent	1.3729	-0.0768	2	95	236	2011.278351
spatial patterns	0.1322	-0.5467	1	659	5574	2010.619556
spatial resolution	0.2128	-0.7479	4	219	656	2010.654237
spatial scales	0.5288	-0.7139	1	281	998	2009.793421
spatial structure	-0.4091	0.6708	6	218	662	2009.726496
spatial variability	0.6289	-0.5362	4	171	496	2009.941935
spatial variation	0.0256	-0.2827	1	245	748	2009.989535
special issue	-0.1682	-0.8569	1	39	86	2011.816456
species	-0.6952	0.0427	1	145	376	2008.521336
spectral	-0.3234	0.4441	1	228	730	2008.296703
spectral analysis	1.1369	-0.04	2	126	458	2007.653846
spectroradiometer	-0.2575	-0.0294	1	120	338	2012.221622
spectrum	-0.1082	0.4757	5	303	1042	2007.745108
speed	0.1265	0.1774	3	723	5282	2008.86489
spitsbergen	0.4991	-0.2023	1	226	830	2008.405823
splitting	0.6555	0.9823	4	98	218	2008.301887
spots	1.0615	1.2686	2	131	318	2009.61157
spread	-0.6471	0.1354	5	730	7540	2008.634921
spring	0.3252	-0.0839	1	1002	14848	2008.097068
springtime	0.333	0.5786	2	269	946	2007.071599
ssm/i	-0.4652	-0.6871	1	99	250	2004.868805
sst	-0.0846	0.682	5	975	16002	2010.05105
ssw	1.0972	0.3261	2	90	220	2013.110236
stability	-0.3772	0.2956	1	683	5260	2009.500887
stage	-0.1309	0.2036	5	391	1598	2008.259718
stakeholders	-0.611	-0.265	1	276	984	2014.292419
standard	-0.3347	-0.5314	1	373	1406	2008.650912
standard deviation	0.3567	-0.6105	1	470	2342	2009.368356
state	-0.4382	0.2081	1	1023	14838	2009.742678
stations	0.4411	-0.4726	1	766	6888	2007.983598
statistical analyses	0.4733	1.073	4	126	380	2010.479769
statistical analysis	0.2607	-0.8231	1	132	350	2009.976139
statistical methods	0.095	-0.0205	1	167	464	2009.143791
statistical model	0.7195	0.1081	2	251	826	2009.650307
statistical significance	0.713	-0.1656	4	252	854	2009.233333
statistics	0.3597	-0.3752	1	704	5666	2009.312095
status	-0.4684	-0.5394	1	194	540	2009.341864
steps	-0.3684	-0.8356	1	188	544	2009.019451
stock	-0.8495	-0.5221	1	100	218	2007.807479
storage	-0.7223	0.114	3	439	2546	2010.328125
storm	0.5388	0.3311	2	925	12402	2008.742366
storm tracks	0.8844	0.5084	2	554	4042	2009.004717
strait	-0.1757	0.7373	3	556	3848	2007.897357
strategies	-0.6451	-0.2434	1	441	2214	2010.305877
stratification	-0.6321	0.6037	3	337	1386	2009.44012
stratosphere	0.6678	0.6898	2	609	5416	2005.653704
stratospheric ozone depletion	0.1422	1.0151	4	109	254	2006.770408
stratospheric polar vortex	0.8017	0.9925	2	333	2038	2011.04878
stream	0.8721	0.2947	2	771	8438	2008.836139
streamflow	0.0368	-0.9661	1	182	514	2011.25
strength	-0.319	0.4348	5	898	10544	2009.266467
strengthening	0.1266	0.6553	2	526	3306	2011.476431
stress	-0.6154	-0.4213	1	317	1262	2009.003348
structure	0.2352	0.4454	2	889	9090	2008.655706
subarctic	0.9126	-0.7029	2	110	250	2009.71978
submarine	-1.0786	-0.6002	3	84	216	2009.071134
subpolar	-0.2626	0.9045	5	105	282	2010.546763
subpolar gyre	-0.2359	1.2261	5	263	1080	2011.330961
subsidence	0.1711	-0.4856	1	228	584	2007.462963
subsurface	-0.1781	0.9612	5	383	1822	2009.927347
subtropical	0.525	-0.246	2	495	2738	2008.611801
suitability	-0.6677	-0.4844	1	191	538	2011.117773
suites	-1.4084	-0.7859	1	120	290	2005.405797
sulfate	-1.0732	0.2126	1	163	496	2007.17354
summer	0.3541	0.1261	3	1339	43682	2008.716639
summer precipitation	0.9018	-0.4675	2	265	1004	2009.947059
summer season	0.4291	-0.7548	1	286	1012	2009.599483
summer temperatures	1.1681	-0.597	2	148	446	2008.977369
summertime	0.7712	0.2859	2	428	2126	2009.23617
summit	0.1465	-0.4677	4	103	246	2006.845519
sun	-0.5621	-0.0832	1	182	472	2007.758571
sunlight	-1.0176	-0.0536	1	119	302	2007.862791
superposition	0.3722	0.2315	1	116	276	2007.580189
supply	-0.4568	-0.6468	1	224	578	2008.462921
support	-0.2233	-0.253	1	531	2528	2009.291409
suppression	0.3782	0.7112	2	155	402	2009.225728
surface	-0.1559	0.4382	3	1465	84496	2008.863385
surface air temperature	0.0992	0.655	5	854	10730	2011.034003
surface albedo	-0.7977	0.466	3	551	4362	2009.227533
surface conditions	-0.2954	0.7039	4	126	328	2009.117284
surface energy balance	-0.5304	0.7279	3	234	830	2009.363265
surface fluxes	-0.3792	0.6351	3	246	854	2007.677291
surface heat budget	-0.7659	0.7553	1	122	374	2006.090395
surface mass balance	0.4845	-0.9739	4	199	636	2012.738255
surface roughness	-0.5767	0.2429	3	101	262	2008.125581
surface temperature	-0.6112	0.2562	5	888	11630	2009.023148
surge	-0.0973	0.1687	3	258	832	2008.136111
survey	-0.1301	-0.2652	1	134	328	2009.037248
svalbard	0.0986	0.2651	1	483	2808	2009.557134
swe	0.3965	-0.8769	1	265	960	2013
sweden	0.5983	-0.7533	1	115	292	2007.514793
switzerland	-0.1463	-0.8946	1	117	264	2008.778646
synchronization	1.0006	-0.3797	1	90	198	2009.668874
synoptic	0.8866	-0.2886	2	377	1886	2008.207547
synthesis	-0.2573	-0.8968	1	241	802	2009.662722
system	-0.5239	0.0442	1	1362	43532	2009.608581
system models	-0.9692	-0.3942	1	431	2372	2015.404444
taylor	0.3256	-1.009	1	145	422	2007.334702
tc	-0.0115	-0.7604	1	123	262	2010.810127
techniques	-0.2814	-0.0916	1	819	7138	2007.972333
technology	-0.7318	-0.3588	1	337	1196	2011.429895
teleconnection	0.8608	0.1197	2	771	8358	2011.542562
temperate	-0.0674	-0.6228	1	141	336	2008.513385
temperature	0.0241	0.133	5	1511	100918	2008.94464
temperature anomalies	0.8272	0.5869	2	401	2062	2010.578125
temperature changes	0.3339	0.1921	6	387	1742	2008.59375
temperature data	0.2888	-0.662	1	162	458	2008.432653
temperature gradient	0.4658	0.561	2	182	512	2009.025424
temperature increase	-0.1651	-0.6565	1	387	1618	2009.516234
temperature profiles	-0.4165	0.815	3	195	644	2006.951852
temperature trends	0.1133	-0.4732	1	380	1782	2010.497041
temperature variability	0.7369	-0.688	1	365	1870	2011.231959
temperature variations	0.5807	-0.3086	1	195	592	2008.694581
temporal	0.7767	-0.2584	4	264	800	2008.152526
temporal changes	0.5583	-1.0515	1	151	418	2009.507895
temporal evolution	0.4495	0.1924	2	372	1494	2010.339109
temporal resolution	-0.9044	-0.7787	1	152	422	2010.931953
temporal trends	0.7716	-0.6705	1	138	374	2010.166667
temporal variability	-0.1535	-0.0486	1	359	1402	2009.54638
temporal variations	0.513	0.2216	3	300	1062	2008.891602
termination	1.026	-0.3777	2	149	394	2008.235075
terms	-0.026	-8e-04	1	980	12484	2008.587412
terrain	0.3193	-0.8657	1	266	878	2009.112619
terrestrial	-1.0686	-0.2757	1	146	384	2008.824144
territories	-0.2919	-0.6928	1	185	506	2007.423737
thaw	-0.8176	0.187	3	133	338	2011.976068
theory	-0.1369	0.264	1	380	1466	2008.181946
thermal	-0.2697	0.2365	1	326	1162	2009.266307
thermocline	-0.5131	0.9019	5	182	538	2006.735766
thermodynamics	-0.1103	0.0508	1	336	1306	2008.389098
thermohaline	-0.0968	0.7713	3	114	272	2005.038002
thickness	-0.3326	0.5945	3	847	10734	2008.754418
thin ice	-0.3427	0.8564	3	129	364	2007.283784
thinning	-0.0944	1.1311	3	345	1686	2009.590299
threat	-0.156	-0.6666	1	129	288	2012.027911
threshold	0.1177	-0.3486	1	484	2834	2010.539227
tibet	0.3873	-0.9956	1	99	248	2010.363958
tibetan plateau	0.8679	-0.6021	2	103	250	2012.664516
tilt	0.422	0.8514	2	142	354	2007.036199
time	-0.0503	0.0148	1	1380	41142	2008.831798
time scales	0.1325	0.2149	5	640	4854	2008.537809
time series	0.1261	-0.2213	1	606	3782	2009.734317
timescales	0.1975	0.1282	2	768	6576	2010.244177
tip	1.3876	-0.1589	2	97	224	2008.028302
tongue	-0.8893	1.1135	5	129	322	2008.374502
tools	-0.2431	-0.6587	1	347	1272	2011.918196
topography	0.3748	-0.7291	1	341	1468	2008.703566
total number	0.9788	0.1172	2	178	520	2008.215054
tp	0.3312	-0.6929	1	151	386	2013.646825
trace	-0.6475	-0.695	1	104	250	2007.773067
tracer	0.1024	0.8163	6	163	436	2007.33904
track	0.7436	0.2444	2	878	11120	2008.851477
trade	-0.4247	-0.747	1	211	664	2009.910891
traffic	-0.31	-0.6908	1	138	334	2012.900277
training	0.5491	-0.6931	4	121	280	2011.13913
trajectories	-0.0941	-0.1233	1	563	3012	2008.784052
transfer	-0.4808	0.5462	1	457	2232	2008.40464
transformation	-0.0445	0.2266	1	336	1226	2009.214985
transient	0.294	0.849	2	621	4852	2009.22961
transition	-0.1276	0.175	1	660	4776	2009.289721
transport	-0.0977	0.4877	3	1155	22404	2008.638472
travel	0.4531	-0.5174	1	123	294	2008.209898
treatment	-0.618	0.0607	1	302	1052	2008.987517
trees	1.2578	-0.7363	2	77	190	2009.293127
trends	0.2811	-0.1776	1	1360	43464	2009.691924
tropical regions	-0.218	-0.7685	1	200	596	2009.928571
tropics	-0.2776	0.4462	5	797	9540	2009.002973
tropopause	0.5132	0.648	2	295	1110	2006.618574
troposphere	0.5121	0.6852	2	818	9126	2007.935145
trough	1.1199	-0.007	2	408	2148	2008.165586
tundra	-0.0237	-0.7537	1	185	508	2009.070476
turbulence	-0.1715	0.6542	3	175	476	2008.098326
turbulent fluxes	0.4015	0.2692	3	182	582	2006.955414
twentieth century	-0.2649	0.0362	4	533	3116	2010.49537
types	0.0737	-0.5275	1	680	4700	2008.677962
uk	-0.2468	-0.4633	1	341	1364	2008.548159
uncertainty	-0.4471	-0.3788	1	1071	18710	2011.023214
university	-0.4124	-0.3747	1	322	1146	2007.852518
upper atmosphere	0.2634	0.8376	4	126	342	2005.474747
upper ocean	-0.4335	0.727	3	212	698	2008.896406
upper troposphere	0.3558	0.5015	2	451	2298	2008.47993
upstream	0.9034	0.785	2	205	654	2008.743219
uptake	-0.9678	0.331	5	493	3504	2008.324314
upwelling	-0.6368	1.3938	5	107	256	2008.768927
urals	1.2305	0.6257	2	410	3232	2009.983607
usa	0.8443	-0.6276	2	187	556	2008.230569
utilization	0.1899	-0.7095	1	352	1414	2009.166837
validation	0.0181	-0.3367	1	599	3622	2010.014759
valley	0.469	-0.5711	1	190	534	2008.373746
values	0.0295	-0.2214	1	1151	17810	2008.134938
vapour	-0.1564	0.5483	6	422	2174	2007.90678
var	1.0361	-0.5038	2	95	284	2007.049669
variability	0.3064	0.0043	2	1456	68970	2009.910572
variance	0.623	0.1504	2	682	5406	2008.262238
variations	0.2806	-0.0263	2	1193	25094	2008.23722
vector	0.9591	-0.5557	2	179	644	2009.067811
vegetation	-0.6929	-0.3914	1	485	2696	2009.373552
velocity	0.0421	0.6051	3	241	778	2008.229763
verification	-0.4974	-0.2189	1	355	1638	2010.208038
vertical	-0.1864	0.2812	1	254	862	2006.365209
vertical profiles	-0.786	0.9483	3	134	340	2007.685761
vertical resolution	-0.0195	-1.2649	1	109	296	2008.649485
vertical structure	0.1606	0.7731	3	343	1428	2008.841667
vessel	-0.2889	-0.6502	1	240	800	2009.364564
volcanic activity	-0.6599	-0.8055	1	82	202	2007.940984
volcanic eruptions	-0.7454	0.3634	4	200	624	2009.941729
volcano	0.5703	-0.0165	5	118	310	2009.385534
volume	-0.6068	0.1735	3	717	6116	2008.390878
vortex	0.7279	0.7383	2	611	5664	2006.356941
vorticity	0.6927	0.6055	2	502	3016	2006.184569
vulnerability	-0.1303	-0.8093	1	320	1136	2012.434676
war	0.1644	0.163	2	109	252	2008.385366
warm period	0.2088	0.2183	4	180	542	2009.606838
warming	-0.1036	0.1111	6	1395	56544	2011.01791
warmth	0.2839	-0.1336	3	275	1096	2009.851931
warning	-0.2694	-0.4019	1	191	516	2011.314607
water	-0.1692	0.2625	3	1240	26766	2008.522927
water availability	0.034	-0.9068	1	167	434	2010.844898
water masses	-0.7715	0.835	3	116	294	2008.184401
water resources	0.3252	-0.8805	1	235	780	2013.543269
water temperature	0.7533	0.8644	2	154	542	2008.738971
water vapor	-0.2993	0.6072	3	638	5218	2007.552846
water vapour	-0.5849	0.6893	6	334	1592	2008.251121
watersheds	0.28	-1.022	1	187	604	2010.799687
wave	0.7891	0.2559	2	976	16386	2008.774981
wave activity	0.6309	0.7247	6	183	510	2008.229839
wave propagation	0.5351	1.0345	2	137	420	2009.858407
wavelength	0.6954	0.3985	2	122	304	2006.776718
wavelet	0.831	0.6146	2	166	480	2011.090379
wavenumber	0.651	0.8936	2	129	356	2006.8
weather	0.3577	-0.2999	1	1212	27184	2009.837145
weather conditions	-0.209	-0.5529	1	226	744	2010.590909
weddell	-1.1293	0.251	5	150	402	2005.737398
weight	-0.4419	-0.7229	1	218	688	2006.661831
well	-0.8532	-0.2267	1	89	200	2008.243446
westerlies	0.5236	0.1947	2	374	1958	2010.017699
western boundary	0.2837	0.6543	3	108	282	2006.151292
wetness	-0.3874	-0.9151	1	159	442	2010.75
white	-0.4478	-0.4688	1	105	268	2007.871587
wildfire	-0.1455	-0.9062	1	218	718	2013.150602
wind	0.4957	0.4207	2	1145	23192	2008.553573
wind speed	0.2572	0.4655	3	201	574	2009.668449
window	0.0682	0.1381	1	234	714	2010.073654
winter	0.6224	0.2945	2	1357	55320	2008.309773
winter precipitation	1.2323	-0.2096	2	236	886	2010.462094
winter season	1.0404	-0.1511	2	338	1396	2009.407595
winter temperatures	0.5824	0.6149	2	248	890	2008.816038
wintertime	0.5301	0.56	2	731	6384	2009.628342
work	-0.0137	-0.1615	2	849	8584	2010.485608
world	-0.4684	-0.5662	1	768	6508	2009.680768
wrf	-0.2601	-0.7736	1	363	1704	2014.850575
yangtze	0.7318	-0.5613	1	150	404	2012.048583
yellow	1.6328	-0.021	2	83	234	2012.707006
yenisei	1.1414	-0.236	2	89	246	2009.627907
yield	-0.0627	-0.5221	1	173	474	2007.793478
yukon	0.1877	-1.0425	1	135	370	2008.592034
zemlya	-0.7006	0.9073	3	169	574	2007.96
zonal	0.142	0.9491	2	371	1626	2008.282828
zone	0.076	0.0687	1	834	6982	2007.975076
