id	x	y	cluster	weight<Links>	weight<Total link strength>	weight<Keyword count>	score<Avg year>
20th century	0.5181	0.0308	2	86	178	2	2011.125
ablation	-0.6513	0.1173	3	163	420	3	2012.339583
abrupt changes	-0.3531	-0.4821	4	123	302	3	2011.375
absorption	-0.7751	-0.7106	3	114	254	2	2011.930081
abundance	-0.4962	0.082	4	601	2686	23	2012.159769
abundance distribution	0.2486	-0.5596	5	99	218	2	2011.488889
acc	1.0812	0.2237	2	189	538	5	2008.705882
acceleration	0.3087	0.1232	2	141	322	3	2012.217042
access	-0.0339	-0.8015	5	181	438	3	2013.769679
accumulation	-0.5455	0.3946	1	439	1492	12	2011.1675
accumulation rates	-0.678	0.5828	1	158	416	4	2010.201613
acidification	0.3551	0.6372	1	210	580	5	2014.569472
acoustic doppler current profiler	1.0634	-0.3237	2	165	428	3	2007.4
activity	-0.0992	0.1097	1	365	1128	10	2011.741747
adcp	1.258	-0.1806	2	222	658	5	2007.919643
adcp data	1.1817	-0.2093	2	104	226	2	2007.285714
addition	-0.2878	0.3589	1	349	1102	9	2012.072879
adelaide	1.152	-0.36	2	287	914	7	2010.086957
adelaide island	1.151	-0.3614	2	287	914	7	2010.157895
adelie	0.5288	-0.8923	5	232	686	6	2010.903226
adelie penguin	0.5284	-0.8916	5	232	686	6	2012.611111
admiralty bay	-0.9521	0.0706	4	217	708	7	2013.441176
advance	0.0732	-0.2371	5	282	780	6	2012.223684
advection	0.7091	-0.0026	2	360	1226	9	2010.324162
agassiz	-0.6875	-0.4841	3	112	244	2	2012.25
agassiz trawl	-0.6866	-0.4842	3	112	244	2	2014.666667
age	-0.4256	0.3137	1	134	332	3	2010.368729
aggregation	0.9552	-0.5789	5	120	258	2	2010.006757
agreement	-0.8066	0.0927	3	135	284	2	2010.554303
air	-0.3455	-0.1585	3	370	1272	10	2011.976061
air temperature	-0.3462	-0.1218	3	359	1216	9	2012.218924
air-sea interaction	0.7566	0.1889	6	129	282	2	2011.566667
alexander island	1.2131	-0.2545	2	211	622	5	2007.677419
algae	-0.5051	-0.0045	4	272	790	7	2012.039501
algal blooms	-0.8033	-0.1381	4	224	560	4	2013.245902
algorithm	-0.745	0.1974	4	123	266	2	2011.916828
alkalinity	0.6951	0.9294	1	119	284	2	2012.733333
amundsen	0.7413	-0.4099	2	89	196	2	2012.553846
amundsen sea	0.7416	-0.4085	2	89	196	2	2013.842105
analysis	-0.1631	-0.0707	4	760	3800	32	2011.656462
animals	-0.5872	-0.6746	3	217	612	7	2012.281022
annual variability	0.0882	-0.635	6	163	412	3	2012.096045
annular mode	0.2622	-0.4417	6	325	1170	8	2012.262136
anomaly	-0.0814	-0.3259	6	196	494	3	2010.997204
antarctic	0.0293	-0.0544	1	1307	18282	166	2010.797819
antarctic benthos	-0.7931	-0.8516	3	84	182	2	2014.333333
antarctic bivalve	-1.0816	-0.2651	3	108	244	2	2011.875
antarctic circumpolar current	0.7493	0.1663	2	436	1584	12	2008.485816
antarctic climate	-0.9584	-0.9056	3	109	278	2	2012.244444
antarctic continent	1.0159	0.6096	6	107	230	2	2010.136364
antarctic continental shelves	1.3337	-0.2274	2	136	430	3	2012.769231
antarctic ecosystems	-0.4934	0.3614	4	144	320	3	2012.855072
antarctic fjord	-0.8711	0.0597	3	83	174	2	2014.5
antarctic food web	-1.0403	0.2305	4	121	278	2	2015.166667
antarctic ice	0.6289	0.5818	6	91	192	2	2012.455772
antarctic krill	0.1442	-0.7588	5	292	878	7	2011
antarctic marine	-0.2073	-0.6006	5	247	778	8	2010.642105
antarctic marine ecosystem	0.022	-0.8756	5	95	216	3	2010.133333
antarctic peninsula	0.0428	-0.0287	1	1285	16488	144	2011.82716
antarctic peninsula region	0.0383	-0.0273	1	407	1370	13	2011.944444
antarctic peninsula shelf	0.6507	0.0691	2	496	1998	15	2012.08
antarctic phytoplankton	-1.0541	0.1075	4	190	516	4	2014.076923
antarctic region	0.7567	-0.1975	2	78	178	2	2012.628099
antarctic research	-0.1223	-0.8065	5	96	224	3	2011.169643
antarctic sea	-0.2529	0.1444	1	160	394	4	2013.249337
antarctic sea ice	-0.0053	0.3422	1	123	294	3	2013.381098
antarctic shelf	0.2508	-0.4328	2	176	408	3	2012.952381
antarctic sound	0.0144	0.3103	2	124	318	3	2014.333333
antarctic summer	-0.9903	0.5382	4	117	268	2	2009.767442
antarctic surface water	0.1404	0.1466	2	253	730	5	2009.521739
antarctic waters	-0.7758	0.4179	4	175	454	4	2008.982456
antarctica	-0.1859	-0.137	4	1007	7134	66	2011.220175
antarctica peninsula	0.0126	-0.1457	6	193	468	3	2013.348837
anticyclonic eddy	0.2155	0.3733	2	94	238	2	2008.5
anvers island	0.2604	-0.2377	5	320	916	7	2012.571429
ap	-0.6218	-0.4847	3	156	376	3	2012.867647
application	-4e-04	-0.5612	5	173	410	3	2012.361823
approach	-0.08	-0.124	5	554	2054	17	2013.011682
archipelago	-0.6241	-0.1435	3	116	246	2	2011.082609
arctic	-0.3481	-0.9069	5	97	200	2	2012.189504
arctic antarctic	-0.3467	-0.9065	5	97	200	2	2012.938182
area	-0.196	0.0126	3	949	5948	55	2011.37466
array	0.4656	0.6407	2	100	218	2	2011.101235
ascidians	-0.9753	-0.4105	3	118	286	3	2014
assemblages	-0.7445	-0.3557	3	389	1354	13	2012.247588
assessment	-0.2226	-0.0612	1	172	424	5	2013.024899
association	-0.6377	0.2009	4	327	948	8	2011.081886
atm	-0.1902	1.1114	1	100	234	2	2014.48731
atmosphere	0.4886	0.4509	6	212	582	5	2011.581199
atmospheric circulation	0.6226	0.4142	6	113	250	2	2012.002058
atmospheric temperature	-0.3911	0.2074	4	95	214	2	2010.509554
attention	0.0727	-0.6292	3	94	192	2	2012.917808
austral	0.8214	0.3422	2	180	544	5	2009.558824
austral fall	1.2888	-0.2814	2	107	272	2	2011.611111
austral spring	-0.1612	-0.4322	6	128	312	3	2012.488722
austral summer	0.0568	0.2816	2	521	2030	18	2012.0726
austral winter	0.4919	-0.3017	2	146	376	3	2010.937853
autumn	-0.5286	-0.18	4	227	624	4	2011.726708
availability	-0.2949	-0.044	4	475	1772	14	2012.908905
backscatter	0.2501	-0.3686	6	133	284	2	2011.126712
bacterioplankton	-0.4859	0.7704	1	113	262	2	2014.277108
balance	0.6699	-0.0231	2	491	1922	16	2011.539286
barotropic	1.3251	0.0832	2	86	186	2	2008.382671
barrier	0.6528	-0.4546	2	102	210	2	2010.248366
baseline	-0.4113	0.1129	1	203	524	4	2012.74934
basin	0.4183	0.4772	2	373	1454	13	2010.09645
bathymetry	0.7976	-0.0993	2	352	1218	10	2011.112299
bay	0.0852	0.2147	1	939	5932	52	2010.11814
behavior	0.197	0.2822	1	157	346	3	2011.103784
bellingshausen	0.3477	0.441	2	279	912	8	2010.935252
bellingshausen sea	0.2802	0.4724	2	247	726	6	2010.579545
benefits	-0.526	-0.9233	3	94	216	2	2014.038732
benthic	-0.8388	-0.3393	3	280	826	9	2011.160714
benthic assemblages	-0.8419	-0.6817	3	104	272	3	2014.727273
benthic biodiversity	-0.6353	-0.6664	3	148	350	3	2014.166667
benthic biomass	-1.0998	-0.2331	3	109	236	2	2012.1
benthic carbon	-1.0547	-0.4487	3	159	392	4	2012.461538
benthic communities	-0.8915	-0.3727	3	299	868	7	2010.78125
benthic diatoms	-1.0892	0.1344	3	150	382	4	2013.222222
benthic ecosystem	-0.5835	-0.7999	3	138	346	3	2014.625
benthic megafauna	-1.0757	-0.2269	3	87	192	2	2014.333333
benthos	-0.7937	-0.6804	3	342	1322	13	2011.247312
biodiversity	-0.8115	-0.7028	3	219	586	5	2013.864286
biogenic	-1.0239	0.3086	3	110	244	2	2011.609375
biogenic opal	-0.0062	0.8723	1	138	306	2	2009.625
biogenic silica	-0.1814	0.8579	1	200	518	4	2013.37931
biogeochemical	0.1827	0.7622	1	171	366	2	2013.144444
biogeochemistry	-0.0316	0.2818	1	343	1052	9	2014.025316
biological	0.4064	0.4012	1	196	488	4	2012.548387
biological activity	0.5907	0.3132	5	109	240	2	2012.109091
biological hotspot	0.722	-0.7213	5	181	548	5	2017.866667
biological parameters	-0.1752	0.7898	4	118	266	2	2012.72
biological processes	0.9979	-0.4559	2	167	498	4	2011.762963
biological production	0.5827	0.6832	1	104	234	2	2012.25974
biological productivity	0.5355	-0.2044	5	281	860	7	2011.175824
biological response	-0.4826	-0.7982	3	108	288	3	2011.764706
biology	-0.5238	-0.2742	3	256	686	7	2011.284153
biomarker	-0.1381	0.0521	1	80	182	2	2012.628169
biomass	-0.4518	-0.19	4	751	4380	36	2012.021332
biomass carbon	-0.6651	0.125	4	213	576	5	2014.015385
biota	-0.2659	-0.8256	3	177	470	5	2010.887755
birds	0.3995	-0.5372	2	105	234	2	2010.570776
bivalve	-1.082	-0.2641	3	108	244	2	2012.816667
bloom	-0.3117	0.0285	4	813	4722	37	2012.055462
blue carbon	-0.9279	-0.9149	3	137	424	3	2018
blue carbon sink	-0.9581	-0.9065	3	109	278	2	2017.5
bottom topography	0.6303	-0.4304	2	134	286	2	2005.328205
bottom up	-0.1455	-0.8148	6	110	242	2	2011.583333
bottom-up	-0.1439	-0.8147	6	110	242	2	2011.733333
boundary	0.8792	0.1518	2	334	1188	11	2008.420868
bp	-0.0384	0.4372	1	191	460	3	2012.006369
bransfield	0.2527	0.2994	2	663	3320	31	2008.929577
bransfield current	0.7449	0.0205	2	186	622	6	2008.857143
bransfield strait	0.2156	0.3268	2	655	3224	30	2008.107692
breeding	0.6717	-0.7194	5	37	76	2	2010.484848
bryozoans	-0.9095	-0.6384	3	208	566	6	2013.15
budget	0.9545	0.0228	6	211	616	4	2011.153068
buoyancy	0.8798	-0.3463	2	178	494	4	2009.220441
buoyancy frequency	0.9447	-0.524	2	90	234	2	2010.970588
c-14	-0.6778	0.5954	1	125	272	2	2010.938406
calcium	0.4455	0.8845	1	239	652	5	2011.801325
calcium carbonate	0.4508	1.0301	1	221	604	4	2012.409524
calcium carbonate saturation	0.5383	1.1391	1	117	282	2	2014.055556
calving	-0.451	-0.3318	3	121	268	2	2012.793722
camera	-0.66	-0.34	3	127	274	3	2013.671756
canonical	-1.0186	0.1766	4	101	222	2	2012.515152
canonical correspondence analysis	-0.8575	0.2114	4	196	488	4	2013.030303
canyon	0.5829	-0.25	5	320	1134	10	2010.723005
canyon hypothesis	0.8899	-0.445	5	101	262	3	2016.666667
capture	-0.757	-0.6791	3	179	476	4	2012.315068
carbon	-0.3087	0.4306	1	850	5604	46	2013.107259
carbon accumulation	-0.9994	0.0796	3	100	208	2	2013.177778
carbon capture	-0.8866	-0.9522	3	111	286	2	2014.25
carbon cycle	0.0869	0.764	1	179	470	4	2014.082353
carbon cycling	0.4738	0.7979	1	292	948	6	2014.143411
carbon dioxide	0.4495	1.0608	1	154	396	3	2013.148903
carbon dynamics	-0.4016	0.5546	1	240	640	5	2013.959016
carbon export	-0.6069	0.2538	1	168	398	3	2013.471264
carbon flux	-0.3272	0.5515	1	266	734	6	2012.72381
carbon sinks	-0.6191	-0.4086	3	264	798	6	2013.912698
carbon stocks	-0.8789	-0.1845	3	185	426	3	2014.463415
carbon storage	-0.9678	-0.7977	3	163	524	4	2014.537313
carbonate	0.4472	0.9399	1	263	828	6	2011.940552
carbonate chemistry	0.4663	0.9257	1	123	284	2	2014.10989
carbonate saturation	0.5372	1.1394	1	117	282	2	2014.230769
carbonate system	0.6165	0.9941	1	140	364	3	2013.676923
carlini station	-0.2056	-0.954	6	98	218	2	2017.5
carotenoids	-0.9923	0.4918	4	108	258	2	2012.688889
case	-0.7652	-0.0181	4	97	202	2	2010.847835
case study	-0.7658	-0.0183	4	97	202	2	2012.678179
cause	-0.0703	-0.4564	4	98	218	2	2011.675244
cell	-0.7872	0.1005	4	382	1430	12	2011.359784
cell numbers	-1.0919	0.1266	4	92	198	2	2011.044444
cell size	-0.7377	-0.1677	4	197	472	3	2013.414634
centric diatoms	-0.7671	0.5366	4	105	242	2	2016.071429
century	-0.0443	0.2566	1	342	1146	11	2012.205869
challenges	0.2067	-0.7624	5	155	404	4	2014.48237
changes	-0.1508	-0.1589	5	1158	11344	99	2012.206219
channel	0.4301	0.2163	2	147	336	3	2009.903036
characteristics	-0.0034	-0.038	2	501	1926	17	2010.936545
chemical	-0.1395	0.6107	4	227	652	6	2011.607029
chemical parameters	-0.4358	0.6174	4	110	244	2	2012.333333
chemical properties	-0.4338	0.6185	4	110	244	2	2011.438017
chemistry	0.484	0.6459	1	205	530	4	2012.465976
chemtax	-0.9612	0.3528	4	131	288	2	2016.4
chile	-0.5769	0.6948	1	95	204	2	2012.697531
china	-0.3919	0.5562	1	53	110	2	2013.948798
chl-a	-0.4735	-0.1807	4	212	624	5	2013.903226
chlorophyll	-0.1841	-0.0992	4	592	2760	22	2011.700197
chlorophyll alpha	-0.517	0.0424	4	314	1012	8	2012.767568
chlorophyll concentration	0.0127	-0.9117	5	139	322	3	2010.529412
chlorophyll maximum	0.1987	-0.6256	5	123	272	2	2012.953488
chlorophyll-a concentration	-0.7185	-0.0506	4	122	280	2	2012
chromatography	-1.0574	0.2985	4	115	254	2	2010.861702
ciliate	-0.6012	0.5791	4	88	200	2	2013.857143
circulation	0.7691	-0.1758	2	675	3542	28	2010.44219
circulation patterns	0.7126	-0.5507	2	253	612	4	2010.597956
circumpolar	0.7655	0.0285	2	735	4286	33	2008.65295
circumpolar current	0.7495	0.168	2	436	1584	12	2008.384884
circumpolar deep	0.807	0.0541	2	643	3342	26	2009.743363
circumpolar deep water	0.8247	0.1285	2	620	3206	25	2009.940625
circumpolar deep water intrusions	1.2204	-0.0241	2	91	220	2	2013.428571
classification	0.2211	-0.4831	5	110	248	3	2011.561043
climate	-0.2172	-0.2826	6	922	6134	54	2012.847305
climate change	-0.2798	-0.408	3	847	4904	43	2013.106897
climate modes	0.5469	-0.8192	6	126	312	2	2013.133929
climate system	-0.0651	-0.2623	5	100	224	2	2012.717277
climate variability	0.0452	0.2213	1	239	660	6	2012.20898
climate warming	-0.3535	-0.7963	3	116	268	2	2013.628339
climatology	0.6982	0.0799	2	133	286	2	2010.440048
co2	0.3102	0.8627	1	329	1196	10	2013.165022
co2 flux	0.5349	0.9759	1	143	370	3	2014.428571
coast	0.7087	0.332	2	332	1008	9	2010.134684
coastal	0.3202	0.4033	1	402	1396	11	2010.739865
coastal areas	-0.7188	0.2339	4	270	842	8	2012.54386
coastal currents	1.2222	-0.4182	2	82	198	2	2008.525974
coastal ecosystems	0.279	0.221	1	165	426	4	2013.132075
coastal environments	0.4417	0.9878	1	131	286	2	2012.679012
coastal marine	0.1641	-0.3881	5	237	628	5	2012.349206
coastal ocean	-0.1365	0.8713	1	196	498	3	2011.345238
coastal phytoplankton	-0.6108	0.0383	3	164	434	4	2015.5
coastal regions	-0.0147	-0.36	3	120	286	3	2011.633188
coastal seas	0.8847	0.1305	2	215	648	5	2011.26087
coastal waters	-0.3113	0.3757	1	459	1662	14	2011.971338
coastal zone	0.4975	0.8013	1	169	456	4	2011.138158
coastline	0.4317	-0.1426	6	198	526	4	2010.273529
coefficients	-0.213	0.1378	1	159	350	2	2010.617647
coherent	1.195	-0.1337	2	107	230	2	2010.047859
cold	-0.5956	-0.4728	3	77	162	3	2011.824903
collapse	0.1074	0.1341	1	183	458	4	2012.51938
collection	0.2569	-0.8145	5	64	140	2	2011.129412
collision	-0.9364	-0.9093	3	127	364	3	2010.261905
colonies	0.0131	-0.5242	3	199	518	4	2010.888235
colonization	-0.8921	-0.5304	3	89	190	2	2010.8
column	-0.1537	0.4309	1	871	5242	41	2010.224159
community	-0.4833	-0.0372	4	866	5504	47	2013.620087
community composition	-0.6371	0.3317	4	376	1442	11	2014.941973
community dynamics	-0.8195	-0.4407	4	129	286	2	2015.230769
community production	-0.1572	0.8843	1	271	866	7	2014.055556
community respiration	-0.4584	0.562	1	220	588	4	2012.642857
community structure	-0.6173	-0.1389	4	274	772	6	2013.563433
comparison	-0.0933	-0.2722	2	246	662	6	2010.70057
competition	0.2183	-0.8253	5	96	206	2	2011.637209
complex	0.571	-0.0207	5	102	222	2	2011.908387
composition	-0.5931	0.3176	4	675	3732	29	2012.45256
compounds	-0.894	0.28	3	129	280	2	2012.161238
concentrations	-0.2769	0.2723	4	803	4650	38	2011.643222
condition	0.0353	0.0899	2	133	308	3	2010.79798
conduit	0.9452	-0.3543	2	106	242	2	2012.589041
consequences	0.2493	-0.2117	6	365	1164	8	2012.275862
content	-0.191	0.3024	1	360	1062	7	2011.761593
continent	1.016	0.6104	6	107	230	2	2011.202884
continental	0.9541	-0.2861	2	282	892	7	2010.243993
continental shelf	0.1899	-0.1503	3	672	3232	27	2010.424501
continental shelves	0.758	-0.3392	2	175	530	4	2010.369565
contrast	-0.1228	0.4406	1	363	1252	10	2011.509677
control	0.5001	0	2	445	1516	13	2012.474255
convergence	0.8991	-0.6066	5	171	422	4	2010.408056
cooling	0.1417	0.4041	1	185	488	4	2010.829787
copepods	-0.0762	0.079	4	100	258	3	2009.285714
core	-0.0659	0.5718	1	353	1234	12	2010.446523
corethron	-1.0256	0.0666	4	132	330	3	2017
correlation	0.2377	0.1894	2	359	1130	9	2011.333794
correspondence	-0.8586	0.2116	4	196	488	4	2010.493023
correspondence analysis	-0.8581	0.2099	4	196	488	4	2011.431373
coupling	-0.3452	-0.4239	3	230	600	5	2011.935532
cover	0.243	-0.1774	2	546	2564	21	2011.664763
coverage	-0.337	0.1396	1	360	1122	9	2012.329283
cross-shelf	1.3323	-0.1485	2	90	200	2	2011.354839
cross-shelf transport	1.3247	0.0818	2	86	186	2	2012.758621
cruise	0.1129	0.3493	2	223	590	6	2008.733524
cryosphere	-0.5719	-0.8584	3	73	160	2	2014.539877
cryptophytes	-0.7508	0.4587	4	441	2014	15	2015.394737
ctd	0.6213	0.105	2	277	804	6	2007.172414
current	0.7864	-0.0354	2	593	2992	28	2008.757215
current measurements	1.0117	-0.6458	2	160	376	3	2004.949495
current meter data	1.1611	0.1629	2	71	176	2	2004.477273
current meters	0.9559	0.0849	2	37	86	2	2003.461538
curvature	1.4313	-0.3224	2	94	296	2	2009.535714
cycle	-0.1893	0.2049	1	480	1700	14	2011.47296
cycling	0.2696	0.7314	1	335	1214	9	2014.035763
cytometry	-0.8673	0.178	4	158	396	3	2013.97619
data	0.0912	-0.055	2	1051	7738	67	2011.015066
data set	0.6257	0.0401	2	187	518	5	2010.433246
data sets	-0.3924	0.0316	3	244	650	5	2011.63144
data/model	0.1734	-0.8455	5	66	156	2	2011.4
database	0.0638	0.6898	1	163	364	3	2012.403509
dataset	0.5075	0.735	1	245	660	5	2012.68054
date	-0.01	0.3013	1	259	654	5	2012.087051
decadal	-0.5582	0.0085	4	149	322	3	2012.008761
decadal variability	-0.4256	-0.2987	4	110	244	2	2011.26893
decline	0.3583	-0.253	6	157	398	3	2013.254217
deep	0.8061	-0.1622	2	688	3904	32	2008.172697
deep basins	0.7185	0.0759	2	103	240	2	2011
deep ocean	0.5252	-0.0722	2	152	334	3	2011.244019
deep sea	-0.573	0.3797	1	89	192	2	2010.4
deep water	0.7634	0.2038	2	673	3790	30	2008.094223
deep water masses	-0.1837	0.918	1	101	232	2	2009.424242
deep water modification	0.4311	0.8829	2	115	264	2	2017.5
deficit	-0.2496	1.0362	1	91	204	2	2010.613793
definition	0.4994	-0.6261	2	75	162	2	2010.611111
deglaciation	0.5172	0.6388	6	108	246	2	2010.986813
delay	0.2686	-0.1979	2	125	266	2	2011.240223
delivery	0.3833	0.3539	1	219	606	5	2013.849246
delta	-0.0769	0.943	1	195	552	5	2010.255844
density	-0.4776	-0.1275	3	365	1140	10	2009.879211
deployment	0.8706	-0.7709	5	90	188	2	2011.833333
deposit feeding	-0.7652	-0.4594	3	117	274	2	2013.6
deposition	-0.892	-0.33	3	157	388	3	2012.094256
deposits	-0.505	-0.251	3	195	486	4	2011.200561
depression	1.208	-0.2913	2	100	234	2	2010.355769
depth	-0.1581	0.026	1	723	3366	27	2010.672402
description	0.5657	0.3565	1	232	626	5	2009.996622
design	0.1711	-0.5376	6	127	278	2	2013.015625
detail	0.3741	-0.6307	5	118	262	2	2011.078886
determination	-0.3588	0.7559	1	132	288	2	2010.57381
development	0.193	0.0837	5	309	908	9	2011.773084
diatom	-0.6872	0.2774	4	729	4484	36	2012.261803
diatom bloom	-0.8549	0.2295	4	262	732	6	2011.26087
diatom species	-0.4891	0.6877	4	107	240	2	2012.5
dic	0.5796	0.7516	1	162	426	3	2012.614865
difference	-0.3474	0.0651	3	219	524	4	2011.163032
diffusion	0.7401	0.4739	2	158	364	3	2008.759067
diffusion model	0.7849	0.3451	2	114	252	2	2005.7
diffusivity	0.9411	0.229	2	184	520	4	2009.739496
dilution	0.3668	1.1921	1	132	322	2	2009.094828
dinoflagellate	-1.0036	0.1676	4	271	940	8	2012.671642
discharge	-0.16	0.2092	3	406	1508	12	2012.354474
disintegration	-0.6293	-0.2146	3	227	566	5	2011.467105
dispersal	-0.2431	-0.3318	3	109	258	3	2011.394973
distance	0.4596	-0.0179	2	239	620	6	2011.010448
distribution	0.301	-0.0417	2	803	4202	35	2010.907306
distribution patterns	0.3188	-0.0869	2	49	114	2	2010.866972
disturbance	-0.8707	-0.6311	3	239	756	7	2011.750678
diversity	-0.8936	-0.3165	4	297	928	8	2013.553494
doc	-0.1542	0.4731	1	111	242	2	2012.69379
domains	0.0869	-0.0013	1	208	484	3	2011.565217
dominance	-0.8666	-0.0228	4	426	1568	12	2012.29375
doppler	1.0608	-0.1729	2	242	758	6	2008.887324
drake passage	0.322	0.3685	2	350	1202	10	2008.373887
drawdown	0.0867	0.6473	1	335	1174	9	2012.950617
drift	-0.6989	-0.573	3	140	318	3	2009.705986
drifter tracks	1.2549	0.0398	2	93	218	2	2008.25
drifters	1.0472	-0.1649	2	182	536	5	2008.415584
drivers	-0.3148	0.1547	4	433	1448	11	2015.864011
duration	-0.3587	-0.4731	3	421	1500	12	2012.189258
dust	-0.0323	0.6956	1	110	246	2	2012.455882
dynamics	0.2227	0.0508	2	818	4740	40	2012.382241
early spring	-0.1367	-0.6975	5	136	344	3	2010.921788
earth	-0.3069	-0.4971	3	325	1072	11	2012.416212
east	-0.6865	-0.28	3	63	136	3	2011.088561
east antarctica	-0.6652	-0.3157	3	56	116	2	2012.024096
ecological impacts	0.0179	-0.6401	5	86	186	2	2014.2
ecological research	0.3049	-0.3122	5	385	1348	9	2012.3
ecology	0.2182	-0.5889	5	552	2394	20	2012.514768
ecosystem	0.0097	-0.3742	5	957	6656	59	2013.530062
ecosystem changes	-0.3894	-0.8478	4	98	212	2	2013.350427
ecosystem dynamics	1.1691	-0.3134	2	160	530	6	2012.313725
ecosystem feedbacks	0.6452	-0.1838	6	125	284	2	2014.916667
ecosystem function	-0.6875	-0.4533	4	171	400	3	2013.98
ecosystem models	-0.3746	-0.8692	3	130	302	2	2013.345455
ecosystem processes	0.5116	-0.659	5	187	446	3	2013.946903
ecosystem responses	-0.3272	-0.7299	3	201	554	6	2013.298246
ecosystem services	-0.6756	-0.6912	3	175	460	4	2015.467532
ecosystem structure	-0.2793	-0.7848	3	163	424	3	2012.914634
eddies	0.8336	0.0937	2	342	1220	12	2009.304565
eddy diffusivity	0.4187	0.7653	1	146	358	3	2010.096774
effects	0.1323	-0.0202	3	721	3566	28	2011.624055
efficiency	-0.2018	0.2908	1	189	492	5	2012.80663
effort	0.7641	0.6409	1	82	174	2	2012.512579
el nino	0.4976	-0.3382	6	285	902	6	2011.439268
el nino-southern oscillation	0.3988	-0.1677	6	349	1146	8	2011.537252
electron	-0.3674	0.2031	4	90	202	2	2011.572917
elements	0.1526	-0.6777	5	76	166	3	2011.89258
elephant	1.2811	0.1285	2	110	264	2	2012.65
elephant island	1.2819	0.1299	2	110	264	2	2011.75
empirical orthogonal function	-0.2784	0.0169	6	98	234	2	2009.847087
energy	-0.3793	-0.4109	3	184	434	3	2011.753532
energy balance	-0.6873	-0.3719	3	131	284	2	2012.273256
enrichment	0.2706	0.8222	1	182	450	3	2011.973485
entrainment	0.67	0.739	2	109	230	2	2007.739437
environment	0.0067	0.2198	1	701	3404	30	2012.515563
environmental	-0.6963	-0.1856	4	152	376	3	2010.845217
environmental changes	-0.6622	-0.2652	4	113	250	3	2013.895683
environmental conditions	-0.7851	0.0216	4	355	1208	11	2013.912338
environmental data	-0.5294	-0.5336	4	118	258	2	2013.041667
environmental factors	-0.962	-0.1536	4	134	298	2	2013.842444
environmental gradients	-0.9859	-0.1751	4	199	534	4	2013.88
environmental parameters	-0.4454	-0.1468	4	189	468	3	2012.892157
environmental variables	-0.3513	-0.4888	3	204	508	5	2012.972376
equilibrium	-0.7119	-0.5328	3	124	272	2	2010.171186
erosion	-0.6971	0.205	3	152	398	3	2011.871716
estimate	-0.9712	0.0132	4	123	258	2	2010.903093
estimation	0.268	0.1546	1	132	302	3	2012.012407
euphausia	-0.2171	-0.8501	5	134	316	3	2009.076923
euphausia superba	-0.2176	-0.8498	5	134	316	3	2009.818182
euphotic layer	-0.4199	0.1965	1	157	348	3	2012.842105
euphotic zone	-0.0992	0.5736	1	296	834	6	2011.97
evaluation	0.2467	-0.1679	5	178	422	4	2013.100503
events	0.0264	0.2998	4	521	1970	16	2012.030986
evolution	0.412	0.4881	1	301	880	7	2012.05694
exchange	0.9169	0.0558	2	257	778	6	2010.706601
expedition	0.1349	0.4036	1	218	558	5	2010.922432
experiments	0.1804	-0.1437	5	336	1036	10	2011.075205
export	-0.3236	0.6495	1	351	1156	9	2011.295396
exposure	-0.7501	-0.1436	4	217	558	5	2012.977505
extension	0.4244	0.1561	2	152	356	4	2010.251641
extent	-0.0878	-0.1788	6	552	2112	16	2011.835219
f-ratio	-0.0755	0.7985	1	115	264	2	2011.333333
f-v/f-m	-0.2654	0.7002	4	134	304	2	2013.833333
fall	0.8201	-0.1734	2	309	954	8	2011.228402
fast ice	-0.4417	-0.7655	3	188	496	4	2010.587302
fauna	-0.8262	-0.7042	3	138	310	3	2011.230769
fe	0.7627	0.5087	1	234	676	5	2012.054167
fe input	1.1366	0.091	2	112	254	2	2013.75
features	0.5032	-0.174	2	518	2122	19	2010.384646
feedback	-0.5527	-0.5273	3	356	1274	10	2013.003957
feeding	-0.765	-0.4582	3	117	274	2	2008.431111
field	0.0778	-0.4308	5	566	2206	18	2010.533445
field data	-0.8999	-0.035	4	194	530	4	2011.688136
field measurements	-0.7715	0.5507	4	122	292	2	2011.524345
field observations	0.162	0.2121	1	109	238	2	2011.242424
fildes bay	-0.3265	0.121	4	134	322	3	2015.857143
filter	-1.0945	-0.3631	3	92	196	2	2011.920139
filter feeders	-1.0016	-0.5171	3	141	382	4	2012.888889
fjord	-0.4139	-0.0815	3	404	1376	12	2013.427767
flagellates	-0.4401	0.6545	4	239	680	5	2010.584906
flow	1.0179	0.0607	2	351	1228	10	2010.017411
flow cytometry	-0.8665	0.1796	4	158	396	3	2014.159091
flux	0.3372	0.299	1	723	3898	31	2010.974387
food	-0.5296	-0.156	4	636	3018	26	2012.031915
food supply	-1.0609	-0.1063	3	106	240	2	2012.3
food web	-0.4058	-0.0608	4	572	2554	22	2013.363874
food web interactions	-0.8968	0.141	4	111	248	2	2015.090909
foraging	0.6319	-0.9271	5	155	418	4	2011.44385
foraging ecology	0.4973	-1.0169	5	105	242	2	2007
force	0.0621	-0.3921	2	107	254	2	2011.140909
forcing	0.5201	-0.2813	2	476	1772	15	2011.371506
formation	0.2243	-0.4791	6	354	1132	9	2010.511811
fourcade glacier	-0.6664	-0.205	3	179	520	4	2017.166667
fraction	-0.3383	0.3696	4	313	966	7	2011.553026
fractionation	-1.1012	0.077	4	103	250	2	2011.073171
fragilariopsis	-0.4452	0.5733	4	145	316	2	2012.761905
fragments	-0.567	0.5158	4	105	222	2	2010.917127
framework	0.3295	0.6238	1	191	506	5	2013.208431
frequency	-0.3719	-0.6908	3	313	982	8	2011.174374
freshening	0.209	0.7385	1	154	358	3	2010.903704
freshwater	0.6601	0.5293	6	383	1430	11	2011.825688
freshwater budget	0.9528	0.4138	6	116	292	2	2010.626866
freshwater input	0.9078	0.3545	6	241	758	6	2012.597122
front	0.174	0.2147	2	572	2592	23	2009.508357
frontal systems	0.0714	0.7086	1	118	274	2	2007.535714
function	-0.6948	-0.378	4	238	664	5	2010.972155
functional diversity	-1.186	-0.4046	4	102	238	2	2015.244444
functional groups	-1.071	0.1218	4	155	374	3	2013.383178
future	-0.0217	-0.3629	3	245	664	6	2013.712684
future research	0.4001	-0.6034	6	150	402	3	2012.992857
gamma	0.3878	-0.1542	6	153	344	2	2011.226804
gap	0.4788	-0.4847	6	187	504	4	2012.915572
gas	-0.162	0.088	4	169	398	4	2012.319686
geography	-0.9091	-0.4572	3	88	200	2	2012.5
george vi	0.9092	-0.3799	2	99	216	2	2008.848485
georgia	-0.9253	-0.2075	3	147	336	3	2008.793103
gerlache strait	0.169	0.6549	1	316	1070	9	2013.666667
glacial	-0.192	0.471	1	259	680	5	2011.612378
glacial discharge	0.1964	0.2218	6	258	848	7	2015.947368
glacial erosion	-0.6638	0.5794	1	95	222	2	2013.302326
glacial ice	0.9415	0.7438	6	152	372	3	2010.732394
glacial inputs	0.5645	0.4792	6	123	264	2	2016.25
glacial melt	0.5597	0.5874	6	164	414	3	2013.508772
glacial meltwater	-0.0694	0.5653	1	357	1188	9	2014.267176
glacial sediments	-0.5239	0.5457	1	78	188	2	2012.1875
glacier	-0.3703	-0.0836	3	678	2992	28	2012.551157
glacier front	-0.9136	-0.4533	3	150	384	3	2013.548673
glacier meltwater	-0.5315	0.1441	4	102	228	2	2015.580645
glacier retreat	-0.5851	-0.5411	3	328	1090	11	2014.020513
glacimarine	-0.0583	0.7328	1	86	192	2	2011.272727
glacimarine environment	-0.0573	0.7328	1	86	192	2	2015
glider	0.8493	-0.4877	2	310	1074	9	2015.757576
global	1.285	-0.2747	2	154	506	5	2012.401509
global climate	0.1441	-0.3728	5	162	400	4	2012.960148
global ocean	0.8261	0.2086	2	220	600	5	2012.454839
globec	1.057	-0.3594	2	105	248	3	2008.588235
gradient	-0.1454	0.1125	1	517	1988	16	2011.354256
gravity	0.7449	0.0672	2	99	282	3	2010.857664
gravity currents	0.7452	0.0657	2	99	282	3	2007.648649
grazing	0.3805	0.52	1	111	248	2	2012.554404
grid	0.1603	-0.0202	1	282	836	7	2011.079167
groundwater	0.3366	0.7413	1	104	246	2	2013.564784
group	-0.9354	-0.0087	4	231	628	5	2011.722362
growth	-0.3373	-0.3189	3	536	2356	20	2011.406319
growth experiments	-0.7398	0.2216	4	108	264	2	2011.904762
growth rate	0.3751	-0.5842	5	136	318	3	2010.818356
gymnodinium	-1.0422	0.5153	4	120	284	2	2014
h-2	-0.423	-0.0692	3	108	228	2	2014.017857
habitat	-0.1274	-0.5736	3	191	470	5	2012.561584
haptophytes	-0.7276	0.4274	4	306	986	7	2013.092308
head	0.7474	-0.3473	2	144	338	3	2010.621429
heat	0.8186	-0.168	2	462	2016	15	2011.129975
heat budget	0.8902	-0.5213	6	142	324	2	2008.665541
heat content	0.2	-0.3577	6	147	330	2	2012.877419
heat flux	1.1563	-0.1522	2	216	734	6	2010.709804
heterogeneity	-0.4848	0.0098	3	200	468	3	2014.002481
heterotrophy	0.5844	0.9106	1	147	354	3	2013.636364
high frequency radars	0.7555	-0.9969	5	106	254	2	2015.833333
high irradiance	-1.0847	0.1819	4	131	290	2	2016
high latitudes	-0.9093	-0.4564	3	88	200	2	2011.932029
high light	-1.0795	0.1747	4	122	288	2	2012.208333
high nutrient	-1.0262	0.381	4	164	398	3	2010.433962
high nutrient low chlorophyll	-1.0108	0.4281	4	108	238	2	2011.636364
high performance	-1.0568	0.2989	4	115	254	2	2013.72
high spatial resolution	0.1332	0.5286	2	120	264	2	2013.379085
high temperatures	-0.8066	0.0068	4	199	476	3	2011.761364
high-frequency	0.7546	-0.9977	5	106	254	2	2011.689759
high-performance liquid chromatography	-1.0568	0.2978	4	115	254	2	2013.35
high-resolution	0.742	-0.0311	2	368	1208	10	2012.264879
history	-0.5052	-0.266	3	269	710	6	2011.001969
holocene	-0.1243	0.6691	1	176	520	5	2010.62959
holocene climate	-0.1536	0.8544	1	104	246	2	2012.389831
horizontal eddy diffusivity	0.338	0.7398	1	104	246	2	2008.6
horizontal resolution	0.8657	-0.1844	5	142	314	2	2011.685824
hot spots	0.6054	-0.8598	5	117	266	2	2014.903846
hotspot	-0.1182	-0.6126	5	370	1290	12	2015.44586
hplc-chemtax	-0.8606	0.415	4	197	580	4	2015.5
hydrographic	0.788	0.566	1	220	656	6	2008.115894
hydrographic data	0.9191	0.4473	2	188	550	5	2006.497059
hydrography	0.7803	-0.3935	2	280	798	7	2009.277922
hypothesis	0.0916	-0.519	5	273	794	7	2011.082126
ice	-0.1447	-0.0823	3	1110	9800	80	2011.721291
ice algae	-0.394	-0.7049	4	115	262	2	2013.987179
ice cap	-0.7504	-0.4046	3	129	276	2	2011.954907
ice chlorophyll	0.7332	-0.461	2	120	278	2	2015
ice concentration	-0.1156	-0.3007	6	90	214	2	2013.492537
ice conditions	-0.0119	-0.2738	5	266	782	6	2011.713198
ice coverage	-0.0286	0.1978	1	223	600	5	2012.512195
ice discharge	-0.2959	-0.3581	4	86	202	2	2013.796178
ice dynamics	0.6897	-0.1319	6	151	362	3	2013.540943
ice edge	-0.6769	0.4294	4	131	298	2	2010.185455
ice extent	-0.1008	-0.6252	6	266	742	5	2012.764347
ice formation	0.4091	-0.1863	6	272	750	6	2009.892857
ice influence	-0.4558	0.6551	4	143	320	2	2012.538462
ice loss	-0.6532	-0.7516	3	143	354	3	2014.762324
ice melt	0.5188	0.3624	6	330	1092	8	2012.747368
ice melting	-0.7337	0.2168	4	262	780	6	2011.241071
ice model	0.6773	-0.595	2	158	396	3	2011.207143
ice motion	0.8911	0.1052	6	155	416	3	2009.975904
ice processes	0.6559	0.5905	6	162	410	3	2011.444444
ice retreat	-0.5065	0.0179	3	278	840	7	2013.800752
ice scour	-0.9063	-0.7751	3	217	726	6	2007.25
ice sheet	-0.3967	-0.2335	3	169	418	4	2012.194459
ice shelf	-0.189	-0.448	3	569	2178	18	2011.573026
ice shelf disintegration	-0.5813	-0.5953	3	117	254	3	2012.138889
ice surface	-0.5635	-0.3342	3	138	322	2	2011.816258
ice zone	0.0456	0.8072	1	343	1074	7	2011.325359
ice-cover	0.3518	-0.1565	2	465	1892	16	2011.210019
ice-free	0.1146	-0.2741	2	281	792	7	2013.322981
ice-free areas	-1.0585	-0.0411	4	110	242	2	2013.169492
iceberg disturbance	-0.9756	-0.7214	3	112	248	2	2014.5
iceberg scouring	-0.9538	-0.8742	3	90	224	2	2015
icebergs	-0.7308	-0.6808	3	258	826	7	2011.523585
identification	-0.0363	-0.607	5	231	604	7	2011.944837
images	-1.0245	-0.0331	3	122	264	2	2011.32506
immobilization	-0.9858	-0.7398	3	138	384	3	2016.7
impact	-0.1429	-0.4154	3	768	3868	32	2013.206627
implications	-0.3712	0.3695	1	443	1664	14	2011.871583
incubation	-0.5275	0.8434	1	207	600	5	2012.64375
index	0.1022	-0.2991	6	194	482	4	2011.380952
indices	-0.4869	-0.4302	4	216	562	5	2012.102711
individuals	-1.0055	-0.3374	3	94	212	2	2011.172646
inflow	-0.3524	0.3816	4	138	334	3	2009.568182
influence	-0.2177	0.0766	5	624	2688	22	2011.779275
information	-0.5709	0.135	4	259	728	7	2011.767792
infrastructure	-0.056	-0.8796	5	56	118	2	2014.216606
injection	-0.1089	0.2477	1	104	226	2	2011.807018
inland	-0.2057	-0.3555	3	125	286	2	2012.551282
inland ice	-0.2066	-0.3557	3	125	286	2	2011.862745
inner shelf	1.0163	-0.536	5	116	264	2	2009.673077
inorganic carbon	0.2472	0.7751	1	334	1202	10	2012.45614
inorganic nutrients	-0.8549	-0.0241	3	126	270	2	2011.982143
inshore	0.2284	-0.1633	6	200	490	3	2007.307692
insight	0.1418	-0.8755	5	90	198	2	2012.936061
instability	1.0973	0.1291	2	135	326	3	2009.776848
intensification	-0.0275	-0.723	6	155	346	2	2011.672775
intensity	-0.0277	0.2086	1	233	588	5	2011.663823
inter-annual variability	0.545	-0.8203	6	126	312	2	2012.122807
interactions	0.1882	-0.0518	6	500	1826	14	2011.626733
interannual	-0.1239	0.6987	1	162	394	3	2009.011628
interannual variability	0.0211	0.2162	3	489	1822	14	2010.7663
interface	-0.4094	-0.5204	3	208	496	5	2010.689655
interior	1.1281	-0.298	2	120	362	3	2010.221733
intrusion	1.007	-0.108	2	460	1952	16	2011.398892
inventory	-0.2829	0.6185	1	274	836	6	2012.165029
invertebrates	-0.2571	-0.8699	5	86	188	2	2011.049793
ion	0.1372	0.934	1	113	236	2	2012.411616
iron	0.1293	0.5434	1	319	1082	8	2012.176678
irradiance	-0.687	0.0932	4	330	1002	9	2010.337793
island	-0.0648	-0.0991	2	881	5552	50	2009.956692
isotope	0.4275	0.7426	1	409	1456	11	2011.966793
jet	1.2073	-0.0911	2	174	506	5	2011.139834
key	-0.3201	0.2925	1	119	264	2	2013.075472
king	-0.7679	-0.1899	3	531	2328	21	2013.07113
king george island	-0.8029	-0.2004	3	484	2106	20	2013.25641
knowledge	-0.184	-0.6315	3	306	1008	10	2012.895394
krill	0.0154	-0.6489	5	486	2032	18	2012.106061
krill predators	0.3407	-0.9788	5	65	144	2	2009.5
labile	-0.7618	0.2638	1	107	240	2	2014.549296
laboratory	0.4857	-0.6424	5	137	312	3	2010.526248
land	0.2916	-0.0139	2	234	650	7	2012.42268
land-ocean interface	0.3355	0.7426	1	104	246	2	2015.5
landscape	0.1407	-0.6658	5	50	102	2	2013.677302
language	0.2958	-0.761	5	84	174	2	2018.048117
large	0.2881	0.2016	6	261	688	5	2011.479452
large-scale	0.195	-0.123	2	172	414	3	2011.165527
larsen	-0.5994	0.484	1	72	156	2	2010.903226
late holocene	-0.0983	0.6845	1	86	198	2	2010.923729
late summer	-0.8036	0.4844	4	232	748	6	2011.54902
latitude	-0.7509	-0.1582	3	164	400	4	2011.054819
layer	0.1817	0.3226	1	892	5968	46	2010.321275
lead	0.2275	-0.6045	3	144	326	3	2010.716069
length	0.0042	-0.0335	2	169	396	4	2010.5328
levels	-0.0935	-0.2265	5	595	2520	22	2011.25209
life	0.1209	-0.8574	5	160	404	4	2011.876747
life history	-0.0225	-0.9107	5	140	306	2	2011.362319
lifespan	-0.755	-0.4598	3	92	188	2	2012.375
light	-0.5556	-0.0168	4	372	1306	12	2011.753582
light availability	-0.7249	0.3783	4	231	740	6	2014.646154
light conditions	-0.8027	-0.0699	4	95	224	2	2012.46
limit	0.3485	0.0256	2	288	780	6	2010.544865
limitations	0.426	0.9329	1	170	448	3	2012.614846
line	-0.8177	-0.3595	3	226	606	5	2011.363128
links	0.0994	-0.3463	5	149	342	3	2012.592814
livingston island	1.2824	0.1281	2	110	264	2	2012
location	0.0069	-0.1806	3	329	922	9	2010.881081
long	0.1167	-0.3236	6	230	636	4	2009.685185
long-term	0.1667	-0.371	5	591	2678	21	2012.366366
long-term ecological research	0.304	-0.3141	5	385	1348	9	2011.945946
long-term studies	0.7164	0.727	1	67	142	2	2013.521739
long-term trends	0.4272	0.0641	1	159	398	3	2012.589226
loss	-0.4456	-0.6878	3	453	1876	17	2013.251087
low chlorophyll	-0.8454	0.4999	4	211	550	4	2010.470588
low salinity	-1.0099	0.4292	4	108	238	2	2007.542553
lter	0.3075	-0.704	5	186	478	4	2010.571429
macronutrients	-0.241	0.5793	1	335	1102	8	2013.808511
magnitude	-0.0105	0.4048	1	564	2262	18	2011.364091
mammals	0.6382	-0.5924	5	164	380	3	2011.107784
map	0.6294	-0.9108	5	179	462	4	2011.727201
mapping	0.3408	-0.9055	5	139	328	3	2012.226667
margin	0.1032	0.4052	1	341	1032	9	2010.972504
marginal ice	-0.4577	0.9259	1	116	290	2	2011.113924
marginal ice zone	-0.4595	0.9248	1	116	290	2	2011.202899
marginal seas	-0.6801	0.8683	1	116	254	2	2011.022222
marguerite bay	0.6092	0.1684	2	585	2720	22	2010.645833
marian cove	-0.8253	-0.3206	3	148	380	4	2011.833333
marine	0.0343	-0.3272	5	828	4920	44	2012.020366
marine climate	0.1816	-0.7994	5	46	104	2	2010.740741
marine ecosystems	0.1137	-0.6937	5	495	2036	19	2013.642259
marine environment	0.2948	-0.2614	5	308	882	7	2012.287625
marine food	-0.4996	-0.4302	4	137	352	3	2013.103448
marine food web	-0.5008	-0.4292	4	137	352	3	2013.207547
marine mammals	0.5319	-0.646	5	125	268	2	2011.844444
marine organisms	0.3181	0.4822	1	118	258	2	2013.71
marine productivity	0.0141	0.1295	3	98	210	2	2011.882353
marine sediment cores	-0.168	0.7707	1	73	162	2	2013.44186
marine sediments	-0.1854	0.6744	1	220	624	6	2011.473418
marine systems	0.1209	-0.3303	6	475	1886	15	2014.228916
markers	-0.9539	-0.8746	3	90	224	2	2013.021898
mass	0.0301	0.0764	3	646	2832	22	2010.941993
mass balance	-0.4475	-0.2599	3	120	270	2	2012.104996
matrix	0.1016	-0.6034	6	137	290	2	2011.695341
maximum	-0.2435	-0.1369	4	462	1586	14	2010.287843
mayo	-0.7565	-0.2258	3	159	386	3	2009.384615
mcdw	0.9807	0.0662	2	116	264	2	2013.032258
mean	0.1097	-0.0159	6	398	1326	10	2010.953636
measurements	0.3914	0.3276	1	756	3884	30	2010.932763
mechanisms	0.6811	-0.2427	2	574	2652	22	2011.610479
megafauna	-1.0751	-0.2271	3	87	192	2	2014.227273
melt	0.2856	0.3104	6	463	1878	14	2013.146853
melt-water	-0.2795	0.2249	6	178	438	3	2011.098684
melting	-0.703	0.0261	4	467	1830	16	2012.110283
melting glaciers	-0.6645	-0.165	4	89	206	2	2013.755556
melting sea ice	-0.5385	0.1704	4	123	272	2	2012.388889
meltwater	-0.1004	0.5553	1	616	2952	22	2012.781925
meltwater discharge	-0.2692	0.535	1	141	380	3	2015.061224
mesoscale	0.8584	-0.1587	2	271	890	9	2009.976526
mesoscale eddies	1.1217	-0.2388	2	140	336	3	2011.271028
mesoscale features	1.1953	-0.3258	2	76	170	2	2006.393939
mesoscale structure	1.0547	0.0153	2	83	174	2	2000.111111
mesoscale variability	0.9202	0.2225	2	60	132	2	2007.837209
mesozooplankton	-0.3793	0.3081	4	86	192	2	2009.5
metabolism	-0.0758	0.8956	1	127	306	3	2013.696486
metals	0.7417	0.6479	1	111	264	2	2012.223108
meteoric water	0.8051	0.5659	6	220	724	5	2012.964912
method	-0.049	-0.5169	5	267	650	7	2012.144788
mg	-0.5063	0.2868	4	554	2284	17	2010.971279
microbial	-0.4254	1.0232	1	87	214	2	2014.133333
microbial communities	-0.4258	1.024	1	87	214	2	2014.731973
microbial community composition	-0.4235	1.0235	1	87	214	2	2015.346154
micronutrients	0.1506	0.4754	1	245	660	5	2014.151515
microphytoplankton	-0.9134	0.1961	4	216	598	5	2009.238095
microplankton	-1.2094	0.1772	4	107	252	2	2015
microscopy	-0.9971	0.2175	4	216	618	5	2012.438017
minerals	0.4805	1.025	1	104	216	2	2012.390313
mixed-layer	0.5247	-0.2392	2	316	1018	8	2011.050847
mixed-layer depth	0.6099	-0.5239	2	197	564	4	2012.4375
mixing	0.195	0.4674	1	682	3550	29	2009.902919
mixture	-0.0646	-0.5668	5	124	272	2	2010.906921
mld	0.8367	-0.56	2	128	350	3	2012.387755
mn	0.7772	0.4548	5	123	286	2	2010.849624
mode	0.292	-0.2429	6	441	1714	12	2010.915266
model	0.033	-0.3322	3	764	3704	29	2011.651901
modeling	0.0965	-0.5232	5	335	986	7	2012.080047
modification	0.411	0.6582	2	143	350	3	2009.923977
modulation	0.6934	-0.3788	6	131	290	2	2010.980114
momentum	1.2927	-0.2737	2	142	428	3	2008.74186
monitoring	0.2766	-0.0824	6	370	1166	9	2012.828676
moorings	1.0214	-0.0045	2	192	490	5	2010.555556
mortality	-0.7836	-0.8829	3	146	434	4	2009.693662
motion	0.9427	0.154	6	193	516	4	2009.832335
mouth	-0.3449	0.6753	1	152	336	3	2011.528409
movement	0.8846	-0.7349	5	110	248	2	2009.813333
n-15	-0.01	1.0757	1	121	280	2	2013.565217
nanoflagellates	-1.0499	0.3455	4	197	542	4	2014.777778
nanophytoplankton	-0.5089	0.1488	4	206	518	4	2013.916667
nap	0.3887	0.955	1	96	228	2	2015.409091
national	-0.2657	-0.1133	4	144	328	3	2010.195652
nature	0.4162	-0.2457	6	98	214	2	2010.788145
navicula	-1.1157	-0.1739	4	79	194	2	2011
ncp	-0.0777	0.9351	1	245	732	6	2013.93617
near-surface	1.0246	0.2956	6	122	278	2	2011.177419
nearshore	-0.1593	0.2561	1	230	656	6	2010.655462
nearshore waters	-1.0645	-0.0471	3	111	278	3	2011.944444
negative feedback	-0.7675	-0.7633	3	169	492	4	2011.92562
net community production	-0.1591	0.8839	1	271	866	7	2013.923077
net heterotrophy	0.6912	0.9107	1	115	254	2	2013
net primary production	-0.4117	0.9145	1	212	632	5	2012.467391
network	0.4892	-0.9288	5	231	640	5	2012.964962
new ice	-0.8423	-0.5174	3	91	198	2	2008.838384
new production	-0.1789	0.9301	1	160	410	3	2006.707317
nitrate	-0.2171	0.8706	1	251	770	6	2010.126471
nitrification	0.0882	1.1725	1	125	300	2	2012.634409
nitrogen	-0.2847	0.6268	1	285	796	6	2012.807923
nitrogen isotopes	0.1141	0.9961	1	150	334	2	2012.5625
no3	-0.0071	0.962	1	179	466	3	2010.672414
no3-	-0.3721	0.8892	1	96	208	2	2011.56
north	-0.2699	0.5678	4	260	696	6	2010.374238
northern	0.0603	0.827	1	218	630	6	2011.106605
northern antarctic peninsula	0.0083	0.8161	1	199	594	6	2015.647059
northwest	-0.6463	0.4408	4	166	386	3	2011.701835
npp	-0.3152	0.705	1	220	606	4	2012.479167
numerical model	0.9792	-0.4753	2	217	666	5	2009.365706
nutrient availability	-1.2554	-0.0547	4	122	274	2	2013.783582
nutrient drawdown	0.0468	0.7121	1	184	474	3	2015.333333
nutrient utilization	0.0373	0.6659	1	162	402	3	2012.727273
nutrients	0.1267	0.2619	1	686	3376	26	2011.870968
nutrition	-0.9266	-0.3792	4	105	228	2	2012
o-18	0.5793	0.7191	6	154	382	3	2011.806034
o-2	0.0847	1.0213	1	198	538	4	2010.632353
o-2/ar	0.4729	0.8367	1	155	380	3	2015.666667
objective	0.5757	-0.3107	5	97	206	2	2011.917647
observational data	0.3606	0.9169	1	145	322	2	2011.486413
observations	0.3274	-0.0964	2	658	2680	24	2011.448164
oc	-0.7838	0.7186	1	92	212	2	2013.484305
occurrence	0.0716	-0.0782	4	339	934	7	2011.803551
ocean	0.2199	0.0889	1	1024	7334	62	2010.965167
ocean acidification	0.5547	1.0615	1	160	424	3	2014.72093
ocean circulation	0.5565	0.1173	6	260	692	5	2010.55339
ocean climate	-0.1763	0.7027	1	113	252	2	2011.955932
ocean currents	0.5668	0.5464	1	114	238	2	2010.666667
ocean ecosystems	0.3583	-0.3532	2	327	1004	9	2013.328571
ocean floor	0.019	-0.7714	5	66	144	2	2008.387755
ocean gliders	0.6207	0.5038	2	94	234	2	2016.529412
ocean interactions	0.8373	0.3157	2	113	244	2	2012.442308
ocean observations	0.5194	0.0925	2	132	296	2	2012.315436
ocean observing	0.6385	-0.8925	5	87	198	2	2015.2
ocean surface	0.6251	0.661	1	323	1078	8	2011.97351
ocean waters	-0.0087	0.7276	1	224	602	5	2011.075758
ocean-ice-atmosphere system	0.87	-0.126	6	131	296	2	2010.166667
oceanographic conditions	0.5752	-0.0454	2	47	106	2	2008.192771
oceanographic processes	0.3355	-0.399	5	101	224	2	2010.333333
oceanography	-0.6587	-0.5418	3	134	298	3	2009.138686
offshore	0.7188	0.2053	2	280	722	5	2009.651466
oil	0.5345	-0.6916	5	72	146	2	2011.484241
omega	0.685	0.9157	1	172	410	3	2010.990099
onset	0.6686	0.0178	6	133	298	2	2011.400894
onshore	1.0764	-0.311	2	102	226	2	2010.793103
opal	-0.005	0.8721	1	138	306	2	2010.5
open ocean	0.5942	0.488	1	260	642	5	2011.015873
open water	-0.6444	-0.7265	3	130	342	3	2011.389671
operation	1.0529	0.4204	6	92	192	2	2012.715909
order	0.1654	0.3923	1	413	1364	12	2010.598046
organic carbon	-0.3272	0.7605	1	369	1258	10	2012.96863
organic matter	-0.407	0.6335	1	411	1438	11	2012.485771
organisms	-0.2569	0.0979	4	305	950	9	2012.67134
origin	0.8762	-0.1361	2	89	182	2	2010.187679
oscillation	0.2077	-0.3253	6	364	1264	10	2010.801829
outcomes	-0.8916	-0.5049	3	72	152	2	2014.259036
outer shelf	0.9762	0.4673	1	100	212	2	2011.282209
outflow	0.4832	0.4508	1	147	336	3	2008.807601
oxygen	0.0599	0.6003	6	371	1292	11	2009.83871
oxygen isotopes	0.8386	0.552	6	182	542	4	2009.387435
palmer	0.5098	-0.4793	5	603	3014	24	2011.402174
palmer deep	0.8094	-0.6259	5	257	918	8	2016.272727
palmer lter	0.0757	-0.3874	5	184	476	4	2013
palmer station	0.2141	-0.3981	6	216	558	4	2008.272727
parameters	-0.4626	-0.0164	4	414	1400	10	2010.962104
part	0.4782	-0.0613	2	712	3690	31	2010.410034
partial pressure	-0.0708	1.1156	1	100	232	2	2013.333333
particle export	-0.4277	1.1722	1	93	216	2	2012.857143
particle flux	-0.586	0.8566	1	152	412	4	2011.4
particle trajectories	0.8507	-0.8134	5	146	380	3	2010.294118
particles	-0.2526	0.2211	1	487	1808	15	2011.108822
particulate	-0.5265	0.4236	1	265	804	7	2012
particulate carbon	-0.266	1.0731	1	126	320	3	2012.166667
particulate matter	-0.5202	0.2233	1	216	590	5	2012.141264
particulate organic	-0.4066	0.9267	1	108	242	2	2012.208791
particulate organic carbon	-0.4054	0.9266	1	108	242	2	2012.516854
partitioning	0.1117	-0.8467	5	97	206	2	2012.216749
past	0.455	0.4433	1	201	514	5	2012.316703
past century	-0.5231	0.5456	1	78	188	2	2011.116279
pathways	0.0987	-0.2501	5	322	926	7	2013.213274
patterns	5e-04	-0.2192	6	746	3846	31	2011.236066
pb-210	-0.4672	0.6455	1	123	280	3	2010.621622
pelagic	-0.2462	-0.5318	3	235	662	6	2011.982143
pelagic ecosystem	-0.2437	-0.0316	3	136	352	3	2011.277778
pelagic-benthic coupling	-0.6081	-0.1398	3	124	274	2	2013.181818
penguin foraging	0.7198	-0.8872	5	110	282	3	2015.333333
penguin populations	-0.2603	-1.0167	5	99	220	2	2014.166667
penguins	0.4012	-0.7744	5	334	1178	14	2011.289157
peninsula	0.0506	-0.0303	1	1284	16380	143	2011.596904
period	-0.0261	0.2285	2	552	2294	19	2011.210316
persistence	-0.252	-0.5972	3	186	444	3	2012.073254
pf	-0.5138	0.1048	2	113	246	2	2008.727273
ph	0.5356	1.0925	1	192	546	4	2013.361345
phaeocystis	-0.9544	0.2439	4	261	918	7	2013.745455
phaeocystis antarctica	-0.7941	0.2638	4	159	412	3	2014.7
phase	-0.7961	-0.5769	3	128	272	2	2011.300144
phosphate	-0.6411	0.1459	4	284	826	6	2010.048128
photophysiology	-0.888	0.3878	4	180	522	4	2017.071429
physical	0.0861	0.11	1	113	242	2	2009.0625
physical conditions	-0.0061	-0.3327	2	79	170	2	2011.75
physical environment	0.7195	0.2344	6	219	604	4	2010.739726
physical features	-0.05	-0.4385	5	125	266	2	2009.666667
physical mechanisms	0.922	-0.5662	5	109	268	2	2011.84
physical oceanography	0.4429	-0.5994	5	94	214	2	2007.84507
physical processes	0.6079	0.3702	1	212	538	4	2012.057576
physics	-0.0561	-0.2061	6	210	550	4	2011.674359
phytodetritus	-0.5917	-0.0943	3	110	240	2	2013.1875
phytoplankton	-0.2638	0.0096	4	1003	8274	69	2012.529026
phytoplankton abundance	-0.7902	0.2761	4	235	718	7	2013.363636
phytoplankton biomass	-0.2708	-0.1219	4	548	2492	21	2013.33125
phytoplankton bloom	-0.1507	0.1194	4	628	2964	24	2012.516129
phytoplankton carbon	-0.1486	-0.4439	4	103	224	2	2013.95
phytoplankton community	-0.5981	0.3037	4	529	2330	18	2014.607595
phytoplankton community composition	-0.7083	0.2372	4	227	614	4	2016.318182
phytoplankton community structure	-0.8629	0.3826	4	179	440	3	2014.384615
phytoplankton composition	-0.7097	0.5893	4	250	798	7	2013.657143
phytoplankton distribution	-0.5625	0.0914	4	188	488	4	2013.736842
phytoplankton dynamics	0.4246	-0.456	6	267	880	7	2013.8
phytoplankton functional groups	-1.0429	0.4763	4	111	274	2	2010.4
phytoplankton growth	0.1125	-0.1052	5	316	1138	9	2011.444444
phytoplankton pigments	-1.0416	0.4778	4	111	274	2	2012.419355
phytoplankton production	-0.5052	-0.1854	4	180	456	4	2009.969231
phytoplankton productivity	0.4897	-0.5382	5	232	700	6	2013.904762
phytoplankton size	-0.3324	-0.2086	4	141	310	2	2015.217391
phytoplankton size structure	-0.3315	-0.2102	4	141	310	2	2014.285714
phytoplankton species	-0.8761	-0.2968	4	91	208	2	2011.142857
pigment analysis	-0.9332	0.3662	4	199	546	4	2014.571429
pigments	-0.7982	0.3133	4	450	1654	12	2012.420814
place	0.6062	0.1366	2	289	842	6	2009.958042
plankton	-0.3649	0.2676	4	269	776	8	2010.853821
plankton communities	-0.8344	0.2673	4	108	234	2	2013.029412
planktonic diatoms	-1.116	-0.1728	4	79	194	2	2012.666667
plume	-0.1247	0.7066	1	196	500	4	2009.9
polar	-0.2579	-0.4319	3	342	1008	10	2011.082686
polar climate	-0.5205	0.1939	1	74	158	2	2012.2
polar ecosystems	0.5314	-0.8894	5	115	278	3	2014.410256
polar front	-0.2407	0.4324	1	126	280	2	2009.072327
polar marine ecosystems	0.3513	-0.9576	5	97	216	2	2013.444444
polar oceanography	0.9497	-0.7718	5	101	214	2	2007.388889
polar oceans	0.2392	0.2766	1	197	490	6	2011.867925
polar regions	-0.3334	-0.9203	3	154	374	3	2011.606775
polar seas	0.4679	0.0327	6	79	166	2	2009.611111
polar waters	0.6166	0.3119	6	188	440	3	2010.440367
polarstern	0.2261	0.7631	1	121	266	2	2006.411111
polychaetes	-1.0513	0.1391	3	92	196	2	2012.851064
polynya	0.4683	-0.3929	6	114	254	2	2008.42
population	-0.4956	-0.3313	4	445	1640	15	2011.362024
position	-0.5612	-0.3884	3	170	406	4	2010.689373
positive feedback	-0.6037	-0.6988	3	141	360	3	2012.122034
potential	-0.6303	-0.7076	3	238	754	6	2012.784435
potter cove	-0.6384	-0.1976	3	381	1370	11	2015.888889
prasinophytes	-0.6849	0.4916	4	121	278	2	2013.851852
precipitation	0.7252	0.3978	6	283	894	7	2012.247478
predators	0.5091	-0.8696	5	324	1214	12	2010.345515
prediction	0.3448	0.9875	1	125	288	2	2012.073267
pressure	-0.069	1.1159	1	100	232	2	2010.477108
prey	0.3371	-0.6521	5	158	364	3	2009.116992
prey availability	0.7234	-0.8728	5	89	190	2	2010
primary	-0.5255	0.8655	1	264	818	6	2011.961353
primary producers	-0.6516	0.2314	4	134	326	3	2014.795455
primary production	-0.2438	0.3728	1	720	3678	28	2012.113402
primary productivity	-0.4583	0.474	1	334	1042	8	2013.138889
processes	0.3119	-0.035	5	842	4806	39	2011.967406
production	-0.3021	0.3489	1	906	5780	46	2011.637878
production rates	-0.4116	0.3228	1	186	488	4	2011.385714
productivity	0.1264	0.2165	1	701	3838	31	2012.484007
profiler	1.0617	-0.1715	2	242	758	6	2008.733083
profiles	0.2038	0.1532	1	484	1796	14	2010.526606
programme	0.7315	-0.6468	6	122	290	2	2009.044118
progress	0.0132	-0.2171	6	414	1540	13	2012.411765
project	-0.1461	-0.5188	5	362	1080	9	2012.453668
properties	0.4513	0.1615	2	579	2542	20	2011.071907
proportion	-0.668	0.2605	4	202	526	4	2011.055556
proximity	0.0875	0.1001	5	274	740	6	2011.075099
proxy	0.3177	0.2502	1	313	850	6	2013.127907
prymnesiophyceae	-1.0713	0.2288	4	92	214	2	2005.529412
pseudonitzschia	-1.0414	0.5166	4	120	284	2	2017.6
pycnocline	1.0873	-0.5858	5	104	240	2	2007.93125
pygoscelis	0.1198	-0.8063	5	124	302	3	2014.888889
quality	0.7299	0.0267	2	130	300	3	2012.741898
ra-224	0.3382	0.7421	1	104	246	2	2010.75
ra-228	0.5481	0.4654	2	86	178	2	2009.666667
radar	0.7558	-0.9966	5	106	254	2	2011.711931
radiation	-0.48	-0.5674	3	84	196	2	2011.331925
radioisotope	6e-04	0.8814	1	111	258	3	2011.294118
radium isotopes	0.3354	0.7404	1	104	246	2	2014.428571
rain	-0.6537	-0.4354	3	126	274	2	2011.945455
range	0.0525	0.1652	1	460	1498	14	2011.410547
rapid	-0.0599	-0.9552	5	100	232	3	2012.463023
rapid changes	-0.8139	-0.5037	3	62	132	2	2013.314286
rates	-0.3393	0.1809	1	655	2994	26	2011.494306
ratio	-0.2024	0.4756	1	289	746	5	2010.925387
real-time	0.5594	-0.9395	5	131	334	3	2012.398907
real-time data	0.4327	-0.8971	5	95	212	2	2016.2
recent	-0.528	-0.4525	5	241	612	5	2011.804991
record	-0.6219	0.3659	1	284	852	8	2011.508365
recovery	-0.501	-0.0101	3	150	318	2	2012.7654
recycling	-0.3589	0.7802	1	196	508	4	2011.354839
redistribution	-0.4596	0.7159	1	170	396	3	2011.996795
reduction	0.6706	-0.0918	6	338	1128	8	2012.202875
regeneration	-0.1067	1.217	1	100	224	2	2010.45098
regime	0.4861	-0.7989	5	218	548	5	2010.768478
region	0.0731	-0.0208	1	1185	11130	93	2011.608772
regional	0.7257	-0.5078	5	171	442	4	2012.480198
regional climate	0.1151	-0.4573	6	274	824	7	2013.123404
regional scale	-0.3943	-0.0587	1	89	186	2	2012.592334
regional warming	-0.718	0.2751	4	139	322	3	2011.454545
relationship	-0.0623	-0.1584	4	600	2378	19	2011.52721
relative abundance	-0.116	0.6139	1	228	564	4	2013.82
relative importance	0.6631	0.3948	1	113	250	3	2010.879562
release	0.0662	-0.1005	5	298	818	6	2012.712924
remineralisation	0.1988	1.1782	1	120	266	2	2012.4
remote	0.4042	0.5847	1	104	220	2	2012.899032
replacement	0.6627	-0.5718	2	108	230	2	2011.611111
requirements	0.0233	-0.7923	5	121	292	3	2011.322368
research	0.1619	-0.5019	5	559	2524	20	2012.25614
research station	-0.2161	-0.6354	6	188	516	5	2013.45082
residence	0.4916	-0.0367	5	323	948	7	2010.135762
residence time	0.4915	-0.0349	5	323	948	7	2009.992032
residues	1.1345	-0.2445	2	69	140	2	2009.701681
resilience	-0.3007	-0.711	3	120	260	2	2014.867816
resolution	0.262	0.1768	2	290	848	7	2011.918993
resources	0.289	-0.9083	5	142	378	4	2013.251701
respiration	-0.4048	0.6022	1	271	822	6	2013.448352
response	-0.2494	-0.2363	3	573	2282	24	2012.161066
resuspension	-0.9751	0.5437	1	91	190	2	2008.540984
retreat	-0.5313	-0.1906	3	621	2912	26	2012.69985
reversal	-0.3559	-0.7869	3	100	212	2	2011.354497
richness	-0.9031	-0.5032	3	103	218	2	2013.813953
ridge	0.636	0.3439	2	87	188	2	2008.953586
role	-0.1405	0.3273	1	570	2294	20	2012.568357
roms	1.0844	-0.3036	5	124	282	2	2013.574468
ross	1.1483	-0.403	2	106	228	2	2011.009202
ross sea	1.1486	-0.4015	2	106	228	2	2010.810256
rothera	-0.1351	-0.6019	6	218	586	5	2010.565217
rothera station	-0.2073	-0.9545	6	98	218	2	2016.25
runoff	-0.0635	-0.0452	3	292	760	6	2012.212743
ryder bay	0.0982	0.466	1	277	818	6	2013.8
salinity	-0.0176	0.0402	4	620	3006	23	2009.248247
salt	1.4328	-0.3211	2	94	296	2	2008.72546
sam	0.061	-0.1581	6	276	828	6	2012.973306
sample	-0.6487	-0.0785	3	147	304	3	2011.599617
sampling	0.2753	-0.155	2	259	668	5	2012.100775
satellite	-0.1116	-0.5062	5	211	578	5	2011.755822
satellite data	-0.2376	0.2201	6	164	406	3	2011.686028
saturation	0.3766	1.1029	1	214	636	5	2011.875
saturation state	0.6049	1.105	1	156	424	3	2013.78022
scale	0.2282	-0.1325	2	555	2204	19	2011.804989
scenarios	-0.5205	-0.7277	3	176	470	4	2012.882212
science	0.4701	-0.0561	2	260	842	9	2005.441336
scour	-0.8793	-0.8062	3	180	558	5	2009.857143
scuba	-0.8747	-0.6951	3	116	288	3	2008.125
sea	-0.0293	-0.0021	1	1101	9546	81	2010.929745
sea floor	-0.5659	0.7338	1	100	240	2	2010.099237
sea ice	-0.0053	-0.0136	1	1011	8272	66	2012.341204
sea ice changes	-0.1239	-0.6802	3	118	292	3	2014.34188
sea ice concentration	-0.1156	-0.303	6	90	214	2	2014.074
sea ice conditions	-0.0097	-0.2736	5	266	782	6	2012.497942
sea ice cover	0.3044	0.2532	6	288	940	7	2012.742173
sea ice coverage	-0.0268	0.198	1	223	600	5	2013.327586
sea ice dynamics	0.6309	0.0431	6	137	324	3	2013.672727
sea ice extent	-0.1028	-0.6248	6	266	742	5	2013.195775
sea ice formation	0.7262	-0.1335	6	161	404	3	2011.537037
sea ice melt	0.632	0.5465	6	261	840	6	2013.874074
sea ice meltwater	0.2121	0.9044	1	117	268	2	2010.607843
sea ice model	0.1705	-0.7212	2	108	242	2	2011.770171
sea ice motion	0.9027	-0.0618	6	121	278	2	2009.853659
sea ice processes	0.6278	0.9761	6	127	300	2	2012.230769
sea ice region	0.2096	-0.2833	4	124	280	2	2011.380952
sea ice retreat	-0.3385	0.1723	6	203	582	5	2014.660606
sea ice zone	0.1188	0.8192	1	317	930	6	2011.346154
sea influence	-0.1185	0.4197	2	139	374	3	2012.214286
sea level	0.4088	0.5063	6	192	474	4	2011.153319
sea level rise	0.9031	0.2591	6	108	230	2	2012.696243
sea surface	-0.1715	-0.362	2	403	1540	13	2011.29989
sea surface temperature	-0.0178	-0.2476	2	351	1304	10	2011.542882
sea temperatures	-0.7616	-0.6652	3	133	318	3	2009.267241
sea water	0.7225	-0.309	2	100	250	3	2008.442735
sea-ice duration	0.0775	-0.47	4	108	230	2	2015.6
seabed	-0.8646	-0.1848	3	196	538	5	2011.466667
seabirds	0.1916	-0.9099	5	88	192	2	2010.981707
seafloor	-1.0753	-0.2285	3	87	192	2	2012.700565
seals	0.0155	-0.9535	5	146	366	3	2012.111111
seascape	0.1091	-0.8332	5	101	228	2	2014.416667
season	0.2262	0.0702	6	841	4856	39	2012.178114
seasonal cycle	0.5045	0.1365	2	185	448	3	2011.135957
seasonal evolution	0.7623	0.7938	6	108	246	2	2011.837838
seasonal ice	-0.2969	0.402	1	172	410	3	2012.547486
seasonal sea ice	-0.0906	0.4325	4	246	714	6	2014.051471
seasonal variability	0.3323	0.1126	6	285	828	7	2011.582043
seasonal variation	1.0367	0.0899	2	121	262	2	2011.013917
seawater	-0.0515	0.5162	1	439	1526	11	2011.626116
seawater temperature	-0.7055	-0.3142	4	251	668	5	2012.206349
sediment accumulation	-0.6763	0.5826	1	158	416	4	2009.909091
sediment accumulation rates	-0.6769	0.5835	1	158	416	4	2010
sediment cores	-0.3548	0.7584	1	147	402	4	2012.336207
sediment sources	0.0258	0.6735	1	93	204	2	2012.460317
sediment traps	-0.2788	0.8661	1	137	336	3	2009.653465
sedimentary	0.217	0.7798	1	111	246	2	2010.557143
sedimentary processes	-0.3204	0.6415	1	95	208	2	2011.73913
sedimentation	-0.5487	0.1275	1	176	452	5	2009.867797
sedimentation rates	-0.1672	0.7708	1	73	162	2	2011.808511
sediments	-0.3897	0.3518	1	621	2878	26	2011.206075
sensitivity	-0.0786	-0.0925	4	201	494	5	2012.152936
sequestration	-0.9539	-0.7787	3	141	386	3	2014.109827
series	0.4173	-0.1368	6	576	2610	20	2010.601012
service	-0.4289	-0.6254	3	209	550	5	2013.140288
shallow coastal areas	-1.1442	-0.0671	3	113	240	2	2012.571429
shallow water	-1.0205	0.4049	3	121	302	4	2010.653846
shelf	0.3845	-0.0568	2	1019	7884	65	2010.587376
shelf circulation	1.3335	-0.0013	2	176	476	4	2009.691176
shelf edge	1.3027	0.1698	2	103	228	2	2008.781513
shelf ice	0.8055	-0.2096	2	93	200	2	2010.705882
shelf seas	0.7483	0.4004	1	182	484	4	2011.734043
shelf sediments	-0.3545	0.8438	1	126	282	2	2009.302083
shelf slope	0.9521	0.17	2	271	746	5	2009.940928
shelf waters	0.6321	0.1707	2	378	1248	10	2009.09329
shelf-break	0.5721	-0.1485	2	410	1484	12	2009.840909
shell	-0.7086	0.1133	3	109	234	2	2012.617486
shelves	0.1683	-0.3942	2	477	1740	13	2011.760377
shetland	-0.0687	0.1312	2	542	2414	22	2012.25
shetland islands	0.0177	0.0478	2	520	2226	20	2012.868613
shift	-0.3027	-0.2056	4	528	1920	16	2012.333333
ship	0.8236	-0.439	2	140	324	3	2010.712
shipboard	0.7089	0.0647	2	288	714	5	2011.378049
shore	0.2397	0.4168	1	165	430	5	2010.122222
short-term	-0.7041	0.416	1	108	232	2	2012.055432
si	-0.3434	0.0084	3	157	358	3	2010.8
signal	-0.4299	0.2271	1	417	1348	11	2011.038817
significance	0.2295	-0.4991	5	132	302	3	2011.019928
silica	-0.3304	0.9006	1	167	410	3	2009.009901
silicate	-0.5478	0.0934	4	294	930	7	2008.463158
silicic acid	-0.6325	0.6066	4	164	386	3	2012.636364
sill	0.9148	0.4182	2	138	340	3	2008.400778
simulations	0.4488	-0.8467	5	129	278	2	2012.277903
sink	-0.0926	0.52	1	344	1108	9	2013.060748
sinking	-0.1505	-0.2728	4	192	470	4	2010.636364
sites	-0.0026	0.0865	1	654	2692	21	2011.507274
size	-0.5974	-0.222	4	407	1284	10	2010.965923
size fractions	-1.1017	0.0784	4	103	250	2	2011.341772
size structure	-0.6925	-0.0949	4	187	464	3	2012.451613
slope	0.7084	-0.0073	2	428	1580	12	2010.341082
small diatoms	-0.6985	0.4534	4	116	268	2	2008
small phytoplankton	-0.0327	-0.4258	6	163	380	3	2014.047619
small-scale	-0.8733	-0.2283	3	128	280	2	2011.469512
so globec	1.1581	-0.4962	2	69	172	3	2008
sound	0.6095	-0.1856	2	210	570	5	2009.438406
source	0.5969	0.2466	2	548	2268	20	2011.544715
south	-0.2064	0.0686	2	687	3408	31	2009.816077
south georgia	-0.8739	-0.2027	3	180	436	4	2008.402597
south shetland	-0.0262	0.0882	2	540	2394	22	2012.612903
south shetland island	0.6604	0.3222	2	137	340	3	2012.75
south shetland islands	0.0196	0.0475	2	520	2226	20	2012.921429
south shetlands	-0.9929	0.0708	4	97	222	2	2013.913043
southern	0.1587	-0.0296	6	671	3122	25	2011.247603
southern annular mode	0.2967	-0.4441	6	305	1024	7	2013.425339
southern boundary	0.9716	0.0278	2	221	642	5	2005.857143
southern ocean	-0.127	-0.0391	3	810	4314	37	2011.310743
southern ocean ecosystems	-0.2599	-0.6056	3	123	308	3	2014.615385
southern oscillation	0.3947	-0.4936	6	275	890	6	2011.761165
southwest	0.8025	0.6216	1	98	204	2	2010.224324
space	-0.4647	-0.705	5	170	398	3	2011.281958
spatial	-0.2027	0.3663	1	416	1368	11	2011.877747
spatial distribution	0.5479	-0.5363	5	138	312	3	2012.602028
spatial heterogeneity	-0.6684	0.033	3	148	320	2	2014.478261
spatial patterns	-0.3382	0.5498	1	221	600	5	2012.024523
spatial resolution	0.1348	0.5285	2	120	264	2	2012.877034
spatial structure	-0.3405	0.2379	3	98	254	2	2010.597156
spatial variability	-0.0574	0.5041	1	384	1198	8	2011.858628
spatial variation	-1.165	0.1048	4	139	318	3	2011.835735
species	-0.5973	-0.5036	3	545	2498	23	2011.629341
species composition	-0.807	0.4098	4	119	298	2	2011.337662
species responses	-0.5162	-0.8502	3	71	160	2	2014.096154
speed	0.5833	-0.5504	5	152	362	3	2010.795455
sponges	-0.9629	-0.3828	3	90	188	2	2013.619048
spots	0.6044	-0.8601	5	117	266	2	2012.598985
spring	-0.0351	-0.1957	6	432	1804	14	2011.445356
spring phytoplankton	-0.3164	-0.4159	6	180	496	4	2012.440678
spring sea ice	0.218	-0.6038	5	118	268	2	2014.035714
stability	0.2176	0.1794	4	327	1030	8	2011.601934
stable isotopes	-0.0788	0.893	1	178	402	3	2012.393939
standard deviation	-0.6862	-0.0878	3	119	244	2	2011.034783
state	0.0236	0.1787	1	237	634	6	2012.176355
stations	-0.0453	0.1203	6	592	2378	19	2010.728667
status	0.0124	-0.2133	6	414	1532	12	2011.737569
stock	-0.4371	-0.3737	3	290	782	6	2011.522491
stoichiometry	-0.4117	-0.2412	3	119	244	2	2013.463415
storage	-0.8894	-0.8217	3	180	588	5	2013.435429
strait	0.1825	0.4099	2	698	3674	34	2008.864542
strategies	0.0096	-0.4425	5	546	2268	18	2013.49449
stratification	0.0331	0.436	4	564	2692	21	2010.765734
stream	-0.2408	0.6806	1	111	248	2	2011.208251
strength	-0.1663	-0.7783	6	117	278	2	2011.147674
stress	1.0135	-0.3299	2	258	854	7	2010.771906
stressors	-0.2091	-0.5679	3	69	156	2	2015.157895
structure	-0.2552	-0.1407	4	763	4246	37	2010.587788
sub-antarctic	-0.8435	-0.8039	5	150	354	3	2008.713396
subantarctic	-0.2397	0.4326	1	126	280	2	2008.884746
submarine	0.4918	-0.7316	5	131	322	3	2012.039088
submarine canyons	0.8404	-0.1344	5	166	436	3	2010.212121
submesoscale	0.753	-0.2866	2	81	182	2	2014.294118
substrate	-0.6414	-0.6491	3	137	326	3	2012.694517
subsurface	0.44	0.2923	1	363	1160	9	2011.621895
subsurface water	0.3851	0.7803	1	118	262	2	2011.296296
succession	-1.0986	-0.3713	4	224	544	4	2012.128814
sulfur	-0.7898	0.4278	4	125	280	2	2010.858065
summer	-0.2343	0.2372	4	1021	8190	68	2011.747886
summertime	-0.4734	-0.8629	5	51	104	2	2011.985294
supersaturation	0.5531	1.0353	1	128	280	2	2009.990385
supply	-0.2829	0.518	1	385	1424	12	2011.339312
support	0.6485	-0.3582	5	151	350	3	2012.160714
surface	0.1625	0.2308	1	1040	8300	69	2011.274886
surface air	-0.0125	-0.2965	3	137	308	2	2012.202151
surface air temperature	-0.0127	-0.298	3	137	308	2	2012.177381
surface currents	0.9405	-0.3925	2	160	408	4	2010.982456
surface flow	0.8977	-0.4934	5	116	256	2	2009.817073
surface fluxes	1.4326	-0.3239	2	94	296	2	2010.612022
surface layer	0.0783	0.6218	1	395	1326	10	2009.563452
surface sediments	-0.3461	0.3271	1	185	462	4	2010.917355
surface temperature	-0.0161	-0.2473	2	351	1304	10	2011.552855
surface waters	0.1544	0.56	1	739	4056	33	2010.917469
survey	0.0873	-0.6268	5	435	1474	13	2010.854962
survival	-0.9679	-0.6675	3	86	194	2	2011.249489
susceptibility	0.0803	0.9663	1	222	590	4	2013.078125
sustained	0.3386	-0.3294	5	124	266	2	2015.411765
sverdrup	0.3453	-0.5038	2	101	216	2	2006.877778
system	0.2144	0.1707	1	747	4026	33	2012.244703
taxonomic composition	-1.1753	0.0037	4	165	372	3	2013.044776
taxonomy	-0.5867	-0.117	4	106	226	2	2011.779141
techniques	-0.4054	-0.3741	5	203	510	5	2010.995925
technology	0.3938	-0.9245	5	166	446	4	2013.19378
temperature	-0.1355	-0.2044	4	929	5942	49	2011.477652
temperature estimates	1.432	-0.3253	2	94	296	2	2010.651163
temperature variability	-0.3016	-0.1934	3	79	170	2	2012.481229
temporal	0.1316	0.1081	4	317	818	6	2010.883534
temporal patterns	0.4664	-0.238	6	153	360	2	2011.927711
temporal resolution	-0.7507	0.2987	4	98	214	2	2013.873362
temporal variability	0.195	0.1146	5	218	552	4	2011.288462
temporal variations	-0.9709	0.1043	4	104	218	2	2011.722063
terms	0.0267	-0.4813	3	529	2088	16	2011.105954
th-234	-0.4267	1.1726	1	93	216	2	2010.666667
thalassiosira	-1.066	0.2252	4	235	758	7	2013.52381
the western antarctic peninsula	-0.2321	-0.3737	3	103	232	2	2015
theory	0.4849	-0.2492	2	104	214	2	2009.714706
thermocline	0.6686	0.7402	2	109	230	2	2007.472727
thermohaline	0.2145	0.5025	2	129	290	2	2007.343511
thickness	0.4452	-0.3317	6	103	230	2	2010.814467
three dimensional	1.4336	-0.3223	2	94	296	2	2009.329939
threshold	-0.5795	-0.6259	3	84	176	2	2012.8
tidal	0.613	-0.3276	2	92	198	3	2009.893939
tidal currents	0.9722	-0.4236	2	99	210	3	2008.020619
tides	0.0899	0.2466	1	77	166	2	2010.001852
tidewater glaciers	-0.2114	0.2573	1	86	180	2	2013.673554
time	0.0343	-0.09	6	862	4998	40	2011.191579
time scales	0.3452	0.1657	1	286	794	7	2011.351464
time-series analysis	0.3293	0.2295	6	606	2864	22	2010.95228
timescales	0.1765	-0.0043	1	182	410	4	2011.525048
timing	-0.544	0.2085	3	311	902	7	2012.348348
tip	0.0469	-0.3565	3	240	652	5	2009.34375
tongue	1.1427	0.2051	2	80	178	2	2010.029167
tools	0.3097	-0.8959	5	165	428	4	2013.795322
top predators	0.689	-0.9202	5	216	634	5	2012.447368
topography	0.7418	-0.433	2	229	700	6	2010.120382
total carbon	-1.0025	0.5008	4	104	222	2	2010.186813
trace	0.0911	0.4732	1	218	582	5	2011.307692
trace metals	0.7425	0.6471	1	111	264	2	2011.452381
tracer	0.608	0.4631	2	159	388	3	2009.231405
track	1.0628	-0.1216	2	159	440	4	2010.190476
traits	-0.9568	-0.3046	4	154	352	3	2014.46
trajectories	0.9204	-0.6118	5	148	344	3	2011.384117
transect	0.0942	0.2313	2	352	1012	8	2011.199708
transfer	0.2615	0.2698	1	279	774	6	2010.678679
transition	-0.2029	-0.118	4	320	904	7	2011.648928
transition zone	-0.2141	0.6454	1	171	414	3	2010.954545
transport	0.9204	-0.1163	2	490	2164	19	2010.537155
traps	-0.3204	0.9287	1	153	406	4	2009.907104
trawl	-0.6874	-0.4832	3	112	244	2	2010.189189
trends	-0.0676	0.2241	1	569	2470	20	2012.269204
trophic	-0.233	-0.6751	5	119	260	2	2011.960784
trophic levels	0.2032	-0.604	5	436	1534	12	2012.898374
trough	0.8801	-0.0606	2	372	1350	11	2010.984962
turbidity	-0.3497	0.5965	1	133	316	3	2011.172414
twentieth century	0.5178	-0.1038	6	97	224	2	2012.145055
types	-0.4366	-0.2572	3	310	828	6	2011.720352
ucdw	0.7699	-0.2745	2	237	730	7	2007.821429
uncertainty	0.1038	0.1826	1	229	624	5	2013.221957
underwater	0.1918	-0.3873	5	92	192	2	2012.558824
underwater vehicles	0.7586	-0.8	5	100	230	2	2015.25
united states	0.6461	-0.5492	5	157	378	4	2011.349593
upper circumpolar deep water	0.7854	-0.1246	2	336	1212	10	2010.098039
upper ocean	0.154	0.6904	1	375	1372	11	2010.440079
upper trophic	0.5665	-0.8265	5	186	506	4	2015.517241
uptake	0.37	0.8519	1	312	1062	8	2012.895082
upwelling	0.4459	-0.3409	5	379	1260	10	2010.661939
utility	-0.7284	-0.4912	4	94	198	2	2012.942222
utilization	-0.0237	0.7337	1	194	508	4	2011.783251
values	-0.2023	0.4196	1	635	2748	22	2010.746562
variability	-0.0336	0.1224	1	1040	8362	68	2011.545737
variance	0.4809	-0.0065	2	164	364	3	2010.046067
variations	-0.0778	0.0671	4	535	2056	18	2010.901917
vehicles	0.7592	-0.7997	5	100	230	2	2015.060606
velocity	0.9897	0.0212	2	312	998	9	2010.066944
vertical	-0.2534	0.3356	1	119	272	3	2009.544379
vertical distribution	0.731	-0.4191	2	117	300	3	2010.595331
vertical fluxes	0.2222	0.601	1	230	586	4	2009.75
vertical structure	1.0481	-0.2174	2	110	246	2	2010.285714
vessel	0.5862	-0.0017	2	82	184	2	2011.268293
vision	-0.2579	-0.5256	5	67	146	2	2013.208333
volume	0.978	-0.2039	2	188	482	4	2010.936662
volume transport	1.3655	-0.3662	2	110	246	2	2009.307692
vortex	1.1128	-0.1198	2	69	154	2	2011.311409
wa	-0.7045	0.6561	4	111	248	2	2011.863636
wap	-0.0654	-0.1245	5	913	5986	48	2013.963415
warm	0.5008	0.2302	2	201	534	4	2011.29985
warming	-0.3498	-0.2161	3	611	2668	24	2012.978577
water	0.1188	0.1721	2	1253	14298	120	2010.775054
water column	-0.1181	0.3901	4	873	5272	41	2010.123234
water column stability	-0.188	0.3165	4	234	664	5	2010.423077
water column structure	-0.5452	0.5813	4	156	392	3	2010.884615
water depth	-0.3238	0.4573	1	207	482	3	2011
water mass properties	0.8254	0.1744	2	177	418	3	2008.93913
water masses	0.319	0.2749	2	584	2536	19	2009.047927
water mixing	0.2686	0.3266	2	140	350	3	2008.020833
water properties	0.8914	0.0338	2	141	344	3	2008.879167
water samples	-0.2484	0.3073	1	133	296	2	2012.208738
water surface	0.7477	0.6214	1	154	372	3	2010.707692
water temperature	-0.4697	-0.0999	4	145	378	4	2010.526448
wave	1.1817	-0.0061	2	90	192	2	2010.934812
weather	0.0014	0.13	3	248	624	4	2012.202602
web	-0.5157	-0.1363	4	486	2058	17	2013.376068
weddell	0.2461	0.2415	2	373	1422	13	2008.661238
weddell sea	0.2661	0.2273	2	359	1328	12	2008.40797
west antarctic	0.1302	-0.1076	3	918	6192	52	2012.620545
west antarctic peninsula	0.1307	-0.1061	3	918	6192	52	2013.721649
west antarctica	-0.5594	-0.5382	3	141	322	3	2012.746114
western antarctic	0.0395	-0.0876	5	695	3556	29	2015.135593
western antarctic peninsula	0.04	-0.0897	5	695	3556	29	2015.175439
western basin	0.762	0.3794	2	123	316	3	2004.727273
whales	0.0937	-0.7336	5	235	642	6	2010.62766
wind	0.3778	-0.1277	2	703	3416	26	2010.366929
wind speed	-0.2313	-0.5608	3	226	594	4	2011.054286
wind stress	1.1867	-0.2721	2	198	630	5	2008.608177
winter	0.3385	-0.2655	2	712	3662	30	2011.016141
winter cooling	-0.0115	0.0342	3	106	252	2	2011.021739
winter sea ice	-0.1612	0.2885	1	240	714	6	2012.321053
winter water	0.753	-0.2159	5	236	674	5	2010.432749
wintertime	-0.7427	-0.3079	3	121	270	2	2011.622989
work	-0.1661	-0.1351	4	291	904	8	2012.585814
world	0.0942	0.7405	1	281	752	6	2011.293273
world ocean	0.5844	0.9682	1	110	256	2	2007.82598
zonal	0.2148	0.3728	2	94	238	2	2008.993976
zone	0.1345	0.3556	1	669	3018	24	2010.917256
zoobenthos	-0.9399	-0.8859	3	106	284	2	2016.75
zooplankton	0.1515	-0.2266	2	163	438	5	2009.773438
zooplankton community	-0.1246	-0.415	3	73	164	2	2011.71875
