id	x	y	cluster	weight<Links>	weight<Total link strength>	weight<Keyword count>	score<Avg year>
20th century	-0.3028	1.0191	2	369	1344	13	2011.125
abundance	0.6739	0.2988	1	414	1548	16	2012.159769
abyssal	1.1074	-0.1532	1	391	1764	18	2008.271255
abyssal plain	1.1265	-0.1474	1	365	1574	16	2007.926829
acceleration	-0.2115	0.2087	2	465	1612	16	2012.217042
accumulation	0.0955	0.8285	2	744	4820	41	2011.1675
acoustic	-0.3941	-0.9555	3	376	1468	15	2009.018519
acoustic doppler current profiler	-0.4033	-1.0127	3	307	1148	12	2007.4
action	-0.8511	0.1676	2	302	906	9	2009.595808
activity	0.2772	-0.0493	1	820	5336	51	2011.741747
adcp	-0.0078	-1.0417	3	444	2050	21	2007.919643
addition	0.0905	0.0903	1	1064	9032	79	2012.072879
adjustment	-0.6857	-0.5321	3	578	2900	30	2011.543956
advance	-0.2458	0.2586	2	265	796	9	2012.223684
advection	-0.0154	-0.0985	5	1111	12100	113	2010.324162
age	0.9919	-0.1429	1	471	2080	22	2010.368729
agreement	-0.5136	-0.2819	3	964	8142	77	2010.554303
air	-0.7594	0.2838	2	965	9044	83	2011.976061
air temperature	-0.8797	0.2997	2	793	5908	52	2012.218924
air-sea	0.0165	-0.3319	5	432	1686	15	2011.236364
aircraft	-0.4577	-0.3399	4	353	1230	14	2010.584541
al	0.1252	0.208	1	687	3182	31	2010.555118
alaska	0.3865	0.1869	1	638	3160	28	2010.597746
alaskan	0.4098	-0.1841	1	629	3806	35	2011.071579
alaskan coastal current	0.7576	-0.1763	1	254	1010	9	2012.555556
albedo	-0.5611	0.0273	4	401	1370	12	2012.060567
algorithm	-0.8213	-0.4845	4	413	1724	18	2011.916828
alkalinity	1.1067	0.7589	1	401	1800	17	2012.733333
alpha	1.1834	0.2012	1	302	1262	12	2010.514493
america	0.6786	0.6949	1	254	772	9	2011.440252
amplitude	-0.3573	-0.6615	3	573	2890	32	2010.372165
amsr-e	-1.0335	-0.3053	4	326	1144	9	2012.081633
amundsen	0.9458	-0.0465	1	744	5798	55	2012.553846
amundsen basin	0.9075	-0.394	1	569	3556	33	2008.225
analysis	-0.196	0.0076	2	1276	23340	235	2011.656462
analytical model	-0.286	-0.781	3	328	1076	11	2006.887324
angle	-0.4814	-0.4935	4	340	1030	9	2010.915493
annual	0.0416	1.0058	2	289	956	9	2010.264808
annual cycle	0.4603	0.2328	1	470	1800	16	2009.189944
annual variability	-0.7409	0.4041	2	285	924	9	2012.096045
anomaly	-0.5946	0.7331	2	1095	16928	161	2010.997204
antarctic	-0.1515	-0.7264	3	477	2006	20	2010.797819
antarctica	-0.4516	-0.6489	4	232	644	9	2011.220175
anticyclone	-0.1687	-0.4523	3	563	2998	34	2010.766562
anticyclonic circulation	-0.6046	0.287	2	553	2596	24	2009.144444
anticyclonic eddy	0.7138	-0.8542	3	282	972	10	2008.5
ao	-0.6707	0.7917	2	660	3978	35	2011.098916
ao index	-0.802	0.9131	2	363	1422	12	2010.672
application	-0.5347	-0.4389	4	653	3186	34	2012.361823
approach	-0.2174	0.0801	4	761	4162	47	2013.011682
approximation	0.0423	-0.6861	3	288	860	9	2011.077491
archipelago	-0.4101	0.6714	2	995	11460	98	2011.082609
arctic	0.1205	0.1917	2	1359	106016	1076	2012.189504
arctic archipelago	-0.2378	0.9214	2	746	6166	53	2012.018987
arctic atmosphere	-0.847	0.7019	2	398	1504	12	2011.826087
arctic basin	-0.2515	0.3804	2	936	7754	79	2009.680952
arctic canada	0.7849	-0.3152	1	373	1528	14	2010.042017
arctic change	0.0129	0.8899	2	412	1492	13	2013.297297
arctic circulation	-0.3345	0.5883	2	621	3194	30	2010.846154
arctic circumpolar boundary current	0.9863	-0.1025	1	366	1354	9	2014.111111
arctic climate	-0.3344	0.9337	2	750	5650	55	2013.150824
arctic climate system	-0.5975	0.8263	2	296	1058	11	2013.39726
arctic data	-0.3745	-0.1627	4	440	1472	12	2011.115942
arctic freshwater	-0.0902	1.0929	2	772	6172	54	2012.838983
arctic greenland	-0.3288	0.3125	2	658	3588	31	2011.165468
arctic halocline	0.6955	-0.2647	1	767	4864	44	2008.509804
arctic heat	-0.4061	0.5206	2	459	2178	19	2013.35
arctic high	-0.1546	0.531	2	555	2246	18	2013.101695
arctic ice	-0.7079	0.39	2	889	7028	63	2013.034188
arctic intermediate water	0.6159	-0.4623	5	387	1616	15	2006.116279
arctic marine	0.4344	0.3582	1	441	1724	17	2013.75576
arctic mediterranean	0.6393	-0.5501	5	346	1490	13	2008.704545
arctic observations	-0.1315	0.4524	2	408	1698	17	2013.9125
arctic ocean	0.2389	0.2386	2	1354	79182	782	2010.893127
arctic ocean basin	0.5424	0.1649	3	337	1254	13	2010.434783
arctic ocean changes	-0.1972	0.909	2	429	1938	18	2011.674419
arctic ocean circulation	0.1342	0.546	2	732	4734	44	2009.890625
arctic ocean freshwater	-0.3079	1.1874	2	585	3958	32	2011.4
arctic ocean halocline	0.793	-0.2654	1	611	3306	29	2007.966667
arctic ocean sea ice	-0.434	0.8081	2	570	2892	28	2011.955882
arctic ocean variability	-0.5763	0.6573	2	294	996	10	2007.352941
arctic oceanography	0.3294	0.0255	1	331	1006	13	2006.9375
arctic oscillation	-0.4577	0.9254	2	812	6350	56	2011.24912
arctic outflow	0.2949	0.6792	1	418	1484	12	2009.444444
arctic regions	-0.3872	0.8075	2	564	2550	23	2013.278834
arctic river runoff	0.1063	1.0353	2	426	1896	16	2007.555556
arctic rivers	0.4873	0.9892	1	657	4440	38	2011.739496
arctic sea ice	-0.4866	0.6222	2	1076	14908	136	2014.367364
arctic sea ice cover	-0.7058	0.5564	2	422	1814	14	2013.896552
arctic seas	-0.3212	0.6462	2	1167	18356	173	2014.010669
arctic shelf	0.9398	0.1445	1	745	5112	48	2011.55615
arctic shelves	0.4442	-0.2153	1	558	2706	24	2010.447761
arctic summer	0.0075	0.467	2	411	1634	15	2013.466368
arctic svalbard	-0.275	-0.7887	5	316	1218	10	2012.8125
arctic system	-0.6581	0.8787	2	302	1144	10	2013.735294
arctic temperature	0.0238	0.5205	2	397	1418	13	2012.593301
arctic warming	0.204	-0.2359	3	449	1828	17	2014.481818
arctic waters	0.3094	0.108	5	894	6752	66	2011.466431
arctic winter	-0.4339	0.1756	4	602	2754	21	2011.690678
area	-0.2518	-0.1284	4	1302	31786	312	2011.37466
array	-0.2035	-0.4931	3	626	3814	38	2011.101235
assemblages	0.8374	0.376	1	299	930	9	2012.247588
assessment	-0.0384	0.5499	2	638	2992	31	2013.024899
assimilation	-0.223	0.1071	2	413	1530	15	2012.629787
association	-0.4465	0.1401	2	346	1114	11	2011.081886
atlantic	0.1422	0.286	2	1338	57576	543	2010.236737
atlantic current	-0.5223	0.0666	5	417	1882	16	2007.777251
atlantic inflow	-0.3446	0.2945	2	646	3778	34	2009.471264
atlantic layer	0.6963	0.1351	1	816	6652	61	2005.135135
atlantic ocean	-0.45	0.61	2	751	4910	44	2009.615463
atlantic oscillation	-1.0322	0.8083	2	575	3996	37	2010.516074
atlantic sector	0.5057	0.1708	1	410	1468	11	2011
atlantic water	0.3289	-0.2022	5	1276	34838	328	2010.080056
atlantic water inflow	-0.1895	0.4466	2	376	1574	14	2013.848485
atlantic water layer	0.1289	0.3179	3	633	3804	33	2012.857143
atmosphere	-0.4966	0.3928	2	1107	14194	131	2011.581199
atmospheric circulation	-0.5864	0.9711	2	733	5958	57	2012.002058
atmospheric conditions	-0.5791	-0.2504	4	307	978	9	2011.328431
atmospheric forcing	-0.0981	0.7082	2	352	1318	12	2011.295082
atmospheric pressure	-0.4438	0.7602	2	431	1778	16	2008.613793
atmospheric reanalysis	-1.0811	-0.2162	4	371	1328	9	2014.7
atmospheric variability	-0.7821	0.7343	2	372	1474	13	2010.788382
attention	0.1252	0.0396	1	354	1284	13	2012.917808
autumn	-0.0551	-0.2848	4	663	3604	34	2011.726708
availability	0.9926	0.2819	1	312	1010	9	2012.908905
avhrr	-0.8809	-0.6046	4	307	1128	12	2006.133333
ba	1.238	0.5667	1	281	1074	9	2011.655172
baffin	-0.8208	0.2892	4	779	6494	57	2010.510917
baffin bay	-0.8747	0.2084	4	762	6296	56	2010.593939
baffin island	-0.3901	0.4919	4	285	990	9	2009.5
balance	-0.3992	0.1318	2	1060	11464	104	2011.539286
barents	0.0715	0.184	5	1216	23400	221	2010.39816
barents sea	0.0537	0.1331	5	1175	20424	194	2010.27735
barents sea opening	-0.4618	0.3041	2	442	2110	17	2012.30303
barents sea shelf	0.7556	-0.0356	5	301	1058	11	2007.714286
barents sea water	0.621	0.186	5	355	1386	11	2010.181818
barium	1.2186	0.6506	1	318	1410	12	2010.407407
baroclinic	0.1079	-0.8358	3	524	2370	26	2009.016779
baroclinic instability	-0.0381	-1.0564	3	347	1398	15	2008.354651
barotropic	-0.3689	-0.7468	3	774	6328	65	2008.382671
barrier	0.1908	-0.5279	4	500	1996	22	2010.248366
barrow	0.4358	-0.4227	1	714	5622	49	2011.224344
barrow canyon	0.5223	-0.4515	1	601	4116	35	2011.671053
basin	0.5113	0.0505	1	1343	49856	487	2010.09645
bathymetry	0.0468	-0.6741	3	608	2998	28	2011.112299
bay	-0.779	0.0752	4	847	7594	71	2010.11814
bear island	-0.2241	-1.0125	3	236	900	9	2002.631579
bears	-0.1241	-0.9801	3	259	1014	11	2006.862745
beaufort	0.2009	0.4413	1	1211	25176	234	2010.621769
beaufort gyre	-0.06	0.6274	2	1030	14132	130	2012.013158
beaufort sea	0.3317	0.2842	1	1016	11302	104	2010.009921
beaufort shelf	0.6888	0.0884	1	541	2612	21	2009.78125
behavior	-0.4781	-0.1193	4	613	2652	25	2011.103784
bering	0.3654	0.3745	1	1093	14504	126	2009.747987
bering sea	0.2603	-0.3551	4	611	3568	33	2009.417822
bering strait	0.4488	0.5834	1	998	11106	94	2011.176923
bering strait inflow	0.6264	0.5824	1	462	1846	14	2010
bias	-0.6966	0.5527	2	285	1028	9	2013.065051
biological processes	0.5092	0.4591	1	459	1854	17	2011.762963
biological productivity	1.0193	0.4959	1	310	1102	12	2011.175824
biomass	0.7838	0.1615	1	440	1804	16	2012.021332
bloom	0.739	0.22	1	533	2776	23	2012.055462
body	0.3701	-0.8124	3	269	818	10	2011.227462
bottom boundary layer	0.1285	-1.0785	3	266	870	10	2008.092308
bottom pressure	-0.7953	0.0505	2	286	940	9	2008.664
bottom slope	0.0737	-0.895	3	330	1250	13	2006.241379
bottom topography	-0.2124	-0.3972	3	499	2102	20	2005.328205
bottom water	0.5896	-0.4217	5	638	3706	37	2008.220624
boundary	0.3537	-0.5224	3	1046	10366	104	2008.420868
boundary conditions	-0.3136	-0.3104	3	597	2646	26	2010.430736
boundary current	0.7095	-0.334	1	736	5190	44	2008.432071
boundary layer	-0.4034	-0.8018	3	662	3840	41	2009.971272
box model	0.219	0.1459	5	433	1788	18	2006.816327
brine	0.4088	-0.3323	5	906	7978	74	2008.817204
brine rejection	0.0197	-0.4195	5	702	4024	35	2007.467532
budget	0.1289	0.3461	2	1029	10370	96	2011.153068
buoy	-0.4182	-0.1299	4	686	4286	41	2007.544828
buoyancy	-0.0941	-0.7081	3	854	6212	59	2009.220441
buoyancy flux	-0.1767	-0.9048	3	456	1870	18	2007.802469
c-14	1.0075	-7e-04	1	373	1424	15	2010.938406
canada	0.6339	0.1512	1	1192	21394	203	2011.058788
canada basin	0.7972	0.0737	1	1105	17902	169	2011.177966
canadian	0.2011	0.6386	1	1141	16192	141	2010.480463
canadian archipelago	-0.3061	0.9335	2	658	4070	34	2009.783333
canadian arctic	-0.1797	0.8613	2	783	6234	54	2012.163636
canadian arctic archipelago	-0.2936	0.9314	2	703	5394	46	2012.547826
canadian basin	0.9997	0.0276	1	649	3962	35	2006.255814
canyon	0.4979	-0.4536	1	725	5676	50	2010.723005
capabilities	-0.0541	-0.3521	3	277	758	9	2013
cape	0.0885	-0.2515	4	461	1780	17	2009.255255
carbon	0.877	0.418	1	846	7164	70	2013.107259
carbon dioxide	0.3434	0.5592	1	427	1598	16	2013.148903
case	-0.4084	-0.5552	3	982	8840	89	2010.847835
case study	0.0631	-0.2153	3	362	1088	11	2012.678179
cause	-0.2585	0.6147	2	716	4066	37	2011.675244
cell	-0.1699	-0.5403	3	441	1698	17	2011.359784
central arctic	0.7369	0.6283	1	266	838	9	2011.204545
century	-0.4862	0.9709	2	725	5184	52	2012.205869
cfc	1.0934	-0.1963	1	237	914	10	2004.617284
challenges	-0.2091	0.4186	2	241	772	9	2014.48237
changes	-0.0679	0.5197	2	1343	43656	415	2012.206219
channel	-0.3357	-0.413	4	761	4832	46	2009.903036
characteristics	-0.0696	-0.5479	3	1074	10066	106	2010.936545
chemical	0.9574	0.3431	1	528	2510	25	2011.607029
chemical tracers	1.2078	0.3146	1	343	1358	13	2007.634146
chlorophyll	0.9199	0.2672	1	481	2120	18	2011.700197
chukchi	0.7924	-0.1257	1	1080	15848	146	2012.695271
chukchi abyssal plain	1.1785	-0.1173	1	255	988	9	2011.7
chukchi borderland	0.8622	-0.3832	1	312	1232	13	2013.277778
chukchi plateau	0.9124	-0.3069	1	396	1758	16	2009.571429
chukchi sea	0.6717	-0.0241	1	900	9332	86	2012.877751
chukchi sea shelf	1.0815	-0.0537	1	320	1238	11	2014.170732
chukchi shelf	0.9678	-0.122	1	644	4052	35	2011.895833
circulation	-0.1094	0.3416	2	1336	44834	421	2010.44219
circulation anomalies	-1.0571	0.7555	2	313	1238	11	2012.122324
circulation model	-0.6287	0.5412	2	767	5588	48	2009.61811
circulation patterns	0.0979	0.3913	2	738	4462	39	2010.597956
circulation regimes	-0.3421	1.0096	2	351	1572	16	2008.4
circulation variability	-0.6164	0.7298	2	377	1328	12	2010.532995
circumpolar	0.7829	-0.1637	1	407	1558	11	2008.65295
circumpolar boundary current	0.8546	-0.0414	1	390	1472	10	2014.4
citation	0.7266	0.6013	1	508	2522	28	2010.689507
climate	-0.2311	0.7192	2	1199	20830	197	2012.847305
climate change	0.0094	0.7259	2	909	7902	74	2013.106897
climate model	-0.7237	0.725	2	764	6004	54	2013.16224
climate system	-0.5575	0.9001	2	497	2518	25	2012.717277
climate variability	-0.5826	0.8773	2	570	2926	27	2012.20898
climatology	-0.4552	0.4208	2	805	5532	50	2010.440048
cloud	-0.8412	-0.3451	4	326	1188	10	2010.976891
co2	0.7142	0.689	1	483	2132	21	2013.165022
coast	-0.3918	-0.1385	4	1049	11142	107	2010.134684
coastal	0.1926	-0.343	1	850	6334	57	2010.739865
coastal currents	0.4356	-0.0934	1	567	2850	24	2008.525974
coastal polynyas	-0.5538	-0.7424	4	725	5670	55	2008.788136
coastal waters	0.7816	-0.057	1	476	2006	18	2011.971338
coastline	-0.6602	-0.6527	4	392	1424	13	2010.273529
coefficients	-0.3973	-0.3889	4	470	1634	17	2010.617647
coherent	-0.1499	-0.503	3	404	1428	14	2010.047859
cold	0.1302	-0.5917	3	673	3698	34	2011.824903
cold water	0.4468	-0.3224	1	387	1330	13	2009.137255
collection	-0.6473	-0.3126	4	413	1548	16	2011.129412
column	0.6307	-0.2212	1	1129	14584	139	2010.224159
community	0.4012	0.5895	1	660	3536	35	2013.620087
comparison	-0.07	-0.0808	4	1092	10200	98	2010.70057
complex	0.093	0.4402	2	577	2350	21	2011.908387
composition	1.0723	0.3096	1	655	4482	43	2012.45256
concentrations	0.3498	0.2339	1	1212	19542	178	2011.643222
condition	-0.1426	-0.4465	3	504	2090	21	2010.79798
conductivity	0.0497	-1.0489	3	431	1754	18	2011.544304
configuration	-0.344	-0.1689	3	416	1332	12	2012.603053
consequences	0.1604	0.4359	2	662	3414	31	2012.275862
conservation	-0.0072	-0.5196	3	506	2244	24	2011.717256
constituents	0.4746	-0.2246	1	293	892	9	2010.319372
constraints	-0.134	-0.0407	3	621	3066	27	2011.060453
contact	0.7566	-0.5393	1	341	1240	12	2011.307692
contaminants	0.7634	0.4143	1	300	1028	12	2011.424242
content	-0.0212	0.7413	2	1038	12518	111	2011.761593
continental	0.8746	-0.3112	1	638	3662	37	2010.243993
continental shelf	0.5725	-0.3214	1	745	4424	42	2010.424501
continental shelves	0.6472	-0.1192	1	500	1996	20	2010.369565
continental slope	0.7072	-0.5107	3	954	10246	98	2008.694097
contrast	0.0564	0.338	1	1029	8700	77	2011.509677
control	-0.023	0.5846	2	838	5886	50	2012.474255
convection	0.3235	-0.5465	3	1088	13268	131	2009.024462
convergence	-0.2497	-0.1632	4	607	3024	30	2010.408056
cooling	0.1569	-0.4405	3	832	6514	59	2010.829787
core	0.629	-0.5748	3	1022	10920	105	2010.446523
core temperature	0.4419	-0.3699	3	344	1182	11	2009.56
correction	-0.563	-0.4298	4	357	1098	12	2011.927948
correlation	-0.3059	0.1867	4	1001	8504	79	2011.333794
coupled	-0.4998	0.7367	2	363	1430	11	2014.46932
coupling	-0.3511	0.7257	2	425	1540	14	2011.935532
cover	-0.1887	0.2116	4	1225	20058	183	2011.664763
coverage	-0.3571	0.2257	4	625	3044	30	2012.329283
crown	0.5411	0.6594	1	379	1240	10	2011.075472
cruise	0.9169	-0.2698	1	616	3334	31	2008.733524
ctd	0.3272	-0.7954	3	792	5776	64	2007.172414
curl	-0.8174	0.2219	2	504	2490	24	2009.42246
current	-0.1034	-0.4061	3	1305	34324	329	2008.757215
current measurements	0.1401	-0.7688	3	417	1798	18	2004.949495
current meter data	-0.1369	-0.9073	3	271	952	10	2004.477273
current meters	-0.0955	-0.7877	5	355	1342	14	2003.461538
cycle	-0.0543	0.4358	2	1085	12142	110	2011.47296
cycling	0.9412	0.4454	1	381	1434	12	2014.035763
cyclones	-0.6898	-0.3963	3	479	2282	25	2011.69697
cyclonic circulation	-0.6866	0.4905	2	686	4126	36	2008.033333
data	0.0655	-0.0307	4	1355	57572	578	2011.015066
data analysis	-0.1817	0.7348	2	354	1212	11	2011.003436
data assimilation	-0.6499	-0.0036	2	291	1082	11	2013.092251
data set	-0.1109	-0.2913	4	719	3754	37	2010.433246
data sets	-0.293	-0.0874	4	544	2128	20	2011.63144
data/model	-0.5268	0.1214	2	664	3238	27	2011.4
database	-0.3794	0.4331	2	364	1252	14	2012.403509
dataset	-0.6797	0.2485	2	555	2568	23	2012.68054
date	-0.3027	-0.1458	4	489	1772	16	2012.087051
davis strait	-0.5278	0.8101	2	502	3098	27	2011.16
decadal	-0.7285	0.9087	2	499	2636	25	2012.008761
decadal variability	-0.7504	0.7495	2	638	3528	31	2011.26893
decay	0.703	-0.0391	1	510	2184	21	2010.074434
decline	-0.1961	0.7015	2	625	3394	32	2013.254217
deep	0.7845	-0.4043	5	786	6242	60	2008.172697
deep basins	0.5907	-0.4616	1	411	1600	15	2011
deep convection	0.0089	0.6851	5	529	2452	21	2008.798561
deep ocean	0.5504	-0.1632	1	508	2186	20	2011.244019
deep sea	0.3262	-0.3588	3	383	1224	13	2010.4
deep water	0.7	-0.1609	5	1044	12662	123	2008.094223
deep water formation	0.2847	0.5209	5	477	2440	23	2008.358974
deficit	1.1467	0.3742	1	423	1720	16	2010.613793
deformation	-0.3256	-0.3175	3	524	2190	20	2010.55336
delay	-0.429	0.2409	2	285	872	10	2011.240223
delta	0.8773	0.1316	1	753	5206	53	2010.255844
denitrification	1.175	0.4082	1	317	1062	9	2011.339806
denmark	0.3829	0.8094	5	450	2382	22	2008.212014
denmark strait	0.3193	0.8153	5	437	2256	21	2007.680498
dense water	0.1479	-0.716	5	812	6778	60	2008.603604
dense water formation	-0.0296	-0.7048	5	481	2416	20	2008.873239
density	0.0702	-0.7799	3	1129	15634	158	2009.879211
density gradient	0.2214	-0.9595	3	428	1690	16	2009.7
density ratio	0.1702	-1.1527	3	228	944	12	2009.85
density stratification	0.1569	-0.5732	3	397	1442	14	2008.47619
dependence	-0.5576	-0.4329	4	610	2622	26	2010.591411
deployment	0.1523	-0.547	4	320	1052	12	2011.833333
depth	0.4633	-0.3514	1	1281	25104	240	2010.672402
depth range	0.4742	-0.8714	3	355	1394	15	2008.915888
description	0.0669	-0.6867	3	532	2314	27	2009.996622
detail	-0.3609	-0.3219	3	468	1732	16	2011.078886
development	-0.041	-0.4113	4	879	5924	62	2011.773084
diameter	0.2915	-0.9126	3	320	1092	12	2010.091346
diatom	0.9675	0.2008	1	341	1264	12	2012.261803
difference	-0.1508	-0.2438	4	1009	8458	80	2011.163032
diffusion	0.0826	-0.9627	3	768	6044	60	2008.759067
diffusive convection	0.2407	-1.1304	3	514	3570	42	2010.630435
diffusivity	-0.0396	-0.973	3	664	5030	54	2009.739496
dipole	-1.043	0.4015	2	404	1700	16	2012.531646
discharge	0.3728	0.8446	1	748	5150	47	2012.354474
discrepancies	-6e-04	-0.5635	3	275	792	9	2011.321353
dispersal	0.4413	-0.1517	1	468	1640	17	2011.394973
displacement	-0.1584	-0.7553	3	517	2442	25	2010.607877
dissipation	0.1086	-1.0296	3	615	3956	39	2011.094156
dissipation rate	0.277	-1.1346	3	294	1220	13	2011.915254
dissolved	1.2325	0.318	1	430	1866	16	2012.616949
distance	-0.0718	-0.731	4	490	2098	21	2011.010448
distribution	0.3577	0.0781	1	1287	24452	242	2010.907306
disturbance	-0.3421	-1.006	3	280	928	12	2011.750678
divergence	-0.5297	-0.2608	4	559	2520	24	2010.679372
doc	1.256	0.5021	1	277	1004	9	2012.69379
domains	0.585	0.7176	1	400	1396	10	2011.565217
dominance	0.3712	0.4487	1	341	1058	10	2012.29375
doppler	-0.1383	-1.0292	3	596	3616	38	2008.887324
double diffusion	0.2093	-1.0634	3	446	2412	28	2007.565217
double-diffusive convection	0.3565	-1.0906	3	400	2042	23	2010.64
downwelling	-0.0673	0.3163	2	350	1298	12	2010.405063
drag	-0.3771	-0.9091	3	313	996	10	2010.02139
drainage	0.3432	0.6216	1	381	1338	13	2012.254459
drift	-0.2067	0.1349	4	1153	13614	126	2009.705986
drifters	0.1419	-0.6063	3	303	938	9	2008.415584
drifting	0.2467	-0.6439	3	315	1066	11	2009.145833
duration	-0.4978	-0.0491	4	558	2420	22	2012.189258
dynamics	-0.2385	-0.2051	3	1148	14046	147	2012.382241
early spring	-0.4268	-0.4516	4	385	1192	10	2010.921788
earth	-0.3941	0.06	4	486	1726	17	2012.416212
east	0.4993	0.1314	1	1174	17828	161	2011.088561
east greenland	0.2225	0.2525	5	814	7090	65	2008.67354
east greenland current	0.2103	0.2708	5	722	5536	51	2007.42
east greenland shelf	0.9119	0.3185	5	344	1514	15	2007.482759
east siberian sea	1.0759	0.3487	1	481	2362	22	2012.258427
eastern	0.9576	-0.4166	1	468	2110	21	2011.347648
eastern arctic	1.0607	-0.5625	1	358	1398	14	2009.023256
ecosystem	0.4204	0.541	1	796	5550	56	2013.530062
eddies	0.1881	-0.7099	3	1046	12092	127	2009.304565
eddy diffusivity	-0.4422	-0.653	3	393	1640	16	2010.096774
eddy fluxes	-0.3657	-1.0137	3	251	894	9	2009.425373
effects	-0.3161	-7e-04	3	1248	20074	198	2011.624055
efficiency	0.5277	-0.0122	1	425	1460	11	2012.80663
ekman	-0.325	0.09	2	897	8728	79	2010.002336
ekman layer	-0.1646	-0.5099	3	306	996	10	2007.291667
ekman pumping	-0.6479	0.2563	2	319	1286	13	2011.608696
ekman transport	-0.4235	0.2339	2	598	3536	31	2010.917197
elements	0.0432	0.0719	1	588	2488	23	2011.89258
elevation	-0.1675	-0.4392	3	361	1234	12	2012.227186
ellesmere island	-0.6769	-0.3152	4	477	2096	19	2009.714286
empirical orthogonal function	-0.6638	0.8602	2	335	1350	13	2009.847087
end-member	1.1116	0.5037	1	291	1088	10	2010.849315
energy	-0.0967	-0.7654	3	1045	10726	107	2011.753532
energy balance	-0.9713	-0.3512	4	424	1578	13	2012.273256
energy fluxes	-0.6161	-0.7443	3	260	854	10	2012.005128
enhanced	0.6528	-0.0446	1	446	1542	15	2012.845902
entrainment	0.0756	-0.8329	3	567	2762	24	2007.739437
environment	0.3163	0.1805	1	789	4666	54	2012.515563
environmental	-0.6472	0.1102	2	658	3618	30	2010.845217
environmental prediction	-1.1959	0.5113	2	379	1716	13	2008.673469
eof	-0.9457	0.7749	2	324	1414	13	2009.453216
equilibration	-0.615	-0.419	3	240	828	9	2011.095238
equilibrium	-0.4337	-0.4127	4	438	1714	18	2010.171186
erosion	0.5629	0.3974	1	438	1586	14	2011.871716
error	-0.4819	-0.1559	4	633	3270	35	2011.486384
estimate	-0.3094	-0.1807	4	724	3638	33	2010.903093
estimation	-0.5255	-0.201	4	459	1828	21	2012.012407
euphotic zone	0.8454	0.1829	1	386	1320	10	2011.97
eurasian arctic	0.8349	-0.0624	1	618	3532	36	2011.293651
eurasian basin	0.8738	-0.4448	1	446	2014	19	2008.789474
european	-0.8523	-0.158	4	393	1390	13	2011.362949
evaluation	-0.0322	0.3036	4	510	1960	19	2013.100503
evaporation	0.2112	0.9507	2	277	886	9	2011.268156
events	-0.2065	-0.0804	4	1077	11378	107	2012.030986
evolution	-0.2848	-0.5249	3	1006	9234	89	2012.05694
excess	0.4592	-0.0602	1	432	1530	16	2008.657895
exchange	0.1636	-0.032	5	1080	11510	108	2010.706601
expansion	0.1522	-0.2587	3	321	1040	12	2012.969492
expedition	0.862	-0.1725	1	733	4868	50	2010.922432
experiments	-0.3549	-0.2007	3	1158	16038	157	2011.075205
explanation	0.3321	-0.2688	3	412	1408	14	2009.867769
exploration	0.371	0.3667	5	435	1620	16	2011.678466
export	-0.1558	0.9132	2	1091	16100	143	2011.295396
extension	-0.1523	0.0449	4	484	1710	14	2010.251641
extent	-0.5735	0.1368	4	1116	13480	124	2011.835219
fall	-0.2375	-0.1642	4	867	6470	60	2011.228402
fast ice	-0.4549	-0.4728	4	596	2944	29	2010.587302
fate	0.5563	0.3563	1	592	2662	28	2012.348684
features	0.0369	-0.3258	3	1054	9848	95	2010.384646
feedback	-0.616	0.6212	2	638	3710	35	2013.003957
field	-0.3657	-0.242	3	1240	19656	194	2010.533445
field data	-0.2435	-0.754	3	387	1350	12	2011.688136
field measurements	0.1153	-0.7582	3	323	1078	10	2011.524345
field observations	-0.0317	-0.2722	3	342	1136	11	2011.242424
finite element	-0.8003	-0.316	3	410	1774	18	2011.713675
fjord	-0.1984	-0.7552	4	469	2164	22	2013.427767
floes	-0.5732	-0.8463	4	254	772	10	2007.672727
flow	0.0811	-0.4587	3	1280	27088	262	2010.017411
flow field	0.0866	-0.7627	3	297	998	9	2006.605505
flow patterns	0.1755	-0.8754	3	285	918	10	2008.58156
fluctuations	-0.5964	0.0571	2	704	4472	44	2009.816514
fluid	-0.1221	-1.0454	3	371	1558	20	2009.934901
flux	-0.1687	-0.2141	3	1330	41300	391	2010.974387
focus	0.1601	0.5795	2	683	3752	32	2012.93921
food	0.5454	0.3954	1	417	1558	13	2012.031915
food web	0.5695	0.4717	1	353	1156	9	2013.363874
force	-0.6528	-0.4416	4	582	2654	26	2011.140909
forcing	-0.5622	0.2171	2	1220	21088	186	2011.371506
forecasts	-0.8936	-0.0814	4	474	1932	16	2012.850526
formation	0.1302	-0.3413	4	1287	28918	280	2010.511811
formation rate	0.6389	-0.4926	1	267	912	10	2008.476636
fraction	0.7539	0.1011	1	969	8886	82	2011.553026
fram strait	-0.0303	0.4865	2	1238	27954	253	2009.019324
fram strait branch	0.9485	-0.1805	1	523	3050	25	2006.931034
framework	0.1316	0.3934	2	636	3086	27	2013.208431
franz josef	-0.4643	-0.5253	4	320	1152	11	2011.4375
franz josef land	-0.4627	-0.526	4	320	1152	11	2011.035714
frazil	-0.779	-0.8492	4	356	1770	20	2006.407407
frazil ice	-0.7298	-0.8588	4	470	2836	31	2005.95
freezing	-0.0162	-0.6648	4	784	5220	47	2009.881557
freezing point	0.0551	-0.9744	3	346	1300	13	2006.911392
frequency	-0.4772	-0.6307	3	751	4510	48	2011.174374
fresh water	0.1862	0.4987	2	951	8048	71	2007.859316
freshening	0.2924	0.62	2	853	6452	61	2010.903704
freshwater	0.1327	0.8039	2	1245	30554	279	2011.825688
freshwater accumulation	-0.2314	0.9645	2	298	1136	10	2015.076923
freshwater balance	-0.0944	1.0483	2	397	1624	14	2007.727273
freshwater budget	0.2373	0.8376	2	574	2918	25	2010.626866
freshwater content	-0.2885	0.8198	2	816	6928	61	2012.340426
freshwater flux	-0.315	0.8767	2	742	5916	54	2011.361111
freshwater input	0.3881	0.9698	2	608	3512	30	2012.597122
freshwater sources	0.627	0.9983	1	421	1766	16	2012.571429
freshwater transport	-0.1299	0.952	2	585	3928	33	2012.223214
friction	-0.4669	-0.7448	3	495	2442	28	2009.340824
front	0.3446	-0.7604	3	964	9020	88	2009.508357
frontal	-0.0131	-1.1087	3	203	662	10	2007.215569
frontal zone	0.1873	-1.0125	3	274	1012	15	2006.685897
function	-0.4161	0.2155	2	692	3636	35	2010.972155
future	0.2201	0.671	1	623	3318	29	2013.712684
gap	-0.182	-0.3095	4	440	1720	16	2012.915572
gas	0.2539	0.6962	1	451	1700	17	2012.319686
gateway	0.0149	0.6766	2	452	2102	18	2013.181818
general circulation	-0.5528	0.5436	2	780	5572	49	2009.760621
general circulation model	-0.5666	0.7283	2	656	4308	37	2010.017151
generation	0.0172	-0.8695	3	635	3532	37	2012.050847
geometry	-0.5327	-0.7811	4	379	1340	13	2011.419355
geostrophic	-0.6729	-0.5566	3	310	1150	12	2008.351351
geostrophic currents	-0.7678	-0.1295	2	424	1712	17	2008.6
geostrophic flow	-0.3316	-0.8838	3	358	1350	14	2006.356164
geostrophic velocity	-0.1776	-1.0077	3	373	1508	14	2007.295918
gin sea	-0.7337	0.5291	2	268	890	9	1999.4
glacier	0.4502	0.4308	1	433	1604	16	2012.551157
global	-0.4497	0.6672	2	420	1616	14	2012.401509
global climate	-0.4812	0.8757	2	548	2720	25	2012.960148
global climate models	-0.5484	1.0248	2	326	1336	12	2013.408482
global model	-0.7561	0.5434	2	390	1422	12	2012.089474
global ocean	-0.1745	0.9447	2	636	3804	35	2012.454839
global ocean circulation	-0.449	1.1095	2	274	990	10	2010.804878
global thermohaline circulation	0.06	0.7416	2	335	1136	9	2006.653061
gradient	0.0149	-0.5392	3	1153	14662	145	2011.354256
gravity	-0.1021	-0.863	3	398	1442	16	2010.857664
great salinity anomaly	-0.0814	0.8884	2	321	1108	9	2005.651163
greenhouse	-0.304	1.1391	2	280	1030	10	2012.619866
greenland	-0.3111	0.0719	5	1210	23930	232	2011.434214
greenland coast	-0.8231	-0.3064	4	406	1742	17	2009.754098
greenland current	-0.0096	0.1703	5	798	6838	62	2007.828283
greenland ice	-0.1171	0.7281	4	401	1494	12	2013.011636
greenland sea	-0.2112	0.0331	5	905	8172	81	2005.833811
greenland sea deep water	0.4832	-0.4884	5	249	950	9	1998.333333
greenland sea ice	-0.8572	0.3662	2	315	1112	11	2009.647059
greenland shelf	0.5865	0.481	5	512	2940	28	2011.455696
grid	-0.568	-0.2118	3	495	2010	18	2011.079167
group	-0.1353	-0.1116	3	399	1326	14	2011.722362
growth	-0.0468	-0.1917	4	1077	11166	99	2011.406319
growth rate	-0.4081	-0.7781	3	337	1180	12	2010.818356
gyre circulation	-0.7254	0.4517	2	307	1060	9	2009.958333
gyres	0.1645	0.2255	5	339	1174	9	2008.196078
halocline	0.7844	-0.1046	1	1197	22024	201	2008.752727
halocline layer	0.6793	0.0043	1	712	4466	38	2008.9375
halocline water	1.0804	0.1157	1	699	4858	44	2006.666667
hand	-0.1843	-0.178	3	466	1728	16	2010.96875
head	0.8274	-0.2789	1	358	1310	11	2010.621429
heat	-0.3671	-0.3891	3	1305	41836	392	2011.129975
heat budget	-0.2524	-0.3739	3	713	4588	41	2008.665541
heat content	-0.3316	0.5323	2	680	4396	41	2012.877419
heat exchange	-0.7961	-0.3408	4	477	1980	17	2010.714286
heat flux	-0.3564	-0.4921	3	1146	18668	172	2010.709804
heat loss	-0.4801	-0.3921	5	831	6594	54	2009.828326
heat transfer	-0.1825	-0.5165	3	438	1762	18	2009.898058
heat transport	-0.4777	-0.1093	2	712	4946	46	2012.027726
heating	0.2891	-0.1632	1	563	2542	22	2011.378428
height	-0.8344	0.5928	2	734	5422	48	2010.601343
hemisphere	-0.0383	0.8717	2	483	2000	16	2010.968158
high latitudes	-0.0502	0.3689	2	683	3450	32	2011.932029
high nutrient	1.0878	0.0773	1	383	1354	10	2010.433962
high temperatures	0.6252	-0.6008	3	252	786	9	2011.761364
high-frequency	0.0235	-0.9925	3	300	948	9	2011.689759
high-resolution	-0.497	-0.1344	4	1012	9848	91	2012.264879
historical data	0.3466	0.6943	1	478	2030	19	2008.327869
history	0.8411	-0.1868	1	254	784	9	2011.001969
horizontal gradients	0.101	-0.9318	3	262	836	10	2008.676471
horizontal resolution	-0.5146	0.2017	2	501	2392	23	2011.685824
hydrographic	0.693	0.0666	1	831	5974	55	2008.115894
hydrographic data	0.3541	0.2104	1	795	5544	52	2006.497059
hydrographic observations	-0.0366	0.1998	2	535	2374	21	2009.734694
hydrographic structure	0.1957	-0.974	3	272	882	9	2006
hydrography	0.44	-0.2932	1	1006	9348	93	2009.277922
hydrological cycle	-0.3607	1.1086	2	366	1444	12	2012.589286
hypothesis	0.0978	0.4202	2	527	2380	21	2011.082126
ice	-0.2023	0.1508	4	1357	83656	805	2011.721291
ice advection	-0.8075	-0.3318	4	352	1156	10	2008.771429
ice circulation	-0.822	0.8106	2	375	1574	15	2008.931507
ice concentration	-0.9411	-0.0794	4	827	6202	53	2013.492537
ice conditions	-0.4021	0.1652	2	865	6278	60	2011.713198
ice cores	0.6512	-0.2356	1	295	1122	10	2010.322795
ice coverage	-0.5434	-0.1286	4	422	1514	14	2012.512195
ice distribution	-0.7523	-0.1532	4	350	1214	12	2010.592593
ice drift	-0.591	-0.1109	4	910	6898	65	2009.019608
ice dynamics	-0.8082	0.1237	4	444	1758	16	2013.540943
ice edge	-0.4244	-0.4755	4	838	5770	57	2010.185455
ice export	-0.8453	0.727	2	724	5682	51	2006.939759
ice extent	-0.6179	0.4559	2	880	7124	62	2012.764347
ice floes	-0.4829	-0.8855	4	250	760	9	2008.125
ice flux	-0.9668	0.2324	4	424	1884	21	2010.752066
ice formation	0.2322	-0.1491	4	1073	12510	112	2009.892857
ice growth	-0.3271	-0.1623	4	882	7002	58	2010.290179
ice layers	-0.6595	-0.3466	3	364	1444	15	2011.030928
ice loss	0.4218	0.6975	1	415	1714	17	2014.762324
ice mass	-0.5899	-0.0216	4	390	1426	12	2012.600478
ice melt	0.5269	0.6112	1	975	9978	84	2012.747368
ice melting	0.2828	-0.2168	3	560	2700	26	2011.241071
ice model	-0.8982	0.4438	2	940	10278	90	2011.207143
ice motion	-0.8474	0.1312	4	603	3316	31	2009.975904
ice processes	-0.2894	0.695	2	455	1768	16	2011.444444
ice production	-0.7301	-0.4333	4	873	7360	65	2010.6
ice regime	-0.6788	-0.0134	4	317	976	9	2010.638889
ice retreat	0.6525	0.5323	1	476	2034	19	2013.800752
ice shelf	0.5387	-0.2525	1	370	1196	11	2011.573026
ice surface	-0.7624	-0.1604	4	811	5722	51	2011.816258
ice surface temperature	-1.0912	-0.3685	4	298	1130	9	2011.140845
ice thickness	-0.9923	0.1349	4	908	8776	80	2011.271053
ice transport	-0.6759	0.4057	2	469	1832	17	2009.653846
ice velocity	-0.7393	-0.5473	4	368	1432	15	2012.877256
ice volume	-0.9643	0.6603	2	617	3726	35	2012.008571
ice zone	-0.134	-0.7623	4	610	3248	29	2011.325359
ice-cover	-0.1333	0.2043	4	1214	18632	173	2011.210019
ice-free	0.211	0.125	1	840	5268	50	2013.322981
icebreaker	0.6071	0.2155	1	547	2444	20	2009.3875
iceland	-0.2317	0.2535	5	636	3518	34	2009.361905
identification	-0.3975	0.4497	2	301	954	11	2011.944837
imagery	-0.76	-0.4087	4	552	2684	26	2011.982143
images	-0.6969	-0.4664	4	644	3404	33	2011.32506
impact	-0.0802	0.4505	2	1192	17608	170	2013.206627
implications	0.2632	0.2572	1	839	5308	52	2011.871583
import	-0.5383	0.6818	2	532	2372	21	2009.305556
improvement	-0.5992	0.3168	4	380	1314	14	2012.529851
in-situ	-0.6587	-0.2155	4	329	1044	9	2013.712
inclusion	-0.5878	-0.1442	4	315	958	10	2010.77907
index	-0.7309	0.7851	2	704	4768	43	2011.380952
indices	-0.3725	0.6429	2	507	2282	24	2012.102711
inflow	0.1182	0.4982	2	1170	17844	153	2009.568182
influence	0.1527	0.1489	1	1176	14402	132	2011.779275
information	-0.1205	-0.0688	4	742	4194	49	2011.767792
injection	1.0367	-0.0951	1	290	948	9	2011.807018
inner shelf	0.8823	0.1491	1	352	1282	11	2009.673077
inorganic carbon	1.2364	0.5411	1	283	1016	10	2012.45614
insight	0.7067	-0.1034	1	350	1108	10	2012.936061
instability	0.0849	-1.0501	3	743	5566	64	2009.776848
instrument	0.0298	-0.5573	4	590	2940	30	2011.288956
instrumentation	-0.054	-0.8446	3	290	874	9	2011.546875
integration	-0.638	0.9679	2	435	1816	16	2010.47619
intensification	-0.2627	0.5128	2	500	1992	20	2011.672775
intensity	-0.452	0.4818	2	636	3128	30	2011.663823
interactions	0.0846	-0.0709	1	1077	10322	98	2011.626733
interannual	-0.315	0.5984	2	555	2490	24	2009.011628
interannual variability	-0.5176	0.3054	2	1012	10872	99	2010.7663
interannual variations	0.038	0.2267	2	618	3086	28	2010.739437
intercomparison	-0.3385	0.8681	2	405	1884	19	2014.488211
interface	0.1138	-1.0101	3	689	4544	49	2010.689655
interior	0.7344	-0.3917	1	855	6636	60	2010.221733
interleaving	0.2424	-1.0733	3	376	1614	18	2004.6
intermediate	0.7169	-0.3513	5	712	4522	42	2007.833333
intermediate depths	0.3277	-0.1636	5	290	964	9	2008.014493
intermediate layer	0.5001	-0.1327	5	307	1000	10	2008.46875
intermediate waters	0.7696	-0.457	5	697	4640	43	2007.72884
internal waves	0.0187	-1.0208	3	530	3378	38	2009.889423
international	-0.1524	0.3789	2	657	3302	33	2009.59081
international polar year	0.377	0.4059	1	330	1170	14	2011.368421
interpretation	0.4048	0.1139	1	496	1968	19	2010.411609
intrusion	0.3662	-0.8902	3	715	4752	56	2011.398892
inventory	0.9642	0.666	1	539	3080	31	2012.165029
inverse model	-0.1479	-0.0644	5	329	1244	10	2009.715447
inversion	-0.6333	-0.4818	3	503	2136	21	2010.501809
ipy	0.2069	0.4228	1	357	1316	12	2011.1875
island	-0.4332	-0.4422	4	915	7706	74	2009.956692
isolation	0.8914	-0.3202	1	340	1140	11	2010.695946
isotope	1.0033	0.5077	1	713	5730	55	2011.966793
isotope ratios	0.916	0.6511	1	367	1422	13	2011.051724
isotopic composition	0.9163	0.2127	1	415	1818	17	2011.032751
jet	0.3032	-0.715	3	711	4730	44	2011.139834
joint	0.177	0.756	2	309	968	10	2010.586957
kara	0.3667	0.2928	5	903	8176	75	2011.634058
kara seas	0.3601	0.3401	5	835	6818	63	2012.917722
kinetic energy	0.0598	-1.0013	3	566	3036	31	2010.449315
knowledge	-0.1965	0.2874	4	566	2438	23	2012.895394
laboratory	0.0168	-0.8496	3	437	1808	22	2010.526248
laboratory experiments	-0.0565	-0.9681	3	290	1072	12	2009.102804
labrador	-0.4995	1.0607	2	552	3560	30	2008.853808
labrador sea	-0.5465	1.069	2	513	3158	27	2008.747813
lag	-0.8955	-0.0036	2	382	1362	14	2010.653179
lagrangian	0.3746	0.5991	1	349	1170	11	2011.144928
lake	0.3633	-0.868	3	243	842	10	2012.017794
lancaster sound	-1.0624	0.377	4	380	1858	15	2011.363636
land	-0.1706	-0.13	4	613	3128	28	2012.42268
landfast	0.2858	-0.4399	1	355	1344	13	2010.025641
landfast ice	0.6451	-0.1704	1	393	1592	14	2010.131579
language	-0.0488	0.2729	2	786	4778	36	2018.048117
laptev sea	0.5639	0.088	1	946	9800	102	2011.257143
laptev sea shelf	0.8079	0.1787	1	508	2894	30	2011.714286
large	-0.2837	0.5564	2	445	1686	15	2011.479452
large-scale	-0.4479	0.037	2	1038	10006	94	2011.165527
large-scale circulation	0.5132	-0.2879	1	511	2160	18	2010.523622
late summer	0.5421	-0.3288	1	644	3378	32	2011.54902
latent	-0.885	-0.7202	4	400	1830	19	2010.884298
latent heat	-0.827	-0.6975	4	483	2420	24	2010.158824
latitude	0.3336	-0.5331	3	653	3366	31	2011.054819
lawrence	-0.6567	-0.9299	4	268	988	10	2010.132653
layer	0.3518	-0.313	3	1345	50186	486	2010.321275
layer model	-0.6481	0.0461	2	459	1946	17	2007.280576
layering	0.2698	-1.1832	3	302	1312	16	2009.337349
lead	-0.3551	-0.2528	4	713	4076	39	2010.716069
lena	0.8005	0.4076	1	546	2906	28	2011.554054
lena river	0.8344	0.4163	1	399	1672	16	2011.964539
length	-0.2414	-0.7478	4	708	3736	38	2010.5328
levels	0.4052	-0.1594	1	876	5850	53	2011.25209
light	0.7076	0.4541	1	494	2160	18	2011.753582
limit	0.273	-0.4766	3	499	1934	19	2010.544865
limitations	0.6014	0.3731	1	522	2204	19	2012.614846
lincoln sea	-0.4598	0.1803	4	306	1126	11	2009.916667
line	0.461	0.0415	1	510	2156	22	2011.363128
liquid freshwater	-0.2135	1.2084	2	551	3680	33	2012
literature	0.3186	0.3183	5	577	2554	24	2011.726524
local wind	-0.3735	0.1818	2	480	2118	18	2009.359551
location	-0.0031	-0.3616	4	851	5324	50	2010.881081
lomonosov ridge	1.1016	-0.1165	1	671	4984	45	2006.37931
long-term	-0.3206	0.4544	2	938	7114	69	2012.366366
long-term trends	-0.7926	0.2785	4	310	908	9	2012.589226
loop	-0.5043	0.6508	2	295	908	9	2010.980198
loss	0.0159	0.0556	5	1081	11666	105	2013.251087
low salinity	0.6295	0.0803	5	742	4762	38	2007.542553
low-salinity water	0.7283	0.1827	1	337	1190	9	2010.481481
mackenzie	0.7364	0.3959	1	712	5072	46	2009.683007
mackenzie river	0.729	0.5708	1	601	3520	30	2009.6375
mackenzie shelf	0.9609	0.0234	1	373	1592	15	2007.658537
magnitude	-0.1905	-0.2902	3	1077	11042	109	2011.364091
maintenance	-0.4113	-0.6522	4	579	2828	25	2010.394191
makarov basin	1.1957	0.0484	1	544	3508	32	2007.275
map	-0.5008	-0.2438	4	304	864	9	2011.727201
mapping	-0.4249	-0.0772	4	358	1168	11	2012.226667
margin	0.6621	-0.1004	1	743	4852	47	2010.972504
marginal ice	-0.0821	-0.6493	4	619	3150	25	2011.113924
marginal ice zone	-0.2419	-0.7732	4	561	2758	23	2011.202899
marginal seas	-0.4735	0.1652	2	477	1854	17	2011.022222
marine	0.5745	0.3964	1	724	4372	46	2012.020366
marine ecosystems	0.2641	0.0661	1	377	1456	15	2013.642259
mass	0.514	-0.144	1	1289	29482	280	2010.941993
mass balance	0.5355	0.6668	1	587	2848	25	2012.104996
mass transport	0.161	-0.7836	3	355	1262	11	2010.308176
maximum	0.3941	0.0988	1	1057	10836	100	2010.287843
mean	-0.32	0.1031	2	1072	12800	123	2010.953636
meanders	0.4595	-0.8356	3	297	1012	11	2007.291045
measurements	0.2888	-0.3886	3	1259	24566	256	2010.932763
mechanisms	-0.2231	-0.136	3	1219	17880	173	2011.610479
mediterranean	0.5573	-0.6632	5	369	1562	14	2009.594488
melt	0.4269	0.5328	1	1110	14158	119	2013.146853
melt-water	0.5178	0.1766	1	481	2108	18	2011.098684
melting	0.3602	0.1884	1	872	6614	61	2012.110283
melting sea ice	0.3736	0.0624	5	481	2074	18	2012.388889
meltwater	0.9141	0.4979	1	796	6316	56	2012.781925
mesoscale	-0.2452	-0.8627	3	574	3044	32	2009.976526
mesoscale eddies	-0.0149	-0.6915	3	566	3022	29	2011.271028
meteoric water	1.1164	0.7848	1	438	2670	24	2012.964912
method	-0.3978	-0.4857	4	889	6456	72	2012.144788
microstructure	0.436	-1.0373	3	517	3358	35	2010.798561
microwave	-1.0102	-0.3557	4	524	2860	26	2009.844327
microwave imager	-0.9052	-0.4185	4	374	1582	15	2006.427273
migration	0.3342	-0.1061	1	295	896	11	2011.023474
minimum	0.5188	0.333	1	724	4794	43	2009.779051
minimum temperature	0.9719	-0.3882	1	304	1116	10	2010.516667
mixed	0.7766	0.4447	1	366	1432	12	2011.325843
mixed-layer	0.4889	0.1755	1	567	2926	26	2011.050847
mixing	0.3813	-0.6049	3	1177	19734	195	2009.902919
mixing model	-0.0338	-0.5225	3	402	1512	13	2009.194805
mixing processes	0.4136	-0.9306	3	294	1014	10	2009.293103
mixture	0.9589	-0.4298	5	337	1224	11	2010.906921
miz	0.0227	-0.7724	4	334	1106	9	2009.815789
mode	-0.4906	0.1636	2	940	8024	76	2010.915266
model	-0.475	0.0013	2	1347	60272	587	2011.651901
model ice	-0.977	-0.0234	4	590	2894	25	2010.963788
model intercomparison	-0.4363	0.9469	2	412	1918	18	2014.817568
model resolution	-0.6704	0.1424	2	433	1736	16	2011.979058
model simulations	-0.5265	0.6487	2	752	4638	39	2012.477137
model study	-0.3654	0.052	2	538	2286	19	2010.668478
modeling	-0.4876	0.1139	2	1081	11456	106	2012.080047
modification	0.6015	-0.4	1	753	4798	44	2009.923977
momentum	-0.465	-0.4677	3	667	3718	35	2008.74186
monitoring	-0.4588	0.0765	4	500	1906	21	2012.828676
moorings	0.2259	-0.5306	3	1004	10652	97	2010.555556
motion	-0.6211	-0.1781	4	864	5914	57	2009.832335
mouth	0.6042	-0.1729	1	395	1584	14	2011.528409
movement	-0.6354	-0.4291	4	434	1546	17	2009.813333
multidecadal variability	-0.8898	0.7673	2	272	860	9	2013.051852
nansen	0.8984	-0.2094	1	822	7046	64	2007.147368
nansen basin	0.8392	-0.2436	1	760	5728	50	2008.153846
nao	-1.063	0.708	2	485	2666	25	2010.288076
nares	-1.0358	-0.0042	4	629	4626	42	2011.132075
nares strait	-1.0507	-0.0434	4	654	4820	43	2011.45283
national	-0.9254	0.3398	2	533	2666	22	2010.195652
nature	-0.1838	-0.1423	3	615	2724	27	2010.788145
ncep	-1.1435	0.3825	2	417	1838	14	2009.805085
ncep reanalysis	-0.9878	0.7677	2	309	1108	9	2008.1
near-surface	0.3129	-0.1794	1	700	4040	39	2011.177419
net	0.6979	0.4917	5	318	1090	11	2010.964126
net precipitation	0.1591	1.0458	2	402	1758	12	2009.326923
new ice	-0.6668	-0.7491	4	444	1984	20	2008.838384
new production	1.0187	0.1953	1	255	802	9	2006.707317
nitrate	1.0432	0.3409	1	613	3692	36	2010.126471
nitrogen	1.2034	0.2779	1	390	1756	16	2012.807923
nordic	-0.1856	0.5498	5	876	8332	76	2010.496583
nordic seas	-0.2049	0.5066	5	862	8112	74	2010.261658
north	-0.1982	0.3646	2	1316	35510	337	2010.374238
north american	0.9123	0.7549	1	404	1596	13	2010.662844
north atlantic	-0.3449	0.8496	2	1120	17628	160	2010.017846
north atlantic ocean	-0.5317	0.9341	2	469	2062	18	2009.960733
north atlantic oscillation	-1.0316	0.8149	2	577	4102	38	2010.430401
north atlantic water	0.6086	-0.5656	3	303	1034	10	2007.242857
north greenland	0.6365	0.7165	5	322	1286	11	2011.339286
north pacific	0.158	0.9004	2	351	1280	11	2010.653333
north pole	0.7357	-0.0739	1	465	2194	21	2010.25
north water	-0.9314	-0.3409	4	592	3746	40	2008.105263
north water polynya	-1.0124	-0.3289	4	519	2824	30	2007.914286
northeast greenland	-0.0563	-0.0693	4	286	926	10	2012.241758
northeast water polynya	0.189	-0.4833	4	375	1664	18	1999.409091
northern	-0.2045	0.762	2	724	4268	39	2011.106605
northern hemisphere	-0.0644	0.8852	2	499	2136	17	2010.714878
northwest	-0.6009	0.066	4	390	1408	14	2011.701835
northwind ridge	0.8937	-0.1734	1	343	1370	13	2007.764706
norwegian	0.0806	-0.3579	5	850	6914	72	2008.200426
norwegian atlantic current	-0.3045	-0.3433	5	322	1298	12	2007.652174
novaya	0.2496	-0.4266	5	340	1370	12	2012.705882
novaya zemlya	0.4299	-0.3624	5	312	1184	10	2012.714286
now polynya	-1.0386	-0.3827	4	264	886	9	2005.818182
numerical	-0.4811	-0.4304	3	615	3048	31	2009.72
numerical experiments	-0.6953	-0.2606	3	516	2432	23	2010.004255
numerical model	-0.3874	-0.5456	3	920	8198	79	2009.365706
numerical modeling	-0.8645	0.4992	2	282	1066	10	2011.42735
numerical ocean model	-0.3313	-0.7366	3	285	920	9	2009.384615
numerical simulations	-0.3897	-0.2127	3	590	3218	33	2012.214493
nutrient concentrations	1.2353	0.263	1	379	1692	15	2011.871795
nutrients	1.0226	0.1946	1	986	11170	104	2011.870968
o-18	1.0381	0.6674	1	643	5492	54	2011.806034
ob	0.5132	0.5117	1	364	1462	15	2010.213592
observational	-0.1132	0.61	2	452	1826	17	2011.533742
observational data	-0.349	0.2894	2	640	3280	31	2011.486413
observations	-0.0193	-0.1834	3	1348	42134	417	2011.448164
occurrence	-0.359	-0.3764	4	628	2812	29	2011.803551
ocean	0.1254	0.1326	2	1359	91898	913	2010.965167
ocean basins	0.432	-0.0124	3	592	2886	28	2010.322222
ocean circulation	-0.255	0.597	2	1098	13996	129	2010.55339
ocean circulation model	-0.6143	0.1859	2	447	1966	18	2009.8625
ocean climate	-0.51	0.9531	2	422	1770	16	2011.955932
ocean convection	0.142	-0.2187	5	373	1268	11	2007.825243
ocean currents	-0.4502	-0.3252	4	714	3568	30	2010.666667
ocean data	0.3509	-0.1989	5	619	3042	30	2010.227273
ocean dynamics	-0.3397	0.5204	2	475	1930	19	2012.736842
ocean eddies	-0.2851	-0.4779	3	322	1056	11	2011.404494
ocean general circulation	-0.5733	0.7751	2	570	2978	24	2009.590164
ocean general circulation model	-0.5733	0.8827	2	515	2622	21	2009.438053
ocean heat	-0.441	0.2695	2	889	8104	69	2013.347917
ocean heat content	-0.4099	0.7264	2	291	1094	10	2014.3875
ocean heat flux	-0.2777	-0.0172	2	604	3224	28	2011.095745
ocean heat transport	-0.6344	0.7334	2	372	1598	13	2014.265306
ocean interactions	-0.3583	0.1022	4	375	1126	9	2012.442308
ocean interior	0.726	-0.0061	1	354	1268	11	2011.455696
ocean measurements	0.9856	0.2297	1	354	1304	13	2010.792453
ocean model	-0.6092	0.3987	2	1156	18858	170	2010.792558
ocean model intercomparison	-0.413	0.816	2	289	1064	11	2011.45
ocean modelling	-0.3268	0.7736	2	391	1452	12	2012.842975
ocean observations	-0.1244	-0.6278	3	458	2020	19	2012.315436
ocean processes	-0.5736	-0.015	4	480	1740	15	2011.76087
ocean response	-0.8101	0.3827	2	470	1946	18	2010.018182
ocean salinity	-0.0635	1.0148	2	439	1892	18	2011.228916
ocean stratification	0.0935	0.5377	2	531	2646	23	2013.060241
ocean structure	0.1256	-0.1777	3	333	1046	11	2011.897959
ocean surface	-0.4196	0.3498	2	969	7904	71	2011.97351
ocean temperature	-0.2942	-0.2568	3	675	3542	37	2012.187952
ocean transport	-0.0318	0.6212	2	371	1422	14	2009.88172
ocean variability	-0.6564	0.5556	2	421	1704	16	2011.174888
ocean warming	-0.1945	0.7288	2	361	1304	13	2013.496894
ocean waters	0.5684	0.3105	1	376	1274	13	2011.075758
oceanographic data	0.2707	0.2705	5	277	890	9	2008.973333
oceanography	0.0644	-0.1999	3	673	3056	34	2009.138686
oden	1.2146	-0.2266	1	324	1284	12	2007.1875
offshore	-0.4871	-0.7337	4	528	2638	25	2009.651466
oil	-0.009	0.7895	2	314	1048	12	2011.484241
one dimensional	-0.4467	-0.6749	4	513	2384	22	2007.160622
onset	-0.0094	-0.2906	4	508	1948	19	2011.400894
open ocean	0.4835	-0.3456	5	422	1402	11	2011.015873
open water	-0.2517	-0.2395	4	893	6842	63	2011.389671
open water area	-0.9229	-0.242	4	318	1166	10	2010.037037
opening	-0.7195	-0.2365	4	735	4572	38	2010.741722
order	-0.0845	-0.3129	3	1158	13866	135	2010.598046
organic carbon	1.087	0.4697	1	493	2532	25	2012.96863
organic matter	1.1687	0.3751	1	522	2718	26	2012.485771
organisms	0.6365	0.2896	1	255	774	9	2012.67134
orientation	-0.5974	-0.9638	4	244	782	9	2010.063415
origin	0.7542	-0.0178	1	984	9728	91	2010.187679
oscillation	-0.6901	0.6669	2	1020	12144	112	2010.801829
outer shelf	0.9105	-0.2755	1	512	2292	21	2011.282209
outflow	0.2536	0.2032	5	974	10202	89	2008.807601
overflow	0.272	-0.6205	5	491	2260	21	2007.978193
overturning	-0.2204	0.3216	2	459	1916	18	2012.406393
oxygen	1.1129	0.3517	1	829	8344	79	2009.83871
oxygen isotope ratio	0.7594	0.7657	1	285	1022	9	2011.181818
oxygen isotopes	0.9871	0.5603	1	630	4440	42	2009.387435
pacific	0.6495	0.579	1	1122	18910	168	2010.950879
pacific arctic	0.8526	0.2428	1	474	2076	16	2014.617188
pacific ocean	0.405	0.644	1	531	2294	17	2010.089431
pacific sector	0.3101	0.3548	1	394	1378	11	2010.587571
pacific water	0.5899	0.6914	1	861	8564	74	2010.575949
pacific winter water	0.9214	0.1381	1	400	1698	15	2015.32
pack	-0.343	-0.3901	4	769	4610	43	2009.298805
pack ice	-0.2889	-0.4235	4	799	4980	47	2008.853081
parallel	0.0181	-0.6369	3	386	1180	10	2010.6875
parameterization	-0.5182	-0.5904	3	715	4902	54	2011.336207
parameters	-0.2642	-0.4464	3	994	8952	99	2010.962104
part	0.1687	-0.0892	5	1235	19044	182	2010.410034
particles	0.9494	0.1756	1	534	2572	25	2011.108822
particulate	1.0815	0.3971	1	307	1134	10	2012
particulate organic	1.1903	0.3961	1	305	1200	11	2012.208791
particulate organic carbon	1.2433	0.4079	1	269	1030	9	2012.516854
passive	-0.911	-0.2353	4	376	1306	10	2011.1
passive microwave	-1.0393	-0.2764	4	430	2068	18	2009.005714
passive tracer	-0.2616	0.9718	2	297	1002	9	2010.985075
past	0.0653	0.2911	2	348	1036	10	2012.316703
pathways	0.3197	0.5226	2	1006	9802	86	2013.213274
patterns	-0.1502	0.2957	2	1241	19620	182	2011.236066
penetration	0.7194	0.3535	1	486	2034	18	2009.4875
performance	-0.3177	0.2277	2	398	1400	14	2013.489921
period	-0.4866	0.2057	2	1290	26448	256	2011.210316
permafrost	0.4248	0.9149	1	329	1260	13	2012.799678
persistence	0.0797	-0.2884	4	486	1750	18	2012.073254
perspective	0.4551	0.6676	1	344	1110	9	2012.901235
perturbations	-0.4161	0.0172	2	437	1646	16	2010.583086
phase	-0.4949	0.5163	2	859	6058	59	2011.300144
phenomena	0.3447	-0.3913	3	530	2058	21	2011
phosphate	1.1148	0.3725	1	424	2100	21	2010.048128
physical	0.3769	-0.1614	1	486	1876	20	2009.0625
physical processes	-0.4324	-0.3705	3	449	1656	17	2012.057576
physics	-0.6638	-0.0902	3	361	1290	13	2011.674359
phytoplankton	0.8885	0.3089	1	727	5400	47	2012.529026
phytoplankton bloom	0.7348	0.2455	1	341	1286	11	2012.516129
phytoplankton growth	0.9802	0.4492	1	314	1080	9	2011.444444
place	0.3205	-0.0827	1	681	3462	35	2009.958042
plateau	0.6163	-0.7182	3	641	4262	38	2012.169659
plume	0.5043	-0.3922	1	808	5340	49	2009.9
poc	1.2287	0.4017	1	300	1230	11	2011.81457
polar	0.1143	-0.2098	5	954	7972	80	2011.082686
polar front	0.0782	-0.9919	3	397	1730	17	2009.072327
polar oceanography	0.052	-0.6877	4	365	1262	11	2007.388889
polar oceans	-0.2723	-0.2703	4	318	1016	11	2011.867925
polar seas	-0.2206	-0.6208	4	261	830	9	2009.611111
polar waters	0.6889	-0.2347	1	350	1260	13	2010.440367
polarstern	1.0014	-0.1579	1	493	2600	26	2006.411111
pole	0.7614	0.0097	1	444	2022	19	2010.226221
poleward	-0.6272	0.2163	2	332	1126	10	2010.827273
pollutants	0.621	0.3856	1	274	872	10	2012.312139
polynya	-0.5389	-0.5806	4	1104	18136	186	2008.42
polynya area	-0.9969	-0.4525	4	427	2042	18	2009.725
polynya dynamics	-0.9566	-0.5418	4	288	1002	11	2008.307692
polynya ice	-0.9391	-0.6157	4	392	1730	18	2008.6
position	0.0808	-0.1457	5	635	3226	31	2010.689373
positive feedback	-0.3963	0.7641	2	284	1008	10	2012.122034
positive trend	-1.1335	0.385	2	322	1208	12	2012.22335
potential	0.278	0.2179	1	521	2114	26	2012.784435
potential energy	-0.3667	-0.6805	3	290	902	9	2011.306569
potential temperature	0.2979	-0.8409	3	357	1292	13	2007.691099
potential vorticity	0.2944	-0.8333	3	496	2500	24	2008.589286
precipitation	0.1931	1.0283	2	758	6060	49	2012.247478
prediction	-0.811	0.1788	2	790	5090	47	2012.073267
present	0.3679	-0.0574	1	374	1266	12	2011.176606
present day	0.0289	0.8074	2	383	1252	11	2011.295673
pressure	-0.6157	0.3536	2	1050	11898	112	2010.477108
pressure gradient	-0.6752	0.2098	2	450	1882	17	2009.674797
primary	0.7779	0.4262	1	316	1118	12	2011.961353
primary production	0.8343	0.4326	1	747	5298	47	2012.113402
primary productivity	1.1369	0.487	1	283	1024	11	2013.138889
primitive equation	-0.5581	-0.7636	3	401	1732	17	2002.795276
principal components	0.0274	0.9694	2	283	880	9	2010.402597
probability	-0.2685	0.0866	2	324	1070	10	2011.876866
processes	0.11	-0.0726	3	1306	26334	256	2011.967406
production	0.2459	-0.111	1	1217	19636	180	2011.637878
production rates	-0.7391	-0.4639	4	491	2070	18	2011.385714
productivity	0.9228	0.4573	1	664	4358	45	2012.484007
profiler	-0.1003	-0.7555	3	878	7130	71	2008.733083
profiles	0.3741	-0.6515	3	1040	11446	117	2010.526606
programme	-0.7056	-0.0667	4	333	1258	13	2009.044118
progress	0.7701	0.2007	1	305	846	9	2012.411765
project	0.1114	0.6179	2	749	4812	48	2012.453668
projection	-0.0283	0.4786	4	301	916	9	2014.197635
propagation	-0.2022	-0.6232	3	606	3384	37	2010.734739
properties	0.4299	-0.2836	1	1207	17370	160	2011.071907
proportion	0.127	0.5873	2	401	1412	13	2011.055556
proximity	-0.6284	-0.4459	4	407	1406	12	2011.075099
pulses	0.5586	-0.2368	3	432	1692	18	2011.138996
pumping	-0.6003	0.2446	2	333	1352	14	2011.968254
pycnocline	0.2287	-0.9862	3	623	3554	36	2007.93125
quality	0.0167	0.5336	2	430	1560	16	2012.741898
radar	-0.8335	-0.5216	4	444	2012	21	2011.711931
radiation	-0.1176	0.2091	1	655	3608	33	2011.331925
radiometer	-0.9922	-0.4297	4	393	1662	16	2009.009592
range	0.1243	-0.444	3	1128	11732	120	2011.410547
rates	0.3802	-0.3701	1	1030	9296	88	2011.494306
ratio	0.7215	-0.3125	1	910	7884	84	2010.925387
reanalysis	-0.9945	0.3715	2	766	5880	48	2012.860412
reanalysis data	-1.047	0.1406	4	566	2868	22	2013.062413
reason	0.1759	0.4106	2	354	1210	12	2011.71371
recent	-0.1671	0.4913	2	708	3742	37	2011.804991
recirculation	-0.3973	-0.5913	3	498	2446	23	2006.169082
reconstruction	-0.6217	0.5369	2	320	1050	10	2012.728025
record	-0.4103	0.2775	2	801	5298	51	2011.508365
recovery	-0.1221	0.158	4	284	868	12	2012.7654
redistribution	0.08	0.5855	2	536	2604	24	2011.996795
reduction	-0.2117	0.5335	2	1012	9898	93	2012.202875
regime	-0.109	0.2208	2	1084	10484	107	2010.768478
regime shifts	-0.0506	0.9054	2	256	820	9	2009.757062
region	0.2004	-0.0586	1	1351	44018	421	2011.608772
regional	-0.5051	0.7781	2	318	1180	11	2012.480198
regional climate	-0.7613	0.6757	2	309	1154	10	2013.123404
regression	-0.2581	0.3969	4	470	1764	18	2011.924945
relationship	0.0107	0.4619	2	999	8712	82	2011.52721
relative importance	0.9507	0.2274	1	348	1166	11	2010.879562
release	-0.213	0.437	2	849	5466	50	2012.712924
remineralization	1.3303	0.5018	1	302	1262	12	2012.768421
remote	-0.8742	-0.3358	4	388	1228	11	2012.899032
remote sensing	-0.852	-0.4854	4	462	2022	19	2012.958159
removal	0.5206	0.5078	1	517	2172	19	2011.470833
renewal	0.9302	-0.1076	1	403	1550	14	2005.05102
repeat	-0.1547	0.0165	2	330	1080	10	2011.037288
representation	-0.7221	0.2675	2	602	3096	31	2013.246886
requirements	0.2778	-0.0137	3	269	778	9	2011.322368
res	0.673	0.2268	1	529	2522	29	2010.48537
research	-0.1495	0.1394	4	951	7096	74	2012.25614
reservoir	0.3233	0.5838	2	455	1786	16	2012.909879
residence	0.8874	0.2358	1	618	3756	33	2010.135762
residence time	0.8804	0.2528	1	611	3634	32	2009.992032
resolution	-0.7304	-0.0572	4	1062	12096	116	2011.918993
response	-0.407	0.3476	2	1101	12820	121	2012.161066
rest	0.443	0.1753	5	395	1358	13	2011.1893
retreat	0.3554	0.4106	1	680	3690	33	2012.69985
reversal	0.2051	0.2545	2	289	914	10	2011.354497
richardson number	0.0446	-1.1541	3	316	1072	11	2008.628571
ridge	0.9107	-0.1382	1	994	10914	101	2008.953586
river	0.6117	0.7361	1	1158	21482	195	2011.920886
river discharge	0.34	0.8164	1	667	4004	36	2011.398406
river plume	0.8309	0.1096	1	324	1296	12	2011.19697
river runoff	0.4702	0.8635	1	895	8540	76	2009.62963
river water	1.0372	0.5817	1	710	6074	55	2010.944785
riverine	0.9353	0.5902	1	411	1736	17	2012.516432
role	0.0755	0.1453	2	1232	18996	186	2012.568357
rossby	-0.2772	-0.8964	3	573	3126	33	2010.884413
rossby radius	-0.1429	-0.9229	3	360	1294	14	2007.104167
rossby waves	-0.2266	-1.0508	3	254	836	9	2011.729614
rotation	-0.2582	-0.8016	3	385	1350	15	2006.295359
routes	0.2221	0.8023	2	302	1110	10	2011.930769
runoff	0.4536	0.7996	1	1003	11892	108	2012.212743
runoff water	0.918	0.614	1	293	1088	9	2010.241379
russian	0.1743	0.5341	1	455	1714	16	2010.807018
saline water	-0.0137	-0.5966	3	583	2778	27	2007.471074
salinification	-0.5521	1.1742	2	318	1184	10	2011.682927
salinity	0.3263	-0.0585	3	1333	47306	457	2009.248247
salinity anomalies	-0.4369	1.0454	2	538	3178	29	2008.269737
salinity changes	-0.5419	0.6612	2	326	1176	10	2010.755814
salinity gradients	-0.0884	-1.0071	3	440	1914	20	2009.568182
salinity increase	-0.2842	-0.2051	5	426	1528	13	2007.470588
salinity measurements	0.1673	-1.0031	3	253	804	9	2011.05
salt	-0.2801	-0.6554	3	1059	12910	123	2008.72546
salt fingers	0.1181	-1.1128	3	269	1050	14	2002.583333
salt flux	-0.6191	-0.5429	4	471	1988	17	2007.574468
salt rejection	-0.0407	-0.816	4	298	984	9	2005.1875
sampling	0.2901	-0.0437	1	555	2240	21	2012.100775
sar	-0.8675	-0.5749	4	426	1924	20	2011.141707
satellite	-0.7553	-0.2862	4	912	7572	72	2011.755822
satellite data	-0.5831	-0.2966	4	559	2458	24	2011.686028
satellite imagery	-0.7634	-0.3243	4	444	1744	16	2012.772222
satellite images	-0.9111	-0.3624	4	351	1224	11	2011.587189
satellite observations	-0.6633	-0.1098	4	573	2624	23	2012.973832
saturation	1.096	0.264	1	317	1094	11	2011.875
scale	-0.3749	-0.4131	3	1209	16374	167	2011.804989
scaling	0.0801	-1.0495	3	414	1620	16	2011.411765
scenarios	-0.2854	0.6043	2	708	3916	37	2012.882212
science	0.2982	-0.4288	3	889	6344	72	2005.441336
sea	0.0281	0.1588	2	1359	102674	1025	2010.929745
sea ice	-0.1484	0.4084	2	1350	66110	626	2012.341204
sea ice area	-0.9005	0.5294	2	422	1718	15	2013.829787
sea ice concentration	-1.0037	0.1047	4	647	3402	28	2014.074
sea ice conditions	-0.4425	0.4011	2	664	3434	32	2012.497942
sea ice cover	-0.4197	0.3418	2	949	8232	72	2012.742173
sea ice coverage	-0.5131	-0.0061	4	371	1244	11	2013.327586
sea ice decline	-0.2497	0.9614	2	320	1110	9	2015.847826
sea ice drift	-0.8131	0.1581	4	488	2028	19	2012.245283
sea ice export	-0.7097	1.0153	2	488	2626	23	2008.9
sea ice extent	-0.5005	0.5737	2	765	5190	44	2013.195775
sea ice formation	0.6518	0.3182	1	814	5714	49	2011.537037
sea ice growth	0.1847	0.175	1	511	2306	18	2012.772152
sea ice loss	0.541	0.6504	1	352	1380	14	2015.52349
sea ice melt	0.6439	0.6246	1	780	5636	47	2013.874074
sea ice meltwater	1.0463	0.5943	1	646	4234	37	2010.607843
sea ice model	-0.8488	0.551	2	979	12412	104	2011.770171
sea ice motion	-0.8752	0.2491	4	389	1660	14	2009.853659
sea ice processes	0.0642	1.0328	2	332	1076	9	2012.230769
sea ice production	-0.7412	-0.3551	4	536	2542	21	2013.069307
sea ice reduction	0.3947	0.3536	1	358	1242	11	2014.333333
sea ice retreat	0.6142	0.6338	1	396	1552	15	2014.660606
sea ice surface	-0.7322	0.2831	4	551	2664	24	2012.084967
sea ice thickness	-0.9134	0.6017	2	598	3306	28	2013.572289
sea ice transport	-0.9217	0.6106	2	301	984	10	2010.206897
sea ice variability	-0.6575	0.8142	2	309	1108	10	2013.147059
sea level	-0.6643	0.5615	2	924	8986	84	2011.153319
sea level pressure	-0.9138	0.7762	2	632	4466	43	2009.567201
sea measurements	0.2795	-0.6651	3	324	1034	10	2007.837838
sea surface	-0.6782	0.366	2	1006	10932	99	2011.29989
sea surface height	-0.8784	0.6951	2	611	4256	36	2010.567114
sea surface temperature	-0.7164	0.3671	2	635	3850	35	2011.542882
sea temperatures	-0.0062	-0.3934	3	389	1414	14	2009.267241
sea water	0.5636	0.0381	5	830	5788	53	2008.442735
seafloor	0.5038	0.0114	1	349	1152	13	2012.700565
season	0.0073	0.0851	4	1185	16832	154	2012.178114
seasonal changes	-0.1165	-0.0948	4	437	1484	12	2012.145349
seasonal cycle	-0.2744	0.2839	2	788	5774	49	2011.135957
seasonal evolution	0.0254	-0.5276	4	301	996	9	2011.837838
seasonal ice	0.0407	-0.072	4	596	2940	27	2012.547486
seasonal signal	0.401	-0.5904	5	277	994	9	2008.479167
seasonal variability	-0.0961	0.4401	2	692	4096	36	2011.582043
seasonal variation	-0.1158	0.1126	2	617	3240	31	2011.013917
seawater	0.6309	-0.077	1	758	5258	51	2011.626116
sections	0.6121	-0.6301	3	689	4678	47	2007.846599
sediments	0.9415	0.2546	1	660	4156	42	2011.206075
sensible heat	-0.7743	-0.3827	4	443	1876	18	2010.128205
sensing	-0.8765	-0.5507	4	332	1060	9	2012.945017
sensitivity	-0.6392	0.1759	2	873	6274	57	2012.152936
sensitivity experiments	-0.7159	0.4109	2	435	1828	15	2012.352273
sensitivity study	-0.8908	0.4084	2	297	980	9	2009.188312
sensors	-0.6648	-0.4624	4	611	3370	35	2011.517949
separation	-0.1758	0.1555	2	314	1032	10	2009.887195
series	-0.2313	-0.3344	3	1103	12376	122	2010.601012
shallow water	-0.3858	-0.6813	3	380	1250	14	2010.653846
shape	-0.6286	-0.7432	4	430	1590	15	2010.573529
shear	0.0299	-0.9729	3	660	3944	38	2009.478827
sheba	0.7088	0.2883	1	300	1104	10	2005.850467
shelf	0.6337	-0.089	1	1312	40250	383	2010.587376
shelf circulation	0.2022	-0.7185	3	352	1374	14	2009.691176
shelf edge	0.4086	-0.4307	5	427	1612	14	2008.781513
shelf ice	0.2069	-0.5469	4	331	1026	9	2010.705882
shelf seas	0.731	0.2872	1	649	3586	33	2011.734043
shelf sediments	1.2561	0.4471	1	274	976	9	2009.302083
shelf slope	0.8243	-0.3892	1	735	4726	46	2009.940928
shelf waters	0.759	-0.375	1	995	10440	96	2009.09329
shelf-basin exchange	0.5858	0.2133	1	436	1704	14	2010.916667
shelf-break	0.5707	-0.2717	1	911	7456	68	2009.840909
shelfbreak	0.5864	-0.5906	1	377	1730	17	2011.865385
shelves	0.6647	0.1103	1	1057	11096	100	2011.760377
shift	-0.0694	0.5872	2	961	7588	69	2012.333333
ship	0.1512	-0.2646	3	235	728	10	2010.712
short-term	-0.7289	-0.0725	4	359	1146	10	2012.055432
siberia	0.5968	0.4656	1	440	1562	13	2012.538153
siberian	0.4576	0.5559	1	1040	12362	113	2012.301282
siberian arctic	0.1751	0.7063	1	554	2280	17	2013.052288
siberian shelf	0.6055	0.7115	1	384	1506	16	2010.74359
signal	0.4142	0.1541	1	949	8208	76	2011.038817
signatures	0.3434	-0.0968	1	425	1496	13	2011.86758
silicate	1.2115	0.1851	1	494	2530	24	2008.463158
sill	0.4175	-0.8362	5	508	2596	25	2008.400778
simulations	-0.6909	0.243	2	1197	20268	187	2012.277903
sink	0.4763	0.4576	1	412	1424	14	2013.060748
sites	0.5045	-0.2494	1	656	3682	39	2011.507274
size	-0.1325	-0.3252	4	779	4310	43	2010.965923
slope	0.5619	-0.543	3	1219	23344	222	2010.341082
small-scale	-0.3672	-0.8379	3	444	1848	17	2011.469512
smith sound	-0.8928	-0.1425	4	295	1108	11	2008.461538
snow	-0.0313	-0.1709	4	292	912	10	2012.043528
solar radiation	0.0064	0.5449	1	490	2338	21	2011.997753
solution	-0.7108	-0.6341	4	656	3992	43	2010.22668
sonar	-0.9719	0.1462	4	305	1036	11	2010
sound	-0.8076	-0.1359	4	670	4554	42	2009.438406
source	0.7066	0.2391	1	1226	21902	203	2011.544715
source waters	0.8476	-0.078	1	781	5450	50	2008.57967
south	-0.0353	-0.5421	5	886	7158	68	2009.816077
southwest	-0.1383	-0.3304	4	338	1176	12	2010.224324
space	-0.4274	-0.2883	3	691	3796	37	2011.281958
spatial	-0.7158	-0.2309	4	543	2326	21	2011.877747
spatial distribution	-0.1852	0.3197	2	575	2668	26	2012.602028
spatial patterns	-0.8763	0.3825	4	379	1396	13	2012.024523
spatial resolution	-0.7237	-0.3768	3	451	1722	16	2012.877034
spatial scales	-0.4076	-0.5393	4	358	1174	12	2012.42723
spatial variability	0.4084	-0.3171	1	386	1308	12	2011.858628
spatial variation	-0.5471	-0.2062	4	333	1026	9	2011.835735
species	0.6189	0.1612	1	459	1824	19	2011.629341
spectrum	-0.2583	-0.9117	3	228	672	9	2010.348901
speed	-0.4753	-0.5838	4	843	6090	60	2010.795455
spin-up	-0.5698	0.4574	2	311	1016	9	2011.216216
spitsbergen	-0.2104	-0.8438	3	832	7580	74	2012.274752
spread	0.2326	0.8205	2	317	1042	9	2013.442623
spreading	0.7943	-0.3608	1	511	2302	23	2007.435233
spring	0.0798	-0.0834	4	984	9206	84	2011.445356
ssh	-0.9588	0.9383	2	403	2184	17	2010.885714
ssm i	-0.9573	-0.4332	4	398	1696	16	2007.238938
ssm/i	-0.8612	-0.3866	4	389	1594	16	2006.696429
st lawrence island	-0.6559	-0.9311	4	268	988	10	2008.4
stability	0.1593	-0.667	3	714	4100	42	2011.601934
stable isotopes	0.8856	0.4011	1	335	1166	11	2012.393939
stable oxygen	1.2733	0.5839	1	314	1288	12	2011.923077
stable oxygen isotopes	1.3114	0.6072	1	282	1112	10	2012
stage	-0.2002	-0.0516	3	368	1306	14	2011.432692
staircase	0.1822	-1.0891	3	388	2266	26	2011.903226
state	-0.0959	-0.0841	3	1017	9376	94	2012.176355
stations	0.6276	-0.1899	1	811	5608	51	2010.728667
statistics	-0.7845	-0.0791	4	279	866	9	2010.724252
steady state	-0.2421	-0.7369	4	537	2848	31	2009.695015
steps	0.1036	-1.1674	3	268	1090	15	2012.015873
storage	0.0657	1.0429	2	729	5328	46	2013.435429
storfjorden	-0.4831	-0.8505	4	467	2432	22	2007.323529
storm	0.2876	-0.3742	1	686	3820	37	2010.368357
strait	0.0116	0.4053	5	1315	41894	383	2008.864542
stratification	0.3133	-0.3975	3	1118	14950	143	2010.765734
stream	-0.2034	0.5825	2	517	2240	21	2011.208251
strength	-0.7181	0.1449	2	876	6512	57	2011.147674
stress	-0.7287	-0.0187	2	1009	10708	97	2010.771906
structure	0.0826	-0.606	3	1223	20742	220	2010.587788
submarine	0.4019	0.0336	1	609	2866	26	2012.039088
subsurface	0.5551	-0.3113	1	976	8556	81	2011.621895
subsurface layer	0.4494	0.0229	1	336	1094	10	2009.475
summer	0.385	0.0025	1	1313	34312	327	2011.747886
summer season	0.4989	-0.1666	1	440	1702	16	2012.634409
supply	0.7288	0.5031	1	720	4130	35	2011.339312
support	-0.4101	-0.0518	2	471	1722	19	2012.160714
suppression	0.1719	0.3352	2	383	1244	11	2012.954545
surface	-0.0026	0.0617	1	1357	63528	596	2011.274886
surface air	-1.018	0.6074	2	475	2534	23	2012.202151
surface air temperature	-1.0096	0.592	2	470	2474	22	2012.177381
surface circulation	-0.0829	0.6936	2	405	1394	13	2009.780702
surface currents	-0.728	0.0514	2	381	1476	14	2010.982456
surface forcing	-0.9318	0.4513	2	324	1102	9	2011.835052
surface freshwater	0.0773	1.0215	2	375	1492	13	2011.135593
surface heat fluxes	-0.863	0.0784	2	533	2650	23	2010.370833
surface height	-0.8882	0.6809	2	605	4132	35	2010.910364
surface layer	0.6472	-0.1913	1	1055	11630	105	2009.563452
surface salinity	-0.1728	0.3464	2	632	3390	32	2009.551351
surface sediments	0.9132	0.5055	1	250	854	10	2010.917355
surface stress	-0.4782	0.1054	2	488	2302	22	2010.298246
surface temperature	-0.8566	0.1121	4	842	7244	66	2011.552855
surface waters	0.7908	0.0625	1	1102	13406	120	2010.917469
surface wind	-0.8383	-0.0529	4	657	3462	30	2010.352381
surface wind stress	-0.8058	0.3671	2	319	1112	9	2008.940299
survey	0.5279	-0.3631	1	934	7736	75	2010.854962
svalbard	-0.1229	-0.8154	3	872	9242	85	2012.982836
svalbard archipelago	-0.378	-0.7646	4	346	1306	11	2013.761905
svalbard branch	-0.0369	-1.1769	3	269	1138	10	2012.636364
synoptic scale	-0.6993	-0.2653	4	297	910	9	2011.432432
synthesis	-0.1044	0.867	2	371	1252	11	2012.494924
system	-0.2679	0.2743	2	1230	17476	176	2012.244703
techniques	-0.2142	-0.3021	4	479	1926	23	2010.995925
temperature	-0.1124	-0.239	3	1347	48150	478	2011.477652
temperature anomalies	-0.5481	0.8478	2	461	2202	20	2011.546191
temperature distribution	-0.2088	-0.581	5	337	1124	11	2010.340206
temperature gradient	-0.0405	-0.9118	3	459	1918	22	2011
temperature increase	-0.8031	0.4094	2	311	1090	10	2011.880309
temperature profiles	-0.0271	-0.5312	3	392	1362	13	2010
temperature variability	-0.7053	0.6491	2	371	1366	13	2012.481229
temperature variations	-0.4083	-0.1145	3	244	810	9	2010.665354
temporal variability	-0.0638	-0.3155	4	521	2170	20	2011.288462
temporal variations	-0.7493	-0.1709	4	395	1402	14	2011.722063
terms	-0.361	-0.2191	4	969	7762	75	2011.105954
the arctic	0.6329	-0.4163	5	444	1856	27	2005.115044
the arctic ocean	1.1532	-0.3061	5	266	1036	16	1998.567568
the greenland sea	-0.0663	-0.6986	3	256	856	10	1994.5
theory	-0.3845	-0.731	3	673	3786	44	2009.714706
thermal	-0.8639	-0.3739	4	406	1402	12	2011.557652
thermocline	0.3956	-0.8179	3	475	1882	18	2007.472727
thermodynamic sea ice model	-1.0435	0.4771	2	375	1392	11	2005.714286
thermodynamics	-0.9198	0.4846	2	353	1278	12	2011.079268
thermohaline	0.0631	-0.3495	3	973	8578	86	2007.343511
thermohaline circulation	0.0222	0.5685	2	654	3156	26	2007.122047
thermohaline intrusions	0.2837	-1.0385	3	282	1104	14	2008.052632
thermohaline staircases	0.2365	-1.0038	3	316	1434	17	2010.4
thermohaline structure	-0.2571	-0.2971	3	484	2304	24	2008.109375
theta	0.2889	-0.7958	5	267	820	10	2006.817518
thickness	-0.7967	-0.0795	4	1118	14862	138	2010.814467
thin ice	-0.9812	-0.2953	4	635	3782	33	2009.835052
thin ice thickness	-1.1682	-0.4653	4	281	1060	9	2011.916667
thinning	-1.0184	0.5963	2	276	970	9	2011.906393
three dimensional	-0.4157	-0.521	3	561	2772	28	2009.329939
throughflow	0.0676	0.4697	5	489	2262	19	2007.691358
tidal	-0.3406	-0.859	3	517	2542	27	2009.893939
tidal currents	-0.4772	-0.8301	3	471	1990	20	2008.020619
tidal dynamics	-0.4268	-0.9342	3	255	970	12	2012.434783
tides	-0.2056	-0.8824	3	658	4052	43	2010.001852
time	-0.0176	-0.0351	3	1342	35866	349	2011.191579
time scales	-0.4632	0.3817	2	891	7080	66	2011.351464
time-series analysis	-0.1775	-0.1084	4	1036	10030	95	2010.95228
timescales	-0.5353	0.2507	2	739	4628	44	2011.525048
timing	0.3079	0.4812	1	541	2334	21	2012.348348
tongue	0.0487	-0.5068	4	347	1204	12	2010.029167
topography	-0.1445	-0.5486	3	972	8306	81	2010.120382
tracer	0.9572	0.302	1	954	9970	97	2009.231405
track	-0.0213	-0.3683	4	456	1606	16	2010.190476
trajectories	-0.1367	-0.0231	4	481	1862	21	2011.384117
transect	0.7972	-0.4405	1	607	3218	33	2011.199708
transfer	0.0971	-0.1737	3	789	4774	44	2010.678679
transformation	0.6398	-0.0675	5	699	4510	39	2011.951786
transient	0.7516	-0.1023	1	376	1392	14	2011.104545
transient tracers	1.1319	-0.0903	1	226	802	9	2004.338983
transit time	1.1269	0.3052	1	271	918	9	2009.373333
transition	0.1585	-0.4058	3	781	4644	46	2011.648928
transpolar drift	0.2134	0.7368	2	627	3528	31	2008.622222
transpolar drift stream	-0.4014	0.7332	2	320	1144	10	2004.5
transport	0.0191	0.0445	3	1316	37316	350	2010.537155
transport variability	-0.2456	0.7028	2	386	1848	16	2010.834783
traps	0.9372	0.1895	1	327	1256	12	2009.907104
trends	-0.5952	0.5254	2	1077	12266	116	2012.269204
tritium	1.0665	0.0957	1	245	912	12	2003.428571
trough	0.3057	-0.6471	5	806	5912	59	2010.984962
turbulence	0.1412	-0.8657	3	658	4100	41	2009.838323
turbulent heat fluxes	-0.321	-1.0099	3	346	1282	12	2012.207207
turbulent kinetic energy	0.2603	-1.1377	3	307	1262	13	2010.442857
turbulent mixing	0.4468	-0.8828	3	311	1168	11	2009.866667
twentieth century	-0.6556	1.038	2	288	978	9	2012.145055
types	0.7616	0.1004	1	622	3274	31	2011.720352
uncertainty	-0.3554	0.3916	4	607	3028	28	2013.221957
under ice	0.4704	-0.5553	1	481	2240	20	2013.021739
upper layer	0.2296	-0.4021	3	766	4996	48	2007.07173
upper ocean	-0.0159	0.152	2	954	8984	85	2010.440079
upstream	0.2836	0.1466	5	488	2246	21	2010.672862
uptake	1.0757	0.1819	1	340	1232	12	2012.895082
upwelling	0.3822	0.1468	1	749	4718	42	2010.661939
utilization	0.9285	0.4293	1	302	1016	10	2011.783251
validation	-0.5202	0.0979	2	444	1522	13	2012.727575
valley	0.8571	-0.4531	1	295	1046	9	2011.024
values	0.2281	-0.0761	1	1231	18194	176	2010.746562
variability	-0.375	0.3938	2	1327	40964	387	2011.545737
variance	-0.8843	0.1378	2	718	4782	44	2010.046067
variations	-0.4149	0.101	2	1269	24242	236	2010.901917
velocity	-0.2744	-0.6427	3	1214	20388	202	2010.066944
velocity field	-0.3314	-0.2864	3	587	2748	27	2009.17301
velocity profiles	-0.1779	-1.0672	3	280	894	9	2008.385714
ventilation	0.967	-0.2699	1	657	4196	41	2008.841945
vertical	0.3983	-0.7514	3	656	3844	38	2009.544379
vertical diffusivity	0.2786	-0.9692	3	427	1792	16	2008.063492
vertical distribution	-0.0707	-0.1245	3	334	1032	10	2010.595331
vertical fluxes	0.4987	-0.8522	3	324	1100	10	2009.75
vertical heat flux	0.4508	-0.7052	3	365	1394	12	2008.30303
vertical profiles	0.5809	-0.8258	3	334	1132	12	2011.336
vertical shear	0.0366	-1.0203	3	366	1370	13	2009.671233
vertical structure	-0.2033	-0.7933	3	405	1392	14	2010.285714
vessel	-0.1419	-0.5212	4	322	956	10	2011.268293
viscosity	-0.6014	-0.7694	3	270	818	9	2008.10119
volume	-0.3713	0.365	2	1171	20064	186	2010.936662
volume flux	-0.7137	0.0416	2	676	4134	37	2008.346154
volume transport	-0.4423	0.2053	5	732	6332	56	2009.307692
vortex	0.0024	-0.4694	3	268	772	9	2011.311409
vorticity	-0.0315	-0.6253	3	783	5654	57	2008.431221
warm	0.2343	-0.3537	3	822	5822	52	2011.29985
warm core	0.5078	-0.8036	3	419	1606	15	2008.06
warming	-0.1826	0.6235	2	963	10216	98	2012.978577
water	0.2761	-0.0709	1	1359	100970	1008	2010.775054
water circulation	0.5404	-0.1796	5	527	2394	23	2007.634146
water column	0.6593	-0.2566	1	1123	14518	138	2010.123234
water content	0.1992	1.0433	2	339	1172	10	2011.363839
water density	-0.0686	-0.9732	3	280	932	10	2007.363636
water depth	0.9876	0.0864	1	600	2948	24	2011
water distribution	0.7224	0.3881	1	306	952	9	2010.714286
water exchange	0.2172	-0.2698	5	383	1494	17	2010.149533
water flow	0.547	-0.0163	5	409	1592	16	2010.588745
water fluxes	0.1413	-0.4411	3	426	1470	14	2009.478632
water formation	0.2109	-0.1364	5	850	6778	60	2008.600998
water ice	0.1554	-0.2189	4	841	6196	59	2010.074941
water mass formation	0.1437	-0.6197	5	393	1392	11	2006.777778
water mass modification	-0.0332	-0.8978	3	421	1656	14	2005.657143
water mass properties	0.3655	0.1763	1	439	1688	14	2008.93913
water mass transformation	0.3659	0.1234	5	431	2066	18	2011.642276
water masses	0.6714	-0.2065	1	1271	27030	251	2009.047927
water properties	0.5529	-0.4254	1	663	4012	36	2008.879167
water samples	1.1244	0.1847	1	324	1248	14	2012.208738
water surface	0.4299	-0.5108	3	636	3500	32	2010.707692
water temperature	0.0911	0.2639	5	669	3724	37	2010.526448
water transport	0.1125	0.0391	3	546	2740	24	2010.117647
wave	-0.207	-0.9496	3	845	7726	91	2010.934812
wavelength	-0.2669	-1.1925	3	258	856	11	2009.220077
weather	-0.8778	-0.0923	4	639	3350	29	2012.202602
weather forecasts	-1.0045	-0.0491	4	444	1766	14	2011.889868
west greenland	-0.8257	-0.0671	4	504	2828	26	2011.434211
west greenland current	-0.7182	-0.111	4	331	1388	12	2008.65
west spitsbergen	-0.1876	-0.8949	3	707	5610	56	2010.317308
west spitsbergen current	-0.2008	-0.9127	3	672	5190	52	2009.013699
western arctic	0.8957	-0.0144	1	546	2754	26	2012.228916
western arctic ocean	0.9121	-0.0228	1	403	1532	14	2014.484848
wind	-0.5292	-0.053	4	1307	35022	319	2010.366929
wind field	-0.6731	0.0308	4	645	3080	26	2008.951515
wind forcing	-0.6075	0.1324	2	745	4750	43	2008.535545
wind pattern	0.5188	0.874	1	288	976	9	2012.014706
wind regime	-0.1465	0.5246	2	351	1192	10	2012.631579
wind speed	-0.8503	-0.6309	4	392	1532	16	2011.054286
wind stress	-0.87	0.0145	2	833	6762	61	2008.608177
wind stress curl	-0.8306	0.3588	2	339	1222	11	2009.383562
wind-driven	0.2911	0.3711	1	274	840	10	2008.645833
winter	-0.0616	-0.1444	4	1321	36370	330	2011.016141
winter convection	0.947	-0.4447	5	341	1300	11	2009.820896
winter sea ice	-0.1618	0.4207	1	636	3426	27	2012.321053
winter season	-1.0128	-0.007	4	384	1522	13	2011.059908
winter water	0.7601	-0.2105	1	678	4310	38	2010.432749
wintertime	-0.9122	-0.023	4	508	2038	18	2011.622989
work	0.2924	-0.1846	1	617	2760	26	2012.585814
world	0.105	0.4456	2	707	3696	38	2011.293273
world ocean	0.2602	0.3382	2	570	2422	25	2007.82598
wsc	-0.301	-0.7395	3	444	2184	21	2010.225
yenisei	0.6222	0.7561	1	348	1442	14	2010.214286
yermak plateau	0.0497	-1.0891	3	420	2178	20	2007.606061
zemlya	0.6001	-0.424	5	393	1718	15	2012.984375
zone	0.2949	-0.4066	1	1035	10148	103	2010.917256
