id	x	y	cluster	weight<Links>	weight<Total link strength>	score<Avg year>
16s rrna	1.3423	0.7267	3	173	658	2012.266949
1960s	-0.8366	-0.3228	4	260	920	2007.723464
20th century	-0.2308	0.0999	4	379	1460	2009.625488
ablation	0.0851	-0.5327	2	188	496	2009.488128
abrupt	-0.1961	-0.5589	4	193	524	2008.765363
absorption	0.3296	0.529	3	295	930	2007.595437
abundance	1.0383	0.2353	3	822	7012	2008.576098
acceleration	-0.247	-0.7739	2	273	854	2010.334658
access	-0.2986	-0.1893	1	500	2088	2011.56924
accumulation	0.5535	-0.1502	2	1033	10630	2008.145056
accumulation rates	1.2082	0.1801	3	261	850	2006.241987
accuracy	-0.8915	-0.2596	1	890	9292	2010.08255
acetate	1.2239	0.479	3	233	828	2008.438819
acidity	0.5602	0.417	3	223	722	2006.631579
acids	1.0989	0.3631	3	351	1468	2008.50144
acquisition	-0.4162	-0.4597	1	351	1220	2009.628664
actinobacteria	1.3563	0.812	3	127	406	2013.37931
action	0.3961	-0.3654	2	338	1148	2008.283128
activation	0.3714	-0.1581	2	223	672	2007.091503
active layer	-0.058	0.1194	4	1395	35126	2010.711438
active layer thickness	-0.7418	0.4468	4	988	12770	2013.433476
activity	0.2229	0.0902	3	1226	16806	2008.699084
adaptation	-0.4645	0.2882	1	470	2230	2009.276196
addition	0.1267	0.21	4	1121	12402	2009.285986
administration	-1.0618	0.2539	4	215	622	2008.585608
advance	-0.5143	-0.2815	1	531	2398	2009.278139
advection	-0.4255	-0.2224	4	329	1252	2008.192895
aerial	-0.1335	-0.7788	1	331	1202	2008.989071
aerial photographs	-0.3632	-0.902	2	370	1494	2008.57197
age	0.7254	-0.2641	2	838	6826	2007.797965
aggradation	0.4987	-0.7284	2	595	3428	2008.813688
aggregates	0.9361	0.4324	3	226	650	2008.541433
agreement	-0.7912	0.1655	1	823	6490	2007.890269
agriculture	0.0831	-0.2218	2	139	348	2011.68272
air	-0.6901	0.1875	4	1350	36104	2008.618101
air temperature	-0.8842	0.2051	4	1108	19178	2010.069914
airborne	-0.8054	-0.0178	1	259	798	2006.453571
aircraft	-0.4949	0.4916	1	286	1072	2006.227098
al	0.627	0.1481	3	506	2182	2007.388849
alaska	0.1957	-0.1	1	1454	40990	2008.146234
alaskan	0.296	0.4731	3	798	6912	2008.305085
alaskan arctic	-0.2469	0.893	4	328	1484	2010
albedo	-0.7514	0.7418	4	475	2444	2009.324338
alberta	0.3762	-0.8044	2	181	556	2007.302682
algorithm	-0.9753	-0.158	1	642	4186	2010.210584
allocation	0.1781	0.3279	2	164	440	2008.708333
alpine	-0.2524	0.7338	4	828	9464	2009.603145
alteration	0.0503	-0.3361	1	341	1146	2008.680165
altitude	-1.1098	0.2153	4	437	2256	2007.653347
america	-0.579	-0.0815	1	652	3862	2008.697703
ammonium	1.2755	0.1354	3	168	492	2006.893067
amplification	-0.1375	-0.1449	2	277	856	2010.670509
amplitude	-0.9988	0.1125	4	595	3648	2008.158367
ams	0.682	-0.6505	2	237	794	2006.890719
analyses	0.3663	-0.0702	2	1027	9680	2009.301682
analysis	-0.065	-0.0808	1	1442	35196	2009.366286
ancient	0.8974	0.0245	2	247	808	2009.677796
angle	-0.6323	-0.4104	1	305	930	2007.895326
animals	-0.0063	-0.1221	1	236	692	2008.315789
annual	-0.6375	-0.669	4	406	1816	2007.172557
annual cycle	-0.0608	1.0688	4	208	634	2007.690078
annual precipitation	0.2383	0.6079	3	365	1514	2010.141667
annual temperature	-0.7796	0.2663	4	364	1532	2008.690789
anomaly	-0.6941	0.4968	4	469	2064	2009.553394
anoxia	1.2144	0.2123	3	227	676	2010.074419
anoxic	1.15	0.5249	3	205	586	2009.582645
antarctic	-0.7013	0.3275	1	293	1004	2007.820711
antarctica	-0.9702	0.3544	1	219	716	2007.877974
antenna	-0.798	-0.3926	1	197	646	2008.064626
anthropogenic	-0.0996	-0.1194	5	256	806	2009.897004
application	-0.716	-0.0639	1	975	9244	2010.011511
approach	-0.2997	-0.0342	1	1248	19114	2011.153242
approximation	-0.928	0.351	1	266	878	2008.343624
aquatic ecosystems	0.7694	-0.3079	3	407	1602	2012.219331
aquifer	-0.0949	-0.8016	4	357	1726	2010.299742
archaea	1.3978	0.4892	3	215	846	2011.462687
archipelago	-0.3315	-0.2213	2	262	784	2008.970938
archives	0.0732	-0.7764	2	360	1224	2012.032657
arctic	0.236	0.0078	3	1553	65856	2009.446222
arctic alaska	0.5945	-0.1948	2	510	2478	2010.011811
arctic canada	0.0249	-0.9846	2	197	552	2007.412857
arctic climate	0.4914	-0.393	2	213	596	2010.487654
arctic ecosystems	0.632	0.7791	3	232	758	2008.734884
arctic lakes	0.1739	-0.3095	1	356	1330	2008.29697
arctic regions	-0.0915	0.7982	4	452	1860	2009.653333
arctic tundra	0.7805	0.4037	3	480	2220	2009.478365
area	-0.1782	-0.1026	1	1557	72428	2008.578401
areal	0.5734	0.3589	3	221	612	2008.079755
areal extent	0.2058	0.5274	3	350	1360	2007.510417
array	-0.0552	-0.3127	1	459	2004	2008.688032
asia	-0.7506	0.366	4	371	1434	2010.858426
asian	-0.715	0.763	4	163	452	2011.471582
asl	-0.9198	-0.6306	4	136	388	2009.703863
aspect	-0.6761	-0.2331	1	507	2618	2009.986813
assemblages	1.0935	-0.1603	2	330	1236	2007.880667
assessment	-0.5543	0.1415	1	966	10080	2011.123547
assimilation	0.0485	0.9009	3	291	1012	2009.247808
association	0.3758	0.0722	3	615	2970	2009.179096
atlantic	-0.1804	-0.3499	2	172	436	2008.590945
atmosphere	0.2005	0.6311	3	1177	19130	2008.501913
atmospheric carbon dioxide	0.0091	0.9017	4	238	786	2008.128205
atmospheric conditions	-0.7246	0.0651	1	168	428	2010.137931
atmospheric methane	0.2055	0.5639	1	342	1312	2008.173333
attention	-0.3343	0.2199	1	626	3374	2010.284583
attenuation	-0.8213	-0.0981	1	213	630	2008.16198
autonomous	-0.7721	-0.1037	1	152	360	2012.610778
autumn	-0.6833	0.5056	4	568	3654	2008.811221
availability	0.7225	0.0912	3	926	8746	2009.56451
background	0.0328	0.3105	4	390	1358	2009.681872
backscatter	-0.9198	-0.5194	1	414	2276	2008.125292
bacteria	1.2148	0.5917	3	332	1406	2009.086536
bacterial	1.2056	0.6415	3	220	702	2009.837958
bacterial communities	1.3893	0.7949	3	157	536	2012.601134
bacteroidetes	1.3035	0.7567	3	169	498	2013.892537
balance	-0.0606	0.4024	4	1175	18296	2009.168937
bands	0.733	-0.0653	3	194	490	2007.694277
banks	0.4917	-0.6882	2	330	1228	2006.786932
barrier	0.5495	-0.9009	2	208	582	2008.988387
barrow	0.131	0.3891	3	802	7956	2008.635721
basal	0.5078	-0.2285	2	416	1590	2008.301104
baseline	-0.6244	-0.2353	1	683	4226	2011.063023
basin	-0.0378	-0.396	2	1261	21802	2008.451393
bathymetry	-0.1089	-0.8902	2	276	924	2009.596934
bay	0.0549	-0.6149	2	666	4184	2007.629364
bayesian	-0.3371	0.4427	1	289	856	2013.3809
beaufort	0.3512	-0.8249	2	274	1020	2009.491785
bed	0.1022	-1.0197	2	232	910	2008.925373
bedrock	-0.3195	-0.1553	1	462	1890	2009.117398
behavior	-0.6256	-0.3468	1	498	2300	2008.780232
behaviour	-0.0832	-0.8218	2	317	1114	2008.035198
belowground	0.6815	0.9416	3	306	1246	2011.276074
benchmark	-0.2337	0.752	1	119	298	2012.336996
benefits	-0.6339	-0.5012	1	233	630	2011.531274
beringia	0.8322	-0.5647	2	164	528	2008.709135
beta	0.462	0.4603	3	164	394	2008.071429
betula	0.9398	0.0075	2	205	616	2007.963087
bias	-1.024	0.5785	4	611	4202	2011.002385
biases	-1.1532	0.5179	4	394	1992	2011.934239
bioavailability	1.1247	0.4954	3	184	516	2011.294118
biodegradation	1.1841	0.3013	3	171	462	2010.267296
biodiversity	-0.0233	0.285	1	396	1494	2012.141446
biogeochemical	1.0338	0.2643	3	274	802	2010.793578
biogeochemical cycles	0.4439	0.2172	3	334	1066	2011.855219
biogeochemical processes	0.4969	0.2995	3	377	1454	2011.568841
biogeochemistry	0.6084	0.2309	3	615	3582	2011.871515
biological processes	0.9078	0.0682	3	237	694	2009.937337
biomarker	1.1797	0.0856	3	359	1570	2010.943441
biomass	0.7446	0.6821	3	751	6690	2008.040883
biomes	-0.0099	0.7547	3	473	2098	2011.428571
biosphere	-0.406	1.0155	4	207	634	2009.397647
birch	0.3726	-0.7216	2	260	934	2008.009398
birds	0.4429	-0.4376	2	180	510	2007.764282
black	0.7646	-0.0336	2	145	408	2009.344605
body	-0.2621	-0.6454	1	912	8176	2007.977291
bog	0.4182	-0.6149	2	691	5070	2008.437269
border	0.212	0.2663	4	150	366	2007.5
boreal	0.1077	0.1363	5	1013	12586	2009.748786
boreal forest	0.3712	0.499	5	665	5310	2009.254495
borehole	-0.9831	-0.1167	4	622	4680	2009.415205
boundary	-0.4448	-0.3736	4	739	5446	2007.239183
boundary conditions	-0.8852	0.6795	4	218	706	2007.871795
bp	0.7452	-0.5763	2	569	3512	2008.600087
breakdown	1.176	0.5038	3	217	622	2007.162996
bryophytes	0.3366	0.7259	2	206	582	2009.103647
bubbles	-0.0587	-0.0627	1	369	1892	2007.959569
budget	-0.0618	0.5844	4	966	10248	2008.970525
buffer	0.0559	0.1063	4	254	800	2008.027778
building	-1.159	0.1025	1	156	470	2010.464789
burial	0.8797	-0.188	3	363	1348	2008.27451
burning	0.0234	0.5088	5	214	692	2009.814558
c-13	1.094	0.1034	3	602	3842	2011.550826
c-14	0.885	-0.2191	2	571	3430	2006.673407
c-band	-0.8749	-0.513	1	317	1418	2010.552846
c/n	0.9471	0.1013	3	352	1464	2008.969388
ca	0.9781	-0.1479	3	323	1160	2008.009458
ca2+	0.9967	-0.4212	3	244	764	2008.084615
calibration	-0.9228	0.0635	1	637	3848	2009.197434
camera	-0.7075	-0.4044	1	296	966	2010.289708
campaign	-0.3697	0.2683	1	153	388	2008.901876
canada	0.0954	-0.594	2	1304	23916	2008.358354
canadian	0.0112	-0.3091	2	697	4112	2008.213722
canopy	-0.4165	0.291	4	404	1858	2008.318982
capabilities	-0.6372	-0.3996	1	318	1076	2010.500666
capacity	0.0391	0.2753	4	857	6720	2009.597315
cape	0.8181	-0.3422	2	310	1326	2007.560284
caps	0.2049	-0.1253	1	153	396	2008.309322
carbohydrates	1.2158	0.3023	3	233	816	2007.243067
carbon	0.5932	0.4303	3	1500	65826	2009.564589
carbon balance	0.2477	0.8668	5	381	1774	2008.833333
carbon cycle	0.5293	0.7164	3	635	3782	2011.26087
carbon dioxide	0.7668	0.7343	3	838	9214	2009.945455
carbon flux	0.0791	0.8595	3	521	3198	2009.377841
carbon isotopes	1.2812	0.0524	3	141	396	2010.176667
carex	0.9455	0.4189	2	274	976	2006.026667
cascade	0.7882	-0.3278	2	276	824	2009.630695
case	-0.5457	-0.2922	1	972	9976	2008.95177
catchment	0.4106	-0.6411	2	817	7388	2010.694125
cation	0.9787	-0.2829	3	413	1878	2007.423345
cause	-0.0563	0.1846	1	503	2120	2008.342905
cell	-0.4063	0.5618	1	500	2410	2008.211757
century	-0.3541	0.3968	4	1032	13286	2010.371507
ch4	0.6831	0.7104	3	1054	17756	2009.020747
chain	-0.4897	-0.4158	1	281	888	2008.08967
challenges	-0.3786	-0.0457	1	815	5574	2013.058999
chamber	0.2781	0.9488	3	518	3508	2007.892646
changes	-0.0819	0.1288	4	1592	103144	2009.682502
channel	-0.0509	-0.7995	2	700	4818	2008.014353
characterisation	0.2718	0.059	3	252	682	2010.212121
characteristics	0.1261	-0.1468	2	1290	22186	2008.736404
characterization	-0.1249	-0.0769	1	614	3484	2010.633346
chemical	0.8409	-0.0539	3	651	3688	2007.921949
chemical characteristics	0.9112	-0.274	2	241	726	2007.689024
chemical composition	1.1426	0.174	3	310	1222	2008.202447
chemical properties	1.0503	0.2532	3	249	792	2009.098039
chemistry	0.9494	-0.2499	3	705	5002	2007.680636
china	-0.7956	0.2946	4	916	13018	2011.999131
chinese	-0.8619	0.8366	4	181	496	2010.719298
chronology	0.8143	-0.747	2	205	628	2008.614898
chukotka	-0.3786	-0.0103	1	150	396	2010.909747
ci	0.1531	0.2638	1	211	608	2010.938586
circulation	-0.6768	0.1403	4	632	4110	2008.948109
circumpolar	-0.6623	0.3054	1	628	3874	2008.280533
citation	0.4026	0.0661	4	308	1110	2010.604072
cl-	1.0355	-0.4696	3	179	514	2006.601719
class	-0.2093	0.3022	1	571	2708	2008.629702
classification	-0.3531	-0.3926	1	879	8068	2009.286924
clay	0.7653	-0.0087	3	524	2626	2007.780506
climate	-0.1022	0.213	4	1579	85882	2010.804187
climate change	-0.0732	0.0745	4	1277	23418	2011.726653
climate data	-0.7175	-0.3215	1	308	1014	2011.201149
climate model	-0.624	0.8395	4	575	3900	2011.501132
climate system	-0.5796	0.6086	1	451	2196	2010.341853
climate variability	-0.1822	-0.2217	2	501	2084	2011.231434
climate warming	-0.044	0.7669	3	556	3298	2012.926087
climatic conditions	0.2582	0.0159	3	569	2782	2010.008439
climatic factors	-0.5852	0.0946	1	205	690	2010.011905
climatology	-1.0031	0.2798	4	263	900	2008.664945
closure	-0.5859	0.1966	4	224	780	2008.433779
cloud	-1.0305	0.0242	1	349	1342	2007.587105
cluster	0.0673	-0.1416	1	363	1454	2009.267877
cmip5	-1.0097	0.872	4	405	2530	2015.851097
co	0.7901	-0.2491	3	241	704	2007.665527
co2	0.6139	0.7966	3	1140	22622	2009.235732
coast	0.2023	-0.5441	2	719	4662	2007.916968
coastal	0.3192	-0.3974	2	911	8426	2008.750196
coastal areas	0.0559	0.3501	3	159	416	2008.556848
coastal erosion	0.3433	-0.7008	2	391	1434	2011.756757
coastline	0.5005	-0.4693	2	348	1184	2009.082534
coefficients	-0.3214	0.4806	1	366	1280	2007.85666
coherent	-0.4631	-1.0991	1	183	528	2008.626866
cold	-0.5278	0.0471	4	612	3696	2009.295106
cold climate	0.1119	-0.0918	1	142	356	2008.782407
cold environments	-0.4074	0.0216	1	163	380	2011.933993
cold regions	-1.001	-0.0302	4	703	5918	2011.787565
cold season	-0.524	0.4193	4	437	2014	2011.497817
collaboration	-0.7054	-0.0101	1	139	340	2011.526627
collapse	0.9513	0.0136	3	578	3354	2009.31737
collection	-0.0104	-0.2451	1	379	1386	2009.184687
colour	0.6926	-0.5882	3	152	414	2007.538283
column	0.5551	0.3047	3	752	5798	2007.520529
combustion	0.6898	0.6717	5	247	978	2008.365967
community	0.5182	0.4264	3	1194	17430	2010.388476
community structure	1.2675	0.689	3	137	424	2009.920304
compaction	0.2219	-0.3963	4	317	1138	2009.714724
comparative analysis	-0.0605	0.2463	1	182	520	2010.562069
comparison	-0.4752	0.1136	1	1111	13706	2007.950757
compensation	-0.6981	0.5649	1	181	472	2007.767361
competition	-0.0433	0.2838	2	186	480	2008.582677
compilation	-0.4637	0.1492	1	189	540	2010.398754
complex	0.2275	-0.0963	2	883	6862	2008.626599
composition	0.8385	0.1036	3	1094	13092	2008.609526
compounds	1.0861	0.2961	3	407	1890	2008.606591
computer	-0.9783	-0.1231	1	167	464	2006.919266
concentrations	0.7032	0.1466	3	1191	19300	2008.182298
concept	-0.2346	-0.162	1	315	1094	2009.039852
conceptual model	0.8803	-0.4833	2	356	1220	2009.793413
concerns	-0.2547	-0.2104	1	404	1402	2011.148773
condition	-1.0398	-0.1008	4	652	4614	2008.989432
conductivity	-0.232	0.1503	4	1024	13258	2008.252422
configuration	-0.51	-0.3329	1	422	1682	2009.544
connectivity	0.4046	-0.8408	2	559	3464	2013.917665
consequences	0.1365	-0.4064	2	814	5972	2010.388946
conservation	-0.582	0.6494	4	261	726	2011.195486
consistency	0.3652	0.0069	2	246	746	2009.971397
constituents	0.9749	-0.3339	3	206	632	2006.951372
constraints	-0.0986	0.5183	1	449	1872	2009.183622
construction	-0.7204	-0.0038	1	533	2784	2009.416124
consumption	0.8603	0.6264	3	347	1346	2007.642994
contact	-0.3405	-0.8271	1	236	760	2008.053198
contamination	0.1639	-0.4578	1	183	434	2008.17103
content	0.1803	0.1808	4	1385	31882	2008.566458
context	0.4004	-0.12	3	802	5126	2011.030192
continent	-0.6273	0.7335	4	185	526	2008.964696
continental	0.2809	-0.2796	2	158	382	2008.05522
continuous	6e-04	-0.0105	1	354	1270	2008.375887
continuous permafrost	-0.2076	-0.3809	2	733	4934	2010.502488
contraction	0.0967	-0.7483	2	334	1084	2008.338174
contrast	0.4112	0.1109	3	1056	9758	2008.536194
control	0.3868	0.3284	3	1196	19690	2009.125056
convection	-0.5037	-0.4004	4	214	690	2007.398389
convergence	-0.1608	0.4549	1	140	330	2008.020145
conversion	0.3282	-0.214	2	290	920	2007.330144
cooling	-0.537	0.3413	4	670	4544	2008.320685
copyright	-0.1762	-0.6371	2	1146	17056	2007.992246
core	0.817	-0.376	2	902	9000	2007.967995
correction	-0.6233	0.3356	1	274	842	2008.598508
correlation	-0.0728	0.4504	4	1027	11366	2008.606178
correlation analysis	-1.2057	0.4691	4	173	544	2011.239796
correlation coefficient	-1.0195	0.8305	4	179	472	2010.154098
correspondence	0.371	0.1635	2	385	1622	2007.499487
corridor	-0.6219	-0.6179	1	409	1864	2010.096154
costs	-0.7094	0.3145	1	327	1168	2009.673817
coupling	-0.7864	0.6788	4	621	4210	2010.327135
covariance	-0.0704	0.9102	3	571	4050	2010.7125
cover	-0.4139	0.0513	4	1346	30754	2009.332353
coverage	-0.1489	0.0755	1	875	6948	2010.04391
cr	0.2443	0.3223	3	155	386	2008.550617
cracks	-0.1875	-0.8093	2	306	1052	2008.515571
crater	0.24	-0.5899	2	161	430	2008.471119
creek	0.1558	-0.7598	2	511	2492	2007.130268
creep	0.1993	-1.0021	2	152	422	2007.349296
criteria	-0.2417	-0.0597	1	241	738	2008.509297
crown	-0.2712	-0.3398	1	416	1718	2010.518438
cryosphere	-0.8146	0.0938	1	502	2530	2012.880689
cryoturbation	0.8865	-0.0458	3	542	3154	2009.054217
current	-0.2779	0.3902	1	433	1560	2008.021581
current climate	-0.5185	0.9202	4	190	574	2011.142045
cyanobacteria	1.2991	0.593	3	156	510	2009.273279
cycle	0.3772	0.4186	3	1367	31004	2009.115632
da	-1.1765	-0.0144	1	176	588	2010.493103
damage	-0.4547	-0.2676	1	416	1646	2009.428672
data	-0.4603	-0.0519	1	1536	64598	2008.849817
database	-0.4871	0.3383	1	648	4556	2011.009739
dataset	-0.8488	-0.0583	1	601	3182	2012.492063
date	0.2774	-0.4151	2	840	6678	2008.781013
debris	0.6391	-0.3793	2	251	694	2007.542321
decadal	-0.4347	-0.3354	2	392	1648	2011.563199
decay	0.2657	-0.5714	2	440	1838	2007.653232
decline	0.2705	0.232	2	549	2942	2009.893655
decomposition	0.775	0.6548	3	998	15038	2009.869063
deep	0.1388	-0.2847	2	391	1512	2007.233692
deficit	0.2051	0.3515	2	209	648	2008.087049
definition	-0.7583	0.3441	1	329	1206	2008.873016
deformation	-0.5969	-0.8216	2	352	1444	2007.663668
deglaciation	0.4769	-0.2317	2	284	990	2008.650208
degradation	0.1708	3e-04	2	1450	39698	2011.065225
delay	-0.424	0.0835	4	324	1086	2008.579495
delineation	-0.7725	-0.5007	1	253	770	2009.939394
delivery	0.9174	-0.5283	3	332	1344	2010.271394
delta	0.3022	-0.461	2	964	9938	2007.83363
demand	0.304	-0.0568	1	302	908	2009.740876
denitrification	1.2784	0.1705	3	157	472	2007.274227
density	0.2508	0.1431	3	1072	12348	2008.013051
dependence	-0.5529	0.5121	1	526	2452	2007.840071
depletion	0.7046	-0.1691	3	323	1056	2006.739015
deposition	0.8252	-0.3365	2	535	2432	2008.05739
deposits	0.5884	-0.4921	2	880	8200	2008.340778
depression	0.2689	-0.4774	2	690	4282	2007.650097
depth	-0.0295	0.2412	4	1515	54932	2008.424673
description	-0.6973	0.4792	4	517	2558	2008.463605
desert	-0.0019	0.5278	4	521	2920	2008.949606
desiccation	0.1323	-0.6568	2	279	858	2007.585132
design	-0.6771	-0.1831	1	586	3116	2010.581328
detachment	0.0486	-0.9147	2	254	754	2007.707937
detail	-0.4169	-0.0693	1	322	1052	2008.325282
detection	-0.5893	-0.563	1	791	6020	2009.603252
determination	0.1102	-0.3096	1	407	1502	2007.484902
detritus	1.1411	-0.4574	2	187	552	2006.822309
development	-0.0047	-0.4034	2	1312	22800	2008.720806
diagnostics	-0.6089	0.4292	4	165	438	2008.567084
diameter	-0.0203	-0.7409	2	250	786	2007.263065
diatom	1.098	-0.145	2	312	1202	2007.788872
dic	1.1489	-0.1556	3	218	726	2010.289003
difference	-0.715	0.2268	1	944	9644	2008.353517
difference vegetation index	-0.7713	0.782	1	313	1282	2011.269663
differentiation	0.5958	-0.1322	3	250	718	2009.166072
diffusion	-0.4816	0.3839	4	594	3992	2007.538498
digital	-0.7911	-0.5486	1	210	592	2009.777457
digital elevation model	-0.8972	-0.4228	1	444	2136	2011.723433
direct	0.0864	0.3047	1	215	590	2008.210247
direct effect	-0.141	-0.3906	2	200	556	2009.810127
direct measurements	0.2729	0.4625	3	220	662	2008.273092
discharge	-0.1709	-0.6782	4	806	8216	2009.968547
discontinuous permafrost	-0.238	-0.5755	2	820	7208	2009.986239
discrepancies	-0.76	0.4719	4	453	2108	2008.348934
disequilibrium	-0.2413	-1.0304	4	137	390	2007.917431
dispersal	-0.1196	0.292	1	214	654	2009.272755
displacement	0.047	-0.4734	2	316	1058	2008.077434
dissolution	1.1643	-0.0965	3	257	778	2008.222642
dissolved	0.9184	0.1445	3	332	1182	2009.918434
distance	-0.192	-0.4646	1	418	1658	2008.760466
distribution	-0.2863	-0.1181	1	1453	37234	2008.398254
distribution patterns	-0.5165	0.0207	1	156	446	2007.921011
disturbance	0.3592	-0.4476	2	1078	13846	2008.857587
divergence	0.0826	-0.626	2	178	484	2009.013309
diversity	0.5286	0.432	3	663	3806	2010.578345
dm	-0.0679	0.7591	1	139	352	2008.292818
doc	1.0618	-0.0676	3	597	3666	2010.06576
dominance	0.9865	0.3152	3	437	1624	2008.872257
doubling	-0.1091	0.7619	4	180	490	2006.720126
downscaling	-0.9314	0.6686	4	212	644	2012.79878
drainage	0.2357	-0.5337	2	1128	14452	2008.81777
drier conditions	0.4955	0.2291	2	242	708	2009.964912
drift	0.5339	-0.182	2	301	866	2007.53137
drilling	-0.4418	-0.7028	2	298	1154	2009.19218
drivers	0.4028	0.1399	3	819	5892	2015.214206
drought	-0.8001	0.1313	1	180	486	2011.447977
dryas	0.8726	-0.1141	2	171	460	2007.259029
drying	0.0884	-0.3025	2	464	2314	2010.299595
duration	-0.4844	-0.2961	4	811	6778	2008.532595
dynamics	0.0142	0.1539	5	1458	39418	2010.313072
earth	-0.198	0.4746	4	984	9550	2010.179198
east	-0.0042	-0.1266	2	676	3766	2008.607533
eastern	0.0831	0.1186	2	411	1722	2008.869757
ec	0.0251	0.7433	3	391	1680	2011.130769
ecology	-0.1086	-0.0705	1	692	4536	2009.579615
economy	-0.7806	0.3345	1	167	518	2011.137536
ecosystem	0.2484	0.5055	3	1463	44834	2011.299513
ecosystem processes	0.5492	0.5154	3	237	702	2012.502618
ecosystem respiration	0.5567	1.0343	3	530	4416	2012.202765
ecosystem services	-0.3013	0.17	1	214	598	2015.128205
ecosystem structure	0.6244	0.1885	2	284	1002	2011.137143
ecotone	0.1344	-0.0752	4	284	964	2010.323944
ecotypes	0.5809	-0.5795	3	174	460	2009.606061
eddies	0.1501	1.1606	3	193	668	2008.668786
education	-0.505	0.1065	1	114	278	2010.860248
effects	-0.0051	0.4253	4	1500	50358	2008.834618
efficiency	-0.351	0.5228	4	390	1484	2009.198697
efflux	0.2069	0.665	3	475	2500	2008.48374
effort	-0.6505	-0.0482	1	206	566	2009.28
electrical conductivity	0.4467	0.1207	2	300	974	2008.518717
electron	1.1044	0.5561	3	310	1316	2008.099471
elemental composition	0.9803	0.3225	3	155	388	2009.293023
elements	0.3306	-0.3115	2	760	4740	2008.706361
elevation	-0.431	-0.4182	1	942	9190	2009.824954
embankment	-0.8972	-0.6885	1	239	908	2012.250883
emergence	0.4895	-0.8739	2	221	606	2009.419162
emissions	0.4339	0.6698	3	1223	25614	2009.691385
energy	-0.777	0.2896	4	1067	15286	2008.723489
energy balance	-1.174	0.0885	4	338	1408	2008.914956
energy budget	-1.3379	0.3514	4	184	580	2009.877193
engineering	-1.0347	0.0743	1	658	5452	2011.966811
enhanced	-0.2991	0.161	1	417	1598	2009.105949
enrichment	0.9825	-0.107	3	447	1994	2007.966961
ensemble	-0.8327	0.7953	4	292	1136	2012.843972
environment	0.1617	-0.035	1	1307	21554	2009.620856
environmental	0.1475	0.6073	4	503	2438	2009.652452
environmental changes	0.533	0.2042	3	353	1218	2011.631369
environmental conditions	0.4415	0.1595	2	566	2718	2011.073304
environmental factors	0.5618	0.4856	3	562	3152	2010.481299
environmental gradients	0.1677	-0.062	2	180	462	2011.14359
environmental variables	0.4274	0.7692	3	343	1370	2010.746251
envisat	-0.886	-0.4721	1	297	1342	2011.143695
enzyme	1.1474	0.7351	3	253	1084	2008.671725
enzyme activity	1.0929	0.767	3	158	534	2009.061093
equilibrium	-0.3647	-0.0507	4	546	2860	2007.331412
equipment	-0.7039	0.0134	1	156	376	2009.821326
er	0.5694	0.9579	3	259	1024	2009.325444
era-interim	-1.2825	0.6564	4	286	1178	2015.76381
eriophorum	0.9006	0.5457	2	171	498	2006.352564
erosion	0.3692	-0.5841	2	996	9808	2008.588984
error	-0.7533	0.2267	1	823	6882	2009.089766
establishment	0.4801	-0.2741	2	240	686	2009.077273
estimate	-0.6161	0.4352	1	951	10656	2009.037943
eurasia	-0.9013	0.021	4	388	1718	2010.129179
europe	-0.5553	0.4316	4	269	964	2009.264767
european	-0.6554	0.4818	4	266	864	2008.535922
evaluation	-0.786	0.3839	4	808	6812	2010.494567
evaporation	0.0026	-0.3841	4	750	5846	2007.500434
evapotranspiration	-0.5	0.3518	4	701	5468	2010.7866
events	0.2203	-0.532	2	934	8168	2008.940003
evolution	-0.0445	-0.5843	2	1022	10750	2009.317419
excess	0.4899	-0.8042	2	212	572	2006.587452
exchange	0.0277	0.6338	3	1006	11532	2008.103913
expansion	0.1035	-0.6775	2	915	8648	2010.313347
experimental	-0.6286	0.1086	4	259	868	2008.538829
experiments	-0.1596	0.6324	4	1076	13600	2008.056984
explanation	0.5698	-0.0795	2	188	486	2007.120259
exploration	-0.0683	-0.4565	1	309	1134	2009.280242
export	0.8208	-0.5685	2	434	1998	2009.527633
exposure	0.3842	-0.555	2	553	2532	2009.120837
expression	0.1315	-0.4423	2	217	564	2010.221853
extension	-0.3516	-0.3573	2	150	370	2007.564542
extent	-0.2519	-0.0768	4	1269	21138	2009.292904
extraction	-0.3041	-0.3587	1	279	914	2009.332489
extrapolation	-0.6583	0.2431	1	355	1226	2007.606469
extreme	-0.4079	-0.762	2	247	778	2011.052923
face	-0.0309	0.1394	1	199	566	2010.409917
facies	0.9522	-0.5589	2	179	492	2005.955224
failure	-0.0773	-0.6704	2	396	1456	2009.185744
fairbanks	0.1928	0.0392	2	387	1410	2006.056818
fall	-0.1085	0.5373	1	567	3266	2008.13205
family	0.2124	0.5907	3	218	554	2008.985487
fan	0.5819	-0.6276	2	208	550	2007.798982
fast	-0.8607	-0.1143	1	169	448	2008.050903
fate	0.6997	0.2474	3	562	3042	2010.213755
fe	1.1091	0.4043	3	441	2270	2008.842402
features	0.1952	-0.4048	2	1156	15206	2008.398624
feedback	0.2783	0.6711	3	1220	21828	2010.893652
fen	0.2317	-0.7096	2	666	4394	2008.534031
fermentation	1.2294	0.7832	3	209	766	2010.938547
fertilization	0.3994	0.9503	3	240	774	2008.605889
field	-0.3832	-0.1643	1	1360	29642	2008.149599
field data	-0.8986	-0.2447	1	501	2536	2008.705882
field experiment	-0.1865	0.3507	1	233	692	2007.60251
field measurements	-0.7243	-0.3232	1	584	3446	2009.733042
field observations	-0.2252	-0.2101	1	706	5014	2009.606725
field studies	0.243	-0.6702	2	350	1348	2007.448052
fire	0.3419	-0.1128	2	802	6876	2009.826617
fish	0.0849	-0.9086	1	238	748	2007.742843
fixation	0.672	0.4077	3	187	520	2009.097444
flight	-0.7771	0.0409	1	169	460	2007.375
flood	-0.0488	-0.2935	1	705	4184	2008.873819
floodplain	0.4401	-0.4981	2	442	1892	2009.02381
flow	-0.1813	-0.7378	4	1033	14442	2008.227829
fluctuations	-0.068	-0.2767	2	607	3070	2007.651355
fluid	-0.4236	-0.7594	4	184	522	2008.294565
fluorescence	0.9692	0.2854	3	207	532	2008.645305
fluvial	0.8226	-0.7513	2	203	608	2009.005
flux	0.031	0.6274	3	1324	33020	2008.597609
focus	-0.3982	-0.0695	1	554	2756	2011.577425
food	0.8389	-0.4408	3	265	988	2008.346694
foothills	0.3242	-0.2871	2	408	1914	2005.243243
footprint	-0.2642	0.6588	1	367	1566	2010.881764
force	-0.4492	-0.5908	4	260	792	2008.698212
forcing	-0.7022	0.7379	4	769	7302	2009.808603
forecasts	-1.049	0.438	4	436	2196	2011.270248
forest	0.277	-0.0103	2	985	11690	2009.036828
formation	0.5937	-0.233	2	1164	15178	2008.321264
fossil	0.6009	-0.0828	2	344	1146	2008.55551
foundation	-0.5299	0.2807	1	427	1682	2010.923077
fourier	0.8772	0.2103	3	261	776	2008.68
fraction	0.5672	0.4403	3	964	10022	2008.456562
fragments	0.2994	-0.2321	2	272	774	2008.17335
framework	-0.2205	0.2568	1	685	4092	2011.28923
freeze-thaw	-1.1211	0.6203	4	389	1992	2011.765823
freeze-thaw cycles	-0.7426	-0.2994	4	337	1538	2011.156425
freeze-up	0.3653	0.2367	3	331	1174	2009.512195
freezing	-0.7314	0.066	4	1093	16234	2008.624187
frequency	0.048	-0.2953	2	800	5288	2008.248973
freshwater	0.3635	-0.196	1	746	5148	2009.714453
freshwater ecosystems	0.3425	-0.3828	1	310	998	2011.675159
front	-0.7703	-0.531	4	457	2498	2007.825421
frost	-0.383	-0.2749	4	869	8220	2008.151163
frozen	-0.5327	0.2273	4	686	4448	2009.632275
frozen ground	-0.8373	0.1471	4	968	11690	2009.969977
frozen soil	-0.5221	0.52	4	830	7268	2011.220109
fuel	-0.201	0.2927	1	205	676	2009.266599
function	-0.0389	0.3067	1	853	6796	2008.530959
fusion	-0.7249	-0.3388	1	280	822	2008.521036
future	-0.2144	0.1255	1	1045	11242	2011.886201
future climate	0.0329	0.8278	4	662	4634	2012.298684
future research	-0.9853	0.0116	1	143	358	2011.822917
gap	-0.3628	-0.0251	1	707	4212	2011.364048
gas	0.4955	0.4027	3	1145	16670	2009.18628
gases	0.7211	0.5113	3	803	7208	2008.364299
gcm	-1.017	0.4133	4	347	1544	2006.636275
gene	1.2472	0.6745	3	362	2164	2011.22908
general circulation model	-0.7687	-0.0253	4	281	1066	2008.289072
generation	-0.2449	-0.6494	4	664	4274	2009.018917
genesis	0.2366	-0.3187	2	318	1056	2008.06422
geochemistry	0.8609	-0.3856	2	541	2652	2008.657811
geographic	-0.0591	0.7939	1	154	376	2008.298551
geology	-0.0384	-0.4921	1	449	1846	2008.706341
geometry	-0.3834	-0.6727	1	433	2012	2008.870779
geomorphology	0.2069	-0.6167	2	558	2990	2010.528977
geophysical	-0.6031	-0.6529	1	484	2462	2008.193421
gis	-0.5527	-0.1666	1	451	2048	2010.110721
glacial	0.3442	-0.0374	4	352	1446	2009.051526
glacial maximum	0.2723	0.1253	4	278	998	2010.369629
glacial period	0.5487	-0.3002	2	184	494	2008.592528
glaciation	0.3593	-0.6226	2	125	314	2007.663006
glacier	-0.2734	-0.3861	1	590	2936	2009.876697
glaciolacustrine	0.4448	-0.8373	2	143	392	2007.56701
global	-0.8934	0.2897	1	670	4146	2010.049364
global carbon cycle	0.5092	0.3867	3	452	1988	2011.111111
global change	0.1128	-0.2205	2	144	372	2008.177778
global climate	-0.275	0.5704	4	642	4036	2010.399116
global climate models	-0.8501	0.7506	4	418	2062	2011.371941
global scale	-0.2449	0.2599	1	319	1026	2010.563923
global warming	-0.6202	0.2599	4	299	1054	2011.050467
globe	-0.8627	0.0111	1	205	590	2010.753165
government	-0.5031	-0.3984	1	252	666	2012.723951
gpr	-0.7106	-0.6437	1	521	3454	2011.732203
gps	-0.609	-0.7419	1	186	548	2011.397634
gradient	0.1079	0.0646	2	1127	13916	2008.605746
grain	0.8168	-0.4115	2	486	2142	2008.961122
grass	0.7656	0.1299	2	236	680	2008.05644
grassland	-0.0241	0.629	3	696	5266	2010.189441
gravel	0.4068	-0.2146	2	405	1522	2007.15674
gravity	-0.8468	0.1965	4	184	506	2008.659201
grazing	0.2705	0.6837	3	188	544	2006.518367
greenhouse	0.6085	0.6	3	1105	16158	2010.141546
greenhouse gas	0.7015	0.5458	3	424	2006	2011.881188
greenhouse gas emissions	0.6395	0.6531	3	538	2726	2013.902597
greenhouse gases	0.7097	0.6385	3	689	5400	2010.01027
greenland	0.2724	0.2994	3	621	3640	2008.04131
grid	-0.7143	0.347	1	546	3196	2008.514164
ground ice	0.2499	-0.799	2	842	7898	2010.14557
ground surface	-0.8717	-0.2773	4	774	6896	2009.154412
ground temperature	-0.9754	-0.2096	4	921	12080	2011.059633
ground-based	-1.2348	-0.2625	1	181	482	2004.950739
groundwater	-0.0322	-0.5739	4	904	10182	2010.450902
group	0.4426	0.4853	3	360	1178	2007.95978
growing	0.3365	0.7692	3	299	1204	2008.656915
growth	0.2837	-0.0613	2	1050	11170	2007.964687
h-2	0.71	-0.2401	3	299	1048	2009.9319
habitat	0.3578	-0.2511	2	683	4410	2009.660618
hand	-0.5271	0.4528	4	354	1212	2008.390663
hazard	-0.9259	-0.0188	1	291	1028	2012.14876
head	0.2154	-0.9393	2	228	652	2007.610218
headwater	-0.0259	-0.6044	4	368	1682	2010.967949
health	-0.1391	-0.46	1	183	496	2011.42961
heat	-0.8615	0.1856	4	1192	25274	2008.894185
heat flow	-0.7022	-0.7235	4	189	578	2007.594595
heat flux	-0.9796	0.3931	4	397	2046	2008.44591
heat transport	-0.9458	-0.356	4	289	1390	2010.233533
heath	0.8427	0.8604	3	156	440	2007.240099
heave	0.1229	-0.3582	2	439	2000	2008.864583
height	-0.2636	-0.1467	2	603	2916	2008.844619
hemisphere	-0.6778	0.4646	4	634	4284	2009.014397
heterogeneity	-0.0234	0.4833	3	864	7592	2010.395911
high arctic	0.2703	-0.2088	4	144	362	2007.091176
high latitudes	-0.1552	0.3621	4	902	8170	2008.289567
high northern latitudes	-0.2305	0.6364	5	595	3488	2009.318267
high spatial resolution	-0.7258	-0.5394	1	388	1694	2011.610092
high-frequency	-0.6299	-0.5658	1	328	1044	2009.040142
high-latitude regions	-0.201	0.249	4	380	1258	2011.291209
high-resolution	-0.4229	-0.4026	1	940	8694	2010.248214
highway	-0.9039	-0.2005	1	478	2608	2011.645933
hills	0.5954	-0.3307	3	146	364	2005.973301
historical	-0.7288	-0.2735	1	403	1620	2009.214912
history	0.545	-0.5701	2	596	3512	2008.523128
holocene	0.7311	-0.549	2	809	7714	2008.578947
homogeneity	0.2928	0.3219	3	164	414	2007.956912
horizon	0.7118	0.3199	3	604	3486	2008.766626
host	0.5359	-0.3426	2	184	464	2009.32804
hot spots	0.3379	0.5743	3	260	884	2010.659218
hotspot	0.4486	0.4955	3	312	1020	2011.734551
hudson	0.5071	-0.6859	2	437	2024	2006.643807
human activities	-0.4949	0.1199	1	455	2050	2011.12845
humans	0.1238	-0.6066	2	243	814	2010.156837
humidity	-0.7912	0.2155	1	173	498	2009.347264
hummocks	0.8665	0.0149	2	289	1114	2007.175758
hydrocarbons	0.198	-0.2823	1	186	496	2007.995356
hydrogen	1.1097	-0.1427	3	184	510	2008.430582
hydrological cycle	0.4283	-0.5902	4	272	944	2010.619048
hydrological processes	-0.4991	-0.5229	4	593	4408	2013.13125
hydrology	-0.1716	-0.1831	2	1209	19464	2010.90501
hydrothermal	-1.1829	0.5046	4	249	996	2009.358896
hypotheses	0.1803	-0.1409	2	325	1076	2009.144207
hypothesis	0.1387	-0.2383	5	495	2180	2008.194871
hysteresis	-0.2002	0.7563	4	169	464	2008.317895
ice	0.1207	-0.5555	2	1422	37706	2008.860178
ice age	0.7125	-0.1936	2	257	880	2008.966337
ice conditions	-0.4768	-0.8518	1	167	476	2010.267606
ice sheet	-0.3964	-0.3186	1	247	750	2008.394118
ice thickness	-0.3887	-0.927	1	270	966	2009.211783
identification	-0.2451	-0.5063	1	511	2190	2009.939059
imagery	-0.3856	-0.735	1	873	9380	2010.027404
images	-0.5529	-0.6575	1	961	11528	2009.851773
impact	-0.1813	0.0914	4	1443	37902	2011.1545
implementation	-0.8383	0.3161	1	385	1476	2012.128733
implications	0.3083	0.0106	3	1052	11814	2008.957655
improvement	-0.899	0.5863	4	602	3890	2010.609009
incidence	-0.8429	-0.6757	1	234	682	2007.699477
inclusion	-0.4816	0.2819	4	451	1882	2008.715721
incorporation	0.5968	0.1207	3	377	1202	2007.639228
increment	-0.1714	0.525	4	254	880	2008.184071
incubation	1.1638	0.7505	3	580	5052	2007.891648
index	-0.6321	0.4935	4	934	10266	2009.733438
indices	-0.2457	0.0787	1	1031	10930	2009.479934
individuals	0.2154	-0.8714	2	205	578	2008.750418
industry	-0.0943	-0.6639	1	155	470	2011.629501
inertia	-0.8167	1.1629	4	149	446	2008.902439
inference	-0.6475	-0.6529	1	173	446	2010.406107
infiltration	-0.446	-0.1853	4	572	3840	2009.361111
inflow	0.4297	-0.6219	2	288	924	2008.946292
influence	0.1114	0.1706	3	1277	21034	2009.717142
information	-0.3547	-0.2797	1	1107	12676	2009.67229
infrastructure	-0.6589	-0.4167	1	734	6062	2013.719864
inhibition	0.8451	0.9805	3	190	550	2008.537199
initial conditions	-0.7666	0.0652	1	193	552	2009.632653
initiation	0.2092	-0.8398	2	580	3250	2008.403696
inland	-0.3151	0.0366	1	515	2436	2008.910801
inorganic carbon	1.159	-0.1374	3	249	882	2009.536776
inorganic nitrogen	1.121	-0.1236	3	253	778	2007.712821
insar	-1.0976	-0.6266	1	233	1046	2011.974684
insight	0.5223	-0.2762	2	512	2026	2011.173112
insolation	0.3137	-0.6173	2	204	512	2009.002281
instability	-0.3629	-0.4785	2	345	1204	2008.089958
instrument	-0.6579	-0.1386	1	563	2698	2008.390639
insulation	-1.015	0.5781	4	446	2670	2009.309609
integration	-0.2714	0.254	1	557	2676	2009.269083
integrity	-0.5702	0.1338	1	219	634	2010.036364
intensification	0.4373	-0.7155	2	263	916	2009.809342
intensity	-0.1373	-0.4119	1	676	3770	2008.970237
inter-annual variability	-0.0037	-0.6434	2	201	590	2011.49187
interactions	0.2026	0.3767	3	1105	14048	2009.581424
interannual	-0.0368	0.4902	4	269	942	2007.764706
interannual variability	-0.079	-0.0268	1	314	1096	2009.34307
interannual variations	-0.509	0.6371	4	364	1536	2009.136035
intercomparison	-0.9079	0.7655	4	497	3426	2012.078383
interests	-0.7603	-0.0978	1	101	268	2010.881919
interface	-0.1402	-0.1217	1	621	2980	2008.784137
interior	0.5601	-0.2423	2	607	3444	2008.54476
intermediate	0.0683	0.0883	4	194	522	2007.526971
internal structure	-0.3563	-0.8669	2	133	376	2010.208835
international	-0.797	-0.0808	1	401	1742	2009.154964
interpolation	-0.7739	0.1479	1	244	742	2009.545906
interpretation	-0.2477	-0.7047	1	586	2976	2007.927664
introduction	0.2898	-0.292	2	154	390	2009.308432
inundation	-0.3562	-0.2963	1	431	1994	2010.050691
inventory	0.4525	-0.0502	2	583	3076	2010.281274
inversion	-0.2701	0.351	1	499	2482	2008.510833
ion	0.8682	-0.3927	3	552	3084	2007.645552
ipcc	-0.3744	0.9578	4	299	1150	2010.65261
ipy	-0.7634	-0.16	1	133	414	2011.458065
iron	1.0701	0.5922	3	407	1936	2009.213959
island	0.3016	-0.5459	2	845	7318	2007.713057
isotherm	-0.7379	0.3869	4	194	598	2006.881579
isotope	0.8361	-0.4508	2	874	9422	2009.3991
isotopic composition	0.7013	-0.6165	2	298	1096	2008.662021
isotopic data	0.5906	-0.761	2	184	500	2007.157895
john	-0.1519	-0.6576	2	1116	15694	2007.984218
joint	-0.825	1.0949	4	199	682	2008.422145
kangerlussuaq	-0.2345	0.4224	1	194	544	2009.850515
key	-0.7411	0.3017	1	365	1404	2010.680262
knowledge	0.067	-0.0373	1	891	7074	2011.311559
kolyma	0.2508	-0.2012	2	383	1432	2009.145161
l-band	-0.8434	-0.6061	1	259	1002	2012.949721
labile	1.1623	0.8038	3	297	1166	2009.943396
laboratory	0.4848	0.2934	3	731	4952	2007.465259
laboratory experiments	-0.4734	0.4127	1	216	614	2007.86255
labrador	-0.8486	-0.2442	4	139	414	2007.444614
lacustrine	0.9293	-0.6862	2	258	842	2007.772586
lag	-0.2161	0.7546	4	299	1076	2008.722821
lake	0.3391	-0.4173	2	1428	38412	2008.594336
lake ice	-0.4297	-0.5155	1	418	1964	2009.314286
lake level	0.5354	-0.8214	2	263	960	2008.85623
lake sediments	1.1117	-0.1258	3	380	1512	2009.00554
lake water	0.878	-0.4072	2	416	1828	2008.864629
land	-0.6065	0.39	4	1357	33998	2009.148895
land surface	-0.5787	0.2252	4	637	3958	2010.371841
land use	-0.3982	0.706	4	236	706	2011.696629
landforms	0.0136	-0.6671	2	766	5402	2009.879603
landsat	-0.4709	-0.6549	1	709	5934	2010.33532
landscape	0.321	-0.2093	2	1457	38678	2011.306963
landscape evolution	-0.0517	-1.1517	2	282	1014	2010.84507
landslides	0.2147	-0.8334	2	284	942	2012.366438
language	0.8761	-1e-04	3	484	2412	2016.599415
larch	0.5138	0.2527	2	368	1774	2011.157895
large	0.1752	0.5201	3	464	2140	2008.616924
large-scale	-0.2894	0.0847	1	365	1244	2008.937922
larix	0.8854	0.0674	2	256	886	2010.049383
laser	-0.6461	-0.0348	1	190	488	2009.589474
late	0.4465	-0.6353	2	363	1326	2007.284726
late holocene	0.772	-0.8067	2	160	468	2009.746114
late pleistocene	0.8154	-0.6761	2	242	778	2008.569307
late summer	0.1761	-0.7114	2	267	844	2008.352034
latent	-1.0602	0.3191	4	550	3922	2008.406082
latent heat	-0.9196	-0.3975	4	376	1742	2008.125475
latent heat flux	-1.055	0.7601	4	326	1602	2007.890244
lateral	-0.8598	-0.3999	4	206	622	2007.207447
latitude	-0.195	0.3727	4	762	5534	2007.895631
layer	-0.0156	0.3192	4	1529	65272	2008.050692
leaching	1.2306	-0.1091	3	195	544	2009.076046
lead	0.122	0.2447	4	498	2330	2008.141769
leaf	0.63	0.8916	3	170	458	2007.867001
learning	-0.6929	-0.4485	1	136	394	2013.029851
legacy	0.0603	-0.0266	1	282	906	2013.072351
lena	-0.1381	0.1465	4	668	4708	2009.526316
length	-0.3393	0.0426	1	547	2534	2007.902115
lenses	0.4882	-0.728	2	246	896	2006.774295
levels	0.2841	-0.0693	2	948	8738	2008.087057
lgm	-0.0843	0.2299	4	241	860	2009.82967
lichens	0.4404	0.6315	2	268	860	2007.849478
lidar	-0.7042	-0.721	1	436	2048	2009.528468
life	0.3221	-0.6549	2	268	758	2009.496831
light	0.2025	-0.0145	2	443	1742	2008.497181
lignin	1.2097	0.2524	3	203	630	2009.553333
likelihood	-0.6592	0.1828	1	222	622	2010.108475
limit	-0.2474	0.0873	1	1005	8956	2008.405998
limnology	0.8345	-0.4623	2	223	628	2007.823529
line	-0.3626	-0.2811	1	638	3642	2008.353935
lineages	0.9698	0.6431	3	181	540	2010.831599
linkage	0.3148	-0.363	2	270	772	2010.40874
links	0.0934	0.1854	3	430	1640	2010.597109
liquid water	-0.6059	-0.5146	4	364	1262	2009.581292
list	-0.1496	0.2068	1	154	384	2010.001938
literature	-0.182	-0.2905	1	527	2220	2009.415346
lithology	0.1839	-0.4611	2	266	864	2008.606112
litter	0.2195	0.6657	3	325	1228	2008.610169
living	0.0192	0.3537	2	186	480	2008.620596
loading	0.7744	-0.5665	3	269	930	2008.487434
local scale	-0.5451	0.0685	1	277	872	2010.141667
location	-0.1016	-0.3597	2	689	3932	2008.984732
loess	0.2613	-0.613	2	428	1634	2008.760956
long-term	-0.8508	-0.0739	1	189	514	2009.940375
long-term changes	-0.3943	0.2446	4	332	1132	2010.047945
long-term trends	-0.3241	-0.4119	1	283	934	2010.221667
longitude	-0.5981	-0.1939	1	243	794	2007.1875
loss	0.3131	0.3911	3	1190	18042	2009.572836
low temperatures	0.3528	0.6635	3	257	836	2008.069861
lowlands	0.324	-0.722	2	727	4956	2009.496957
mackenzie	-0.0865	-0.7609	2	660	4662	2007.76972
mackenzie delta	0.2275	-0.8857	2	433	2268	2007.710227
macrofossils	0.918	-0.4868	2	323	1308	2008.470803
magnitude	0.331	0.1889	3	1147	16480	2008.764211
maintenance	-0.1986	0.2721	1	388	1452	2008.36166
major ions	1.0477	-0.3414	3	269	922	2009.019355
management	-0.5339	-0.2699	1	698	4766	2011.487395
manipulation	0.2256	0.712	3	331	1308	2008.037037
manitoba	0.2818	-0.6449	2	167	446	2006.222222
map	-0.7851	-0.1646	1	997	12798	2009.260049
mapping	-0.5871	-0.431	1	887	8172	2009.719953
margin	0.0858	-0.5139	2	782	5746	2007.943292
marine	0.7262	-0.4617	2	556	2666	2009.464672
marine sediments	0.87	-0.6555	2	199	522	2009.211788
maritime	0.0037	-0.4647	2	218	578	2009.976892
markers	0.3402	0.1227	1	121	286	2010.075278
marsh	-0.0955	-0.2288	1	175	444	2007.551724
mass	0.257	-0.151	2	877	6848	2008.546102
mass balance	0.9077	-0.6682	2	170	448	2009.052377
materials	0.5922	-0.3934	2	686	3906	2009.392738
matrix	-0.2164	-0.5519	2	262	736	2008.834951
mats	0.4377	0.1275	3	363	1298	2008.356962
mature	0.5695	-0.3015	2	233	736	2007.037963
maximum	-0.0455	0.2073	4	860	6636	2008.02311
meadow	0.1099	0.8086	3	789	8150	2009.936809
mean	-0.5854	0.166	4	1086	14064	2008.418412
measurements	-0.3936	0.1136	1	1359	34432	2008.052338
mechanisms	0.2551	0.1015	3	1110	11530	2009.236736
media	-0.5605	-0.4136	1	211	566	2009.719376
melt	0.0972	-0.457	2	866	7184	2009.845955
meltwater	0.3306	-0.5616	2	379	1546	2009.245847
mercury	0.9796	-0.4356	2	137	340	2009.79449
mesh	-1.093	0.0448	1	182	546	2009.013699
metabolism	1.1854	0.7272	3	274	1110	2008.643756
metals	0.8907	0.2215	3	228	600	2008.289393
meteorological	-0.8069	0.4467	4	497	2538	2007.852068
meteorological conditions	-0.487	-0.3084	4	331	1136	2009.163205
meteorological data	-0.9145	0.191	4	409	1732	2009.253165
meteorological stations	-1.2678	0.163	4	354	1954	2012.078431
methane	0.6241	0.5759	3	1125	19972	2010.061798
methane emissions	0.1266	0.5978	3	544	3220	2011.465909
methanogenesis	1.153	0.5898	3	542	4120	2011.760181
method	-0.5571	-0.0746	1	1258	22002	2009.830294
methodology	-0.8894	-0.0857	1	453	1916	2011.295783
metrics	-0.6016	-0.1665	1	452	1766	2014.812392
mg	0.7321	0.1293	3	502	2598	2007.101832
mg2+	1.0417	-0.418	3	278	956	2007.827434
microbes	0.8969	0.7042	3	368	1636	2011.536273
microbial	1.0684	0.5946	3	470	2546	2010.626789
microbial activity	1.089	0.7046	3	329	1338	2010.190141
microbial biomass	1.2777	0.5727	3	201	698	2008.039823
microbial communities	1.28	0.6791	3	433	2938	2012.397872
microclimate	-0.2046	-0.7939	2	181	508	2008.851695
microorganisms	1.199	0.6039	3	345	1490	2010.505772
microwave	-1.229	-0.0663	1	340	1622	2008.54041
mid-holocene	0.6285	-0.4411	2	262	854	2010.212276
mid-latitudes	-0.5442	0.8269	4	161	422	2008.595624
migration	0.1134	-0.6175	2	564	2880	2008.7381
mineralogy	0.5989	-0.32	2	170	458	2008.116528
minerals	0.9591	0.2974	3	862	8314	2008.51401
minimum	-0.2089	-0.6179	2	403	1582	2007.387903
mining	-0.4109	-0.6477	1	129	300	2010.723278
mire	0.9589	-0.1604	2	284	976	2009.158416
mis	0.8191	-0.6003	2	171	522	2011.842334
mismatch	-0.7006	0.8674	1	143	398	2011.443769
mitigation	-0.5463	0.317	1	414	1814	2013.45799
mixing	0.5173	0.1431	3	507	2196	2008.011628
mixture	0.8442	0.2293	3	209	510	2008.223491
mn	0.948	-0.1681	3	185	496	2008.319085
mobility	0.899	-0.0797	3	456	2202	2009.179399
mode	-0.2293	-0.3869	1	622	3436	2009.290859
model	-0.4992	0.3704	4	1526	71910	2009.337703
model performance	-0.924	0.772	4	354	1466	2012.341463
model simulations	-0.3626	0.8359	4	391	1708	2010.372611
modeling	-0.6242	0.1188	4	1227	23084	2009.934739
moderate resolution imaging spectroradiometer	-1.4062	-0.008	1	162	496	2013.266272
modern	-0.845	-0.4766	4	148	390	2009.175637
modification	0.585	-0.0281	2	256	808	2007.905808
modis	-1.2733	0.189	1	398	2226	2013.329356
module	-0.5761	0.8383	4	352	1474	2011.313869
moisture	-0.1293	0.5388	4	1343	30538	2009.760344
moisture content	-0.1843	0.5471	4	410	1962	2009.142857
molecules	0.9481	0.5436	3	184	530	2008.557498
mongolia	-1.0565	0.0655	4	256	1042	2011.197183
monitoring	-0.6817	-0.2469	1	1107	15290	2010.807096
monsoon	-0.8626	0.7535	4	214	798	2010.687995
monte carlo	-0.4564	-0.1419	1	301	978	2009.492891
moraines	0.5777	-0.6111	2	235	684	2008.685455
morphology	0.3944	-0.5026	2	663	3824	2008.65515
morphometry	0.1933	-0.5227	1	308	1022	2010.227074
mosaic	0.0557	-0.4139	2	424	1798	2008.656347
moss	0.2473	0.4559	2	552	3104	2008.144966
mounds	0.6055	-0.256	2	488	2220	2008.832827
mountain permafrost	-1.1424	-0.3333	4	211	736	2010.403846
mountains	-0.505	-0.1724	1	898	9046	2008.872376
movement	-0.2315	-0.6384	4	713	5132	2008.271565
mud	0.5636	-0.3963	2	203	522	2007.33631
multimodel	-1.3449	0.6703	4	166	524	2013.652174
multivariate	0.1278	-0.3595	2	223	602	2009.5132
n-15	1.1171	0.2012	3	313	1150	2011.610183
n2o	0.9791	0.6162	3	321	1576	2006.084175
na	0.5947	-0.1755	2	194	502	2007.245098
na+	1.005	-0.5357	3	227	694	2007.513089
nasa	-1.0588	-0.0665	1	293	1040	2008.399776
national	-0.4346	-0.196	1	636	3516	2008.772338
national park	-0.1842	-0.7007	1	251	746	2009.008333
natural conditions	-1.1589	0.3705	1	153	430	2008.072626
nature	-0.1754	-0.4953	2	676	3546	2008.617072
ndvi	-0.6748	0.5885	1	443	2374	2012.252078
near-surface	-0.6366	-0.1398	4	678	5010	2010.043197
negative feedback	0.1571	-0.5626	2	169	440	2009.88961
nests	-0.7662	-0.8798	2	213	738	2007.605233
net	0.7495	0.8304	3	311	1182	2007.445437
net primary production	0.0065	1.12	3	287	1244	2009.877778
net radiation	-1.0264	0.4687	4	319	1410	2006.729592
network	-0.3912	-0.2848	1	954	9008	2010.903467
nitrate	1.0794	0.0618	3	236	678	2006.813953
nitrification	1.1648	0.1449	3	224	726	2009.959839
nitrogen	0.8978	0.2299	3	947	10096	2008.545217
nitrous oxide	1.3061	0.6188	3	149	512	2009.241379
nmr	1.076	0.4199	3	275	1028	2009.810345
no3-	0.9917	-0.2918	3	232	700	2006.729089
noaa	-0.8772	-0.0045	4	266	836	2007.517241
nonlinear	0.8627	0.3061	3	158	412	2009.752443
north	-0.1794	-0.0461	1	1172	15026	2008.467015
northern	-0.3632	0.2627	4	1027	11376	2008.895353
northern hemisphere	-0.5357	0.3274	4	386	1474	2006.369048
northern latitudes	0.3859	0.5216	3	346	1184	2010.133929
northern regions	-0.1178	-0.0245	4	392	1626	2010.215962
northwest	-0.0658	-0.6893	2	845	7852	2007.741751
northwestern	0.7355	-0.8193	2	168	448	2007.018809
norway	0.0881	0.367	4	282	952	2008.07857
npp	-0.2322	1.1119	4	296	1176	2011.442396
numerical	-0.9323	-0.1731	4	421	2102	2008.275796
numerical experiments	-0.9732	0.7496	4	305	1194	2008.379421
numerical model	-0.9179	-0.2793	4	590	3726	2009.402024
numerical simulations	-1.0175	-0.1731	4	374	1606	2010.703281
nunavik	0.1599	-0.369	2	298	1022	2011.628378
nunavut	0.4144	-0.5733	2	381	1730	2010.865177
nutrient availability	1.1491	0.6228	3	302	1122	2009.21
nutrient concentrations	1.0925	0.115	3	200	572	2008.081784
nutrients	0.8629	0.1361	3	801	6706	2008.853671
nwt	0.4402	-0.7606	2	450	2300	2003.894737
o-18	0.6991	-0.6781	2	472	2378	2010.996841
o-2	0.5747	0.5595	3	226	744	2008.08284
ob	-0.8736	0.8336	4	201	676	2007.588415
objective	0.5264	0.0687	3	601	3048	2010.084737
observational data	-0.7626	0.6765	4	326	1302	2009.774451
observations	-0.5028	0.0506	1	1387	34758	2008.908539
observatory	0.2429	0.1174	2	508	2602	2009.994463
oc	0.9161	-0.01	3	557	3300	2009.459627
occurrence	-0.0788	-0.3173	1	833	5830	2008.878622
ocean	-0.186	-0.0162	1	660	3452	2009.205801
offset	-0.8831	-0.3225	4	450	2444	2008.77455
oil	0.1076	-0.7384	2	397	1568	2008.786318
online	-0.0425	0.5354	1	129	354	2013.33125
onset	-0.443	-0.0735	4	559	2978	2008.982999
ontario	-0.7931	-0.8614	1	148	434	2007.53507
open water	-0.4385	-0.3217	1	322	1090	2007.546044
operation	-0.6421	0.0065	1	330	1104	2010.347293
optimization	-0.7159	0.1623	1	203	650	2011.222714
optimum	0.2966	-0.5852	2	157	392	2008.096154
order	-0.0142	0.0016	1	1145	13190	2008.447395
ordination	0.5451	0.2624	2	203	616	2007.978648
organic	0.8438	0.1241	3	756	5490	2009.631491
organic carbon	0.9785	0.1106	3	1024	13118	2009.755902
organic material	-0.2079	-0.1198	1	283	866	2006.635294
organic matter	0.9663	0.2343	3	869	8110	2009.596667
organisms	1.0682	0.3828	3	214	592	2009.456575
orientation	-0.5166	-0.4507	1	267	842	2007.578043
origin	0.6079	-0.4925	2	583	2754	2007.989853
oscillation	-0.4016	-0.5485	2	255	830	2009.592581
outcomes	0.7356	0.2539	3	198	522	2011.660682
outflow	0.1945	-1.028	2	152	400	2007.944625
overview	0.0541	0.1231	1	298	930	2009.462544
oxidation	1.1632	0.4226	3	505	3144	2008.769098
oxide	1.0249	0.4662	3	296	1072	2008.519737
oxygen	1.0648	0.1065	3	604	3804	2007.887371
pace	0.2205	0.734	3	169	432	2010.591093
pacific	-0.1344	-0.4858	2	291	940	2009.069612
pack	-0.3852	-0.1539	4	241	750	2006.469572
paleoclimate	0.2974	-0.4647	2	283	982	2010.143169
panel	-0.3264	0.8496	4	252	998	2010.594747
parameterization	-0.8361	0.6812	4	611	4466	2009.170118
parameters	-0.2433	0.3285	4	1174	16558	2008.858581
part	-0.1673	-0.006	1	1114	12956	2007.996794
particles	0.2147	0.2215	3	424	1814	2007.800157
particulate	1.141	0.0498	3	383	1594	2008.000476
particulate organic carbon	0.7728	-0.35	2	175	452	2009.040422
particulate organic matter	1.1425	0.0226	3	268	832	2007.734286
partitioning	0.1855	0.7212	3	432	1968	2008.418708
past	0.4959	-0.4885	2	419	1594	2009.286247
patches	-0.1509	0.2654	4	582	3020	2008.056469
patchiness	-0.0859	0.4138	1	190	508	2007.408163
pathways	0.3147	0.4968	3	905	9018	2011.336845
patterns	0.0497	-0.0699	2	1332	25468	2008.797625
pca	0.8868	-0.0918	3	175	466	2009.970588
peat	0.5696	-0.0994	2	1123	14530	2009.3151
peatlands	0.4974	-0.0541	2	971	11536	2010.87659
penetration	-0.8617	-0.5927	4	453	2406	2007.556604
peninsula	0.2779	-0.3312	2	745	5504	2008.446514
percolation	-0.9935	0.434	4	138	364	2008.430108
performance	-1.0579	0.3678	4	765	6886	2010.724359
periglacial	-0.5717	-0.6997	1	245	754	2008.855019
period	-0.2477	-0.2367	4	1403	32548	2008.42654
permafrost	0.045	0.0302	2	1598	141826	2011.237578
permafrost conditions	-0.6204	-0.1256	4	685	4532	2010.794286
permafrost degradation	-0.0247	-0.2168	2	1250	21632	2013.537453
permafrost distribution	-0.8697	0.0368	4	712	5516	2011.234043
permafrost regions	-0.3973	0.514	4	1182	21048	2013.298387
permafrost soils	0.7416	0.4131	3	778	6292	2012.807692
permafrost table	0.114	-0.431	2	719	5114	2010.435028
permafrost thaw	0.5483	0.1605	3	1152	18920	2014.88806
permeability	-0.0357	-0.6349	4	322	1268	2009.336066
persistence	0.1323	-0.5067	2	465	1808	2010.336061
perspective	-0.0868	0.1568	1	428	1712	2010.824219
perturbations	0.2333	-0.2776	2	482	1958	2008.294041
petroleum	-0.0631	-0.7905	1	148	432	2009.233051
pf	-0.7636	0.4527	1	151	422	2008.508876
ph	0.9763	0.3357	3	647	4274	2009.610028
phase	-0.6352	0.2679	4	920	9510	2008.459023
phenology	-0.3351	0.9922	4	210	656	2011.944128
phenomena	-0.8287	-0.2031	1	298	972	2008.558488
phosphorus	0.9328	0.3455	3	471	2430	2008.389978
photogrammetry	-0.7062	-0.7704	1	223	706	2012.265537
photographs	-0.2117	-0.8918	2	525	2670	2008.533026
photography	-0.2231	-0.9163	1	347	1312	2009.470588
photosynthesis	0.1855	1.0294	3	331	1258	2007.240163
phyla	1.1731	0.6863	3	151	450	2012.095
physical	0.4558	-0.5738	2	335	1152	2007.715556
physical processes	-0.3584	-0.1275	4	332	1092	2008.985554
physical properties	0.0837	0.1234	4	353	1328	2009.229202
physics	-0.9775	0.5202	4	493	2896	2009.297674
physiology	0.0175	0.7029	3	174	458	2010.345151
phytoplankton	1.2035	0.2011	3	153	438	2007.964951
picea	0.7034	-0.3847	2	277	946	2007.15991
pipeline	-0.8277	-0.6924	1	217	710	2011.01676
pits	-0.1687	-0.6246	2	507	2356	2007.852751
place	0.0577	-0.3398	2	421	1650	2007.525068
planning	-0.8127	-0.0154	1	382	1642	2012.670807
plant	0.6794	0.4922	3	1073	13904	2008.777628
plant biomass	0.8897	0.9963	3	197	644	2009.223684
plant communities	0.5357	0.0188	2	308	1062	2008.929095
plant growth	0.2501	0.9498	3	408	2112	2008.567944
plant macrofossils	0.9995	-0.4885	2	212	658	2009.75641
plateau	-0.4149	0.4099	4	1311	32216	2009.592112
platform	-0.7915	-0.4593	1	272	784	2009.532067
pleistocene	0.7036	-0.4842	2	589	3360	2008.069475
plot	-0.0808	0.5962	4	297	1036	2007.82643
polar	-0.8018	-0.0628	1	337	1342	2007.443747
polar regions	-0.9525	-0.015	1	182	476	2009.410444
pole	-0.5402	0.6529	4	179	446	2006.940757
policy	-0.7272	0.2862	1	255	798	2012.234091
pollen	0.8813	-0.4607	2	381	1912	2007.848552
polygons	0.4075	-0.1531	2	938	9760	2009.931646
ponds	0.5515	-0.2758	2	916	8884	2009.15182
pools	0.5319	0.3974	3	765	6044	2009.038062
population	0.4853	0.145	3	448	1780	2008.672858
pore	0.5405	-0.3536	2	584	3036	2009.423041
pore water	0.7548	-0.4879	2	288	870	2010.2625
porosity	-0.4961	-0.1984	4	365	1556	2009.180556
position	0.2642	-0.635	2	506	2438	2008.392256
positioning	-0.7776	-0.5821	1	166	480	2010.020305
positive feedback	0.4748	0.9293	3	496	2826	2009.79703
potassium	0.39	1.0793	3	164	634	2007.075658
potential	0.5018	0.1478	3	1042	11020	2010.240353
power	-0.2202	0.6305	1	362	1344	2009.270091
practice	-0.3192	-0.7166	1	137	338	2011.243151
precipitation	-0.0968	-0.0257	4	1289	24830	2009.731557
precision	-0.6441	-0.1164	1	400	1518	2008.835605
predictions	0.0297	0.5218	3	984	9984	2009.897678
predictors	0.8538	0.456	3	265	862	2011.173313
present	-0.0153	-0.1141	1	401	1436	2007.990715
present day	-0.2852	0.6749	4	270	956	2009.056396
preservation	0.8833	-0.2539	2	489	2374	2009
pressure	-0.0279	0.0891	1	551	2442	2008.310217
prevalence	0.7838	0.0406	3	323	1066	2009.527397
primary	-0.0488	1.1196	3	271	990	2008.039326
primary production	1.1501	0.0599	3	342	1392	2008.93764
principal component analysis	0.8772	0.0109	3	223	660	2008.970381
probability	-0.7733	-0.0217	1	411	1746	2009.789859
probe	-0.371	-0.0287	1	329	1328	2007.984576
procedures	-0.7061	0.3886	1	277	910	2007.300565
processes	0.016	0.0786	4	1534	54674	2009.595773
production	0.7969	0.5989	3	1019	13834	2008.41289
production rates	1.2042	0.663	3	257	994	2007.128964
productivity	0.4235	0.5135	3	849	6974	2009.327254
profiles	0.267	0.263	3	1158	15840	2007.935203
programme	-0.7246	-0.4365	1	217	632	2007.667702
progress	-0.1819	-0.4825	1	445	1840	2009.283491
project	-0.7613	0.4986	4	770	6504	2009.951874
projection	-0.4643	0.6693	4	804	7230	2012.897475
propagation	-0.6006	-0.2256	1	315	1010	2008.888573
properties	0.0181	0.2336	4	1320	25832	2009.393254
proportion	0.4743	-0.0063	3	681	3946	2007.916222
protection	-0.1387	0.3382	1	548	2660	2009.520692
proteobacteria	1.2513	0.714	3	166	492	2011.9825
protocol	-0.6506	0.525	1	211	572	2010.678419
province	-0.2716	0.2827	1	261	886	2008.267085
proximity	0.0596	-0.8547	2	411	1676	2009.550413
proxy	0.6263	-0.2547	2	601	3132	2011.318436
prudhoe	-0.4807	-0.4481	1	392	1710	2003.214912
publications	-0.7313	0.0175	1	145	368	2010.741127
pulses	0.1589	-0.4543	2	286	894	2008.041077
qinghai-tibet plateau	-0.8547	0.1166	4	898	13778	2014.506596
qinghai-tibetan plateau	0.0535	0.8456	3	680	6336	2013.507853
qtp	-0.7319	0.4633	4	768	7766	2015.849057
quality	0.1764	0.1606	3	817	5970	2010.189742
quantification	-0.6384	0.1043	1	584	3236	2011.260355
quantitative	-0.5588	-0.7601	1	248	756	2008.199341
quaternary	0.5575	-0.4768	2	445	1842	2007.507274
quebec	0.479	-0.3395	2	513	2814	2006.453245
radar	-0.777	-0.6281	1	842	9754	2008.748589
radiation	-0.5272	0.576	4	743	6316	2008.357553
radiocarbon	0.883	-0.2657	2	678	5130	2008.360863
radiocarbon dates	0.8792	-0.5605	2	253	808	2007.743738
radiometer	-1.0839	-0.2647	1	227	746	2007.88206
railway	-1.002	-0.171	1	253	918	2011.704082
rain	0.4247	-0.3884	3	365	1406	2008.573092
rainfall	-0.0502	-0.4365	4	703	4992	2010.725018
random	-0.8677	-0.0079	1	214	624	2009.01845
range	-0.3917	0.1395	1	1193	16936	2008.574661
rapid	0.5394	0.232	2	484	2454	2009.260784
rapid changes	-0.3493	-0.5077	1	308	954	2010.078616
ras	-0.7031	0.9914	4	136	480	2012.302326
rates	0.5444	0.2706	3	1305	25996	2007.943562
ratio	0.548	0.0556	3	1095	12952	2007.736208
rcp	-0.7112	0.9858	4	433	2504	2016.117021
rcp4.5	-0.8523	0.7897	4	353	1878	2016.133333
rcp8.5	-0.8473	0.8592	4	468	3092	2016.570342
reach	0.861	-0.5952	2	217	582	2009.485915
reaction	1.0217	0.1995	3	228	712	2006.276225
reactivation	1.0102	-0.1086	3	148	360	2008.02
reanalysis	-1.2522	0.4212	4	488	3128	2012.692568
reanalysis data	-1.2149	0.3397	4	253	886	2012.770178
reason	-0.2415	0.9311	4	290	1064	2009.101523
recent	0.2846	-0.1568	2	797	5678	2008.930233
recession	-0.0555	-0.8433	4	327	1626	2008.987013
recharge	-0.0484	-0.8472	4	457	2446	2010.934109
recognition	0.3314	-0.5535	2	227	664	2008.848394
recommendations	-0.6012	-0.4592	1	213	568	2011.232852
reconstruction	0.3976	-0.3702	2	656	4002	2009.991292
record	0.2285	-0.5577	2	772	5606	2008.636847
recovery	0.3387	-0.262	2	512	2552	2009.497477
redistribution	-0.0909	-0.6348	2	521	2708	2009.02246
redox	1.0656	0.3796	3	336	1264	2011.434659
reduction	0.4007	0.4832	3	874	7338	2009.195696
reflection	-0.4794	-0.4714	1	465	1950	2008.516981
regime	-0.5488	-0.1707	4	1259	23832	2008.761852
region	-0.2086	0.0455	1	1582	84652	2009.213913
regional climate	-0.3119	0.3561	4	453	2024	2011.116505
regional climate model	-0.9988	0.5109	4	238	862	2012.050473
regional differences	-0.743	-0.2892	1	207	572	2009.450602
regional scale	-0.5804	0.3752	1	441	1982	2010.146771
regression	-0.0332	0.4891	3	761	5878	2009.585498
regulation	-0.4904	0.6836	4	209	608	2009.381818
relationship	0.1687	0.3089	3	1233	19130	2008.880832
relative abundance	1.2019	0.4165	3	293	984	2009.354188
relative importance	0.4829	0.251	3	357	1308	2008.995506
release	0.6479	0.4621	3	1103	15738	2009.408827
reliability	-1.1213	0.3192	4	260	826	2010.529737
relict	0.6407	-0.654	2	260	894	2008.504
relief	0.0103	-0.7397	2	370	1390	2008.031686
remote	-0.815	-0.544	1	766	6458	2010.867397
remote areas	-0.3127	0.0094	1	255	772	2009.37551
remote sensing	-0.6466	-0.529	1	790	6862	2011.422546
removal	0.0869	-0.065	1	470	2130	2008.282275
repeat	-0.4962	-0.7996	1	244	760	2008.892922
representation	-0.4678	0.8179	4	745	6798	2010.830294
requirements	-0.6468	0.1676	1	324	1078	2008.486324
res	0.1646	0.3958	4	434	1824	2009.597305
research	-0.5384	-0.0265	1	1217	18436	2010.476977
reserves	0.1565	-0.0904	1	295	860	2007.674038
reservoir	0.5341	0.3337	3	599	3190	2009.794696
residence	0.7983	-0.1762	3	426	1734	2007.93816
residence time	0.9485	-0.3112	3	318	1042	2007.917391
resilience	0.382	-0.0832	2	399	1582	2013.85832
resistance	-0.3855	-0.7177	1	545	2858	2009.811343
resolution	-0.8319	-0.1159	1	1118	17306	2009.55055
resonance	1.1241	0.3458	3	323	1236	2008.954678
resources	-0.573	-0.2289	1	814	7052	2010.858496
respect	-0.1023	0.0111	1	687	4174	2008.283557
respiration	0.6101	0.8561	3	956	12744	2008.833429
respiration rates	0.4584	1.0899	3	219	740	2008.148148
response	-0.0229	0.3808	4	1374	29374	2009.573466
rest	-0.0848	0.7783	4	376	1472	2007.845899
restoration	-0.5841	0.5116	1	158	422	2009.325301
retention	-0.3055	0.4642	4	339	1238	2008.612195
retreat	-0.0626	-0.5607	1	479	2164	2010.543237
retrieval	-1.2521	0.012	1	374	1794	2010.435006
reveals	-0.5037	-0.515	2	527	2718	2010.570102
review	-0.1496	-0.2869	1	576	2850	2009.601815
richness	0.4422	0.5648	3	239	852	2010.853254
ridge	0.5676	-0.1507	2	424	1648	2007.505288
risk	-0.291	-0.1475	1	588	3208	2011.114812
river	-0.2602	-0.2652	4	1299	25392	2009.320924
river discharge	-0.2921	-0.9073	4	372	1522	2010.513854
river runoff	-0.7372	0.6439	4	188	582	2009.804348
riverine	0.509	-0.4843	2	229	630	2010.505639
road	-0.4928	-0.6133	1	440	1914	2010.853081
robustness	-0.2377	0.4999	1	161	442	2012.541485
rock glaciers	0.0399	-0.6908	1	219	642	2010.002532
rocks	-0.0964	-0.5614	1	446	1830	2007.751648
role	0.2741	0.3856	3	1244	19356	2010.178923
root	-0.1531	0.504	4	698	4342	2009.331514
roughness	-0.7523	0.1381	1	297	1032	2008.317614
routes	-0.2897	-0.5237	2	234	734	2010.541845
rrna	1.3339	0.6379	3	218	922	2011.554499
rules	-0.4581	0.0026	1	159	406	2009.394984
run-off	-0.0424	-0.0885	4	207	580	2009.101449
runoff	-0.0129	-0.4931	4	926	10942	2010.241084
russia	-0.194	0.1418	4	869	6970	2008.97832
russian	-0.295	0.2965	1	517	2388	2009.19962
safety	-0.8145	-0.1299	1	169	460	2012.662963
salinity	0.3417	-0.2046	2	377	1362	2008.2244
salix	0.8942	0.0704	2	195	560	2007.753876
salt	0.7383	-0.576	2	232	716	2007.657298
sample	0.0999	0.0078	1	765	5110	2008.715721
sand	0.2495	-0.5622	2	614	3238	2007.989268
sandy	0.325	-0.5999	2	200	602	2007.567485
sar	-0.9405	-0.5344	1	510	3314	2008.860617
satellite	-0.667	-0.4653	1	957	11084	2009.46691
satellite data	-0.9447	-0.2182	1	451	2276	2009.788853
satellite imagery	-0.3842	-0.7506	1	482	2438	2010.11368
satellite images	-0.1877	-0.6423	1	359	1294	2010.376963
satellite observations	-0.7799	-0.5208	1	188	522	2011.156545
saturation	0.1912	0.4193	4	538	3010	2008.751023
scale	-0.364	0.1763	1	1335	27420	2009.692551
scanning	-0.8533	-0.334	1	223	652	2009.812339
scattering	-0.8051	-0.5088	1	187	508	2007.015889
scenarios	-0.4853	0.6412	4	1042	16160	2011.166554
science	-0.5878	0.1016	1	506	2576	2002.851791
se	0.1189	-0.1753	1	245	624	2008.4
sea	-0.1424	-0.4565	1	759	4916	2008.689398
sea coast	0.5296	-0.6277	2	190	566	2008.509709
sea ice	-0.5427	-0.3864	1	357	1286	2010.083703
sea level	-0.4634	-0.5011	1	294	948	2008.698807
season	0.0372	0.416	3	1339	28070	2009.082749
seasonal changes	0.2477	0.9873	3	338	1304	2008.582435
seasonal cycle	-1.158	0.1326	4	160	430	2008.792717
seasonal dynamics	0.1736	0.755	4	179	578	2010.491329
seasonal pattern	0.2385	0.4667	3	247	756	2008.062651
seasonal variability	-0.1148	-0.8705	4	278	1030	2009.932458
seasonal variation	0.2822	0.501	3	358	1402	2007.929683
sections	0.3764	-0.2566	2	428	1558	2007.337998
sedge	0.7014	0.1924	3	432	1882	2006.248252
sediment cores	0.9312	-0.5289	2	314	1168	2009.210033
sediment transport	0.8931	-0.765	2	232	788	2009.273616
sedimentology	0.7282	-0.8093	2	199	628	2007.913758
sediments	0.6682	-0.489	2	1163	17496	2008.031847
seeps	0.9058	-0.2305	2	159	456	2011.609442
segments	-0.2398	-0.7227	1	335	1368	2008.049369
segregation	0.7159	-0.6238	2	230	722	2008.580398
selection	0.0074	-0.0178	1	271	826	2009.482489
sensible heat flux	-1.0781	0.7193	4	299	1346	2007.631313
sensing	-0.7527	-0.4942	1	792	6732	2011.019623
sensitivity	-0.0573	0.6501	3	1136	16176	2009.595052
sensitivity analysis	-0.4181	0.365	1	332	1292	2010.599156
sensors	-0.7264	-0.1661	1	613	3350	2009.759019
separation	-0.6175	-0.4722	4	287	1044	2007.566611
sequence	0.845	-0.1354	2	586	2874	2008.54367
sequencing	1.3294	0.7164	3	235	936	2012.979208
sequestration	0.3734	0.6314	3	454	2096	2011.605607
series	-0.7211	-0.1044	4	978	10604	2008.676664
service	-0.3286	0.2395	1	364	1368	2012.189453
settlement	-0.6275	-0.5759	1	498	2630	2009.707972
severity	0.1465	0.2013	5	362	1644	2010.095915
shallow water	-0.1305	-1.0619	1	182	524	2007.041667
shape	-0.2315	-0.3351	1	434	1684	2008.770625
shelf	0.4367	-0.2214	2	216	708	2008.672172
shelves	0.2708	-0.456	1	194	490	2009.828045
shield	0.0479	-0.5148	1	197	514	2007.13964
shift	0.5473	-0.0579	2	997	10590	2010.334777
shore	0.5113	-0.8136	2	380	1534	2007.399663
shoreline	0.2808	-0.5409	1	479	2098	2007.724965
short-term	0.5583	-0.5769	2	195	570	2008.362637
shortwave	-1.0861	0.3556	4	255	816	2010.126492
shrinkage	-0.2849	-0.6795	4	261	842	2011.221649
shrub	0.3385	0.051	2	663	3754	2009.422878
siberia	0.1803	0.0154	2	1145	16230	2009.391116
siberian	0.3638	0.2677	2	777	5876	2010.123978
siberian arctic	0.923	-0.0027	2	332	1334	2010.608187
signal	0.0109	-0.199	2	738	4360	2009.224031
signatures	0.856	-0.2357	3	397	1618	2009.339117
significance	-0.2066	-0.306	1	442	1818	2008.013281
silt	0.4056	-0.472	2	396	1574	2008.020408
similarity	0.2686	-0.1097	3	257	726	2009.020248
simulations	-0.7912	0.5323	4	1165	25028	2010.182554
sink	0.3791	0.9833	3	660	5514	2008.9164
sites	-0.077	0.2341	4	1484	45594	2008.514265
size	0.3	-0.2753	2	1080	11586	2008.248059
skill	-0.9745	0.2558	1	185	474	2012.574869
sliding	0.1396	-0.9268	2	212	612	2008.471196
slope	-8e-04	-0.344	2	1185	16446	2008.522006
snow	-0.886	-0.0592	4	998	13056	2008.843053
snow accumulation	-0.9206	-0.2645	4	351	1376	2008.890244
snow cover	-1.3255	0.2703	4	214	786	2012.370588
snow depth	-0.9289	0.0319	4	704	5860	2011.340979
snowfall	-0.5597	-0.5252	4	401	1874	2010.160714
snowmelt	0.1917	-0.7283	2	670	4322	2009.443804
snowpack	-0.8181	0.374	4	398	1852	2009.730081
so42-	1.0193	-0.4454	3	285	1030	2006.549689
soc	0.5174	0.6184	3	858	10124	2012.467925
society	-0.4699	-0.3647	1	361	1286	2008.419795
software	-0.7505	-0.1896	1	288	850	2011.491499
soil	0.0703	0.4757	3	1577	102824	2010.0138
soil carbon	0.3748	0.8912	3	698	5902	2013.019417
soil moisture	0.0548	0.6973	4	1032	14668	2011.120729
soil organic carbon	0.437	0.5885	3	903	10910	2014.01626
soil organic matter	0.983	0.527	3	687	5832	2011.209459
soil properties	-0.014	0.4958	3	788	6254	2012.221429
soil respiration	0.3579	0.8313	3	503	2860	2010.590476
soil temperature	-0.5315	0.7875	4	1133	21354	2010.662857
solar radiation	-0.2367	0.2296	2	362	1610	2009.055833
solifluction	0.1267	-0.8403	2	299	986	2007.692771
solution	0.0355	-0.3817	2	885	7722	2008.161376
som	1.0543	0.5322	3	508	3434	2012.532189
sound	-0.5134	-0.5421	4	166	416	2007.411115
source	0.202	0.3095	3	1337	26298	2008.933035
source areas	-0.9714	0.1814	4	305	1176	2007.934132
source region	-1.0052	0.645	4	228	902	2008.219745
south	-0.14	-0.2093	2	572	3162	2007.747219
southern boundary	-0.7443	-0.2107	4	221	680	2006.286624
southwest	0.3627	0.1948	3	186	466	2008.084584
space	-0.5611	-0.0915	1	571	2874	2009.666286
span	0.0111	-0.9395	1	215	648	2008.666667
sparse	0.0063	0.1086	1	249	736	2009.608974
spatial	-0.277	0.2277	1	760	6122	2009.53617
spatial distribution	-0.4971	0.1959	1	808	6846	2010.361231
spatial extent	0.0313	-0.6088	1	352	1218	2011.278351
spatial heterogeneity	-0.097	0.8844	3	317	1314	2011.909091
spatial patterns	-0.5891	-0.1793	1	558	3020	2010.619556
spatial resolution	-0.7196	-0.2322	1	469	2048	2010.654237
spatial scales	-0.8455	0.479	1	427	1884	2009.793421
spatial variability	-0.3611	0.4621	1	591	3446	2009.941935
spatial variation	-0.126	0.3901	3	636	3940	2009.989535
species	0.6644	0.2517	3	779	5534	2008.521336
species composition	0.8268	0.5962	3	171	510	2007.678414
species richness	0.3405	0.5632	3	182	552	2010.025611
spectra	0.9778	0.0368	3	271	864	2007.31392
spectral	0.4856	-0.0158	3	211	628	2008.296703
spectrometry	0.974	0.1089	3	301	1004	2008.95
spectroradiometer	-1.4069	-0.0069	1	162	496	2012.221622
spectroscopy	0.9231	0.3182	3	393	1604	2008.882646
spectrum	-0.141	-0.1688	1	236	654	2007.745108
speed	-0.9348	0.2952	1	344	1268	2008.86489
sphagnum	0.8192	0.0015	2	370	1412	2008.697595
spitsbergen	0.0829	-0.0229	4	240	774	2008.405823
spots	0.2766	0.4042	3	421	1700	2009.61157
spread	-0.2043	0.7646	4	272	934	2008.634921
spring	-0.146	0.1376	4	987	11166	2008.097068
spruce	0.5036	-0.2369	2	571	3662	2007.055077
sr	0.959	0.0387	3	193	548	2007.272868
ssm/i	-1.2552	0.2766	1	157	458	2004.868805
st	-0.4367	0.8977	4	162	484	2007.705882
stability	0.2328	0.1761	3	988	10156	2009.500887
stable isotopes	0.7497	-0.6991	2	501	2792	2010.986373
stage	0.6582	-0.1631	2	888	7368	2008.259718
standard	-0.582	0.4315	1	391	1530	2008.650912
standard deviation	-0.6784	0.2749	1	392	1476	2009.368356
state	-0.1859	0.1791	1	1101	12450	2009.742678
stations	-1.0517	0.1469	4	709	6532	2007.983598
statistical analyses	0.316	0.5368	3	155	392	2010.479769
statistical analysis	-0.7058	0.5638	1	212	630	2009.976139
statistical model	-1.0372	-0.3943	1	192	610	2009.650307
statistics	-0.6256	-0.0603	1	519	2614	2009.312095
status	-0.3845	-0.0208	1	598	3048	2009.341864
steppe	0.1052	0.9333	3	479	3286	2010.29052
steps	-0.5878	-0.0033	1	304	960	2009.019451
stock	0.5408	0.5024	3	1057	14096	2007.807479
stoichiometry	1.1823	0.5167	3	167	454	2011.030568
storage	0.2965	0.0869	3	1098	15046	2010.328125
store	1.0213	-0.0336	3	414	1732	2011.108911
storm	0.2098	-0.5038	3	290	902	2008.742366
strategies	-0.4818	0.031	1	631	3480	2010.305877
stratification	0.3932	0.4286	3	353	1330	2009.44012
stratigraphy	-0.0913	-0.8806	2	366	1288	2007.119691
stream	0.3144	-0.7795	2	770	6168	2008.836139
streamflow	-0.2887	-0.8117	4	446	2608	2011.25
strength	-0.1991	0.2161	1	690	4284	2009.266467
stress	0.6075	0.6295	3	345	1254	2009.003348
structure	0.2954	0.2331	3	1115	12598	2008.655706
subarctic	0.3456	-0.5011	2	664	3914	2009.71978
subsidence	-0.0092	-0.5582	2	896	8898	2007.462963
substrate	0.6265	0.2816	3	710	4536	2008.452754
subsurface	-0.3362	-0.4691	4	1099	15224	2009.927347
succession	0.65	-0.0482	2	541	3200	2008.154965
sugars	1.2385	0.453	3	209	714	2009.507979
suitability	-0.3753	0.0763	1	294	908	2011.117773
sulfate	0.8752	0.125	3	208	568	2007.17354
summer	-0.0696	-0.0144	4	1347	27316	2008.716639
summer precipitation	-0.0042	-0.9205	4	229	768	2009.947059
summer season	-0.5082	0.7345	4	234	700	2009.599483
summer temperatures	0.0733	-0.6162	4	280	860	2008.977369
summertime	-0.6119	0.5752	1	200	570	2009.23617
supply	0.2915	-0.3485	2	595	2962	2008.462921
support	-0.2927	-0.1041	1	678	3290	2009.291409
suppression	0.7871	0.6786	3	196	576	2009.225728
surface	-0.261	0.0884	4	1566	79458	2008.863385
surface air temperature	-1.0123	0.6662	4	278	1086	2011.034003
surface albedo	-0.685	0.7914	4	285	1038	2009.227533
surface area	0.1867	-0.6612	2	462	2282	2007.638484
surface conditions	-1.0928	-0.4068	4	217	758	2009.117284
surface elevation	-0.1391	-0.3519	2	224	644	2009.676871
surface energy balance	-1.2758	0.5607	4	400	2386	2009.363265
surface layer	-0.6516	0.97	4	240	856	2007.284439
surface sediments	0.8919	-0.376	2	177	460	2007.793522
surface temperature	-1.087	0.2763	4	562	3324	2009.023148
surface waters	0.152	-0.5699	2	773	6006	2008.120883
survey	-0.1873	-0.4936	1	934	8708	2009.037248
susceptibility	0.3905	-0.3172	2	364	1418	2008.427194
sustainability	-0.692	-0.1045	1	254	738	2012.850794
svalbard	0.107	-0.0742	4	514	2558	2009.557134
sweden	0.6743	0.1448	3	559	3646	2007.514793
synthesis	-0.0494	0.0347	1	524	2634	2009.662722
synthetic	-0.8091	-0.69	1	459	2522	2009.089404
synthetic aperture radar	-0.8342	-0.6033	1	377	1808	2009.032432
system	-0.4292	0.2383	1	1250	20988	2009.608581
system models	-0.3275	0.9994	4	461	2328	2015.404444
table	0.1263	-0.2709	2	883	8486	2008.675978
taiga	-0.1066	-0.4407	2	394	1496	2008.626959
taxonomy	0.5147	0.378	3	175	488	2009.709079
techniques	-0.1742	-0.2451	1	948	8854	2007.972333
technology	-0.5298	-0.0907	1	457	1882	2011.429895
temperate	0.6463	0.1207	3	365	1360	2008.513385
temperature	-0.3797	0.3301	4	1556	90148	2008.94464
temperature changes	-0.594	0.1784	1	254	794	2008.59375
temperature data	-1.3681	0.4065	1	264	1080	2008.432653
temperature gradient	-1.2241	0.4394	4	234	864	2009.025424
temperature increase	0.3182	1.0358	3	241	814	2009.516234
temperature measurements	-0.6863	-0.2403	1	212	668	2007.553459
temperature profiles	-1.1504	0.3166	4	177	518	2006.951852
temperature sensitivity	0.7964	1.0066	3	385	2152	2011.082803
temporal	0.3859	0.1834	2	314	1040	2008.152526
temporal changes	-0.9807	0.1499	4	252	764	2009.507895
temporal evolution	0.5875	-0.5459	2	200	562	2010.339109
temporal patterns	0.4239	-0.3224	3	236	688	2009.576433
temporal resolution	-0.5649	-0.5623	1	173	484	2010.931953
temporal variability	0.3969	-0.075	3	453	1866	2009.54638
temporal variations	-0.2523	0.6464	4	391	1702	2008.891602
term	-0.355	-0.2539	1	503	2112	2008.827225
terms	0.0468	0.0467	1	759	4622	2008.49203
terraces	0.0996	-0.7532	2	210	708	2007.868421
terrain	-0.0519	-0.598	2	1119	14472	2009.112619
terrestrial	-0.4012	0.4874	1	550	2874	2008.824144
terrestrial ecosystems	0.29	0.8744	3	419	1930	2011.165254
territories	0.0912	-0.7837	2	903	9452	2007.423737
texture	0.1011	-0.0767	2	684	4732	2007.458888
thaw	0.2761	0.0716	3	1537	66132	2011.976068
theory	0.0105	0.1832	3	306	1016	2008.181946
thermal	-0.646	0.1133	4	1016	12898	2009.266307
thermal conductivity	-0.4491	0.5451	4	544	3520	2010.515464
thermal regime	-0.9619	-0.3781	4	636	4980	2010.067485
thermal stability	-0.0042	0.6448	3	184	576	2009.636943
thermodynamics	-0.5556	0.7876	4	219	756	2008.389098
thermokarst	0.5203	-0.5063	2	1205	20228	2012.966234
thermokarst lakes	0.453	-0.4676	2	959	9986	2013.237288
theta	-0.7002	0.9554	4	192	692	2006.435045
thickness	-0.7225	0.0294	4	1310	30848	2008.754418
thinning	-0.1955	-0.5013	1	193	522	2009.590299
threat	0.0074	0.2107	1	229	644	2012.027911
threshold	-0.3625	-0.3396	1	647	3618	2010.539227
ti	0.231	0.6211	3	138	428	2008.57781
tibet	-1.197	0.3043	4	270	1196	2010.363958
tibetan plateau	-0.587	0.7572	4	498	3106	2012.664516
till	0.8188	-0.4191	3	188	526	2006.793544
time	-0.1603	-0.1724	1	1451	37874	2008.831798
time scales	-0.7242	0.2061	4	239	790	2008.537809
time series	-0.8563	-0.2851	1	734	5630	2009.734317
timescales	0.0036	0.4061	3	543	2726	2010.244177
tm	-0.6865	-0.6377	1	337	1350	2007.895425
tn	0.8913	0.3073	3	386	2152	2008.677778
toc	1.0552	-0.2735	2	339	1254	2009.830579
tomography	-0.4094	-0.6195	1	372	1608	2011.068106
tools	-0.3763	-0.4503	1	437	1762	2011.918196
topography	-0.0831	-0.3373	1	923	8304	2008.703566
total number	-0.2767	-0.3287	1	197	608	2008.215054
total organic carbon	0.9718	-0.1275	2	394	1506	2010.16763
tower	-0.2833	0.7743	3	408	1984	2010.390476
tp	-0.394	0.7369	4	428	2100	2013.646825
trace	0.4867	-0.0794	3	496	2276	2007.662102
trace gases	0.2906	0.5457	3	171	494	2005.803774
tracer	0.1592	-0.8902	2	376	1688	2007.33904
track	0.2839	-0.7792	1	270	872	2008.851477
traditional	-0.5392	0.0774	1	205	510	2009.44557
training	-0.8358	-0.1151	1	177	474	2011.13913
trajectories	0.3851	0.0963	2	661	3810	2008.784052
transect	0.2192	-0.0723	2	839	6420	2007.990277
transfer	-0.728	-0.0819	4	823	8122	2008.40464
transformation	0.6641	0.072	3	764	5030	2009.214985
transient	-0.5245	-0.1205	4	494	2506	2009.22961
transition	0.23	-0.1334	2	1036	9946	2009.289721
transition zone	0.6384	-0.077	2	280	864	2009.219331
transmission	-0.4418	-0.5563	2	194	580	2008.441938
transport	0.1472	-0.3361	2	1028	11278	2008.638472
traps	1.0787	-0.092	2	252	828	2007.254043
travel	-0.2333	-0.589	4	172	480	2008.209898
treatment	0.4217	0.8676	3	598	4040	2008.987517
tree line	0.0562	-0.8579	2	242	752	2008.50625
treeline	-0.4206	-0.5305	2	292	1090	2007.675115
trees	-0.0415	-0.3043	2	606	3710	2009.293127
trends	-0.4332	0.0691	4	1257	23810	2009.691924
tributaries	0.4935	-1.0781	2	171	524	2008.939024
tropics	-0.5087	0.6672	4	168	466	2009.002973
trough	0.2779	-0.026	2	722	4416	2008.165586
tundra	0.4212	0.2987	3	1375	31306	2009.070476
tundra ecosystems	0.6201	0.9177	3	442	2500	2011.284091
tundra vegetation	0.3266	-0.4949	2	193	514	2010.853933
tunnel	0.473	-0.1397	2	150	408	2008.489933
turbidity	0.1747	-0.9199	2	168	450	2006.591633
turbulence	-0.3302	0.6327	3	149	412	2008.098326
turnover	0.5683	0.737	3	493	2772	2008.839506
tussock	0.7117	0.6172	3	323	1200	2006.0875
twentieth century	-1.0001	0.0363	4	186	528	2010.49537
types	0.0237	0.2474	3	1272	20422	2008.677962
uk	-0.6502	1.1558	4	233	922	2008.548159
uncertainty	-0.4352	0.4683	1	1116	15550	2011.023214
unconformity	0.669	-0.7871	2	294	1046	2006.891266
university	-0.3442	-0.2075	1	389	1386	2007.852518
upland	0.4453	-0.4163	2	710	4970	2008.381857
uplift	-0.2066	-0.9794	2	219	668	2006.856502
uptake	0.5228	0.8772	3	594	4496	2008.324314
usa	0.4548	-7e-04	3	705	4694	2008.230569
utilization	0.1782	0.118	3	477	1996	2009.166837
validation	-0.9835	0.2418	1	679	4942	2010.014759
valley	-0.2114	-0.6874	2	758	5532	2008.373746
values	-0.0794	0.3342	1	1307	21908	2008.134938
variability	-0.1974	0.1052	1	1376	31952	2009.910572
variance	-0.1381	0.8381	1	393	1586	2008.262238
variations	-0.225	0.1707	4	1364	31266	2008.23722
vascular	0.6072	0.9076	3	195	528	2008.657068
vascular plants	0.5018	1.0619	3	173	486	2009.185446
vector	-0.3301	-0.546	1	287	924	2009.067811
vegetation	0.0991	0.2498	2	1439	40422	2009.373552
vegetation changes	0.3191	0.2598	2	209	606	2010.385417
vegetation dynamics	0.6764	0.4615	2	292	992	2012.555556
vegetation types	0.2064	0.7155	3	459	2448	2009.833948
veins	0.6866	-0.9369	2	177	540	2006.863344
velocity	-0.5642	-0.2777	1	454	1924	2008.229763
verification	-1.0959	-0.3346	1	266	876	2010.208038
vertical	0.388	-0.018	3	293	1000	2006.365209
vertical distribution	0.4099	0.0598	3	417	1858	2007.890774
vertical profiles	0.0406	0.6943	3	308	1050	2007.685761
volume	-0.118	-0.7295	1	837	6934	2008.390878
vulnerability	0.199	0.2483	1	805	6068	2012.434676
warm period	0.6076	-0.5044	2	185	468	2009.606838
warming	0.0718	0.3562	4	1491	49534	2011.01791
warmth	-0.078	0.3574	4	189	530	2009.851931
water	0.0599	-0.17	2	1557	72944	2008.522927
water availability	-0.0961	0.0393	1	241	744	2010.844898
water balance	0.0786	-0.4763	2	537	3218	2009.254717
water bodies	-0.44	-0.5972	1	613	3822	2010.393162
water chemistry	0.966	-0.4944	3	387	1688	2008.41573
water column	1.0457	0.1085	3	405	2064	2007.355227
water content	-0.2801	0.3649	4	661	4268	2008.305668
water depth	-0.1567	-0.9475	1	274	1002	2007.9
water flow	-0.2754	-0.6216	4	340	1444	2008.849765
water level	0.2161	-0.6299	2	475	2106	2008.961538
water quality	0.1522	-1.0512	2	219	662	2010.330144
water resources	-1.0622	-0.0162	4	337	1354	2013.543269
water samples	0.9995	-0.4307	3	216	596	2009.050998
water table	0.4767	0.9206	3	343	1484	2007.419689
water temperature	0.5412	-0.3716	3	289	1008	2008.738971
water vapor	-0.8521	-0.5075	4	150	434	2007.552846
watersheds	0.1799	-0.6065	2	766	6224	2010.799687
wave	-0.6685	-0.3696	1	414	1614	2008.774981
weather	-0.3702	0.0288	4	819	5836	2009.837145
weather conditions	-0.2251	0.7717	1	200	602	2010.590909
web	0.6337	0.0606	3	159	416	2010.420063
weight	0.7547	0.2271	3	289	850	2006.661831
well	-0.838	-0.6417	1	239	722	2008.243446
wetlands	0.0756	0.1041	1	1116	15338	2009.706852
wetness	-0.642	0.0537	1	477	2194	2010.75
wildfire	0.3439	0.4123	5	540	3580	2013.150602
wildlife	0.0011	-0.5803	2	427	1826	2011.223022
wind	-0.4509	0.0246	1	588	3066	2008.553573
winter	-0.3399	-0.1504	4	1208	22270	2008.309773
winter precipitation	0.3058	-0.6642	2	303	1102	2010.462094
winter season	-0.1982	1.0675	3	158	458	2009.407595
winter temperatures	0.1814	-0.9842	2	162	444	2008.816038
wintertime	-0.4951	0.5962	4	225	680	2009.628342
wood	0.4306	-0.4624	2	258	686	2008.080058
work	0.1477	-0.1618	1	825	5760	2010.485608
world	-0.4176	0.3933	1	716	4726	2009.680768
x-ray	0.977	0.2685	3	186	514	2009.533047
yakutia	0.3256	-0.5103	2	527	3006	2010.379464
yangtze	-0.898	0.5013	4	308	1314	2012.048583
yellow	-1.062	0.298	4	446	3190	2012.707006
yield	0.6256	-0.266	2	335	1156	2007.793478
young	-0.0049	-0.3195	1	173	418	2008.610592
yukon	0.1385	-0.7292	2	905	8666	2008.592034
yukon territory	0.2123	-0.8677	2	398	1702	2006.045627
zonation	-0.9071	0.3077	4	286	1076	2005.66537
zone	-0.1853	-0.335	2	1307	24324	2007.966537
