id	x	y	cluster	weight<Links>	weight<Total link strength>	weight<Keyword count>	score<Avg year>
20th century	-0.4561	-0.9988	2	386	1514	15	2011.125
absorption	-0.2451	0.0701	1	1183	18334	171	2011.930081
absorption coefficient	0.2288	0.3145	1	529	2612	24	2011.888889
absorption cross section	0.2104	-0.7493	2	328	1220	11	2015.166667
abundance	0.6499	-0.4137	3	953	7596	69	2012.159769
access	-0.4349	-0.0645	2	354	1160	13	2013.769679
accumulation	0.7544	0.3494	4	1064	12676	112	2011.1675
accumulation mode	0.7846	0.6247	4	911	9290	80	2009.950617
accumulation mode particles	0.7028	0.7934	4	547	2640	22	2009.681818
accuracy	-0.1584	0.0858	1	717	3674	38	2012.031588
acids	1.0203	-0.5884	3	836	9366	105	2009.964637
activation	0.8314	0.111	4	624	4132	39	2011.521429
activity	0.3252	-0.2175	3	1129	11688	116	2011.741747
addition	0.1212	-0.1624	3	1159	11780	110	2012.072879
advection	0.3639	0.6818	4	613	3056	28	2010.324162
aerocom	-1.1301	-0.2374	2	354	1382	11	2013.545455
aeronet	-0.4208	1.0295	1	712	5564	51	2013.245283
aerosol	0.2864	-0.0097	3	1363	103468	1030	2011.217627
aerosol black carbon	0.1628	0.0217	4	368	1362	15	2009
aerosol burden	-0.7067	-0.1227	2	419	1558	15	2011.411765
aerosol chemical composition	0.7433	0.4116	3	567	2502	19	2010.55
aerosol chemistry	0.4618	0.21	3	454	1718	15	2012.157895
aerosol composition	0.8885	0.0153	3	702	4030	36	2010.475
aerosol concentrations	0.0458	0.1957	4	922	6498	59	2012
aerosol deposition	-0.286	-0.8475	2	438	1704	15	2013.7
aerosol dynamics	0.6176	0.5152	4	388	1570	14	2010.071429
aerosol effect	-0.8338	-0.4676	2	750	5304	48	2010.771084
aerosol extinction	-0.3196	0.9279	1	582	2810	23	2012.555556
aerosol forcing	-0.7685	-0.4841	2	691	4474	39	2012.561404
aerosol formation	0.8537	0.0903	4	565	3006	28	2011.733333
aerosol layers	-0.0738	0.9945	1	618	3554	31	2009.410256
aerosol mass	0.7929	0.0015	3	937	8128	72	2011.671053
aerosol mass spectrometer	0.9413	0.1864	3	458	2026	16	2014
aerosol mass spectrometry	0.9546	0.1063	3	360	1312	11	2014.25
aerosol model	-0.4473	-0.2113	2	559	2444	23	2011.290323
aerosol optical depth	-0.5577	0.7031	1	1043	13820	123	2012.530769
aerosol optical properties	-0.1479	0.9416	1	784	6504	57	2012.931034
aerosol optical thickness	-0.2849	1.0357	1	564	3210	33	2011.078947
aerosol particles	0.7989	0.3014	4	1202	18748	185	2011.054545
aerosol properties	0.095	0.8696	1	927	9068	80	2012.142857
aerosol robotic network	-0.3651	1.076	1	554	3206	29	2013.483871
aerosol size distribution	0.6536	0.6921	4	857	7220	66	2010.056338
aerosol sources	0.6102	0.2418	3	675	3494	30	2012.848485
aerosol transport	-0.4184	0.6981	1	603	2788	23	2009.78125
aerosol-cloud interactions	-0.2626	-0.6377	2	633	3370	28	2014.340909
aethalometer	0.1691	0.42	1	417	1752	19	2012.368421
africa	-0.4709	0.1887	1	808	5308	48	2009.943515
age	0.2071	-0.4651	3	571	2668	26	2010.368729
aging	0.7163	-0.6321	3	573	2812	24	2012.282051
agreement	-0.1345	0.4544	1	1147	13288	116	2010.554303
air	0.1861	0.1349	4	1364	55238	528	2011.976061
air mass origin	0.4909	0.9801	4	376	1564	13	2011.647059
air mass trajectories	0.7361	0.4195	3	478	1934	18	2009.4
air masses	0.5136	0.5919	4	1264	27358	251	2011.64881
air pollutants	-0.2493	-0.2503	2	494	2078	19	2012.052632
air pollution	-0.371	-0.3137	2	980	8594	80	2013.735294
air quality	-0.6568	-0.1375	2	981	8618	80	2014.766667
air temperature	-0.445	-0.7281	2	640	3316	31	2012.218924
airborne	-0.0293	0.8665	1	593	3054	28	2011.99435
airborne measurements	-0.6024	0.8287	1	517	2414	21	2012.555556
aircraft	-0.6685	0.5767	1	1111	18138	155	2010.584541
aircraft measurements	-0.6295	0.7141	1	700	4390	35	2009.893333
aircraft observations	-1.0257	0.6589	1	540	3044	26	2010.350877
al	0.2957	-0.1374	3	628	2668	26	2010.555118
alaska	-0.3439	0.1604	1	998	9920	86	2010.597746
alaskan	0.1914	-0.523	3	455	1778	15	2011.071579
albedo	-0.4116	-0.4213	2	1138	18644	176	2012.060567
albedo reduction	-0.4046	-0.9473	2	408	2116	21	2016.054054
alert	0.1158	-0.201	1	830	6320	53	2012.238806
algorithm	-0.547	0.8067	1	733	5110	49	2011.916828
alpha	0.6176	0.3571	1	467	1822	18	2010.514493
alpine	0.4843	-0.7611	3	318	1168	12	2012.280161
alps	0.2313	-0.7896	3	406	1694	17	2011.372549
altitude	-0.2446	0.6798	1	1051	11210	101	2011.218807
ambient air	0.3067	-0.1426	3	439	1558	14	2012.916667
america	-0.8185	0.2432	1	1112	16058	141	2011.440252
american	-0.229	0.3641	1	485	1842	17	2010.565574
amines	1.1204	0.0737	3	332	1188	11	2014
amino acids	1.0766	-0.4751	3	351	1334	14	2012.884393
ammonia	0.5711	0.1885	4	501	2236	22	2012.816092
ammonium	0.7781	-0.1558	3	828	5386	48	2011.212264
ammonium sulfate	0.8766	0.2455	3	378	1284	12	2009.333333
amplification	-0.6035	-0.8418	2	354	1370	15	2013.330357
amplitude	-0.6973	0.3745	1	426	1440	15	2010.372165
ams	0.8463	-0.3613	3	383	1516	14	2009.358491
analysis	0.1712	0.2148	3	1352	43932	427	2011.656462
analytical methods	0.6308	-0.8541	3	293	1138	12	2011.97561
angle	-0.4497	0.5452	1	401	1520	13	2010.915493
angstrom exponent	0.0561	0.9886	1	748	5660	51	2012.647059
anion	0.9119	-0.1433	3	370	1356	15	2011.425
annual	0.0822	0.3145	4	413	1498	16	2010.264808
annual cycle	-0.1589	0.4522	4	464	1702	16	2009.189944
anomaly	-0.8601	0.2839	1	549	2638	27	2010.997204
antarctic	0.5956	0.3395	3	1059	12464	132	2010.797819
antarctic aerosols	0.992	0.3271	3	525	2598	27	2009.586207
antarctic ice	0.3334	-0.6115	3	374	1398	13	2012.455772
antarctic peninsula	0.8909	0.5762	3	373	1436	14	2011.82716
antarctic plateau	0.3727	0.5871	1	423	1570	14	2010.053333
antarctic station	0.8942	0.5444	3	301	1070	12	2011.731707
antarctica	0.5764	0.4477	3	1024	11320	128	2011.220175
anthropogenic	-0.7824	-0.226	2	830	5658	52	2012.98995
anthropogenic activities	0.3209	-0.5328	3	447	1586	15	2014.47619
anthropogenic aerosols	-0.5172	-0.6598	2	788	5738	51	2012.4
anthropogenic emissions	-0.8101	-0.0914	2	917	7546	68	2013.722222
anthropogenic pollution	0.2652	0.6305	1	672	3506	28	2012.536585
anthropogenic sources	0.1065	-0.0827	3	951	7172	60	2012.081395
aod	-0.5028	0.8247	1	936	9938	87	2013.48913
application	-0.1212	0.1681	1	841	5180	55	2012.361823
apportionment	0.7652	-0.332	3	521	2292	24	2013.529412
approach	-0.1012	0.2755	1	989	7776	77	2013.011682
aqua	-0.6289	0.8723	1	443	1828	18	2012.181818
archipelago	0.5525	0.1959	4	439	1782	14	2011.082609
arctas	-0.9919	0.7162	1	670	5628	45	2012.466667
arctic	-0.1671	-0.0069	2	1361	82086	795	2012.189504
arctic aerosol	0.4883	0.0599	4	1202	18588	166	2012.448649
arctic air pollution	-0.3932	-0.4068	2	446	1944	17	2014.647059
arctic antarctic	-0.2322	0.7324	1	513	2338	20	2012.938182
arctic areas	0.2159	0.4487	1	396	1418	14	2012.19708
arctic atmosphere	0.3389	-0.2606	3	722	3890	35	2011.826087
arctic boundary layer	0.0633	0.595	4	484	1942	18	2009.815385
arctic circle	-0.1224	-0.2566	2	516	2028	18	2012.113924
arctic climate	-0.4185	-0.4998	2	1056	11618	100	2013.150824
arctic climate change	-0.5991	-0.7585	2	402	1590	13	2014.55814
arctic clouds	0.4719	-0.3989	4	562	3248	30	2010.096463
arctic environments	0.2622	-0.0444	4	516	2330	21	2012.708108
arctic haze	0.134	0.7181	1	1018	11484	97	2010.263636
arctic high	-0.5868	-0.2615	2	429	1516	14	2013.101695
arctic ice	-0.0072	-0.9725	2	459	2050	17	2013.034188
arctic marine	0.8587	-0.1894	4	514	2412	19	2013.75576
arctic measurements	0.9598	0.2294	4	484	2116	19	2011.113636
arctic observations	0.159	0.4137	4	365	1272	12	2013.9125
arctic ocean	0.536	-0.423	4	1051	11040	105	2010.893127
arctic oscillation	-0.9573	-0.0293	1	345	1256	13	2011.24912
arctic pollution	-1.0244	0.3887	1	426	1834	15	2011.647059
arctic regions	-0.4626	0.2502	1	1031	10178	87	2013.278834
arctic research	-0.8559	0.6692	1	713	5536	47	2013.453782
arctic sea ice	-0.3669	-0.8926	2	692	4404	41	2014.367364
arctic seas	-0.2162	-0.7709	2	814	5788	54	2014.010669
arctic shipping	-0.6329	-0.7859	2	354	1666	18	2015.62069
arctic snow	-0.3901	-0.732	2	685	4132	38	2013.477778
arctic spring	0.0432	0.3671	1	712	3958	34	2012.048193
arctic summer	0.5244	0.1501	4	778	5114	44	2013.466368
arctic temperature	-0.8167	-0.8945	2	435	1928	19	2012.593301
arctic troposphere	-0.5084	0.6927	1	525	2634	23	2011.522727
arctic warming	-0.7665	-0.8756	2	451	2044	21	2014.481818
arctic winter	-0.1902	-0.1327	1	708	3896	33	2011.690678
area	0.1275	0.0584	3	1336	33494	329	2011.37466
aromatic hydrocarbons	1.0296	-0.5595	3	379	1520	15	2011.129032
ash	0.5037	0.2114	3	317	1010	11	2011.109375
asia	-0.7828	-0.0558	2	1155	18702	159	2013.012594
asian	-0.0315	0.0612	3	594	3118	27	2012.876
asian dust	0.6283	0.5613	3	403	1614	15	2010.125
assessment	-0.7164	-0.1642	2	928	7138	61	2013.024899
association	0.7076	0.0522	3	425	1630	17	2011.081886
atlantic	-0.0156	0.391	1	1059	10850	104	2010.236737
atlantic ocean	0.2693	0.3744	1	619	3288	32	2009.615463
atlantic oscillation	-1.0798	0.0293	1	377	1514	14	2010.516074
atmosphere	-0.1181	-0.1533	2	1359	44862	427	2011.581199
atmospheric aerosol particles	0.9085	0.3795	4	341	1302	14	2008.714286
atmospheric aerosols	0.5763	-0.0624	3	1118	11858	121	2010.879433
atmospheric chemistry	-0.5498	-0.3737	2	666	3286	29	2013.418182
atmospheric circulation	-0.3368	-0.3607	2	613	3040	29	2012.002058
atmospheric composition	-0.7056	0.0774	1	799	5002	42	2012.766667
atmospheric conditions	0.1035	0.096	4	431	1590	17	2011.328431
atmospheric layers	-0.5379	0.3614	1	443	1552	11	2010.25
atmospheric measurements	0.2474	-0.5023	3	357	1270	12	2014.171429
atmospheric model	-0.8109	-0.473	2	360	1164	11	2012.346154
atmospheric particles	0.9559	0.0503	3	551	2580	27	2011.032258
atmospheric processes	0.0076	-0.1509	3	363	1172	12	2012.0125
atmospheric stability	-0.3146	-0.2608	2	387	1322	13	2011.517241
atmospheric transport	0.2541	-0.4809	3	888	7740	71	2012.223301
attention	-0.4307	-0.2619	2	484	1764	16	2012.917808
attribution	-0.8317	-0.1431	1	529	2336	20	2014.063636
austral summer	0.8714	0.2746	3	547	2718	25	2012.0726
australia	-0.2009	0.1242	1	552	2524	23	2010.617438
autumn	0.4296	0.3359	4	814	4808	43	2011.726708
availability	0.0289	-0.0552	4	530	1928	18	2012.908905
back-trajectories	0.4613	0.4999	3	797	5262	47	2014.079365
background aerosol	0.2743	0.7823	1	633	3290	27	2010.375
backscatter	-0.02	1.0602	1	534	2882	27	2011.126712
backward trajectories	0.3127	0.6183	1	690	3992	37	2013.617021
balance	-0.02	-0.4247	2	933	6630	60	2011.539286
balloon	0.0563	0.7503	1	371	1270	12	2014.045455
bands	-0.4173	-0.6437	2	402	1518	14	2010.501538
barrow	-0.347	0.3136	1	902	7484	62	2011.224344
barrow alaska	-0.2428	0.2194	1	702	4064	35	2010.863014
baseline	-0.4235	-0.1416	2	620	2926	27	2012.74934
basin	-0.509	-0.1734	1	513	1946	19	2010.09645
bay	0.2651	0.5415	1	673	3626	31	2010.11814
bc	-0.5084	-0.5838	2	1243	30338	282	2013.785498
behavior	0.7031	0.0259	4	486	1892	21	2011.103784
behaviour	0.8168	0.2352	4	450	1706	16	2010.943662
beijing	0.194	0.3541	3	370	1120	11	2016.411765
belt	-0.4482	0.8234	1	427	1932	16	2010.458182
benefits	-0.8019	-0.5843	2	392	1440	16	2014.038732
bering	0.314	0.487	3	370	1312	13	2009.747987
bering sea	0.2757	0.508	3	345	1190	12	2009.417822
bias	-0.9002	0.2912	1	843	6496	59	2013.065051
biases	-1.0475	0.1811	2	739	5266	43	2013.826211
biofuel	-0.4504	-0.784	2	567	2692	22	2013.833333
biogenic	0.9559	-0.1759	3	553	2508	23	2011.609375
biogenic emissions	0.8238	-0.4844	3	433	1660	16	2011.666667
biological activity	0.9674	-0.364	3	462	1986	20	2012.109091
biomass	-0.1302	-0.0616	1	1303	28754	253	2012.021332
biomass burning	-0.1544	0.0048	1	1260	24622	217	2012.394191
biomass burning plumes	-0.2614	0.8998	1	358	1300	11	2014.909091
black	-0.4529	-0.5979	2	986	10176	103	2012.681373
black carbon	-0.4114	-0.5317	2	1308	44612	420	2013.369658
black carbon concentration	0.0348	0.6687	1	302	976	11	2009.75
black carbon emissions	-0.9252	-0.4545	2	471	2418	25	2014.653846
boreal	-0.5522	0.4421	1	917	7850	70	2012.614137
boreal fires	-0.7975	0.5213	1	701	4520	35	2011.38
boreal forest	-0.3643	0.5965	1	797	5948	50	2011.745283
boreal forest fires	-0.6678	0.6462	1	585	3340	26	2011.135135
boundary	0.2053	0.5762	4	554	2560	25	2008.420868
boundary layer	0.4029	0.5075	4	1208	18552	168	2009.971272
brown carbon	0.1256	-0.3751	3	444	1686	17	2015.882353
bubbles	1.0531	-0.1657	4	317	1424	14	2010.153846
budget	-0.4072	-0.0355	2	879	6284	56	2011.153068
burden	-0.9314	-0.3088	2	836	7104	60	2012.329412
burning	-0.1044	-0.0874	1	1278	26612	234	2012.551282
c-13	0.9355	-0.7461	3	272	992	11	2013.180371
c-14	0.463	-0.7412	3	334	1444	15	2010.938406
c-4	1.137	-0.6992	3	309	1886	21	2009.930233
ca	0.9173	-0.0963	3	333	1146	11	2010.753333
calibration	-0.1619	0.3557	1	533	2298	22	2011.99511
california	-0.7528	0.5576	1	559	2826	25	2009.673387
caliop	-0.5083	0.9734	1	429	1868	14	2014.439024
calipso	-0.5117	0.9925	1	444	1914	15	2014.182927
cam5	-1.0282	-0.3825	2	361	1628	14	2015.384615
campaign	-0.0046	0.6193	1	1181	16762	149	2013.041363
canada	-0.4985	0.4981	1	1009	10428	90	2011.058788
canadian	0.2201	-0.3426	4	638	3292	27	2010.480463
canadian arctic	0.3981	-0.3585	4	551	2534	20	2012.163636
capacity	-0.1431	-0.448	2	306	918	11	2013.094099
cape	0.7125	0.3634	3	373	1332	14	2009.255255
carbon	-0.0996	-0.5124	2	1358	63472	617	2013.107259
carbon deposition	-0.4357	-0.9163	2	424	1988	20	2012.866667
carbon dioxide	-0.736	-0.3372	2	518	2250	23	2013.148903
carbon emissions	-0.8902	-0.3995	2	584	3598	36	2014.470588
carbon monoxide	-0.9166	0.543	1	829	7752	70	2011.884211
carbon source	-0.3653	-0.4885	2	377	1304	11	2012.515152
carbonaceous aerosols	0.1107	-0.7128	3	689	3780	37	2010.358974
carbonaceous particles	0.6345	-0.6885	3	362	1454	15	2010.166667
carboxylic acids	0.9954	-0.4623	3	408	1764	20	2012.078947
case	-0.1913	0.5591	1	1174	15810	150	2010.847835
case study	-0.1211	0.555	1	798	5066	48	2012.678179
cause	-0.3759	-0.4508	2	846	5240	50	2011.675244
ccn	0.9448	0.3518	4	822	8310	76	2010.343434
ccn activity	1.1307	0.4611	4	273	1040	11	2009.454545
cell	-0.1908	0.3917	1	548	2164	23	2011.359784
century	-0.6813	-0.9075	2	716	5614	54	2012.205869
ch4	-0.9037	-0.2406	2	620	3632	30	2014.017857
chain	1.0056	-0.6299	3	306	1036	12	2011.096866
challenges	-0.295	-0.0435	2	568	2332	25	2014.48237
chamber	0.9966	-0.0878	4	317	1128	14	2013.240506
changes	-0.4633	-0.3852	2	1337	43158	416	2012.206219
channel	-0.0595	0.5722	1	512	1902	19	2009.903036
characteristics	0.408	0.3437	3	1151	12802	117	2010.936545
characterization	0.6875	0.3146	3	966	7572	72	2012.72969
chemical	0.3216	0.0664	3	1321	30460	269	2011.607029
chemical analysis	0.9106	-0.0682	3	507	2068	18	2011.348837
chemical characteristics	0.9859	0.0803	3	356	1258	14	2011.75641
chemical composition	0.8136	0.3082	3	1081	13288	113	2012.512915
chemical processes	-0.2559	0.3329	1	482	1786	15	2010.566038
chemical properties	0.6376	0.1909	4	613	3090	28	2011.438017
chemical species	0.5741	0.0012	3	471	1742	17	2012.297297
chemical transport	-0.8338	0.2234	1	908	8396	71	2013.986667
chemical transport model	-0.9556	0.2509	1	913	9002	75	2013.695122
chemistry	-0.3917	-0.0804	2	1230	19498	173	2012.465976
chemistry climate	-1.0153	-0.3679	2	585	3330	29	2013.760331
chemistry-climate model	-1.1076	-0.3233	2	496	2522	22	2013.826923
china	-0.0209	-0.3204	3	947	8358	81	2013.948798
chloride	1.0559	-0.0714	3	414	1800	19	2012.071429
chromatography	0.9556	-0.5766	3	656	4362	47	2010.861702
circulation	-0.693	-0.4948	2	933	8092	78	2010.44219
circulation model	-1.0446	-0.7693	2	478	2458	21	2009.61811
circulation patterns	-0.7836	-0.356	2	388	1380	13	2010.597956
citation	-0.411	-0.2245	2	438	1662	19	2010.689507
cl-	0.8767	-0.2866	3	484	2178	21	2011.666667
class	0.8224	-0.4713	3	392	1386	14	2011.519757
classification	0.2707	0.6655	1	473	1754	17	2011.561043
clean	0.1634	-0.2656	2	264	838	11	2011.047619
climate	-0.4472	-0.5005	2	1339	52978	493	2012.847305
climate change	-0.634	-0.5765	2	1123	14760	142	2013.106897
climate effect	-0.6222	-0.7505	2	623	3296	31	2012.878049
climate feedbacks	-0.2543	-0.862	2	527	2330	22	2014.252595
climate forcings	-0.8472	-0.545	2	688	4026	35	2012.930131
climate impacts	-0.8127	-0.6302	2	812	5822	51	2013.568493
climate model	-0.7846	-0.455	2	1115	15996	142	2013.16224
climate model simulations	-0.9187	-0.2651	2	428	1534	13	2013.895455
climate response	-1.0151	-0.9111	2	498	3258	29	2012.136364
climate sensitivity	-1.0005	-0.8472	2	320	1242	12	2013.225434
climate simulations	-1.0154	-0.6354	2	513	2458	21	2012.537778
climate system	-0.5319	-0.5894	2	777	5166	45	2012.717277
climate variability	-0.6095	-0.5101	2	364	1308	13	2012.20898
climate warming	-0.447	-1.0423	2	303	1116	11	2013.628339
climatology	-0.6523	0.4224	1	702	3788	32	2010.440048
closure	0.7385	0.6981	4	461	2142	19	2009.644444
cloud	-0.1287	-0.1462	4	1264	27300	253	2010.976891
cloud albedo	-0.0929	-0.4599	4	364	1322	12	2011.947368
cloud condensation nuclei	0.9783	0.164	4	953	11820	109	2011.425532
cloud cover	-1.062	-0.4606	2	399	1478	13	2010.770548
cloud droplets	0.5094	-0.348	4	784	5942	53	2009.315385
cloud formation	0.2858	-0.4961	4	617	2912	25	2012.225352
cloud processes	0.4455	0.364	4	611	3132	24	2010.75
cloud properties	-0.0958	0.0368	4	586	2990	26	2011.290503
cloud water	-0.0978	-0.5963	2	384	1394	14	2010.582609
cloudiness	-0.3111	-0.1625	2	346	1062	11	2008.987097
cluster	0.5026	0.5313	4	754	5008	50	2011.949896
cluster analysis	0.4209	0.6008	4	556	2788	24	2012.636905
cmip5	-1.1621	-0.6194	2	322	1308	11	2015.883929
co	-0.757	0.509	1	1027	14300	124	2011.599291
co2	-0.6719	-0.5938	2	840	6714	63	2013.165022
co2 emission	-0.8143	-0.8697	2	340	1422	15	2014.889447
coagulation	0.4671	-0.0104	4	423	1616	15	2011.525
coal	0.3151	-0.6672	3	494	1922	17	2011.962963
coarse particles	1.0769	0.2406	3	350	1284	14	2008.388889
coast	0.3949	0.2678	3	958	7302	70	2010.134684
coastal	0.564	0.4199	3	597	2828	26	2010.739865
coastal areas	0.7739	-0.0832	3	383	1234	12	2012.54386
coastal regions	0.3788	0.0861	4	517	2082	19	2011.633188
coatings	0.4317	-0.4679	3	478	1938	17	2011.814815
coefficients	0.2095	0.8305	1	847	6502	61	2010.617647
collection	0.1351	0.4384	1	438	1586	18	2011.129412
column	-0.6652	0.4221	1	925	7382	69	2010.224159
combustion	0.1329	-0.4716	3	1064	11230	105	2012.094937
community	-0.9273	-0.4603	2	827	6374	54	2013.620087
community atmosphere model	-1.0728	-0.4178	2	525	2706	22	2013.738095
community earth system model	-0.9334	-0.744	2	424	1860	14	2016.6
comparison	-0.2712	0.4628	1	1271	22354	208	2010.70057
complex	-0.0043	-0.6015	2	597	2418	25	2011.908387
composition	0.4702	0.2038	3	1313	31956	287	2012.45256
compounds	0.8291	-0.4601	3	1088	13788	138	2012.161238
concentrations	0.3386	-0.1905	3	1365	83126	827	2011.643222
condensation	0.9254	0.2459	4	1070	16360	157	2010.417969
condensation nuclei	0.9839	0.1768	4	962	12194	114	2011
condensation sink	0.9237	0.4738	4	429	2062	17	2012.058824
condition	0.0821	0.1644	1	375	1180	13	2010.79798
configuration	-0.947	0.0191	2	453	1674	14	2012.603053
consequences	-0.4055	-0.2351	2	456	1624	16	2012.275862
constituents	0.4856	-0.4131	3	566	2238	23	2010.319372
constraints	-0.9214	0.3382	1	534	2592	23	2011.060453
contamination	0.6873	0.0816	3	450	1744	19	2011.920245
content	0.0841	-0.2865	2	1069	9746	93	2011.761593
continent	0.1492	0.5414	1	929	7192	66	2011.202884
continental	0.3952	0.7618	1	534	2482	23	2010.243993
continental air masses	0.99	0.6434	4	384	1508	15	2010
contrast	0.2656	-0.2242	3	1089	10610	102	2011.509677
control	-0.4833	-0.5923	2	841	5374	51	2012.474255
convection	-0.8935	0.1538	2	603	3282	29	2009.024462
convergence	-0.8347	-0.2093	2	431	1808	16	2010.408056
conversion	0.381	-0.1123	3	583	2428	23	2010.995798
conveyor	-0.7327	0.8776	1	322	1378	11	2009.14
cooling	-0.8517	-0.4793	2	816	6368	57	2010.829787
core	0.2133	-0.7723	3	918	8448	87	2010.446523
correction	-0.474	0.6224	1	520	2254	22	2011.927948
correlation	0.1646	0.2679	1	1173	14744	142	2011.333794
correlation coefficient	-0.2951	0.6193	1	495	1972	17	2012.125
costs	-0.7567	-0.5502	2	326	1106	12	2013.503597
cover	-0.696	-0.7094	2	825	6684	62	2011.664763
coverage	-0.4844	0.2529	1	566	2326	20	2012.329283
cross-section	0.1646	-0.6989	2	386	1518	15	2010.444444
cruise	0.8488	-0.02	3	682	4158	41	2008.733524
cryosphere	-0.3708	-0.8705	2	479	2376	26	2014.539877
current	-0.8985	-0.2935	2	380	1282	11	2008.757215
cycle	-0.3073	0.0248	2	1111	12750	115	2011.47296
cyclones	-0.1042	0.7649	1	478	2048	18	2011.69697
dark	-0.2343	0.6277	1	343	1202	11	2011.352113
data	-0.1172	0.4216	1	1356	51732	498	2011.015066
data set	-0.059	0.6494	1	932	7142	61	2010.433246
data sets	-0.6717	0.0709	2	643	3112	27	2011.63144
database	-0.9845	0.3079	1	448	1924	18	2012.403509
dataset	-0.5626	0.0918	1	665	3218	29	2012.68054
date	0.1941	-0.5304	3	427	1372	14	2012.087051
decline	-0.5642	-0.3057	2	568	2550	23	2013.254217
definition	-0.3556	-0.4807	2	358	1172	13	2010.611111
degradation	0.7928	-0.7615	3	406	1576	19	2013.464824
delta	0.0146	0.2359	1	619	3026	28	2010.255844
density	0.1788	0.5008	4	753	4058	42	2009.879211
dependence	-0.0143	0.2883	4	888	6398	59	2010.591411
depletion	0.4354	-0.2747	3	591	2654	23	2011.778068
depolarization	0.0975	1.0971	1	325	1232	12	2011.083333
deposition	-0.3973	-0.6092	2	1187	18532	179	2012.094256
depth	-0.4985	0.5703	1	1151	18246	166	2010.672402
description	-0.5201	-0.3582	2	444	1618	16	2009.996622
desert	0.1039	0.3537	1	508	2012	20	2011.209622
design	-0.0719	-0.1343	2	529	1870	15	2013.015625
detail	0.6097	0.0746	3	492	1852	20	2011.078886
detection	0.3726	-0.0176	3	794	5122	56	2012.417625
detection limit	0.5987	-0.144	3	329	1052	11	2011.952381
determination	0.6711	-0.3531	3	659	3490	39	2010.57381
development	-0.2404	-0.0757	2	802	4698	48	2011.773084
diacids	1.1866	-0.6763	3	372	2540	28	2009.1
diameter	0.9141	0.2569	4	1090	14848	143	2010.091346
dicarboxylic acids	1.1243	-0.6206	3	520	4242	52	2007.087719
diesel	-0.0143	-0.5902	2	490	1984	19	2014.53125
difference	-0.2823	0.2773	1	940	7222	66	2011.163032
dimethyl sulfide	0.8117	-0.3622	4	529	2402	19	2013.28
direct	-0.6468	-0.3988	2	555	2268	18	2011.421384
direct effect	-0.8137	-0.6145	2	449	1898	17	2012.021277
discrepancies	-0.8606	0.3127	1	666	3290	29	2011.321353
dispersal	-0.3721	0.4496	1	905	6964	60	2011.394973
dispersion model	-0.419	0.5856	1	682	4324	34	2012.297872
distance	0.4948	-0.1725	3	527	2070	20	2011.010448
distribution	0.372	0.2237	4	1355	48118	451	2010.907306
diurnal variation	0.6283	0.3173	3	404	1550	17	2010.953125
diversity	-0.2353	-0.2022	2	391	1326	13	2013.553494
dms	0.8276	0.0182	4	559	2500	21	2009.071429
dome	0.1445	0.4305	1	488	2060	18	2009.974138
dominance	0.6235	-0.0566	3	530	2142	19	2012.29375
drivers	-0.617	-0.8071	2	491	1944	17	2015.864011
droplets	0.6931	-0.1572	4	665	3450	33	2009.189781
dry deposition	-0.8906	-0.261	2	565	2962	28	2013.766667
duration	-0.1785	-0.0757	2	403	1522	16	2012.189258
dust	0.1853	-0.095	3	1202	17980	175	2012.455882
dust aerosols	-0.3477	0.4701	1	381	1310	12	2013.142857
dust particles	0.698	0.3354	3	362	1234	13	2012.096774
dust sources	0.4851	-0.2454	3	361	1294	12	2015
dust storm	0.5376	0.207	3	292	1020	11	2011.769231
dynamics	-0.0503	-0.1723	4	897	6152	59	2012.382241
early spring	0.3509	0.6173	4	462	1980	17	2010.921788
earth	-0.5137	-0.4625	2	1111	12572	114	2012.416212
earth model	-0.9731	-0.6979	2	542	2926	24	2013.043702
earth system	-0.8466	-0.7616	2	753	5704	50	2015.459227
earth system models	-0.8888	-0.786	2	665	4618	39	2016.009881
east	-0.2691	0.0117	1	1100	12184	108	2011.088561
east asia	-0.8819	-0.0609	2	755	5554	46	2013.696023
eastern	-0.0568	0.2453	1	772	4402	35	2011.347648
eastern europe	0.0055	0.5226	1	498	2144	16	2010.926829
ec	0.4143	-0.6956	3	681	4190	42	2013.685393
ecosystem	-0.1278	-0.6	2	719	3876	38	2013.530062
effective radius	-0.0591	0.7928	1	435	1794	16	2008.873239
effects	-0.3141	-0.4394	2	1337	42092	403	2011.624055
efficiency	-0.3423	-0.1034	2	942	8200	77	2012.80663
el nino	-1.1785	0.0383	1	349	1490	15	2011.439268
el nino-southern oscillation	-1.1217	-0.0927	1	362	1602	15	2011.537252
electron	0.9358	-0.0918	3	652	4408	42	2011.572917
electron microscopy	0.9301	-0.197	3	582	3488	33	2011.367742
elemental carbon	0.4418	-0.5582	3	852	6312	65	2011.969697
elemental composition	1.1024	-0.1104	3	365	1422	15	2011.644737
elements	0.8137	-0.3347	3	698	4060	41	2011.89258
elevation	0.0546	-0.169	1	405	1334	13	2012.227186
emission changes	-1.1136	-0.943	2	323	1340	12	2015.4
emission factors	-0.7345	0.1636	1	560	2984	27	2013.777778
emission inventory	-0.8744	-0.1968	2	813	6492	59	2013.229508
emission ratios	-0.585	0.6908	1	355	1440	12	2013
emission reductions	-1.0085	-0.5288	2	419	1590	15	2015.032258
emission scenarios	-0.9478	-0.6752	2	457	2116	18	2013.561404
emission sources	-0.1642	-0.4028	2	781	5016	46	2013.886792
emissions	-0.3486	-0.3208	2	1359	63662	592	2013.550741
energy	-0.2754	-0.6363	2	903	7050	65	2011.753532
energy balance	-0.0405	-0.7527	2	349	1306	12	2012.273256
enhanced	-0.4949	0.3012	1	813	5258	44	2012.845902
enrichment	0.9213	-0.5973	3	426	1638	17	2011.973485
ensemble	-0.823	0.0121	2	530	1990	17	2013.566298
entrainment	0.3061	0.704	4	355	1290	12	2007.739437
environment	0.4827	-0.0786	4	1151	13826	134	2012.515563
environmental	-0.7738	0.2955	1	621	3006	27	2010.845217
environmental impacts	-0.1421	-0.4756	2	359	1152	12	2013.895522
episode	0.3061	0.509	3	598	2854	27	2011.017391
equilibrium	-0.5147	-0.8014	2	503	2358	23	2010.171186
equivalent black carbon	-0.0535	0.5639	1	458	2156	19	2013.210526
error	-0.6777	0.648	1	737	4878	48	2011.486384
eruption	-0.2567	0.6356	1	484	1842	19	2009.934211
estimate	-0.4613	-0.2051	2	777	4396	43	2010.903093
estimation	-0.0719	0.5058	1	770	4610	47	2012.012407
eurasia	-0.5971	0.1152	1	744	4620	42	2012.876384
eureka	-0.367	0.9567	1	446	1994	15	2014.275
europe	-0.6079	0.1634	1	1199	20698	180	2011.79689
european	-0.5704	0.2301	1	930	7584	60	2011.362949
european arctic	-0.316	0.3253	1	616	3314	27	2013
european emissions	-0.931	0.2082	1	350	1216	12	2011.583333
evaluation	-0.6857	0.1045	2	1019	9740	87	2013.100503
evaporation	0.0363	-0.7062	2	461	1698	16	2011.268156
events	0.2899	0.5425	4	1267	23962	226	2012.030986
evolution	0.2118	0.2315	4	868	5416	51	2012.05694
exchange	-0.0544	-0.0942	4	552	2476	24	2010.706601
exhaust	-0.1154	-0.3771	2	403	1468	15	2014.944444
expedition	0.8619	0.3441	4	683	4934	53	2010.922432
experiments	-0.0103	-0.1278	2	1188	14522	146	2011.075205
explanation	0.2097	0.1541	4	449	1638	18	2009.867769
export	-0.9632	0.3366	1	405	1622	13	2011.295396
exposure	-0.0712	-0.2311	4	506	2016	20	2012.977505
extent	-0.2277	-0.4504	2	953	7790	74	2011.835219
extinction	-0.2116	0.9485	1	803	6548	58	2011.243386
extinction coefficient	-0.0175	0.8617	1	424	1604	15	2009.448276
extraction	0.4417	-0.6289	3	578	2748	28	2013.323651
fall	0.2849	-0.107	3	817	4708	42	2011.228402
fate	0.4796	0.0313	3	379	1156	11	2012.348684
fatty acids	1.0452	-0.6783	3	396	2162	23	2009.789855
fe	0.748	-0.424	3	450	1772	18	2012.054167
features	0.4237	0.3959	4	736	3906	37	2010.384646
feedback	-0.4548	-0.8071	2	909	7600	70	2013.003957
field	-0.0032	-0.0999	2	1226	18346	174	2010.533445
field campaign	-0.233	0.4395	1	765	4454	40	2013.405941
field measurements	0.3283	-0.5632	3	484	1936	20	2011.524345
field observations	-0.0395	-0.7118	2	369	1180	11	2011.242424
field studies	0.371	-0.4274	4	389	1364	13	2010.034286
filter	0.6357	-0.2795	3	836	5600	58	2011.920139
fine particles	0.8251	0.0908	3	671	3458	36	2009.77551
finland	0.5189	0.4252	4	762	5302	55	2011.297143
finnish	0.2489	-0.2695	4	384	1348	14	2010.8
fire	-0.5668	0.3864	1	1185	19646	171	2011.534884
fire emissions	-0.9755	0.315	1	672	4526	37	2013.44186
flexpart	-0.45	0.6855	1	697	4740	37	2013.023256
flight	-0.5742	0.6648	1	729	4674	40	2012.160714
flow	0.1989	0.3492	1	641	2774	29	2010.017411
flux	-0.2206	-0.4177	2	1109	12160	113	2010.974387
focus	-0.2994	-0.0239	2	788	4890	45	2012.93921
fog	1.0859	-0.0276	4	364	1290	15	2010.047619
forcing	-0.6824	-0.543	2	1240	27238	247	2011.371506
forecasting	-0.8732	0.3731	1	506	2556	22	2014.057851
forecasts	-0.8057	0.4783	1	403	1562	14	2012.850526
forest	-0.2931	0.414	1	761	4844	44	2011.961222
forest fires	-0.3898	0.5832	1	937	8852	76	2011.134615
formation	0.7658	0.0466	4	1228	21196	210	2010.511811
formation process	1.0107	0.1074	4	354	1294	11	2011.104651
formation rate	0.7982	0.6497	4	275	1146	12	2008.476636
fossil	-0.1454	-0.6771	3	562	2666	23	2010.893617
fossil fuel	-0.3462	-0.5538	2	883	7392	63	2011.401575
fossil fuel combustion	-0.0161	-0.4621	3	572	2864	24	2011.538462
fourier	-0.3084	0.8361	1	459	2466	23	2012.255034
fourier transform	-0.105	0.7117	1	480	2558	25	2012.968504
fraction	0.5407	-0.102	3	1267	23804	224	2011.553026
framework	-0.659	0.042	2	687	3474	30	2013.208431
free troposphere	-0.2243	0.7001	1	908	7844	69	2010.6
frequency	0.0622	0.4036	1	853	5222	49	2011.174374
front	-0.3224	0.6384	1	528	2266	21	2009.508357
ftir	-0.584	0.84	1	412	2006	17	2010.717391
fuel	-0.2215	-0.564	2	1044	11040	105	2012.496479
function	0.2886	0.3131	4	914	6622	65	2010.972155
future	-0.5963	-0.7204	2	839	6178	54	2013.712684
future climate	-0.762	-0.6091	2	578	2806	24	2013.848387
gap	-0.5259	0.2965	1	490	1864	16	2012.915572
gas	0.0742	-0.3815	3	1213	16350	152	2012.319686
gas chromatography	0.9906	-0.7996	3	353	1732	20	2010.857143
gas emissions	-0.9841	-0.3998	2	406	1574	15	2014.400901
gas flaring	-0.9465	-0.2893	2	448	2094	17	2016.941176
gases	-0.4404	-0.1619	2	1131	13630	118	2012.066763
gel	0.9859	-0.1776	4	403	1876	18	2010.823529
general circulation	-1.0124	-0.7031	2	513	2798	27	2009.760621
general circulation model	-1.0499	-0.7149	2	520	3036	28	2010.017151
generation	0.1635	-0.3193	2	594	2382	24	2012.050847
geos-chem	-1.0097	0.4519	1	666	5158	44	2014.363636
germany	0.0026	0.7782	1	521	2016	18	2011.132743
glacier	0.1501	-0.8435	2	797	6844	72	2012.551157
global	-0.7583	-0.0261	2	1004	9542	87	2012.401509
global atmosphere watch	0.0831	0.41	1	426	1358	12	2014.769231
global chemical transport model	-1.1205	0.1925	1	475	2292	20	2013.75
global climate	-0.7385	-0.414	2	899	7276	67	2012.960148
global climate models	-0.8568	-0.4328	2	624	3432	30	2013.408482
global emissions	-0.9836	-0.2276	2	481	2080	17	2013.56
global model	-0.754	-0.0082	2	634	3494	34	2012.089474
global scale	-0.4728	-0.2469	2	710	3680	34	2012.819495
globe	-0.7279	0.228	1	566	2366	19	2012.275862
glyoxal	1.2137	-0.5856	3	267	1086	11	2010
gradient	-0.351	0.3383	1	809	4952	46	2011.354256
grain	-0.0392	-0.7968	2	375	1618	17	2011.304833
greenhouse	-0.89	-0.6233	2	775	5876	55	2012.619866
greenhouse gas	-0.9854	-0.5702	2	387	1532	16	2013.545016
greenhouse gases	-0.8781	-0.6691	2	704	4684	41	2012.497653
greenland	0.0284	-0.4459	3	1049	10772	100	2011.434214
greenland ice	-0.0207	-0.9316	2	521	2822	28	2013.011636
greenland ice sheet	-0.0476	-0.9047	2	430	1936	19	2013.335324
grid	-0.6537	0.1764	1	506	1826	17	2011.079167
group	0.8355	-0.0665	3	528	2118	21	2011.722362
growth	0.7556	0.2777	4	1076	13848	135	2011.406319
growth factor	1.1938	0.4598	4	382	2014	19	2011.875
growth rate	0.9869	0.5756	4	461	2846	30	2010.818356
h2o	-0.5789	0.0253	2	346	1108	12	2009.851852
h2so4	0.5656	-0.0698	3	389	1446	17	2007.117647
hand	0.4198	-0.3763	3	554	2228	22	2010.96875
haze	0.1168	0.69	1	1066	12336	105	2010.423077
head	0.8072	0.2998	4	533	2474	25	2010.621429
health	-0.3161	-0.5494	2	682	3754	39	2014.798851
heat	-0.4762	-0.4971	2	604	2822	26	2011.129975
heating	-0.5878	-0.2913	2	746	4388	41	2011.378428
height	-0.3109	0.6824	1	721	4004	38	2010.601343
hemisphere	-0.7654	-0.2444	2	1029	12004	108	2010.968158
high altitude	-0.1846	0.1335	1	672	3350	30	2012.481308
high arctic	0.438	0.224	3	718	3800	35	2013.319239
high concentration	0.5801	0.5563	4	355	1184	12	2010.051724
high latitudes	-0.8811	-0.2501	2	920	8192	76	2011.932029
high northern latitudes	-0.979	0.0406	1	491	2052	19	2013.173913
high-resolution	-0.0197	-0.0651	3	878	5466	49	2012.264879
himalaya	-0.3014	-0.7527	2	443	2212	22	2012.563107
history	0.6494	-0.1327	3	583	3030	30	2011.001969
hno3	-0.007	0.0423	3	403	1478	15	2010.4375
hornsund	0.0065	1.1303	1	288	1152	12	2015.137931
hpa	-1.1194	0.3228	1	495	2182	18	2010.355159
human activities	-0.0597	-0.6833	2	563	2278	20	2013.345725
human health	-0.4973	-0.4939	2	349	1180	13	2014.674419
humidity	0.3414	0.387	4	909	6754	66	2011.561033
hydrocarbons	0.9609	-0.493	3	483	2160	22	2010.627692
hydrological cycle	-0.8443	-0.8609	2	333	1322	12	2012.589286
hygroscopic	1.0432	0.3548	4	797	6802	61	2012.84375
hygroscopic growth	1.0304	0.4704	4	513	2892	27	2012.071429
hypothesis	0.2953	0.1468	3	410	1376	16	2011.082126
hysplit	-0.0206	0.9473	1	543	2804	23	2014.214286
hysplit model	0.0637	0.9853	1	339	1322	11	2014.230769
iasi	-0.9576	0.7744	1	351	1482	13	2013.409091
ice	0.0059	-0.6751	2	1313	35024	333	2011.721291
ice albedo	-0.7475	-0.9675	2	417	1858	18	2013.056338
ice core records	0.0734	-1.0056	3	435	2226	21	2012.35
ice cores	0.1951	-0.8912	3	716	6100	66	2010.322795
ice extent	-0.2964	-0.8701	2	500	2444	22	2012.764347
ice loss	-0.6205	-1.0409	2	355	1412	11	2014.762324
ice model	-0.8538	-0.8009	2	365	1388	13	2011.207143
ice nucleation	0.2798	-0.5426	4	375	1378	12	2013.103774
ice sheet	0.071	-0.7224	2	635	3558	35	2012.194459
ice surface	-0.2074	-0.8607	2	744	4460	41	2011.816258
ice-cover	-0.7584	-0.9224	2	371	1496	14	2011.210019
icebreaker	1.0162	0.3311	4	408	1978	17	2009.3875
iceland	0.151	-0.0921	3	461	1804	18	2009.361905
identification	0.486	-0.2029	3	588	2586	23	2011.944837
images	0.4497	-0.0504	3	593	2442	23	2011.32506
imaging	-0.5979	0.8658	1	687	4768	42	2012.991398
impact	-0.4692	-0.3811	2	1322	38332	356	2013.206627
impactor	1.1098	1e-04	3	532	2638	26	2008.266667
implications	-0.1502	-0.5512	2	972	7848	79	2011.871583
improvement	-0.8415	3e-04	2	786	5028	46	2012.529851
impurities	-0.1012	-0.9775	2	540	3804	42	2013.117647
in-situ	-0.0647	0.9581	1	575	2780	24	2013.712
inclusion	-0.0425	-0.4597	2	620	2830	23	2010.77907
index	-0.0785	0.6725	1	851	5514	49	2011.380952
india	-0.5547	-0.2313	2	522	2432	24	2012.167702
indian ocean	0.2193	0.52	1	502	2268	25	2010.03125
indices	0.4246	-0.041	3	712	3602	33	2012.102711
indirect effects	-0.8716	-0.5602	2	662	4460	41	2012.544776
individual particles	0.9431	0.077	3	423	1790	18	2010.05
industry	-0.0053	-0.3662	2	546	2460	23	2013.271676
influence	0.1468	-0.0341	3	1278	19706	185	2011.779275
information	-0.0774	0.2398	1	1105	11560	107	2011.767792
infrared	-0.7436	0.9416	1	486	2528	21	2012.41573
injection	-0.3334	0.1925	1	508	2190	22	2011.807018
inland	0.4176	0.3345	4	358	1178	11	2012.551282
inorganic ions	1.0152	-0.4025	3	324	1096	11	2012.307692
instrument	-0.3623	0.7778	1	1044	11670	108	2011.288956
integrated	-0.1181	0.685	1	428	1636	13	2013.689655
intensity	0.274	-0.4344	2	427	1504	17	2011.663823
interactions	-0.2428	-0.4043	2	1102	12208	109	2011.626733
interannual variability	-1.1069	0.1108	1	453	1942	20	2010.7663
interannual variations	-0.7586	0.2729	1	422	1938	19	2010.739437
intercomparison	-0.9637	-0.1495	2	670	3988	35	2014.488211
interface	0.9777	-0.0233	4	318	1092	13	2010.689655
international	-0.1039	0.5344	1	732	4418	41	2009.59081
international polar year	-0.1984	0.9027	1	496	2266	17	2011.368421
interpretation	0.0675	0.0711	3	560	2308	23	2010.411609
intrusion	-0.1847	0.8733	1	470	1984	18	2011.398892
inventory	-0.7963	-0.2915	2	927	8632	78	2012.165029
inversion	-0.1791	0.6184	1	741	4312	40	2010.501809
ion	0.9066	-0.2645	3	986	9358	97	2012.411616
ion chromatography	0.9572	-0.4039	3	480	2118	20	2012.086957
ion concentrations	0.9804	-0.2312	3	309	1060	11	2011.255319
ipcc	-0.7857	-0.6568	2	398	1510	13	2011.552189
ipy	-0.2022	0.9122	1	434	1680	14	2011.1875
ireland	1.0471	0.3228	4	305	1096	12	2008.076923
iron	0.6415	-0.3933	3	259	836	11	2012.176678
irradiance	-0.2487	-0.0074	1	531	2250	21	2010.337793
island	0.6257	0.1904	3	1010	8668	86	2009.956692
isoprene	0.9641	-0.5812	3	391	1748	18	2013.894737
isotope	0.4193	-0.5376	3	429	1726	19	2011.966793
japan	0.3738	0.0777	3	626	3074	32	2010.171958
jet	-0.2677	0.3729	1	455	1758	18	2011.139834
kappa	1.1616	0.6166	4	313	1436	12	2011.740741
kazakhstan	-0.7529	0.729	1	361	1392	12	2012.761905
key	0.3125	-0.6447	4	422	1442	11	2013.075472
king	0.9838	0.5217	3	299	1108	13	2013.07113
knowledge	0.0711	-0.019	4	876	5684	52	2012.895394
kola	0.2991	0.2067	4	375	1468	15	2009.870968
kola peninsula	0.2997	0.2102	4	375	1468	15	2009.907407
korea	0.7841	0.2228	3	441	1824	18	2013.351351
korean	0.7791	0.4342	3	337	1292	11	2013.673913
laboratory	0.3045	-0.1282	3	855	5490	57	2010.526248
laboratory experiments	1.0639	-0.3577	3	290	1044	11	2009.102804
lagrangian	-0.3505	0.7279	1	859	6736	53	2011.144928
lagrangian particle	-0.6396	0.6124	1	569	3074	23	2011.583333
lake	0.1383	-0.6567	3	363	1126	11	2012.017794
lambda	0.0805	0.6423	1	367	1316	12	2011.3625
land	-0.5387	0.0395	2	1040	9226	84	2012.42268
language	-0.2068	-0.8373	2	520	2244	19	2018.048117
lapland	0.7771	0.5354	4	309	1298	13	2008.528302
large	-0.3548	0.4021	1	529	2126	21	2011.479452
large-scale	-0.3992	-0.2829	2	813	4962	49	2011.165527
laser	0.6837	0.3519	3	344	1184	14	2011.969194
late spring	0.6978	-0.0709	3	341	1202	14	2010.732026
late summer	0.5196	-0.1533	4	524	2062	18	2011.54902
latitude	-0.1706	-0.1121	2	866	6002	56	2011.054819
layer	0.1939	0.4107	1	1314	28652	268	2010.321275
layer clouds	0.2762	0.8056	4	326	1110	11	2009.968
lead	0.4058	-0.4335	4	822	5270	49	2010.716069
length	0.3612	0.0205	4	486	1800	17	2010.5328
levels	0.0163	-0.2198	3	1228	16526	153	2011.25209
levoglucosan	0.7411	-0.6087	3	433	2016	22	2013.166667
lidar	-0.2601	1.0577	1	826	7956	67	2012.729064
lidar measurements	-0.1345	1.1235	1	488	2294	18	2011.728814
lidar observations	-0.3496	1.2099	1	399	1850	15	2011.956522
life	-0.0697	-0.3163	4	463	1656	14	2011.876747
lifetime	-0.7568	-0.1165	2	860	6362	55	2011.436242
light	0.3892	0.0044	4	709	3826	38	2011.753582
light absorption	0.1014	-0.4239	2	738	4724	44	2013.121951
light-absorbing	-0.0932	-0.9383	2	389	1772	18	2015.65
limit	0.4436	-0.2607	3	699	3844	41	2010.544865
limitations	-0.6898	0.0985	1	613	2788	26	2012.614846
line	-0.3572	0.1899	2	503	1876	19	2011.363128
linear regression	0.5165	0.3744	3	306	966	11	2012.840304
links	-0.1177	0.2971	4	324	962	11	2012.592814
liquid water	-0.4449	-0.6521	2	524	2768	24	2011.138528
liquid water content	-0.4129	-0.8174	2	338	1264	11	2010.779661
literature	-0.2468	0.0567	1	719	3510	33	2011.726524
loading	-0.2735	-0.1659	2	720	3624	34	2011.31401
loads	-0.5639	-0.2594	2	379	1254	12	2009.628099
local sources	0.6046	0.1439	4	659	3058	28	2011.344262
location	-0.0439	0.3184	4	859	5660	58	2010.881081
long range	0.4681	0.0802	3	1191	17748	160	2013.038627
long-range atmospheric transport	1.0165	-0.597	3	372	1746	17	2013.05
long-range transport	0.4832	0.119	3	1144	14372	126	2012.857143
long-term	-0.1378	0.0767	1	994	8528	80	2012.366366
long-term trends	0.0392	0.3367	1	492	2086	20	2012.589226
loss	-0.2255	-0.6961	2	841	5192	45	2013.251087
low altitude	-0.2857	0.5886	4	419	1522	12	2012.714286
low pressure	0.3858	0.6733	4	402	1598	15	2011.422018
mac	0.1877	-0.6703	2	292	1090	11	2015.294118
mace head	0.9156	0.2724	4	474	2144	21	2009.238095
magnitude	-0.2365	-0.4164	2	1138	13364	130	2011.364091
maitri	0.9799	0.6522	4	211	820	12	2012
major ions	0.7361	-0.5209	3	302	1036	11	2014.391304
malonic acid	1.1144	-0.5819	3	275	1078	14	2007.714286
map	-0.2568	0.5338	1	605	2886	26	2011.727201
marine	0.8468	-0.0808	3	1183	19742	190	2012.020366
marine aerosols	1.068	-0.0573	3	861	7618	77	2009.921569
marine atmosphere	1.083	-0.0717	3	393	1660	17	2010.318182
marine boundary	0.8513	0.2854	4	824	6206	54	2011.597403
marine boundary layer	0.8502	0.2991	4	820	6144	53	2011.375
marine environment	1.0781	-0.3373	3	387	1512	17	2012.287625
marine sources	1.0122	-0.2841	3	333	1128	11	2011.107143
maritime	0.2298	0.2635	3	543	2420	28	2011.981865
markers	0.7606	-0.4593	3	519	2316	23	2013.021898
mass	0.538	0.0484	3	1358	52188	505	2010.941993
mass concentrations	0.5678	-0.1101	3	977	9292	86	2013.198198
mass spectrometry	0.9515	-0.5011	3	806	6710	71	2012.604502
mass transport	0.517	0.7213	4	390	1578	14	2010.308176
materials	0.7318	-0.3357	3	452	1616	17	2011.458333
matrix	0.5588	-0.4383	3	629	3152	29	2011.695341
maximum	0.3454	0.1995	3	977	7944	76	2010.287843
mbl	0.962	0.4765	4	341	1344	12	2008.263158
mean	-0.4609	0.2599	1	1167	17362	159	2010.953636
measurements	0.1033	0.3774	1	1363	70926	693	2010.932763
mechanisms	0.2573	-0.3248	4	1033	9016	87	2011.610479
mediterranean	-0.2699	-0.209	2	560	2284	20	2009.594488
melt	0.0247	-0.8764	2	665	4214	42	2013.146853
melting	0.0934	-0.8409	2	711	4730	51	2012.110283
meltwater	-0.1504	-0.9346	2	391	1678	15	2012.781925
metals	0.7905	-0.244	3	632	3554	35	2012.223108
meteorological	-0.5439	0.1439	1	916	6428	58	2009.80117
meteorological conditions	-0.0633	0.1539	4	608	2984	32	2012.825
meteorological data	0.1499	0.4704	1	558	2326	22	2010.80814
meteorological parameters	0.6724	0.639	4	499	2200	20	2011.711538
methane	-0.5717	-0.3371	2	727	4312	39	2013.074286
methane (ch4)	-1.0026	-0.1458	2	449	2064	18	2015.144886
methanesulfonic acid	1.1484	-0.0989	3	468	2384	21	2013.791667
method	0.1915	-0.0873	3	1217	15942	163	2012.144788
methodology	-0.2343	-0.0399	1	500	1808	20	2012.912525
metrics	-0.7632	-0.6477	2	423	1712	15	2015.541833
mg	0.8112	-0.285	3	467	1914	21	2010.971279
microanalysis	0.8971	-0.0047	3	325	1394	13	2012.388889
microlayer	1.0786	-0.5076	4	343	1594	16	2012.266667
microphysical properties	0.0717	0.7999	1	541	2790	24	2010.684685
microphysics	-0.0354	-0.2446	4	671	3872	35	2010.787565
microscopy	0.9377	-0.2078	3	588	3560	34	2012.438017
mid-latitudes	-0.6289	0.0278	1	968	8804	78	2012.022549
mie	0.4597	0.6214	4	437	1940	18	2011.074074
mineral dust	0.3483	-0.4386	3	824	5626	53	2013.164557
minerals	0.6336	-0.0439	3	460	1830	17	2012.390313
minimum	0.4134	0.7856	4	644	3482	33	2009.779051
mission	-0.7649	0.6802	1	570	2866	26	2012.55098
mitigation	-0.7689	-0.8416	2	532	3188	30	2014.985849
mixing	0.1788	0.0502	3	1005	9218	85	2009.902919
mixing ratio	-0.6093	0.5362	1	416	1594	17	2010.261905
mixing state	0.9435	0.0137	3	467	2024	19	2014.5
mixture	0.6473	0.2644	3	797	5210	48	2010.906921
mobility	1.0901	0.4893	4	461	2246	23	2011.8625
mode	0.7019	0.5312	4	1201	19940	192	2010.915266
model	-0.6373	-0.0772	2	1348	69278	641	2011.651901
model biases	-0.9564	-0.2157	2	467	1966	14	2014.04321
model calculations	-0.422	-0.0415	4	401	1332	13	2008.606742
model comparison	-1.1384	-0.0209	2	345	1334	12	2011.416667
model evaluation	-0.5538	0.1166	2	384	1324	13	2014.933824
model intercomparison	-1.1788	-0.2936	2	495	2460	19	2014.817568
model performance	-1.2213	-0.0037	2	465	2098	16	2013.384236
model resolution	-0.8524	0.0963	2	320	1090	11	2011.979058
model sensitivity	-0.6599	-0.2681	2	379	1302	12	2011.938776
model simulations	-0.8582	0.0569	2	1007	10396	87	2012.477137
model study	-0.4762	0.3406	1	416	1324	11	2010.668478
modeling	-0.4838	-0.0944	2	1029	9186	88	2012.080047
moderate resolution imaging	-0.7277	0.9211	1	574	3614	31	2013.157692
moderate resolution imaging spectroradiometer	-0.7281	0.917	1	530	3162	27	2013.265823
modification	0.4591	-0.4414	4	351	1202	13	2009.923977
modis	-0.65	0.8555	1	791	6306	56	2013.171111
module	-0.8253	-0.3143	2	469	2170	20	2013.530769
molecular	1.038	-0.7023	3	299	1366	14	2012.319372
molecular weight	1.1141	-0.6579	3	429	2192	25	2011.919355
molecules	0.6654	0.0738	4	509	2000	21	2011.769231
monitoring	-0.5436	0.5832	1	947	8924	79	2012.828676
monoxide	-0.9071	0.5524	1	827	7662	69	2011.926316
monsoon	-0.4603	-0.3922	2	628	3268	30	2012.152749
morphology	0.9322	-0.1536	3	487	2158	19	2011.797508
mountains	0.1336	-0.1635	3	730	4060	42	2011.617276
movement	0.3121	0.7727	4	367	1232	12	2009.813333
ms	1.026	-0.3834	3	321	1032	12	2012.072727
msa	0.999	-0.0683	3	505	2540	23	2011.53125
mt	0.3906	-0.4669	4	492	1974	18	2009.927928
na	0.7631	-0.1909	3	414	1496	12	2012.122449
na+	0.877	-0.3073	3	397	1516	15	2012.416667
nanoparticles	0.8621	0.3288	4	296	1054	12	2014.380952
nasa	-0.9437	0.5068	1	754	5846	50	2012.319489
national	-0.5738	0.3488	1	779	4358	41	2010.195652
natural emissions	0.2096	-0.3152	4	402	1344	11	2014.461538
nature	0.0965	-0.3952	2	765	4020	38	2010.788145
near-surface	-0.6387	-0.3315	2	654	3066	28	2011.177419
network	-0.3393	0.6849	1	964	9074	83	2012.964962
neumayer	0.3305	0.8853	1	361	1432	14	2012.689655
new particle formation	0.9855	0.4318	4	714	6552	63	2012.31746
ni	0.8906	-0.2695	3	321	1180	12	2011.57
nitrate	0.2645	-0.1337	3	813	5206	45	2010.126471
nitrogen	-0.1248	-0.1752	3	817	4808	44	2012.807923
nitrogen oxides	-0.8077	-0.1886	2	453	1802	14	2013.333333
no2	-0.7444	0.3242	1	549	2646	23	2013.193548
no3-	0.7312	-0.2125	3	577	2844	29	2011.56
noaa	-0.5203	0.8766	1	444	1920	16	2008.907609
north	-0.29	0.1527	1	1303	30454	268	2010.374238
north america	-0.9033	0.2115	1	1028	12502	106	2011.532207
north american	-0.8679	0.327	1	696	4738	39	2010.662844
north atlantic	-0.3218	0.1368	1	761	4734	45	2010.017846
north atlantic oscillation	-1.0788	0.027	1	377	1514	14	2010.430401
north china	0.08	-0.2408	3	337	1174	11	2013.894737
north pacific	0.751	-0.3051	3	525	2598	24	2010.653333
north pole	-0.4387	0.4435	1	414	1420	11	2010.25
northern	-0.7085	-0.2862	2	1089	13930	129	2011.106605
northern hemisphere	-0.8544	-0.3704	2	954	9870	91	2010.714878
northern latitudes	-0.6739	0.1095	1	476	1974	17	2011.839378
northwest	-0.0388	0.4618	1	458	1844	18	2011.701835
norway	-0.17	0.4246	1	679	3980	36	2011.264414
norwegian	-0.2406	0.2936	1	543	2114	19	2008.200426
nova	0.6435	0.6991	3	310	1062	11	2008.734043
nox	-0.5886	-0.2232	2	768	5056	45	2013.183673
nox emissions	-0.9185	-0.0925	1	333	1304	13	2014.076923
nucleation	0.8532	0.3595	4	985	12254	123	2011.300353
nucleation mode particles	0.9379	0.6449	4	433	2252	23	2008.434783
nuclei	1.0114	0.2242	4	934	10838	102	2010.295
number concentration	0.7092	0.6133	4	930	9020	85	2010.153846
number size distributions	0.8617	0.7373	4	629	4238	38	2010.829268
nunavut	-0.0192	0.5709	1	641	3498	29	2013.447514
ny-alesund	0.4155	0.5215	1	851	6480	64	2011.961538
o-3	-0.7465	0.2862	1	834	6574	54	2012.920635
objective	-0.128	0.3547	1	463	1616	16	2011.917647
observational data	-0.5608	0.1355	4	440	1600	14	2011.486413
observations	-0.2895	0.3348	1	1345	47262	439	2011.448164
observatory	0.5325	0.6365	4	713	4420	38	2013.863636
oc	0.2654	-0.7877	3	864	6294	61	2013.484305
occurrence	0.5804	0.3919	4	819	5380	51	2011.803551
ocean	0.3043	-0.1846	3	1324	32454	311	2010.965167
ocean surface	0.7103	-0.3287	4	555	2510	23	2011.97351
oil	-0.0327	-0.4124	2	707	4020	39	2011.484241
omi	-0.8573	0.728	1	468	2420	20	2015.64
onset	-0.0465	0.1254	4	468	1688	15	2011.400894
open ocean	1.0331	-0.169	3	461	1902	18	2011.015873
open water	0.7242	-0.1826	4	435	1996	18	2011.389671
operation	0.1372	0.0319	4	450	1542	13	2012.715909
optical	0.1026	1.0461	1	611	3686	38	2011.902703
optical depth	-0.5597	0.6978	1	1079	15696	140	2010.374468
optical properties	0.0129	0.6826	1	1030	12688	113	2011.915033
optical thickness	-0.4376	0.8134	1	725	5010	48	2009.946429
order	0.1603	-0.0186	4	1205	13434	127	2010.598046
organic	0.9194	-0.3318	3	984	9678	90	2013.072464
organic acids	1.0103	-0.5002	3	497	2476	27	2011.425532
organic aerosols	0.7764	-0.4732	3	1019	11262	108	2012.643478
organic carbon	0.5085	-0.7184	3	1090	13080	131	2012.96863
organic compounds	0.7498	-0.5533	3	912	8046	77	2012.030075
organic material	0.9288	-0.2064	3	435	1502	15	2010.225
organic matter	0.5827	-0.5361	3	896	6420	57	2012.485771
organic species	1.175	-0.2173	3	384	1624	17	2009.904762
origin	0.6338	0.2782	3	1136	12966	117	2010.187679
oscillation	-0.9567	-0.0881	1	628	3814	37	2010.801829
outflow	0.3728	-0.1163	3	471	2100	19	2008.807601
oxalate	1.0084	-0.4428	3	331	1234	14	2009.470588
oxalic acid	1.1492	-0.6319	3	464	3172	37	2008.72973
oxidation	0.7651	-0.4069	3	959	8722	84	2011.836614
oxide	0.1793	-0.4595	3	319	1018	12	2014.103448
oxocarboxylic acids	1.172	-0.674	3	247	1212	12	2009
ozone	-0.8003	0.1322	1	1166	17964	157	2010.865415
ozone depletion	-0.1972	-0.3065	3	430	1476	12	2011.846939
ozone monitoring	-0.8025	0.7338	1	548	2940	23	2014.037037
ozone precursors	-1.1366	-0.4699	2	351	1488	12	2012.307692
ozonesonde	-1.1226	0.4585	1	362	1432	13	2010.777778
pacific	0.1647	0.1067	3	1011	10170	97	2010.950879
pacific ocean	0.3826	0.1384	3	657	3430	33	2010.089431
pack	1.0462	8e-04	4	491	2824	26	2009.298805
pack ice	1.0863	0.0451	4	430	2450	22	2008.853081
pah	0.9695	-0.5474	3	362	1402	14	2012.225806
pan	-1.0294	0.3685	1	392	1848	16	2011.918919
parameterization	-0.7254	-0.1987	2	754	5564	48	2011.336207
parameters	0.2402	0.6079	4	1139	15796	154	2010.962104
part	0.1026	0.2579	1	1265	18740	178	2010.410034
particle analysis	1.1114	0.1456	3	324	1182	11	2010.428571
particle concentration	1.0977	0.4859	4	415	1776	19	2009.813953
particle dispersion	-0.4934	0.6362	1	602	3502	27	2012.575
particle formation	0.955	0.4571	4	812	8856	88	2011.597826
particle growth	1.032	0.5244	4	481	2592	25	2012.8
particle number concentration	0.6377	0.6133	4	563	2892	27	2013.064516
particle size	0.841	0.4844	4	962	10112	96	2011.017021
particle size distribution	0.8371	0.5694	4	782	5996	54	2011.990566
particles	0.6048	0.1945	4	1355	64312	637	2011.108822
particulate	0.4085	-0.3909	3	1097	10168	102	2012
particulate matter	0.3628	-0.2634	3	969	7330	72	2012.141264
particulate organic	0.6906	-0.5854	3	417	1558	14	2012.208791
partitioning	0.0745	-0.1067	3	391	1208	12	2012.216749
past	-0.1113	-0.8973	2	489	1966	18	2012.316703
pathways	-0.1691	-0.0517	2	958	8214	75	2013.213274
patterns	-0.2346	-0.2288	2	1193	15176	143	2011.236066
pb	0.975	-0.1928	3	323	1326	13	2010.315789
pearl	-0.4073	1.0556	1	285	1180	11	2015.419355
peninsula	0.6042	0.493	3	681	4002	40	2011.596904
performance	-0.8657	0.1506	2	800	5366	48	2013.489921
period	0.0275	0.1505	1	1319	29384	283	2011.210316
perspective	-0.2295	-0.1624	2	401	1386	14	2012.901235
perturbations	-0.8833	-0.4658	2	508	2294	22	2010.583086
ph	0.9486	-0.4554	3	318	1046	12	2013.361345
phase	-0.0907	-0.2843	3	1019	8390	79	2011.300144
photochemical oxidation	1.0709	-0.7104	3	394	2134	21	2011.347826
photochemical production	0.8885	-0.3788	3	372	1444	13	2010
photochemical reactions	0.5783	-0.3704	3	387	1252	13	2010.047619
photochemistry	0.3065	-0.1629	3	431	1632	14	2011.217391
photometer	0.1514	0.7294	1	836	7886	75	2013.493671
physical	0.9419	0.3471	4	359	1260	12	2009.0625
physical properties	0.4856	0.103	4	506	2058	20	2011.051724
physics	-0.2695	-0.3307	2	467	1838	16	2011.674359
phytoplankton	0.9026	-0.2577	3	475	1960	19	2012.529026
pits	0.3008	-0.766	3	322	1126	12	2010.815789
place	0.2247	0.703	4	726	4100	36	2009.958042
planetary boundary layer	-0.1241	0.5504	1	548	2442	22	2011.941176
plant	0.4037	-0.583	3	663	3470	34	2012.538334
plateau	0.154	-0.5483	2	776	5332	53	2012.169659
plume	-0.3533	0.7142	1	1099	14974	129	2009.9
pm1	0.9672	-0.0596	3	348	1194	11	2014.272727
pm10	0.4998	0.038	3	793	4422	41	2014.02381
pm2.5	0.2416	-0.0171	3	775	4842	44	2014.55102
pmf	0.5551	-0.3116	3	392	1634	14	2014
polar	0.1091	0.5098	1	1047	9526	82	2011.082686
polar ice	-0.064	-0.7738	3	333	1156	13	2010.186047
polar regions	-0.2464	-0.139	2	878	5604	50	2011.606775
polar sunrise	1.1675	-0.4918	3	393	1792	17	2009.941176
polarization	-0.4814	0.8975	1	428	1762	15	2013.066667
pole	-0.2635	0.4311	1	674	3340	29	2010.226221
poleward	-0.8553	0.3289	1	393	1352	11	2010.827273
policy	-0.7616	-0.6834	2	480	2062	22	2014.121693
pollutants	-0.2774	-0.2624	2	1071	10206	94	2012.312139
pollution	-0.3787	0.1873	1	1292	25956	237	2012.161202
pollution sources	0.1606	-0.1495	3	569	2620	24	2011.678571
pollution transport	-0.9563	0.5323	1	474	2292	19	2010.826087
polycyclic aromatic	0.9791	-0.545	3	386	1556	15	2012.862069
polymer	0.9934	-0.2397	4	339	1340	12	2013.786667
population	0.7102	0.1572	4	637	3708	33	2011.362024
position	-0.4351	0.0051	2	374	1198	12	2010.689373
positive matrix factorization	0.6222	-0.2999	3	446	1918	16	2016.125
potassium	0.8343	-0.1152	3	393	1404	12	2012.970588
potential	-0.2291	-0.5489	2	889	6216	59	2012.784435
power	-0.481	-0.1643	2	595	2884	28	2011.834034
precipitation	-0.521	-0.4238	2	1097	12790	118	2012.247478
precision	0.0218	-0.0034	3	325	1034	12	2011.580524
precursors	0.2793	-0.5949	3	913	7332	66	2012.869565
prediction	-0.548	0.2446	1	845	5350	47	2012.073267
present	0.4021	-0.5214	3	446	1614	16	2011.176606
present day	-0.9958	-0.6662	2	679	4754	40	2011.295673
pressure	-0.5257	0.3563	1	688	3562	36	2010.477108
primary	1.0886	-0.258	3	398	1638	15	2011.961353
principal components	0.8939	-0.2017	3	307	1016	11	2010.402597
pristine	0.7979	0.0719	3	520	2246	20	2013.857143
probability	-0.0968	0.6937	1	496	1996	18	2011.876866
probe	0.6895	0.287	3	441	1744	17	2009.777027
processes	0.1425	-0.2407	4	1308	28790	266	2011.967406
processing	0.5683	-0.0283	3	772	4308	39	2012.577495
production	0.3906	-0.3693	3	1169	14532	149	2011.637878
profiles	-0.4595	0.5997	1	1150	15084	133	2010.526606
project	-0.6838	0.2514	1	967	8678	71	2012.453668
projection	-0.5839	-0.8777	2	498	2310	23	2014.197635
properties	0.3029	0.4406	4	1305	34786	323	2011.071907
proportion	0.714	-0.1732	3	364	1160	12	2011.055556
proxy	0.1423	-0.488	3	536	2242	21	2013.127907
quality	-0.5958	-0.1621	2	1050	10390	99	2012.741898
quantification	0.2026	-0.4329	3	656	3292	31	2013.40625
radiance	-0.8152	0.8776	1	410	1890	17	2008.938889
radiation	-0.2707	-0.2513	2	1216	18432	170	2011.331925
radiation balance	-0.3219	0.088	1	481	2044	18	2007.969231
radiation budget	0.069	0.0112	2	443	1706	15	2009.443609
radiative	-0.835	-0.4614	2	901	9010	81	2011.175287
radiative balance	-0.1233	-0.3238	2	517	2148	19	2012.945946
radiative effect	-0.9259	-0.3991	2	659	3698	32	2013.5
radiative forcing	-0.7171	-0.6185	2	826	6822	62	2012.94697
radiative properties	0.0952	-0.3248	2	559	2690	26	2008.179775
radiative transfer	-0.9607	0.0813	2	452	2162	20	2009.150538
radiative transfer model	-0.9135	-0.0514	2	315	1288	12	2007.705882
radiocarbon	0.5226	-0.8588	3	272	1058	12	2012.205298
radiometer	-0.5844	0.9279	1	450	2292	21	2009.009592
radon	0.3917	0.647	3	364	1510	18	2010.384615
rain	0.3572	-0.5074	3	404	1374	15	2011.945455
rainfall	-0.2801	-0.5998	2	412	1408	13	2011.97561
raman	0.075	1.0123	1	475	2194	20	2010.903614
raman lidar	-0.2449	1.2179	1	410	1906	16	2013.035714
range	0.3203	0.1454	4	1328	30700	299	2011.410547
rates	0.0197	-0.0644	4	1025	9394	89	2011.494306
ratio	0.3629	0.1066	3	1297	25968	251	2010.925387
rcp	-1.0995	-0.8658	2	359	1716	15	2016.081081
reaction	0.632	-0.3589	3	739	4334	47	2010.924119
real-time	0.4268	0.6616	4	433	1544	14	2012.398907
reanalysis	-0.8562	0.0909	2	640	3184	29	2012.860412
reanalysis data	-0.7436	0.0183	2	428	1436	12	2013.062413
reason	-0.0958	0.3949	1	409	1324	12	2011.71371
recent	-0.1956	-0.7245	2	430	1496	16	2011.804991
receptor	-0.0777	0.0609	3	529	2144	19	2013.62069
record	-0.0758	-0.4861	3	797	5374	52	2011.508365
recovery	0.2289	-0.5771	3	287	862	11	2012.7654
reduction	-0.6076	-0.6392	2	1015	10568	98	2012.202875
reflectance	-0.4504	0.3134	1	528	2952	28	2011.972414
refractive index	0.3487	0.9089	1	484	2270	20	2009.953488
regime	0.1979	0.1311	4	576	2530	26	2010.768478
region	-0.2722	0.0038	2	1363	62558	577	2011.608772
regional	-0.3796	0.7052	1	455	1804	16	2012.480198
regional climate	-0.8139	-0.3291	2	757	5190	47	2013.123404
regional scale	-0.5592	0.2618	2	407	1420	12	2012.592334
regression	0.1188	0.3443	1	539	2284	25	2011.924945
regulation	-0.2519	-0.5728	2	382	1376	15	2011.631579
relationship	0.2134	0.1643	4	1030	8470	89	2011.52721
relative abundance	1.0502	-0.4629	3	400	1518	15	2013.82
relative humidity	0.5114	0.4856	4	701	4208	41	2011.380645
relative importance	-0.1957	-0.6022	2	456	1580	15	2010.879562
release	-0.3874	-0.3778	2	526	1982	20	2012.712924
remote	-0.065	0.702	1	908	6688	54	2012.899032
remote areas	0.006	-0.1147	3	468	1846	18	2011.432432
remote regions	-0.7942	0.0673	2	510	2076	19	2014.257576
remote sensing	-0.4513	0.9155	1	716	4610	40	2012.958159
removal	-0.5213	-0.1693	2	961	8958	74	2011.470833
representation	-0.8205	-0.2872	2	798	5622	52	2013.246886
res	-0.1575	-0.3122	2	550	2346	25	2010.48537
research	-0.056	0.3802	1	1312	28474	261	2012.25614
research aircraft	-0.1314	0.8843	1	459	1902	14	2010.666667
research station	0.8256	0.3675	4	688	4078	35	2013.45082
residence	-0.0174	-0.1896	4	550	2500	23	2010.135762
residence time	-0.0717	-0.1691	4	543	2440	22	2009.992032
residues	0.4197	-0.1036	3	421	1268	11	2009.701681
resolution	-0.435	0.4311	1	1126	13782	124	2011.918993
resources	-0.735	-0.4771	2	396	1500	17	2013.251701
response	-0.7994	-0.6913	2	893	8988	88	2012.161066
rest	0.0682	-0.5314	2	491	1746	16	2011.1893
retreat	-0.3731	-0.8896	2	406	1582	14	2012.69985
retrieval	-0.612	0.8646	1	905	9870	87	2011.428846
retrieval algorithm	-0.6188	1.0076	1	357	1520	13	2011.316667
river	0.5605	-0.6221	3	405	1548	17	2011.920886
rn-222	0.3906	0.5573	3	303	1134	15	2008.36
road	-0.0781	-0.0839	4	327	1092	12	2013.096774
robotic	-0.3823	1.0209	1	549	3060	28	2014.170732
role	-0.0185	-0.3645	2	1244	17664	166	2012.568357
routes	-0.5036	-0.9294	2	303	1110	12	2011.930769
russia	-0.5215	0.2853	1	973	10170	92	2012.192015
russia arctic	-0.9486	-0.2145	2	397	1606	14	2013.272727
russian	-0.7118	0.1429	1	580	2942	25	2010.807018
russian arctic	-0.6569	0.0116	1	390	1484	12	2011.16
saharan dust	0.2295	0.7233	1	332	1148	11	2011.458333
salt	0.7405	0.0381	3	1034	10946	100	2008.72546
sample	0.7853	-0.2663	3	688	3612	39	2011.599617
sampling	0.4178	0.0754	3	843	4896	46	2012.100775
satellite	-0.7405	0.5983	1	1152	19730	178	2011.755822
satellite data	-0.8011	0.4629	1	601	3078	29	2011.686028
satellite measurements	-0.5685	0.5462	1	478	1830	17	2012.201389
satellite observations	-0.8082	0.6221	1	755	4798	42	2012.973832
satellite retrievals	-0.62	0.6394	1	572	2836	24	2011.277778
scale	-0.526	0.056	2	1093	11138	98	2011.804989
scandinavia	0.0771	0.7246	1	532	2210	19	2009.753425
scattering	0.0525	0.8771	1	804	6466	60	2010.183486
scavenging	-0.3682	-0.1396	2	782	5714	52	2011.840426
scenarios	-0.8135	-0.6993	2	805	6268	58	2012.882212
science	0.1894	-0.1578	3	662	3168	34	2005.441336
sea	0.2479	-0.259	3	1343	38032	355	2010.929745
sea ice	-0.3921	-0.7076	2	1142	17220	154	2012.341204
sea ice extent	-0.299	-0.8695	2	500	2444	22	2013.195775
sea level	-0.1869	0.5256	1	686	3720	35	2011.153319
sea salt	0.7523	0.062	3	1114	15026	139	2010.853107
sea salt aerosol	0.5367	0.1177	4	582	2820	25	2010.645161
sea salt sulfate	0.95	-0.1427	3	455	1858	18	2012
sea spray	1.0079	-0.0904	3	678	4386	43	2014.241935
sea spray aerosol	1.0747	-0.2616	3	479	2352	23	2016.0625
sea surface	-0.0683	-0.6421	2	700	4334	37	2011.29989
sea surface temperature	-0.8209	-0.5191	2	519	2626	21	2011.542882
sea-salt particles	1.0003	0.2304	3	535	2538	24	2008.6
season	-0.0325	0.202	1	1323	28514	254	2012.178114
seasonal cycle	-0.2154	0.4572	1	785	5078	44	2011.135957
seasonal pattern	0.7213	-0.0845	3	516	2244	20	2011.586207
seasonal snow	-0.1461	-0.7214	2	291	1062	11	2012.125
seasonal trends	0.7442	-0.3054	3	349	1076	11	2012.533333
seasonal variability	-0.1199	0.0324	1	417	1414	13	2011.582043
seasonal variation	0.2654	0.2525	3	987	8406	83	2011.013917
seawater	1.0368	-0.1448	3	500	2410	28	2011.626116
secondary organic aerosol	0.7618	-0.5576	3	700	4880	46	2013.428571
sediments	0.6566	-0.5668	3	289	880	11	2011.206075
sensing	-0.3995	0.8222	1	636	3436	28	2012.945017
sensitivity	-0.9022	-0.0054	2	1107	16120	146	2012.152936
sensitivity analysis	-0.8376	0.2394	1	399	1448	13	2013.137681
sensitivity study	-0.967	-0.0232	2	467	1914	17	2009.188312
sensitivity tests	-0.5671	-0.3536	2	356	1380	12	2012.294872
sensors	-0.3403	0.7758	1	579	2860	27	2011.517949
separation	0.6751	-0.4318	3	346	1262	15	2009.887195
series	-0.0814	0.0878	1	997	7638	76	2010.601012
shape	0.649	0.3625	4	649	3438	30	2010.573529
shift	-0.3897	-0.5165	2	626	3150	29	2012.333333
ship	-0.0702	-0.501	2	837	5906	55	2010.712
ship emissions	0.0025	-0.5324	2	572	2772	25	2013.115385
shipping	-0.542	-0.7029	2	587	3526	36	2015.439024
short-term	-0.5796	-0.5169	2	457	1660	15	2012.055432
shortwave	-0.7542	0.0309	2	426	1430	12	2011.441558
siberia	-0.5448	0.305	1	939	8288	68	2012.538153
siberian	-0.3184	0.4532	1	717	3764	31	2012.301282
signal	-0.1723	0.051	1	791	4024	37	2011.038817
signatures	0.2667	0.1466	3	423	1502	12	2011.86758
significance	0.1314	-0.397	2	510	1782	18	2011.019928
simulations	-0.818	-0.106	2	1270	31810	278	2012.277903
single particle	0.5231	0.301	3	768	5260	47	2014.785714
single-particle soot photometer	0.5043	-0.3628	3	468	2468	23	2017.043478
sink	0.5042	0.4635	4	651	3422	30	2013.060748
sites	0.29	0.3216	3	1319	31326	305	2011.507274
size	0.7153	0.3114	4	1312	39326	380	2010.965923
size distribution	0.7579	0.5466	4	1224	26132	241	2010.853862
size fractions	1.1245	-0.1646	3	357	1204	11	2011.341772
sizer	1.0575	0.5703	4	374	1442	14	2013.071429
sky conditions	-0.2844	0.5578	1	372	1272	12	2009.619048
slope	0.0939	0.0778	1	582	2570	25	2010.341082
small particles	0.8761	0.1017	4	356	1238	11	2009
smoke	-0.302	0.8026	1	892	7610	69	2011.635135
snow	-0.193	-0.7765	2	1168	20230	202	2012.043528
snow albedo	-0.3577	-0.8733	2	714	5354	53	2013.479592
snow grains	-0.29	-0.9093	2	283	1178	12	2013.08
snow samples	0.1962	-0.7811	2	489	2646	28	2012.883333
snow surface	-0.0514	-0.8871	2	720	5168	53	2011.761905
snow/ice	-0.1264	-0.8802	2	853	7480	71	2012.216867
snowmelt	-0.1777	-0.9836	2	504	2774	30	2012.207317
snowpack	-0.14	-0.9424	2	594	3818	38	2013.287234
so2	-0.3156	-0.2254	2	846	6258	57	2011.954545
so2 emissions	-0.8596	-0.6189	2	326	1200	12	2014.916667
so42-	0.6626	-0.3777	3	601	2714	26	2010.566667
soa	0.7189	-0.6612	3	567	3122	29	2013.62069
society	-0.4799	0.1519	1	372	1176	12	2010.520354
sodium	1.0825	-0.0192	3	357	1268	13	2011
soil	0.4512	-0.274	3	673	3550	37	2012.887856
solar	-0.3492	0.2327	1	477	2058	20	2010.551351
solar irradiance	0.2767	-0.4612	3	406	1346	14	2010.02521
solar radiation	-0.0753	-0.555	2	915	7020	68	2011.997753
soluble organic carbon	1.1021	-0.5449	3	470	2388	24	2012.346154
solution	0.5458	-0.4563	3	359	1172	14	2010.22668
soot	0.3063	-0.377	3	958	8928	87	2011.783505
soot particles	0.5016	-0.3241	3	365	1318	13	2011.857143
sounding	-0.5881	0.7165	1	425	1662	16	2009.43314
source	0.2275	-0.1459	3	1365	66332	628	2011.544715
source apportionment	0.7599	-0.4123	3	547	2588	25	2014
source areas	0.5762	0.2105	3	515	2022	17	2011.964602
source attribution	-0.8101	-0.0721	1	362	1336	12	2014.076923
source contribution	-0.3929	0.2942	1	370	1252	11	2014.125
source identification	0.5685	-0.3361	3	405	1484	12	2012.222222
source region	-0.2579	0.4391	1	724	4368	36	2011.263158
south	-0.2135	0.176	1	1074	11498	108	2009.816077
south america	-0.4806	0.3896	1	595	3376	32	2010.900662
south asia	-0.7111	-0.6815	2	501	2438	21	2013.46
south pole	-0.0377	0.6468	1	383	1370	12	2008.138889
southern	0.0203	0.1715	1	963	9280	87	2011.247603
southern hemisphere	-0.5042	0.0363	1	734	5060	46	2010.882466
southern ocean	0.6145	0.1118	3	701	4478	43	2011.310743
southern oscillation	-1.1666	-0.0453	1	306	1146	11	2011.761165
sp2	0.2979	-0.3665	3	443	2126	18	2015.428571
space	-0.9464	0.1329	2	715	4314	40	2011.281958
spatial	-0.5868	0.3164	1	494	1948	19	2011.877747
spatial distribution	-0.5708	-0.0765	2	754	4104	35	2012.602028
spatial patterns	-0.9645	-0.2525	2	376	1244	13	2012.024523
spatial variability	-0.6925	0.2993	1	446	1628	15	2011.858628
spatial variation	-0.3034	-0.3774	3	347	1176	12	2011.835735
species	0.4247	-0.2754	3	1257	19150	183	2011.629341
spectra	0.2684	0.7159	4	732	4246	45	2010.240566
spectral	-0.3711	0.5293	1	382	1400	15	2011.032967
spectrometer	0.131	0.5229	1	962	8202	78	2011.939227
spectrometry	0.9132	-0.4604	3	826	6846	74	2012.332298
spectroradiometer	-0.6851	0.8942	1	580	3706	33	2013.108209
spectroscopy	0.6263	-0.1579	3	470	1770	19	2012.548387
spectrum	0.3605	-0.1454	4	440	1578	18	2010.348901
speed	0.5834	0.3222	4	813	5670	57	2010.795455
spitsbergen	0.1555	0.8168	1	663	4012	37	2012.274752
spring	0.0567	0.3067	1	1306	30362	270	2011.445356
springtime	-0.2348	0.1778	1	702	3562	33	2011.464
sr	0.5415	0.669	3	352	1242	11	2011.925676
ssa	0.5883	0.0666	3	485	1976	20	2013.792453
stability	-0.2672	-0.1183	2	669	3408	34	2011.601934
stage	0.5294	-0.051	3	390	1188	11	2011.432692
standard	0.0225	0.2586	1	770	4112	42	2011.405751
standard deviation	-0.0226	0.4355	1	680	3538	34	2011.034783
state	0.4115	0.0412	3	948	7190	67	2012.176355
station nord	0.8894	0.2639	4	339	1422	11	2016.307692
stations	-0.1042	0.6178	1	1057	11292	112	2010.728667
statistics	-0.028	0.5696	1	702	3498	32	2010.724252
storm	0.3377	0.1452	3	599	2652	28	2010.368357
strategies	-0.4558	-0.5323	2	673	3320	31	2013.49449
stratosphere	-0.8571	0.2347	1	783	5318	50	2010.953635
stratospheric ozone	-1.0078	-0.1683	1	366	1288	12	2012.514706
strength	-0.2269	-0.3768	2	638	3058	31	2011.147674
structure	0.2145	0.0907	4	864	5360	52	2010.587788
submicrometer	1.0242	0.3026	3	425	1822	17	2012.444444
succinic acid	1.0837	-0.6195	3	397	1874	22	2008.692308
sulfate	0.3488	-0.2412	3	1174	16366	145	2010.319209
sulfate aerosols	-0.202	-0.441	2	664	3834	34	2009.55102
sulfide	0.8305	-0.3376	4	508	2304	18	2011.372727
sulfur	-0.0698	-0.3505	2	795	4810	44	2010.858065
sulfur dioxide	-0.2697	-0.2182	2	484	1876	17	2011.388889
sulfuric acid	0.896	0.1907	4	480	2438	28	2009.361111
sulphate	0.4639	0.0875	3	781	4938	41	2010.131868
sulphur	0.2251	0.0081	4	351	1208	13	2008.974359
summer	0.2787	0.1728	4	1350	48406	438	2011.747886
summer season	0.2048	0.3168	4	508	2040	18	2012.634409
summertime	0.5152	-0.0655	4	803	5434	46	2011.985294
summit	0.42	-0.5895	3	531	2464	22	2012.208092
summit greenland	0.4521	-0.6175	3	342	1190	11	2013.519231
sun	-0.1882	1.0533	1	576	3608	35	2011.068966
sun photometer	-0.1039	1.1557	1	541	3522	31	2011.28125
sunlight	0.1742	-0.7583	2	439	1590	14	2013.547619
sunphotometer	-0.2831	1.1365	1	376	1670	17	2008.529412
sunrise	1.1053	-0.4023	3	455	2176	22	2008.296296
supersaturation	0.9456	0.4734	4	544	3284	31	2009.990385
support	0.0065	-0.0575	4	464	1574	17	2012.160714
surface	-0.3825	-0.2769	2	1348	54478	511	2011.274886
surface air	-0.7182	-0.5421	2	723	4324	39	2012.202151
surface air temperature	-0.9313	-0.8363	2	382	1730	16	2012.177381
surface albedo	-0.6124	-0.6674	2	695	4812	42	2012.661808
surface area	0.181	0.3309	4	497	1882	19	2011.96
surface energy	-0.0083	-0.8775	2	323	1226	11	2012.765396
surface layer	-0.1143	-0.4167	2	508	2094	18	2009.563452
surface microlayer	1.0865	-0.5004	4	353	1600	16	2012.285714
surface observations	-0.8367	0.6073	1	445	1678	14	2011.739837
surface ozone	-0.8318	-0.0156	1	551	2592	23	2013.62069
surface temperature	-0.9711	-0.5992	2	824	7950	72	2011.552855
survey	-0.4491	-0.2338	1	390	1266	13	2010.854962
svalbard	0.4851	0.3001	3	1009	10306	100	2012.982836
svalbard islands	0.987	-0.1526	3	280	1050	11	2014.545455
sweden	-0.0102	0.5996	4	465	1908	20	2011.298755
system	-0.4704	-0.2541	2	1246	20140	184	2012.244703
tc	1.2007	-0.6042	3	274	1112	12	2012.316456
techniques	0.4141	-0.0817	3	962	7748	83	2010.995925
technology	-0.7	-0.5804	2	295	946	11	2013.19378
temperature	-0.401	-0.5673	2	1260	24318	229	2011.477652
temperature changes	-0.9022	-0.7692	2	531	3170	31	2012.055092
temperature response	-1.0277	-0.8918	2	429	2820	27	2012.819767
temporal	0.0334	0.1204	1	412	1400	15	2010.883534
temporal resolution	-0.2151	0.3675	1	431	1450	13	2013.873362
temporal variability	-0.6131	0.5511	1	648	3228	26	2011.288462
temporal variations	-0.2038	0.0497	2	583	2490	24	2011.722063
terms	-0.4586	0.0771	2	1036	9000	83	2011.105954
terra	-0.096	0.8943	1	455	2054	21	2010.519685
territories	-0.1146	0.7631	1	406	1654	17	2011.376997
tes	-1.2485	0.4432	1	295	1274	12	2013.4
theory	0.5808	0.5436	4	550	2876	29	2009.714706
thickness	-0.4248	0.6752	1	800	6172	59	2010.814467
three dimensional	-0.5025	0.3352	1	538	2088	18	2009.329939
threshold	-0.1817	0.7391	1	419	1448	13	2012.8
tibetan plateau	0.0024	-0.946	2	565	3482	36	2014.317191
tiksi	-0.238	0.5298	1	398	1462	11	2016.333333
time	-0.0525	0.097	4	1335	31904	310	2011.191579
time scales	-0.6914	-0.0377	1	467	1756	15	2011.351464
time-series analysis	-0.2096	0.5165	1	728	3934	39	2010.95228
timescales	-0.4605	-0.122	2	613	2682	24	2011.525048
timing	-0.1968	-0.2114	2	511	2006	18	2012.348348
tokyo	0.8897	-0.0489	3	280	940	11	2011.789474
total carbon	0.9288	-0.5763	3	469	2204	25	2010.186813
total number	0.822	0.7505	4	403	2006	20	2011.292929
tp	0.0568	-1.0049	2	306	1300	14	2015.013333
trace	0.2623	0.1932	3	1026	9718	85	2011.307692
trace elements	0.96	-0.3767	3	341	1188	11	2013.723404
trace gas	-0.0082	0.6257	1	644	3330	27	2010.268657
trace gases	-0.2927	0.4724	1	784	5006	41	2012.337349
tracer	0.2502	-0.3169	3	1023	10174	96	2009.231405
track	-0.2397	0.4877	1	610	2662	22	2010.190476
traffic	-0.0572	-0.4341	2	666	3658	35	2014.013699
trajectories	0.3323	0.6358	1	1118	14630	135	2011.384117
trajectory analysis	0.4985	0.5377	4	632	3334	32	2011.911111
transect	0.0164	0.4287	1	392	1430	12	2011.199708
transfer	-0.5627	-0.0448	2	818	6224	56	2010.678679
transform	-0.4	0.8105	1	468	2516	24	2011.990385
transformation	0.5793	-0.3464	3	575	2400	23	2011.951786
transition	0.6265	0.0351	4	753	4262	38	2011.648928
transmission	0.7798	-0.3616	3	533	2554	24	2011.062827
transmission electron	0.9036	-0.362	3	401	1754	17	2009.84375
transmission electron microscopy	0.8908	-0.369	3	368	1554	15	2009.807018
transport	-0.1535	0.1225	1	1357	53760	481	2010.537155
transport model	-0.9177	0.2732	1	1005	12042	103	2011.659574
transport pathways	-0.218	0.7499	1	579	2676	22	2013.356322
transport processes	0.2978	-0.1512	3	484	1786	17	2009.745098
transportation	-0.6243	-0.4716	2	423	1736	17	2013.300752
treatment	-0.7241	-0.5613	2	642	3440	29	2012.769355
trends	-0.0538	-0.2795	3	1168	14150	141	2012.269204
tropics	-1.0363	-0.1986	2	576	3136	30	2010.699313
tropopause	-0.6445	0.6994	1	432	1744	16	2009.748148
troposphere	-0.5857	0.6171	1	1207	24308	215	2010.961094
tropospheric aerosols	-0.555	0.0449	2	444	1660	18	2008.045455
tropospheric emission spectrometer	-1.2313	0.5412	1	269	1110	11	2011.909091
tropospheric ozone	-0.9867	-0.0571	1	668	4086	36	2010.795455
turbidity	-0.3059	0.9066	1	287	1128	13	2011.172414
twentieth century	-0.7932	-0.8123	2	331	1232	12	2012.145055
types	0.2796	0.4593	1	1106	10896	101	2011.720352
ultrafine particles	0.8491	0.4146	4	448	1894	19	2009.7
uncertainty	-0.554	-0.0454	2	1207	18126	165	2013.221957
united states	-0.7456	-0.127	2	522	2178	20	2011.349593
university	-0.1999	0.3752	1	505	1994	19	2010.400794
upper troposphere	-0.8947	0.4301	1	887	8002	66	2011.20068
uptake	0.1274	0.2068	4	491	1970	21	2012.895082
urban areas	0.085	0.4934	1	463	1722	17	2013.428571
usa	-0.5813	0.271	1	437	1558	14	2010.335681
validation	-0.5696	0.41	1	751	4244	39	2012.727575
values	0.0951	0.4243	1	1329	35612	348	2010.746562
vapour	0.1829	0.5807	4	505	2220	24	2011.530769
variability	-0.3895	0.2187	1	1268	22906	211	2011.545737
variance	-0.6269	0.3848	1	360	1054	11	2010.046067
variations	-0.0888	0.0818	1	1302	27638	278	2010.901917
vegetation	-0.3926	0.0041	1	497	1936	19	2012.521246
velocity	0.0846	-0.0699	4	590	2922	28	2010.066944
vertical	-0.1406	0.8064	1	581	2814	26	2009.544379
vertical distribution	-0.7514	0.3142	1	752	4538	37	2010.595331
vertical profiles	-0.4686	0.768	1	857	6766	56	2011.336
vertical transport	-0.9636	0.2635	1	386	1494	12	2009.740741
vessel	0.2186	0.7137	1	468	1972	19	2011.268293
visibility	-0.0497	0.2022	1	419	1520	14	2010.666667
vocs	0.0663	-0.6854	3	447	1750	15	2013.75
volatile organic compounds	0.2066	-0.6292	3	681	3888	33	2013.371429
volatility	1.2135	0.1019	3	325	1226	16	2011.724138
volcanic eruptions	-0.4061	0.611	1	370	1232	13	2010.410526
volume	0.5779	0.6292	4	892	6986	67	2010.936662
warming	-0.7747	-0.7794	2	995	12642	119	2012.978577
water	0.3266	-0.3554	4	1272	22680	226	2010.775054
water content	-0.4101	-0.7451	2	407	1670	15	2011.363839
water vapor	-0.2699	0.1749	1	644	3010	26	2011.155556
water vapour	-0.1771	0.7505	1	418	1580	16	2011.403361
water-soluble organic carbon	1.0815	-0.5591	3	399	1788	18	2012.789474
water-soluble organic compounds	1.1795	-0.5909	3	255	942	11	2008.333333
wave	0.2318	-0.0121	4	451	1658	17	2010.934812
wavelength	0.0584	0.7214	1	744	5562	53	2009.220077
weather	-0.6309	0.3685	1	906	7512	68	2012.202602
weather forecasts	-0.8764	0.4312	1	605	3578	31	2011.889868
weight	1.0576	-0.6045	3	443	2040	22	2010.632353
wet deposition	-0.4671	-0.4142	2	603	3262	32	2012.894737
wildfire	-0.6146	0.2255	1	833	6064	53	2014.10177
wind	0.3694	0.2819	4	1135	12610	128	2010.366929
wind speed	0.7167	0.251	4	771	5352	55	2011.054286
winter	0.0577	-0.082	3	1301	26636	246	2011.016141
wintertime	-0.3691	-0.0735	2	532	2162	21	2011.622989
wood	0.456	-0.4773	3	394	1490	15	2010.985401
work	0.2475	-0.0367	3	1135	10810	102	2012.585814
world	-0.3198	-0.4249	2	720	3526	37	2011.293273
wrf-chem	-0.8461	0.1788	2	488	2276	21	2015.166667
wsoc	1.0587	-0.6633	3	422	2004	21	2012.041667
x-ray	0.9173	-0.1112	3	549	3128	29	2012.042017
yield	0.1577	-0.2254	4	358	1090	11	2011.766667
zeppelin	0.2534	0.4624	4	826	6446	54	2013.603448
zeppelin station	0.5437	0.647	4	399	1536	14	2011.733333
zone	-0.0778	-0.2074	2	809	4954	47	2010.917256
