id	x	y	cluster	weight<Links>	weight<Total link strength>	weight<Keyword count>	score<Avg year>
20th century	-0.3405	-0.1065	1	765	4716	45	2011.125
abies	-0.7911	-0.1291	1	430	1562	18	2011.851852
abiotic factors	-0.973	0.0662	1	428	1536	15	2013.777778
abisko	-0.3971	0.1653	1	460	1882	21	2011.45098
above-ground biomass	-0.469	0.2341	1	593	2326	21	2014.6
aboveground biomass	-0.0731	0.3808	2	652	3272	30	2014.85
absorption	0.9006	0.077	2	556	2282	19	2011.930081
abundance	-0.8984	0.0134	1	1398	20114	202	2012.159769
access	-0.3288	0.0085	1	598	2400	23	2013.769679
acclimation	-0.4348	0.7025	1	350	1120	13	2013.38
accumulation	-0.1203	0.4285	4	1030	6652	61	2011.1675
accuracy	0.3994	-0.9199	3	1032	9494	89	2012.031588
acquisition	0.1687	-0.5328	3	538	1992	19	2012.112069
active layer	0.0625	0.7691	2	789	4480	38	2012.332634
active layer thickness	-0.0379	0.8496	2	393	1532	13	2013.05
activity	0.2387	0.2595	4	1335	14698	142	2011.741747
adaptation	-0.4003	-0.0095	1	815	4486	48	2013.458029
addition	-0.3259	0.1493	1	1403	15586	149	2012.072879
administration	1.2502	-0.4295	3	346	1320	11	2011.614679
advance	-0.4907	-0.2514	1	1101	9288	91	2012.223684
advanced very high resolution radiometer	0.9808	-0.8374	3	554	3234	29	2005.41573
aerial photographs	-0.3192	-0.9088	3	555	2608	26	2010.535714
aerosol	1.1153	-0.203	2	419	1572	14	2011.217627
africa	1.2406	0.1886	2	365	1510	14	2009.943515
age	-0.5678	0.019	1	991	7610	77	2010.368729
age distribution	-0.8028	-0.4741	1	390	1502	14	2010.666667
age structure	-0.8707	-0.1518	1	476	2188	21	2011.933333
agreement	0.8587	-0.3263	3	757	4482	40	2010.554303
agriculture	0.3283	-0.4826	3	510	2002	20	2013.323232
air	0.2639	0.3759	4	1429	21054	193	2011.976061
air temperature	0.3288	0.4681	4	1329	16460	149	2012.218924
aircraft	0.8905	-0.6057	3	358	1218	11	2010.584541
alaska	0.4272	-0.0718	3	1507	37764	356	2010.597746
alaska north slope	0.5963	-0.7167	3	643	3900	34	2011.71978
alaska tundra	0.3398	-0.4275	3	481	2010	19	2012.956522
alaskan	0.5184	-0.1854	3	1056	8734	83	2011.071579
alaskan arctic	0.4736	-0.5319	3	569	2636	24	2012.864583
alaskan tundra	0.0654	-0.4713	3	420	1686	17	2014.592593
albedo	0.6274	0.5153	2	1127	11530	98	2012.060567
alder	-0.4495	0.0755	1	537	2540	22	2012.5
alfresco	0.5101	0.3519	2	357	1402	12	2007
algorithm	0.8376	-0.5407	3	883	6036	53	2011.916828
allocation	-0.3479	0.7434	1	744	3954	39	2012.932584
alnus	-0.5832	0.0748	1	584	2640	24	2014.333333
alpine	-0.8494	-0.0668	1	1278	16908	178	2012.280161
alpine ecosystems	-0.9156	0.1875	1	622	3000	31	2014.650794
alpine environments	-0.8236	-0.3559	1	468	1872	20	2010.582418
alpine grassland	-0.3196	0.5676	1	383	1242	12	2015.446809
alpine landscapes	-0.8385	-0.4129	1	315	1080	12	2012.47619
alpine plant communities	-1.116	0.1782	1	340	1304	13	2015.333333
alpine plants	-1.0075	-0.1362	1	591	3088	32	2013.9
alpine regions	-0.9999	0.145	1	506	2180	23	2012.662791
alpine species	-1.1063	-0.402	1	338	1230	14	2012.9
alpine tree line	-0.9387	-0.4956	1	354	1382	13	2012.307692
alpine treeline	-0.9028	-0.1072	1	582	3116	36	2011.102564
alpine tundra	-0.8026	-0.043	1	844	5278	51	2012.213333
alpine vegetation	-0.7413	-0.3094	1	579	2756	29	2013.380952
alpine zone	-1.0231	-0.2392	1	371	1360	14	2010.84375
alps	-0.8913	-0.0742	1	637	3218	33	2011.372549
altitude	-0.6448	-0.2785	1	721	3970	45	2011.218807
altitudinal gradient	-0.8676	-0.3058	1	468	1876	20	2012.851064
america	0.7631	-0.2081	4	1055	9028	84	2011.440252
american	0.5114	-0.2522	4	406	1276	11	2010.565574
amplification	0.6978	0.3837	4	365	1244	12	2013.330357
amplitude	1.0273	0.5603	2	588	3156	30	2010.372165
anaktuvuk	0.9206	0.1899	2	364	1454	14	2013.888889
anaktuvuk river fire	0.9207	0.1915	2	364	1454	14	2013.625
analysis	0.2327	-0.3343	3	1626	47660	462	2011.656462
angle	0.2379	-0.9646	3	357	1174	12	2010.915493
animals	-0.5309	-0.2617	1	573	2358	27	2012.281022
annual	0.1393	0.2174	4	673	2852	29	2010.264808
annual growth	-0.6665	0.5392	4	498	2302	23	2013.590909
annual precipitation	0.2795	-0.0163	2	480	1726	17	2011.851852
annual temperature	-0.2431	-0.0123	1	442	1596	16	2010.649254
annual variability	1.1441	-0.2249	4	415	1604	14	2012.096045
annual variation	0.4564	0.1256	4	499	1862	17	2011.130137
anomaly	1.1451	0.0932	4	819	5682	50	2010.997204
antarctica	0.6081	-0.7695	3	362	1212	13	2011.220175
ao	1.0221	0.0888	4	349	1348	13	2011.098916
application	0.6044	-0.4633	3	1074	8790	83	2012.361823
approach	0.1993	-0.5479	3	1442	20692	204	2013.011682
archipelago	-0.1398	-0.4824	3	456	1672	17	2011.082609
archives	0.3294	-0.8363	3	434	1578	15	2012.62249
arctic	0.0324	-0.0464	3	1638	86066	848	2012.189504
arctic alaska	0.0764	-0.7415	3	615	2988	27	2012.700935
arctic areas	-0.2169	-0.8545	3	495	1880	19	2012.19708
arctic change	0.3827	-0.0074	3	422	1452	14	2013.297297
arctic climate	0.0167	0.5338	4	1123	9468	88	2013.150824
arctic climate change	0.0701	0.5704	4	452	1672	16	2014.55814
arctic ecosystems	-0.0839	0.4855	1	1304	14812	135	2014.429967
arctic environments	-0.0449	-0.8036	3	610	2586	26	2012.708108
arctic greening	0.5552	0.0472	4	508	2066	18	2016.1
arctic greenland	-0.5537	0.2453	1	422	1530	17	2011.165468
arctic high	-0.017	0.1001	4	617	2452	22	2013.101695
arctic landscapes	0.0026	0.1684	3	565	2328	19	2014.355556
arctic ocean	0.5834	-0.2278	2	386	1356	16	2010.893127
arctic oscillation	1.2076	-0.0011	4	464	2332	22	2011.24912
arctic plant	-0.8357	0.4509	1	832	5720	54	2014.560606
arctic plant communities	-0.8794	0.495	1	419	1590	14	2014.75
arctic plants	-0.6963	0.5441	4	518	2348	26	2014.25641
arctic regions	0.4791	-0.1951	3	1157	9804	91	2013.278834
arctic research	0.079	-0.5575	3	365	1174	12	2013.453782
arctic sea ice	0.6595	0.0073	4	414	1682	18	2014.367364
arctic seas	0.6626	0.0163	4	424	1730	19	2014.010669
arctic shrubs	-0.6083	0.439	1	861	5842	53	2014.814815
arctic soils	0.4537	0.3827	2	466	1664	13	2013.785276
arctic species	-0.8802	-0.2476	1	423	1516	17	2013.654545
arctic summer	0.2316	-0.2232	3	422	1682	14	2013.466368
arctic svalbard	-0.5637	0.3791	4	362	1320	12	2012.8125
arctic temperature	-0.359	0.5143	4	454	1656	18	2012.593301
arctic treeline	-0.6376	0.1961	1	408	1560	17	2012
arctic tundra	0.0649	0.0157	3	1517	32208	292	2013.816872
arctic tundra vegetation	0.3014	-0.6088	3	823	5192	43	2012.957447
arctic vegetation	0.1446	-0.5056	3	1245	13930	132	2012.662338
arctic warming	0.3531	0.37	4	585	2502	24	2014.481818
arctic-alpine	-0.9912	-0.2413	1	848	5706	61	2010.826446
area	0.0965	-0.3194	3	1645	80398	782	2011.37466
arthropod	-1.0015	0.0477	1	431	1806	20	2010.948276
asia	0.8667	-0.027	2	352	1110	12	2013.012594
aspect	-0.4019	-0.5556	1	658	2802	27	2011.749104
assemblages	-0.8339	-0.3744	1	671	3400	34	2012.247588
assessment	0.4202	-0.4473	3	1210	11044	112	2013.024899
assimilation	0.7152	0.7382	2	575	2538	22	2012.629787
association	-0.236	-0.3643	4	925	5552	54	2011.081886
atlantic	0.7323	0.0374	4	624	3342	32	2010.236737
atlantic oscillation	0.9072	-0.0338	4	383	1580	13	2010.516074
atmosphere	0.8823	0.4784	2	1134	11672	102	2011.581199
atmospheric carbon dioxide	1.1639	0.5337	2	342	1254	11	2012.649351
atmospheric circulation	0.8403	-0.0885	4	414	1516	14	2012.002058
atmospheric co2	0.9358	0.833	2	444	2020	19	2013.148148
attention	-0.1062	0.2283	1	824	4210	43	2012.917808
autumn	-0.074	0.5808	4	800	4442	47	2011.726708
availability	-0.5782	0.3874	1	1294	14388	135	2012.908905
avhrr	0.9667	-0.7581	3	864	7416	66	2006.133333
avhrr data	1.0811	-0.736	3	348	1402	12	2005.6875
avhrr ndvi	0.9094	-0.782	3	338	1320	12	2007.230769
balance	0.3318	0.686	2	1322	15116	131	2011.539286
bands	0.5122	-0.8304	3	480	2086	19	2010.501538
bare ground	-0.3699	-0.071	1	447	1546	15	2012.742857
bare soil	0.1731	0.2555	2	452	1590	13	2014.714286
barrow	0.7126	0.6583	2	577	3322	31	2011.224344
barrow alaska	0.6741	0.7986	2	454	2094	20	2010.863014
basal	-0.7769	0.4683	1	359	1138	12	2012.568254
baseline	0.124	-0.7687	3	663	3138	30	2012.74934
basin	0.912	-0.2089	2	652	3274	31	2010.09645
bay	-0.1278	-0.7017	3	614	2792	27	2010.11814
behavior	0.5677	0.2379	2	482	1716	17	2011.103784
behaviour	0.1	0.0447	2	505	1816	17	2010.943662
below-ground	-0.7288	0.7345	1	493	2030	19	2015.34375
belowground	-0.4568	0.9006	1	668	3664	38	2014.25
belt	-0.1013	-0.5043	1	636	2872	31	2010.458182
benefits	-0.2173	-0.0535	1	610	2334	23	2014.038732
betula	-0.8451	0.3719	1	1138	12066	117	2013.137255
betula glandulosa	-0.9426	0.4581	1	523	2696	25	2015.037037
betula nana	-0.9023	0.7264	1	661	3942	37	2014.317073
betula pubescens	-0.9351	-0.1724	1	643	3354	33	2011.837838
bias	0.7842	-0.4825	3	484	1926	18	2013.065051
biases	0.8717	0.1255	2	397	1232	12	2013.826211
bioclimate	0.2128	-1.0134	3	470	2146	20	2009.178571
bioclimate subzones	0.4434	-1.0553	3	349	1442	13	2008.933333
biodiversity	-0.5887	-0.5329	1	1047	8324	96	2013.864286
biogeochemical cycles	0.8642	0.675	2	371	1286	12	2013.854651
biogeochemistry	0.601	0.861	2	462	1870	16	2014.025316
biogeography	0.1426	-0.5616	3	360	1168	13	2012.833333
biomass	-0.2364	0.3531	1	1497	26922	251	2012.021332
biomass allocation	-0.7338	0.7614	1	275	936	11	2014.642857
biomass estimates	-0.1691	-0.7468	3	334	1240	13	2010.21875
biomass production	-0.2254	0.4823	4	595	2312	19	2012.391304
biomes	0.3903	-0.0801	2	1331	15954	146	2013.216867
biosphere	1.1133	0.443	2	632	3368	33	2012.234848
biota	-0.7605	-0.3832	1	364	1244	13	2010.887755
biotic	-0.8805	-0.4179	1	407	1434	15	2012.029412
biotic interactions	-1.0658	-0.1005	1	547	2468	26	2015.121951
birch	-0.867	0.0433	1	1118	11216	112	2012.15
birch forest	-0.863	-0.0164	1	630	3174	31	2011.333333
bird species	-0.7518	-0.7063	1	349	1558	17	2012.441176
birds	-0.5986	-0.5954	1	609	3172	34	2010.570776
black	-0.323	0.1534	1	350	1104	11	2012.681373
black spruce	0.1523	0.4342	2	793	5422	50	2011.309524
body	-0.0425	-0.2209	3	490	1692	15	2011.227462
border	-0.2509	-0.6021	1	409	1348	12	2011.672897
boreal	0.4688	0.138	2	1495	30364	281	2012.614137
boreal biome	0.4059	-0.4776	3	514	2050	18	2013.25
boreal ecosystems	0.7348	0.5832	2	813	5254	46	2012.4
boreal fires	1.0028	0.1528	2	364	1384	13	2011.38
boreal forest	0.468	0.1245	2	1447	27118	251	2011.745283
boreal region	0.9058	0.0551	2	576	2634	23	2012.73913
boreal vegetation	0.6465	-0.109	2	390	1368	12	2009.928571
boreal zone	-0.1352	-0.0768	1	434	1590	16	2013.25
boundary	-0.0946	-0.569	1	845	5168	52	2008.420868
breeding	-0.5704	-0.5321	1	375	1322	14	2010.484848
brooks range	-0.4266	-0.2088	1	579	2726	27	2010.538462
browning	0.9262	0.1068	4	531	2572	23	2015.518519
browsing	-1.2055	-0.0185	1	553	2920	32	2012.852941
bryophytes	-0.86	0.0514	1	785	4718	50	2011.075342
budget	0.7302	0.6043	2	986	7800	66	2011.153068
burn severity	0.7473	0.1039	2	469	2192	20	2013.75
burning	0.8063	0.2516	2	639	3740	34	2012.551282
c balance	0.0842	1.0865	2	436	1804	15	2014.697674
c cycling	-0.2079	1.0674	2	493	2348	21	2014.96
c sink	0.5808	1.1448	2	369	1454	13	2013.72
c stocks	0.2258	1.0174	2	449	1954	16	2015.137931
c uptake	0.2663	1.1837	2	426	1708	14	2013.642857
c-13	-0.1682	1.0435	2	453	1758	16	2013.180371
calibration	0.8649	-0.2618	3	600	2684	26	2011.99511
camera	0.4679	-0.4942	3	392	1634	16	2013.671756
canada	0.0602	-0.5418	3	1374	18352	171	2011.058788
canadian	0.5783	-0.4998	3	642	3076	31	2010.480463
canadian arctic	0.2398	-0.778	3	440	1636	17	2012.163636
canopy	0.2427	-0.1222	3	1211	12132	113	2012.634731
canopy height	-0.3399	-0.6704	3	446	1756	17	2014.96
capacity	-0.2438	0.3369	1	1158	8320	81	2013.094099
carbon	0.4406	0.6823	2	1571	49532	447	2013.107259
carbon allocation	-0.247	0.83	1	423	1688	17	2012.85
carbon balance	0.4528	0.8881	2	848	5760	49	2013.392857
carbon budget	0.5544	0.6651	2	630	2904	26	2012.466216
carbon cycle	0.9543	0.7097	2	1035	10800	93	2014.082353
carbon cycling	0.1636	0.781	2	914	6006	53	2014.143411
carbon dioxide	0.9196	0.6363	2	845	6314	58	2013.148903
carbon dynamics	0.4564	1.0026	2	635	3450	31	2013.959016
carbon emissions	0.999	0.123	2	373	1352	13	2014.470588
carbon exchange	0.9385	0.7712	2	621	3372	26	2013.8
carbon flux	0.8439	0.6459	2	894	6812	56	2012.72381
carbon loss	0.6042	1.0939	2	343	1222	11	2014.763158
carbon pools	0.4502	0.8421	2	573	2436	21	2013.806667
carbon sequestration	0.1133	0.6107	2	726	3494	31	2014.181818
carbon sinks	0.6323	0.9991	2	703	4414	36	2013.912698
carbon source	0.6158	0.9336	2	402	1538	14	2012.515152
carbon stocks	0.1501	0.8507	2	661	3286	31	2014.463415
carbon storage	0.4043	0.6912	2	773	4422	40	2014.537313
carbon uptake	0.6678	0.9818	2	797	5964	52	2013.70922
caribou	-0.8777	-0.0423	1	658	3978	38	2013.163265
case	-0.131	-0.3953	1	1167	8860	91	2010.847835
case study	-0.1773	-0.4892	1	721	3168	33	2012.678179
cassiope	-0.7412	0.5633	4	537	2664	23	2013.766667
cassiope tetragona	-0.7593	0.531	4	540	2672	23	2013.862069
catchment	0.1543	-0.21	2	490	1762	17	2013.188825
cause	-0.117	-0.035	1	932	5644	56	2011.675244
cavm	0.3683	-1.2173	3	271	1098	11	2006.833333
cell	0.1906	-0.2757	3	799	3810	36	2011.359784
century	0.0639	0.1838	2	1355	18392	178	2012.205869
ch4	0.3983	0.7851	2	442	1744	16	2014.017857
challenges	0.2388	-0.1641	2	871	5350	56	2014.48237
chamber	-0.6309	0.7296	1	675	3622	33	2013.240506
change detection	0.3439	-1.1364	3	428	1796	17	2012.679612
changes	-0.0808	0.0603	1	1646	123360	1221	2012.206219
channel	0.3786	-0.8106	3	370	1262	12	2009.903036
characteristics	-0.1835	-0.3351	3	1356	14254	142	2010.936545
characterization	0.107	-0.943	3	506	2028	17	2012.72969
charcoal	0.7291	-0.0544	2	256	1052	11	2011.076923
chemical	-0.3848	-0.3319	1	402	1154	12	2011.607029
china	0.5948	0.0875	4	643	3426	38	2013.948798
chlorophyll	0.1304	0.098	3	445	1774	17	2011.700197
chronology	-0.6829	0.2837	4	544	3236	31	2010.47
chronosequence	0.5321	0.5822	2	437	1628	13	2013.863636
churchill	-0.6987	-0.7059	1	355	1306	14	2010.972222
circulation	0.837	0.0084	4	866	5580	49	2010.44219
circulation model	0.7682	-0.0519	2	382	1464	13	2009.61811
circumpolar	0.2716	-1.0473	3	578	2862	30	2008.65295
circumpolar arctic	0.2507	-1.0193	3	449	1976	19	2010.4
class	0.4996	-0.7958	3	633	2948	29	2011.519757
classification	0.2231	-0.9833	3	1035	9726	97	2011.561043
climate	-0.0626	0.125	1	1646	106330	1034	2012.847305
climate change	-0.2403	0.1007	1	1635	73268	723	2013.106897
climate change effects	-0.7523	0.0246	1	441	1550	15	2013.588235
climate change impacts	0.0799	0.0685	2	758	4076	41	2013.417178
climate change scenarios	-0.004	0.0962	1	581	2342	21	2012.470588
climate data	0.3254	-0.2865	4	884	5136	47	2012.201878
climate driven	-0.2532	0.3255	2	746	3728	35	2013.781513
climate drivers	0.3036	0.1453	4	610	2734	22	2014.7375
climate dynamics	0.2337	0.1882	4	418	1392	12	2013.25
climate effect	-0.6302	0.4815	1	469	1714	17	2012.878049
climate extremes	-0.4161	0.8864	1	346	1084	12	2014.132743
climate feedbacks	0.3572	0.7198	2	970	6784	60	2014.252595
climate impacts	0.0371	0.3497	2	631	2720	26	2013.568493
climate model	0.7869	0.3553	2	931	6614	61	2013.16224
climate patterns	0.6167	0.1479	4	394	1234	11	2012.049383
climate projections	0.8884	0.0691	2	460	1804	16	2014.908629
climate scenarios	0.278	0.3615	2	759	4142	37	2013.937824
climate sensitivity	-0.0419	0.6814	4	478	1902	18	2013.225434
climate studies	0.6535	-0.2975	3	410	1302	11	2011.889908
climate system	0.856	0.3232	2	892	6222	52	2012.717277
climate trends	-0.8439	0.098	1	518	1974	19	2011.671053
climate variability	0.8001	0.0622	4	840	5314	44	2012.20898
climate variables	0.1891	-0.1743	4	787	4412	40	2013.439024
climate variations	-0.1314	-0.0887	4	755	3358	31	2011.1875
climate warming	-0.393	0.2564	1	1441	19190	180	2013.628339
climatic conditions	-0.3051	0.1336	1	1181	9550	93	2011.992424
climatic events	-0.4682	0.6836	1	363	1188	11	2012.435644
climatic factors	-0.2116	0.0769	1	673	2978	26	2013.463415
climatic gradient	-0.596	-0.4875	1	653	3148	28	2012.5
cloud	0.8675	-0.4658	3	717	3770	34	2010.976891
cloud cover	0.8722	-0.398	3	593	2726	24	2010.770548
cluster	-0.1386	-0.8475	3	651	2794	29	2011.949896
cluster analysis	-0.2994	-0.8327	3	402	1340	14	2012.636905
clustering	-0.0641	-0.9118	3	321	1066	11	2012.80292
cmip5	0.8945	0.6302	2	385	1550	14	2015.883929
co2	0.6758	0.8264	2	1334	23716	214	2013.165022
co2 concentrations	0.8759	0.7439	2	813	5910	54	2012.696319
co2 emission	0.6772	0.8742	2	437	1714	14	2014.889447
co2 exchange	0.5361	0.9784	2	670	4258	36	2013.621951
co2 fertilization	0.8689	0.9576	2	385	1752	16	2015.037037
co2 flux	0.7	0.9063	2	866	6650	54	2014.428571
co2 uptake	0.4556	1.1216	2	573	3150	27	2014.325
coast	-0.0379	-0.7126	3	584	2428	25	2010.134684
coastal	0.1576	-0.4457	3	429	1508	15	2010.739865
coefficients	0.828	-0.3137	3	455	1680	16	2010.617647
coherent	0.7865	-0.2658	4	428	1504	14	2010.047859
cold	-0.3681	0.359	1	614	2358	24	2011.824903
cold temperatures	-0.0942	0.7576	1	499	1792	16	2013.184874
collection	-0.0415	-0.6065	3	703	3178	35	2011.129412
colonization	-0.8909	-0.3375	1	648	3232	31	2010.8
community	-0.727	-0.0489	1	1559	40186	396	2013.620087
community changes	-0.9703	-0.1283	1	422	1642	16	2014.790323
community composition	-0.9528	0.2703	1	1040	9330	82	2014.941973
community dynamics	-0.9512	0.0107	1	471	1736	15	2015.230769
community ecology	-0.963	-0.1781	1	381	1390	16	2014.384615
community structure	-1.0778	0.2784	1	664	3508	33	2013.563433
comparison	0.458	-0.4311	3	1347	15338	150	2010.70057
competition	-0.8746	0.2273	1	892	5594	53	2011.637209
complex	0.213	0.1014	2	830	4226	39	2011.908387
composites	0.7635	-0.8131	3	466	1878	16	2010.381974
composition	-0.7018	0.1195	1	1458	24824	232	2012.45256
concentrations	0.2883	0.6736	2	1257	13432	127	2011.643222
concept	-0.1928	-0.631	3	375	1110	12	2011.306773
condition	0.1977	-0.2453	3	553	2066	21	2010.79798
conductance	0.197	0.8313	2	586	2610	24	2012.439024
conifer	-0.0441	-0.0863	1	955	6108	55	2010.947368
coniferous forest	0.2388	-0.2196	2	496	1902	19	2009.827586
consequences	-0.3048	0.4081	1	1229	11244	111	2012.275862
conservation	-0.4806	-0.4446	1	824	4966	55	2011.717256
consistency	0.4402	-0.5881	3	519	1962	18	2011.881356
constraints	-0.0766	0.1293	1	994	5874	58	2011.060453
construction	-0.5475	-0.4767	1	477	1678	17	2011.684729
consumption	0.3052	0.3347	2	445	1512	15	2011.012232
content	0.0182	0.3503	2	1077	8618	83	2011.761593
continent	0.4376	-0.4364	4	449	1572	17	2011.202884
continental	0.2204	-0.6046	3	366	1182	12	2010.243993
continuous permafrost	0.3187	0.296	2	500	1914	16	2013.076923
contrast	-0.1568	0.4367	1	1274	11872	115	2011.509677
control	-0.1764	0.5515	1	1399	17398	165	2012.474255
cooling	0.9505	0.6625	2	463	1982	17	2010.829787
core	-0.376	-0.149	1	586	2286	22	2010.446523
correction	0.8456	-0.8234	3	418	1562	14	2011.927948
correlation	0.2342	-0.1224	4	1309	15424	148	2011.333794
correspondence	-0.2215	-0.492	3	585	2246	20	2010.493023
correspondence analysis	-0.4954	-0.6056	3	368	1206	11	2011.431373
costs	0.0686	-0.1038	1	389	1158	14	2013.503597
coupling	0.8185	0.3973	2	490	1884	18	2011.935532
covariance	1.0692	0.4297	2	743	5018	41	2012.039146
cover	0.0561	-0.3483	3	1615	54512	511	2011.664763
coverage	0.4727	-0.578	3	998	6632	65	2012.329283
criteria	-0.3757	-0.6672	1	388	1188	14	2010.149038
crop	0.4476	0.1902	2	523	1810	20	2012.823529
cross-validation	0.4061	-0.9308	3	344	1162	11	2012.842105
crown	0.2469	-0.5367	3	360	1170	11	2011.075472
current	-0.3887	-0.3311	1	493	1682	16	2008.757215
current climate	-0.2017	0.211	1	482	1684	17	2013.02963
cycle	0.766	0.5508	2	1302	18040	165	2011.47296
cycling	-0.0879	0.8155	2	1177	12266	109	2014.035763
czerepanovii	-0.8887	-0.212	1	460	1932	20	2011
damage	-0.6133	0.4779	1	905	6254	63	2013.018116
data	0.3211	-0.432	3	1635	71106	703	2011.015066
data set	0.8019	-0.6	3	592	2744	28	2010.433246
data sets	0.81	-0.329	3	823	4634	41	2011.63144
data/model	0.6354	-0.1666	2	649	2858	26	2011.4
database	0.4066	-0.6715	3	827	4752	46	2012.403509
dataset	0.4652	-0.5485	3	929	5692	54	2012.68054
date	0.2961	0.0117	4	1230	11528	112	2012.087051
decadal	1.012	-0.1719	4	465	1826	17	2012.008761
deciduous	-0.5302	0.7319	1	572	2534	21	2014.095238
deciduous forest	0.5462	-0.1158	2	540	2190	19	2009.8
deciduous shrubs	-0.7219	0.6226	1	1033	10366	89	2014.78022
decline	-0.1894	0.2717	1	1180	9424	89	2013.254217
decomposition	0.4085	0.8299	2	922	6572	59	2012.585736
deficit	0.6093	0.7647	2	398	1470	13	2010.613793
definition	-7e-04	-0.8746	3	368	1226	15	2010.611111
defoliation	-0.8319	0.5895	1	454	1682	15	2013.8125
degradation	-0.0425	-0.2847	2	884	5216	52	2013.464824
degree-days	0.1427	-0.365	4	527	2232	22	2011.387755
delay	-0.5065	0.5262	4	313	1044	11	2011.240223
delta	0.073	0.4385	2	630	2574	23	2010.255844
dendrochronology	-0.6719	0.1639	4	637	3568	34	2012.846154
dendroecology	-0.876	0.1969	4	521	2502	23	2013.814815
densification	-0.5426	0.1181	1	371	1264	11	2012.52381
density	-0.5055	-0.1668	1	1409	17666	174	2009.879211
dependence	-0.4452	-0.0626	1	584	2188	23	2010.591411
deposition	-0.1192	0.3385	2	559	2264	21	2012.094256
depth	-0.1578	0.6818	2	1228	12948	118	2010.672402
description	0.5319	-0.1238	2	455	1500	14	2009.996622
desert	0.5752	-0.4191	3	651	3486	34	2011.209622
design	-0.3554	-0.2044	1	648	2752	25	2013.015625
detail	0.4539	-0.4942	3	431	1456	13	2011.078886
detection	0.4303	-0.7207	3	897	5570	54	2012.417625
determinants	-0.2083	-0.2511	1	634	2450	25	2013.434783
determination	0.2061	-0.657	3	350	1118	11	2010.57381
development	-0.128	-0.2859	1	1325	13274	136	2011.773084
diameter	-0.5642	0.2036	1	573	2638	27	2010.091346
diet	-0.9927	-0.0556	1	338	1028	11	2009.963303
difference	0.6137	-0.4301	3	1502	30460	286	2011.163032
difference vegetation index	0.7482	-0.5597	3	1360	23618	212	2013.064
differentiation	-0.6444	-0.3158	1	414	1346	16	2012.476471
digital	0.1242	-0.9514	3	317	1072	11	2011.621359
digital elevation model	0.0401	-1.0512	3	479	2074	20	2012.770142
direct effect	0.0083	0.8756	4	450	1530	13	2012.021277
discrepancies	0.9265	-0.0121	2	511	1940	18	2011.321353
disease	-0.4332	0.4407	1	376	1222	13	2013.103448
dispersal	-0.7159	-0.3944	1	650	3228	34	2011.394973
distance	-0.2135	-0.7809	3	761	3800	36	2011.010448
distribution	-0.1759	-0.3957	1	1594	40198	393	2010.907306
distribution limit	-1.0665	-0.2734	1	317	1096	12	2008.882353
distribution models	-0.7063	-0.6678	1	484	2562	26	2011.931624
distribution patterns	-0.9283	-0.3445	1	413	1504	16	2010.866972
disturbance	0.1105	-0.0199	2	1374	20034	185	2011.750678
disturbance regimes	0.0401	0.1659	2	676	2960	24	2012.025
divergence	0.1048	0.1421	4	349	1090	11	2010.679372
diversity	-0.839	-0.2519	1	1122	9770	102	2013.553494
dominance	-0.5758	0.1586	1	998	6784	59	2012.29375
dominant species	-0.8673	-0.0653	1	483	1768	16	2010.869565
drainage	0.3343	0.0176	2	677	3348	30	2012.254459
drivers	-0.2516	0.2687	1	1376	15852	148	2015.864011
drought	0.1664	0.5589	2	987	6964	63	2012.975684
drought stress	-0.1916	0.8188	4	434	1574	15	2012.388889
dryas	-0.886	0.1095	4	437	1798	18	2010.77931
dryas octopetala	-0.7483	-0.0509	4	327	1174	12	2011.285714
drying	0.4769	0.0903	2	482	1750	15	2013.294737
duration	-0.0895	0.5283	4	982	6624	66	2012.189258
dwarf birch	-1.024	0.4145	1	575	2860	28	2014.655172
dwarf shrub tundra	-0.3747	-0.4705	3	485	1822	15	2012.714286
dwarf shrubs	-0.848	0.2873	1	1255	14508	133	2013.289308
dynamic global vegetation model	1.0552	0.4203	2	472	2148	18	2012.238095
dynamic vegetation model	0.5226	0.5421	2	555	2598	22	2012.678571
dynamics	0.074	0.1594	2	1593	40274	375	2012.382241
early spring	-0.0658	0.214	4	414	1332	13	2010.921788
earth	0.8339	0.0477	2	1181	12618	119	2012.416212
earth system	0.8662	0.4492	2	939	7212	63	2015.459227
earth system models	0.8899	0.594	2	751	4520	38	2016.009881
east	0.3775	-0.1558	4	711	3188	33	2011.088561
eastern	-0.243	-0.5113	1	444	1582	16	2011.347648
ecology	-0.4892	-0.3075	1	963	6090	70	2012.514768
ecoregions	0.7078	-0.5171	3	686	3438	32	2014.15
ecosystem	0.086	0.3754	2	1642	83750	795	2013.530062
ecosystem c	0.0808	0.9968	2	590	2798	27	2012.970588
ecosystem changes	-0.1755	0.0409	3	731	3426	33	2013.350427
ecosystem dynamics	0.1077	0.5345	2	488	1762	17	2012.313725
ecosystem exchange	0.7791	0.8394	2	830	6162	49	2014.156627
ecosystem function	-0.4474	0.5532	1	771	4180	40	2013.98
ecosystem functioning	-0.3581	0.4851	1	477	1666	18	2013.672727
ecosystem models	0.8427	0.7026	2	847	6152	57	2013.345455
ecosystem processes	-0.2421	0.5697	2	842	4614	41	2013.946903
ecosystem production	0.8158	0.86	2	464	1984	17	2011.314286
ecosystem productivity	0.3753	0.3755	2	654	3084	26	2014.765625
ecosystem properties	-0.0283	-5e-04	3	432	1574	14	2014.142857
ecosystem respiration	0.3444	1.0551	2	767	5670	46	2015.141509
ecosystem responses	-0.2668	0.6338	1	626	2850	29	2013.298246
ecosystem services	-0.1647	-0.2954	1	480	2050	22	2015.467532
ecosystem structure	-0.4362	0.122	1	581	2388	21	2012.914634
ecotone	-0.8114	-0.4758	1	1140	13452	137	2012.515723
eddy covariance	1.0989	0.6308	2	715	5302	44	2014.666667
effects	-0.2899	0.2946	1	1641	69392	684	2011.624055
efficiency	0.5466	0.4395	2	840	5258	48	2012.80663
effort	-0.1433	-0.2811	3	656	2704	24	2012.512579
el nino	1.2935	-0.0151	4	417	1814	16	2011.439268
el nino-southern oscillation	1.2577	-0.0219	4	432	2012	18	2011.537252
elements	0.1375	0.1529	2	602	2406	25	2011.89258
elevation	-0.422	-0.571	1	1277	13202	131	2012.227186
elevation model	0.0775	-1.0594	3	368	1354	13	2012.230435
elevational gradient	-1.0806	0.0756	1	514	2210	23	2015.098039
emergence	-0.5695	0.4575	1	451	1720	18	2012.277778
emission scenarios	0.8291	0.4734	2	402	1650	14	2013.561404
emissions	0.7707	0.4654	2	1044	9384	86	2013.550741
empetrum	-1.0109	0.6673	1	662	3728	35	2012.833333
empetrum hermaphroditum	-1.0865	0.6201	1	366	1320	12	2012.769231
empetrum nigrum	-1.0913	0.494	1	536	2674	26	2013.032258
encroachment	-0.8441	-0.1826	1	796	4560	43	2014.25
energy	0.6466	0.4189	2	1287	14482	120	2011.753532
energy balance	0.5626	0.5238	2	739	4192	33	2012.273256
energy budget	1.0722	0.4653	2	558	2792	22	2012.758621
energy exchange	0.6997	0.7038	2	572	2670	22	2011.166667
energy fluxes	0.9437	0.4574	2	478	2036	16	2012.005128
enhanced	0.581	-0.2205	3	584	2412	23	2012.845902
ensemble	0.8031	0.2245	2	494	1870	17	2013.566298
envelope	-0.32	-0.5519	1	326	1214	14	2011.721311
environment	-0.3667	-0.2728	1	1458	19314	203	2012.515563
environmental	0.2883	-0.383	3	647	2654	29	2010.845217
environmental changes	-0.2561	-0.0149	1	767	3722	38	2013.895683
environmental conditions	-0.5272	-0.09	1	1040	6590	63	2013.912338
environmental drivers	-0.0326	0.4899	2	521	2008	18	2016.219178
environmental factors	-0.3776	-0.1755	1	767	3648	37	2013.842444
environmental gradients	-0.5977	-0.651	3	575	2642	26	2013.88
environmental variables	-0.4166	-0.6923	3	661	3272	30	2012.972376
equilibrium	0.3239	-0.0303	2	485	1842	15	2010.171186
eriophorum	-0.7002	0.8811	1	396	1698	17	2015.346154
eriophorum vaginatum	-0.7503	0.8743	1	374	1570	15	2015.6
erosion	-0.1114	-0.7325	3	459	1732	18	2011.871716
error	0.7735	-0.4623	3	901	6704	64	2011.486384
establishment	-0.7984	-0.0979	1	1041	8314	82	2011.445578
estimate	1.1189	-0.0519	2	547	2476	24	2010.903093
estimation	0.4844	-0.0445	2	835	4404	42	2012.012407
eurasia	0.9016	-0.2421	4	889	6194	58	2012.876384
europe	-0.0988	-0.2378	1	1036	7566	80	2011.79689
european	-0.1851	-0.4357	1	502	1864	20	2011.362949
evaluation	0.6434	-0.2585	3	942	5998	57	2013.100503
evaporation	0.7116	0.2775	2	601	2740	25	2011.268156
evapotranspiration	0.8398	0.5608	2	822	5618	51	2013.497207
events	-0.0764	0.4243	1	1285	12840	127	2012.030986
evergreen	-0.4543	0.7398	1	527	2222	19	2013.363636
evergreen shrubs	-0.996	0.6095	1	530	2686	23	2015.347826
evi	0.9576	-0.3782	3	534	2362	21	2014.090909
evolution	0.4788	-0.0106	2	584	2206	21	2012.05694
exchange	0.6419	0.8093	2	1214	15116	127	2010.706601
exclosures	-1.2171	0.4264	1	487	2562	24	2012.259259
exclusion	-1.0776	0.456	1	526	2362	24	2011.8
expansion	-0.5442	0.0694	1	1461	23868	228	2012.969492
expectations	-0.7806	0.2113	1	413	1248	12	2012.582418
experimental	-0.895	0.552	1	579	2754	27	2013.019481
experimental warming	-1.0545	0.5099	1	294	1002	11	2014.75
experiments	-0.4139	0.5163	1	1373	17814	174	2011.075205
explanation	-0.6124	-0.3014	1	425	1384	14	2009.867769
exploitation	-0.4886	-0.5105	1	396	1318	13	2013.328358
exposure	-0.6254	0.1961	1	698	3162	32	2012.977505
extension	-0.3765	0.467	1	584	2292	22	2010.251641
extent	0.0112	-0.0636	4	1400	15714	150	2011.835219
extinction	-0.7884	-0.3577	1	483	2056	23	2011.243386
extreme	-0.4558	0.6779	1	689	3372	33	2013.461538
extreme events	-0.3495	0.8634	1	487	2116	20	2013.8
face	-0.4632	-0.1272	1	562	2066	19	2012.258278
facilitation	-1.1243	-0.2454	1	427	1578	16	2011.869565
fall	0.2611	0.4879	4	711	3652	33	2011.228402
family	-1.0237	-0.2517	1	297	928	11	2012.315615
fauna	-0.5804	-0.571	1	423	1502	16	2011.230769
features	0.4419	-0.4273	3	987	6068	60	2010.384646
feedback	0.2962	0.6032	2	1436	24584	221	2013.003957
fen	-0.3576	-0.2532	3	526	2108	19	2013.736264
fennoscandia	-0.7152	-0.2051	1	836	4940	51	2010.047619
fennoscandian	-0.8417	-0.4265	1	458	1790	18	2008.661017
fertility	-0.9379	0.1086	1	400	1488	14	2012.222222
fertilization	-0.0382	0.9894	2	637	3400	33	2013.147368
field	-0.067	-0.3682	3	1547	27428	259	2010.533445
field data	0.4339	-0.8209	3	792	4328	40	2011.688136
field experiment	-0.7542	0.614	1	552	2278	23	2011.558824
field measurements	0.5565	-0.3816	3	794	4320	36	2011.524345
field observations	0.1891	-0.4954	3	510	1858	17	2011.242424
field studies	-0.0514	-0.1917	3	565	2162	21	2010.034286
field surveys	-0.5158	-0.3129	1	429	1388	11	2011.5
fine roots	-0.6451	0.8154	1	478	2382	26	2014.758621
finland	-0.5988	-0.3385	1	804	4548	49	2011.297143
finnish lapland	-0.8375	-0.1444	1	499	2172	26	2009.340426
finnmark	-0.5546	-0.8012	1	360	1192	14	2011.043478
fire	0.6066	0.1335	2	1319	21386	205	2011.534884
fire activity	0.7728	0.0489	2	449	1794	18	2014.113636
fire disturbance	0.7826	0.5313	2	623	3108	27	2012.543478
fire frequency	0.3964	0.174	2	511	2164	18	2012.588235
fire regime	0.5268	0.0402	2	665	3842	35	2011.826087
fire severity	0.1374	0.2345	2	411	1664	15	2012.862069
fire weather	0.808	-0.0189	2	337	1142	11	2012.117647
fitness	-0.88	0.4743	1	312	1122	11	2014.032258
fixation	-0.0829	1.062	2	455	1746	15	2013.7
floodplain	0.0173	-0.7297	3	345	1164	11	2013.242857
flora	-0.6899	-0.4694	1	413	1502	19	2011.036036
flow	0.0419	-0.2336	2	363	1162	13	2010.017411
flowers	-0.8433	0.3329	1	680	4158	46	2013.71875
fluctuations	-0.3333	0.3053	4	642	2626	26	2009.816514
fluorescence	0.0147	0.7473	3	340	1196	12	2012.243386
flux	0.7653	0.6944	2	1327	22344	187	2010.974387
focus	-0.1433	-0.2135	1	782	3792	41	2012.93921
food	-0.7202	2e-04	1	653	3242	35	2012.031915
food web	-1.0121	0.4402	1	311	1074	12	2013.363874
foothills	0.2312	-0.8062	3	461	1898	16	2008.5
footprint	0.5678	-0.7581	3	492	2018	19	2014.12
foraging	-0.9944	-0.0149	1	695	4210	43	2011.44385
forbs	-0.9386	0.0121	1	727	4158	41	2013.039216
force	-0.3094	-0.0376	1	412	1290	13	2011.140909
forcing	0.8946	0.3583	2	777	4386	39	2011.371506
forecasting	1.0062	0.213	4	391	1390	13	2014.057851
forecasts	-0.2055	-0.5438	1	459	1640	17	2012.850526
forest	0.1655	-0.0533	2	1582	46826	452	2011.961222
forest area	0.6128	-0.0258	2	381	1234	11	2009
forest expansion	-0.2545	-0.0881	1	354	1426	13	2011.928571
forest fires	0.765	0.0026	2	718	3910	38	2011.134615
forest floor	0.0365	0.3632	2	380	1336	14	2011.75
forest growth	-0.0142	0.0156	4	354	1170	11	2011.142857
forest management	-0.0034	-0.1337	1	316	1016	12	2011.823529
forest stands	-0.286	-0.469	1	492	1752	17	2013.3
forest structure	-0.0773	-0.2156	1	461	1664	16	2012.708333
forest types	-0.2372	0.0485	1	373	1226	12	2013.181818
forest-tundra	-0.5607	-0.4143	1	1168	11492	106	2012.595745
forest-tundra ecotone	-1.0587	-0.2764	1	696	4330	43	2012.93617
forestry	-0.0278	-0.6016	1	368	1126	13	2012.612903
formation	-0.4729	0.384	1	659	2764	30	2010.511811
fraction	0.8156	0.153	2	869	5702	50	2011.553026
fragmentation	-0.5789	-0.7741	1	337	1086	12	2010.864198
framework	-0.0526	-0.3446	3	850	4638	46	2013.208431
freeze-thaw	0.7358	0.5043	2	468	1936	17	2012.06015
freezing	-0.2614	0.8024	4	413	1404	12	2009.881557
frequency	0.1007	0.0738	2	1219	10534	98	2011.174374
freshwater	0.4192	-0.3717	2	413	1456	14	2011.825688
front	0.2497	-0.1699	4	328	994	12	2009.508357
frost	-0.6727	0.626	1	648	3196	32	2010.311258
frost damage	-0.8097	0.6379	1	334	1282	13	2012.95
fruit	-0.929	0.4308	1	251	902	11	2013.2
fuel	0.7294	0.2681	2	593	2752	27	2012.496479
function	-0.0293	0.157	1	1303	12890	120	2010.972155
functional groups	-0.7991	-0.3438	1	586	2742	26	2013.383178
functional response	0.4137	0.226	4	423	1306	11	2013.722222
functional traits	-1.1156	-0.066	1	431	1652	17	2016.903226
functional types	0.2957	0.1663	2	991	7458	60	2012.897727
fungi	-0.7038	0.4662	1	315	970	12	2011.838649
future	0.0046	0.1581	2	1261	12386	123	2013.712684
future climate	0.3362	0.5914	2	1072	8568	78	2013.848387
future research	-0.1504	-0.6326	3	409	1364	15	2012.992857
gap	-0.001	-0.4005	3	812	4226	44	2012.915572
gas	0.1523	0.3267	2	883	5556	50	2012.319686
gas emissions	0.5896	0.3603	2	409	1506	12	2014.400901
gas exchange	-0.4197	0.8856	1	402	1560	15	2011.252632
gases	0.7764	0.3757	2	537	2304	22	2012.066763
general circulation	0.7231	0.1271	2	543	2532	22	2009.760621
general circulation model	0.7884	0.2503	2	654	3576	31	2010.017151
generation	0.3848	-0.5373	3	621	2516	22	2012.050847
geographic information system	0.1407	-1.1278	3	341	1312	14	2010.188889
geographical distribution	0.5792	-0.4003	3	493	1722	15	2010.97561
germination	-1.0971	0.1435	1	395	1562	16	2011.465116
gimms	1.1621	-0.6039	3	447	2326	20	2012.25
gis	-0.0711	-0.9992	3	356	1322	15	2011.154589
glacier	-0.138	-0.8038	3	617	2936	29	2012.551157
global	0.7709	-0.3038	3	1100	9560	87	2012.401509
global carbon cycle	1.1643	0.3337	2	457	1906	17	2014.357616
global change	0.0663	-0.1229	1	704	3050	28	2010.717949
global climate	0.5854	-0.0516	2	1074	7756	67	2012.960148
global climate models	0.6577	0.3569	2	402	1374	12	2013.408482
global model	0.7705	0.3068	2	458	1628	13	2012.089474
global scale	0.3888	-0.4071	3	592	2398	23	2012.819495
global warming	-0.7094	0.151	1	643	3080	32	2012.884793
globe	0.475	-0.3125	2	536	2034	22	2012.275862
gpp	0.8185	0.8553	2	761	5664	47	2013.625
gradient	-0.4742	-0.2028	1	1458	22492	217	2011.354256
graminoids	-0.6535	0.4105	1	966	8092	73	2013.931818
grass	-0.4129	0.3451	1	799	4184	42	2011.455782
grassland	0.1467	0.0702	2	1101	9182	90	2012.242424
gravel	-0.5289	-0.6316	1	381	1266	12	2010.547619
grazing	-0.9851	0.1082	1	1009	9548	101	2012.554404
grazing pressure	-1.1673	0.4898	1	361	1334	13	2013.318182
green-up	0.2819	0.5175	4	385	1312	12	2014.785714
greenhouse	0.5224	0.3985	2	785	4846	46	2012.619866
greenhouse gas	0.5979	0.3079	2	619	2942	25	2013.545016
greenhouse gases	0.7142	0.4977	2	496	2172	22	2012.497653
greening	0.6288	-0.1905	4	1023	8786	80	2014.425287
greenland	-0.2113	-0.0506	4	1154	11436	116	2011.434214
greenness	0.8939	-0.2091	3	1028	8784	76	2013.5
grid	0.6426	-0.484	3	641	2780	26	2011.079167
gross primary production	0.9922	0.75	2	609	3598	30	2013.948276
gross primary productivity	0.6137	0.8887	2	606	3266	28	2014.268293
ground heat	0.8426	0.8155	2	390	1622	13	2010.734694
ground vegetation	-0.6351	0.0355	1	590	2378	22	2012.5
group	-0.7058	-0.5312	1	765	4042	40	2011.722362
growing	-0.095	0.5467	4	1028	7462	66	2011.495798
growing season	-0.07	0.5215	4	1153	10186	91	2012.916667
growing season length	-0.4606	0.6534	4	387	1316	12	2014.909091
growth	-0.5023	0.3397	1	1581	43074	411	2011.406319
growth form	-0.7953	-0.1953	1	859	4826	46	2012.862069
growth patterns	-0.6254	0.2387	4	483	2032	19	2012.408163
growth rate	-0.6718	0.4327	1	842	4970	47	2010.818356
growth response	-0.6739	0.5723	4	787	4794	44	2012.671053
growth rings	-0.8137	0.4629	4	486	2106	21	2015
growth temperature	-0.2076	0.5063	4	375	1310	14	2012.071429
growth variability	-0.1245	0.3733	4	385	1278	11	2012.727273
habitat	-0.7296	-0.3729	1	1375	19004	193	2012.561584
habitat types	-0.5013	-0.8198	3	370	1330	13	2012.66
hand	-0.4854	0.2429	1	460	1506	16	2010.96875
harvest	-0.1233	0.1029	3	421	1496	14	2012.107692
health	0.0016	-0.627	3	388	1318	16	2014.798851
heat	0.6636	0.5821	2	970	7674	68	2011.129975
heat flux	0.8486	0.6335	2	655	4082	32	2010.709804
heath	-0.8639	0.5066	1	916	7068	66	2012.868687
heathland	-0.9346	0.7951	1	371	1610	14	2012.764706
heating	0.1819	0.8098	2	641	3474	32	2011.378428
height	-0.6074	-0.3417	1	1160	11224	112	2010.601343
height growth	-0.8387	-0.195	1	353	1124	11	2011.75
hemisphere	1.083	0.1926	4	689	3972	38	2010.968158
herb	-0.7492	-0.3386	1	558	2368	26	2012.333333
herbivores	-1.0275	0.2539	1	1054	10664	107	2013.6
herbivory	-1.0506	0.3833	1	1045	10658	107	2013.628099
herders	-0.6349	-0.7217	1	315	1214	13	2013.882353
heterogeneity	0.1006	-0.3387	3	1115	8790	81	2014.002481
heterotrophic respiration	1.0007	0.9456	2	532	2990	23	2014.422222
high altitude	-0.6716	0.0792	1	467	1718	20	2012.481308
high arctic	-0.4606	0.0399	4	1028	8916	90	2013.319239
high latitudes	0.5093	0.2609	2	1437	22374	203	2011.932029
high mountains	-0.7681	-0.4757	1	369	1286	15	2010.625
high northern latitudes	0.9107	0.486	2	902	6576	59	2013.173913
high spatial resolution	0.5273	-0.9543	3	624	3236	27	2013.379085
high temperatures	0.4003	0.3246	2	374	1180	12	2011.761364
high-latitude ecosystems	0.2519	0.3793	2	811	4512	36	2013.394366
high-latitude regions	0.7175	0.1771	2	501	1926	18	2012.707317
high-resolution	0.5783	-0.7631	3	1256	14512	131	2012.264879
historical	-0.3105	-0.3226	1	387	1184	11	2011.854651
history	-0.5343	-0.1116	1	819	4178	46	2011.001969
holocene	0.3322	0.1721	2	387	1378	15	2010.62959
hotspot	0.0328	-0.7003	3	345	1066	12	2015.44586
hudson	0.0448	-0.7767	3	378	1416	14	2008.012876
hudson bay	0.0752	-0.7473	3	416	1618	16	2008.175879
human activities	-0.1115	-0.5484	1	522	1958	19	2013.345725
human impact	-0.3687	-0.6832	1	427	1696	19	2013.236842
humans	-0.2363	-0.3723	1	420	1482	16	2012.412162
hummocks	-0.749	0.6925	1	347	1168	11	2012.105263
husbandry	-0.5736	-0.5126	1	315	1004	11	2013.25
hydrology	0.5683	-0.074	2	893	5406	48	2013.474126
hypotheses	-0.4592	0.0804	1	500	1836	20	2011.496
hypothesis	-0.6184	0.2914	1	1080	7856	79	2011.082126
ice	0.4255	-0.0246	4	1176	10928	105	2011.721291
ice extent	0.7332	0.29	4	325	1176	11	2012.764347
ice sheet	0.6435	0.0079	2	417	1332	13	2012.194459
iceland	-0.3269	-0.5231	1	320	978	12	2009.361905
identification	0.1116	-0.782	3	475	1662	17	2011.944837
ikonos	0.4156	-1.1564	3	364	1288	11	2011.782609
image classification	0.1652	-1.1794	3	322	1230	13	2010.684211
imagery	0.3429	-0.9204	3	1068	10612	102	2011.982143
images	0.3365	-0.9379	3	1128	12030	122	2011.32506
imaging	1.0885	-0.4751	3	861	7330	65	2012.991398
impact	-0.1705	0.1878	1	1614	44122	431	2013.206627
implications	-0.0349	0.3454	2	1345	13674	130	2011.871583
improvement	0.6818	-0.1991	3	753	3624	33	2012.529851
inclusion	0.0986	-0.5215	3	613	2630	25	2010.77907
increment	-0.5083	0.2275	4	650	2822	26	2012.521008
index	0.7004	-0.3728	3	1537	38474	348	2011.380952
indices	0.2975	-0.5369	3	1381	17448	166	2012.102711
indirect effects	-0.7199	0.6173	1	515	1988	18	2012.544776
individual species	-0.9516	-0.3502	1	463	1868	19	2013.475
individuals	-0.945	0.0329	1	933	6496	66	2011.172646
influence	-0.1016	0.2579	1	1486	22316	214	2011.779275
information	0.269	-0.6499	3	1403	18198	176	2011.767792
information system	0.185	-1.1374	3	322	1138	12	2009.909091
infrastructure	-0.2821	-0.6022	1	477	1748	17	2014.216606
initiation	-0.29	0.5206	4	436	1456	14	2010.927536
inland	-0.1793	-0.7122	3	467	1728	16	2012.551282
insect outbreaks	-0.2916	0.4228	1	471	1888	15	2013
insects	-0.6554	0.2905	1	586	2530	23	2009.870588
insight	-0.2568	0.2255	1	623	2508	23	2012.936061
instrument	0.7298	-0.7639	3	446	1658	15	2011.288956
insulation	-0.2555	0.5788	1	344	1140	11	2012.403226
intensity	-0.5083	0.1991	1	1043	7146	72	2011.663823
inter-annual variability	1.147	-0.1317	4	365	1258	11	2012.122807
interactions	-0.472	0.3243	1	1459	21276	209	2011.626733
interannual variability	1.0367	0.3243	4	692	3736	33	2010.7663
interannual variations	0.4768	0.5049	4	619	2954	29	2010.739437
intercomparison	1.153	0.4947	2	353	1360	12	2014.488211
interface	0.3764	-0.7488	3	336	1104	12	2010.689655
interior	0.2657	-0.0745	2	526	2026	20	2010.221733
interior alaska	0.3115	0.0971	2	411	1460	15	2012.964286
international	-0.0164	-0.5714	3	578	2566	28	2009.59081
international polar year	-0.1963	-0.6763	3	301	988	12	2011.368421
interpretation	0.1766	-0.8931	3	462	1686	19	2010.411609
introduction	-0.6746	-0.1049	1	297	892	11	2010.370629
invasion	-0.733	-0.1077	1	583	2584	27	2013.178571
inventory	0.8057	-0.4417	3	862	5416	49	2012.165029
inversion	0.9748	0.442	2	518	2206	19	2010.501809
invertebrates	-1.1598	0.181	1	338	1200	13	2011.049793
ipcc	0.1345	0.0066	2	450	1572	15	2011.552189
island	-0.298	-0.4127	3	921	5674	58	2009.956692
isotope	-0.0767	0.788	2	485	1720	16	2011.966793
john	0.431	-0.5565	3	310	1024	13	2008.988287
july temperature	-0.4064	-0.4494	4	553	2328	23	2012.387097
kappa	0.292	-1.04	3	327	1228	11	2011.740741
key	-0.0941	0.4019	2	520	1886	19	2013.075472
knowledge	-0.2753	-0.3142	1	1096	7612	77	2012.895394
kola	-0.2439	-0.8746	1	364	1442	16	2009.870968
kola peninsula	-0.2455	-0.8747	1	364	1442	16	2009.907407
krummholz	-1.0359	-0.4123	1	258	892	11	2012.166667
laboratory	0.2736	0.1165	2	383	1240	13	2010.526248
labrador	-0.7997	-0.6486	1	298	970	11	2008.853808
lag	-0.2326	0.0311	1	602	2454	24	2010.653179
lai	0.8371	0.0308	2	950	7230	60	2012.487179
lake	0.4416	-0.2309	3	993	6570	61	2012.017794
land	0.7039	-0.2768	3	1536	35302	328	2012.42268
land cover	0.7924	-0.647	3	1192	14152	126	2013.554795
land cover change	0.8536	-0.5633	3	572	2920	26	2014.744186
land cover changes	1.012	-0.1278	2	435	1780	15	2014.565217
land cover classification	0.5282	-0.9816	3	510	2376	21	2013.414634
land management	-0.1624	-0.7948	3	439	1694	17	2012.724138
land surface	0.9967	-0.0684	2	1168	12614	106	2013.553603
land surface phenology	1.1453	-0.2417	4	348	1376	12	2014.416667
land surface temperature	0.9999	-0.5494	3	454	1980	16	2013.959459
land use	0.0191	-0.4905	1	1016	7606	76	2012.561111
land-use changes	0.3263	-0.1171	2	634	3028	29	2013.971429
landsat	0.5538	-0.9611	3	983	10262	95	2012.128767
landsat data	0.8891	-0.8294	3	377	1466	13	2011.74359
landsat tm	0.3565	-1.0919	3	462	2014	18	2008.651163
landscape	-0.0448	-0.3975	3	1517	28978	266	2013.677302
landscape changes	0.1589	-0.8508	3	379	1274	12	2013.785714
landscape heterogeneity	0.256	-0.529	3	391	1344	13	2015.428571
landscape level	-0.0336	-0.3226	3	656	2758	25	2012.972973
landscape scale	-0.3659	-0.4797	3	790	4412	40	2014.545455
lapland	-0.7273	-0.1286	1	669	3348	38	2008.528302
larch	-0.038	0.3702	2	751	4740	48	2013.230769
larch forests	0.5333	0.4384	2	496	2066	19	2013.485714
large	0.0554	0.389	2	654	2830	25	2011.479452
large herbivores	-1.1598	0.1945	1	512	2490	26	2013.730769
large-scale	0.5216	-0.0829	4	1194	10812	101	2011.165527
larix	-0.5975	0.1737	1	640	3516	37	2012.827586
laser	-0.0929	-0.99	3	329	1196	12	2011.969194
late spring	0.3429	0.5144	4	441	1480	13	2010.732026
late summer	-0.4769	0.5191	1	416	1332	12	2011.54902
latent	0.8743	0.5117	2	480	2142	16	2010.884298
latent heat	1.0114	0.5605	2	513	2528	19	2010.158824
latent heat flux	0.9791	0.5888	2	482	2266	17	2010.739645
latitude	0.2248	-0.291	3	1091	8302	79	2011.054819
latitudinal gradient	-0.2541	-0.1899	3	699	3354	31	2012.966942
layer	0.0811	0.4242	2	1337	15286	135	2010.321275
lead	0.3018	0.1138	2	521	1938	19	2010.716069
leaf	-0.1104	0.6151	1	1056	8674	79	2012.706667
leaf area	0.4825	0.4383	2	1161	11968	104	2012.433071
leaf area index	0.8835	0.2107	2	1005	8848	74	2012.032258
leaves	-0.6433	0.5759	1	812	5174	54	2010.861789
legacy	-0.4638	0.5976	1	422	1388	13	2014.6
length	-0.0332	0.2798	4	1204	11632	112	2010.5328
levels	-0.1337	0.1188	1	1314	13186	131	2011.25209
lichen communities	-1.1002	-0.1179	1	303	1088	11	2010.190476
lichen cover	-0.9283	-0.482	1	348	1302	13	2010.666667
lichen species	-0.9532	-0.1238	1	407	1552	15	2013.233333
lichens	-0.7843	-0.2797	1	1141	11562	114	2010.846457
lidar	0.1543	-0.9884	3	503	2426	23	2012.729064
life	-0.7475	-0.1269	1	735	3816	43	2011.876747
life history	-0.9965	0.1685	1	304	970	12	2011.362319
light	-0.0183	0.4605	2	903	5548	54	2011.753582
light use	1.0363	0.4043	2	430	1816	15	2012.15
light use efficiency	1.0428	0.3917	2	416	1726	14	2012.444444
likelihood	-0.0845	-0.7818	3	430	1466	14	2011.660944
limit	-0.641	-0.3268	1	1103	9136	98	2010.544865
limitations	-0.1317	0.2579	1	1091	8340	78	2012.614846
line	-0.4231	-0.4179	1	1087	8744	90	2011.363128
linear model	-0.1525	-0.6902	3	471	1906	19	2011.59
linear regression	0.7449	-0.647	3	535	2138	20	2012.840304
linkage	0.8853	0.3453	2	426	1400	13	2012.484733
links	0.423	0.2504	2	603	2306	22	2012.592814
literature	-0.0958	-0.4097	1	884	4742	50	2011.726524
litter	-0.5176	0.7031	1	802	4750	44	2013.5
livestock	-0.661	0.0924	1	301	966	11	2014.21875
local scale	0.1765	-0.521	3	645	2966	27	2013.690476
location	-0.4418	-0.497	1	1207	10778	103	2010.881081
long-term	-0.1713	0.1147	1	1457	19552	186	2012.366366
long-term changes	0.6376	-0.3709	3	432	1566	14	2012.387324
loss	0.0915	0.5909	2	1301	14220	135	2013.251087
low arctic	-0.1569	-0.3597	3	942	6088	54	2012.278481
low arctic tundra	-0.0227	-0.8236	3	395	1346	11	2012.5
low temperatures	-0.368	0.1668	1	473	1740	20	2011.076759
lowlands	-0.17	-0.6955	3	450	1810	18	2013.427273
magnitude	0.2239	0.3748	2	1268	11714	112	2011.364091
maintenance	-0.3506	-0.2683	1	451	1472	14	2010.394191
mammals	-1.05	-0.064	1	479	1988	20	2011.107784
management	-0.2027	-0.4248	1	1113	9468	105	2013.088766
manipulation	-0.7002	0.8361	1	566	2610	23	2012.067568
manipulation experiment	-0.6259	0.9853	1	356	1240	11	2013.368421
manitoba	-0.6448	-0.6603	1	398	1514	16	2010.155556
map	0.346	-0.8426	3	1258	16112	155	2011.727201
mapping	0.4819	-0.9256	3	1122	11790	113	2012.226667
margin	-0.4869	-0.4046	1	631	2576	24	2010.972504
mass	-0.1625	0.1995	4	822	4306	41	2010.941993
mat	-0.4226	-0.0649	3	525	2058	20	2010.666667
mature	-0.3962	0.4453	1	597	2404	24	2010.101124
maximum	0.1287	-0.0312	4	965	5906	56	2010.287843
meadow	-0.7692	0.3968	1	696	3656	39	2013.697674
mean	0.4495	-0.1377	3	1259	11690	113	2010.953636
measurements	0.5086	-0.0187	3	1493	27938	252	2010.932763
mechanisms	-0.038	0.6398	2	1169	10376	103	2011.610479
melt	0.2038	0.8	4	673	3702	35	2013.146853
melting	0.1941	0.1302	4	514	1906	18	2012.110283
meteorological	1.0071	-0.0977	2	530	2368	20	2009.80117
meteorological data	0.4118	0.0176	4	413	1348	12	2010.80814
meteorological stations	0.43	-0.6159	4	475	2060	19	2012.914474
methane	0.4364	0.6764	2	572	2538	22	2013.074286
methane (ch4)	0.4834	0.7851	2	451	1746	15	2015.144886
method	-0.0387	-0.6193	3	1512	25900	258	2012.144788
methodology	0.6895	-0.5975	3	636	2862	30	2012.912525
metrics	0.4383	-0.6009	3	848	4852	45	2015.541833
microbial activity	-0.6574	1.0255	1	343	1442	14	2013.911565
microclimate	-0.5835	0.3377	1	731	3728	38	2011.987179
microsites	-0.9846	0.0271	1	353	1116	12	2012
microtopography	-0.3791	-0.0397	3	445	1556	14	2013
microwave	1.1694	-0.0494	2	432	1726	14	2009.844327
mid-latitudes	1.0227	0.0435	4	396	1500	14	2012.022549
migration	-0.4656	-0.2243	1	879	5198	52	2011.023474
migratory	-0.7066	-0.1502	1	460	1806	17	2011.888889
mineral soils	0.0085	0.679	2	507	2144	18	2012.409396
minimum	-0.5175	0.0019	1	381	1184	13	2009.779051
minimum temperature	0.1228	-0.1137	4	411	1352	14	2010.516667
mire	-0.642	-0.0929	1	465	1708	19	2012.142857
mismatch	-0.114	0.5916	4	442	1696	16	2014.305556
mission	0.5862	-0.6653	3	394	1258	11	2012.55098
mitigation	0.1398	0.3711	2	478	1872	18	2014.985849
mode	0.9083	-0.2665	4	611	2800	25	2010.915266
model	0.4345	0.1023	2	1636	66080	629	2011.651901
model performance	0.8699	-0.052	2	466	1822	17	2013.384236
model simulations	1.0191	0.5434	2	724	4410	37	2012.477137
modeling	0.4968	-0.3775	3	1403	17658	166	2012.080047
moderate resolution imaging	1.1337	-0.4452	3	811	6674	58	2013.157692
moderate resolution imaging spectroradiometer	1.1319	-0.4399	3	789	6222	54	2013.265823
modification	-0.0472	-0.368	3	434	1378	13	2009.923977
modis	0.9952	-0.4495	3	1092	12850	113	2013.171111
modis ndvi	0.7598	-0.8652	3	399	1572	14	2013.375
module	1.024	0.6452	2	399	1362	11	2013.530769
moist acidic tundra	0.0668	-0.2402	3	416	1646	14	2009.78125
moist tundra	0.2435	-0.0561	3	509	2200	20	2011.125
moisture	0.0755	0.197	2	1438	21636	192	2012.602086
moisture availability	0.0346	0.4038	4	440	1608	14	2011.363636
moisture conditions	0.2438	-0.3227	3	499	1978	19	2011.619718
moisture content	0.2345	0.0262	3	502	2026	19	2012.463768
monitoring	0.2948	-0.6043	3	1306	15642	154	2012.828676
montane	-0.7807	-0.3867	1	461	1774	20	2011.914286
moose	-0.9523	-0.4241	1	288	988	11	2010.461538
morphology	-0.9695	0.2773	1	415	1452	16	2011.797508
mortality	-0.5788	0.3107	1	896	5614	53	2009.693662
mosaic	0.0815	-0.8012	3	580	2500	23	2011.184466
moss	-0.1737	0.124	3	1209	11580	105	2010.479651
moss cover	-0.0882	0.5365	2	403	1394	12	2011.526316
moth	-1.0391	0.2736	1	496	2232	21	2010.804878
mountain birch	-0.9278	-0.1643	1	709	4350	44	2011.446809
mountains	-0.739	-0.4196	1	1362	20976	222	2011.617276
movement	-0.4588	-0.3649	1	767	4032	39	2009.813333
multivariate	0.1297	-0.5679	3	438	1466	14	2013.099057
muskoxen	-0.7	0.2887	1	294	978	13	2012.923077
nana	-0.8452	0.7663	1	575	3032	29	2014.212121
nasa	1.0515	-0.3331	3	456	1674	14	2012.319489
national	0.317	-0.6302	3	997	7212	73	2010.195652
national park	-0.4214	-0.8047	3	624	3074	33	2011.242718
natural disturbance	-0.1263	-0.0197	2	391	1204	11	2011.411765
nature	-0.368	-0.466	3	759	3554	34	2010.788145
ndvi	0.6725	-0.5284	3	1419	27466	244	2013.153025
near-surface	0.583	0.3215	2	597	2472	20	2011.177419
nee	0.8585	0.8624	2	718	5066	40	2013.952381
needles	-0.4769	0.2792	1	312	966	11	2011.16
negative effects	-0.3276	0.3712	1	423	1322	12	2013.896552
negative feedback	0.8151	0.8058	2	409	1568	13	2011.92562
negative impacts	-0.5449	-0.0032	1	467	1656	15	2014.051948
net	0.8026	0.9063	2	628	3462	26	2010.964126
net carbon uptake	0.9295	1.1322	2	314	1398	12	2015.285714
net ecosystem exchange	0.782	0.8486	2	819	6002	48	2014.207317
net primary production	1.0007	0.5501	2	725	4672	37	2012.467391
net primary productivity	0.647	0.6333	2	705	3660	30	2012.551724
net radiation	1.0436	0.6237	2	445	2098	16	2010.048193
network	0.3775	-0.2652	3	1022	6992	67	2012.964962
niche	-0.8463	-0.328	1	525	2364	25	2014.209184
nitrogen	-0.4204	0.7754	1	1119	10892	99	2012.807923
noaa	1.1782	-0.5325	3	471	2318	20	2008.907609
noaa avhrr	1.0038	-0.5962	3	342	1178	11	2003.857143
normalized difference vegetation index	0.6601	-0.6271	3	1163	12510	111	2013.123077
north	0.4878	-0.2992	3	1482	24066	225	2010.374238
north america	0.7072	-0.2503	4	1025	8136	76	2011.532207
north american	0.6861	-0.1687	2	837	4644	39	2010.662844
north atlantic	0.7794	-0.0086	4	488	2184	20	2010.017846
north atlantic oscillation	0.9069	-0.0356	4	383	1580	13	2010.430401
north slope	0.6442	-0.6528	3	742	5036	45	2011.833333
northeast greenland	-0.2475	0.2809	4	337	1260	13	2012.241758
northern	0.4165	-0.0573	4	1268	12604	123	2011.106605
northern boreal	-0.4758	0.0379	1	635	2866	26	2014.405405
northern ecosystems	0.1881	0.72	2	701	3574	32	2012.901961
northern hemisphere	0.9759	0.1781	4	748	4642	45	2010.714878
northern latitudes	0.5543	0.2567	4	834	4642	43	2011.839378
northern regions	0.2234	-0.2971	3	414	1316	14	2013.05618
northern vegetation	0.639	-0.8946	3	411	1562	14	2011.444444
northwest	-0.1467	-0.6129	1	700	3576	31	2011.701835
northwest territories	-0.363	-0.7746	1	515	2312	20	2011.232877
northwest territories canada	-0.3855	-0.8255	1	409	1676	14	2010.547368
norway	-0.7438	-0.2472	1	1054	8460	87	2011.264414
norwegian	-0.8941	-0.0702	1	321	992	12	2008.200426
npp	0.9701	0.4856	2	796	5362	45	2012.479167
nunavik	-1.0565	0.0341	1	327	1250	13	2015.65625
nunavut	-0.2172	-0.813	3	364	1498	16	2013.447514
nutrient availability	-0.6911	0.7709	1	725	4264	37	2013.783582
nutrient limitation	-0.0078	0.825	2	393	1372	11	2014.20339
nutrients	-0.5985	0.6316	1	947	6592	59	2011.870968
objective	0.106	-0.5012	3	898	5040	47	2011.917647
observational data	0.7944	0.4348	2	336	1058	11	2011.486413
observations	0.5943	-0.0699	3	1524	27806	255	2011.448164
occurrence	-0.3069	-0.2751	1	1051	7814	80	2011.803551
ocean	0.8557	-0.1494	2	803	4520	45	2010.965167
oil	-0.2136	-0.7007	1	287	978	11	2011.484241
onset	0.331	0.4833	4	813	5026	50	2011.400894
open-top chambers	-0.952	0.6539	1	500	2226	20	2015.514286
order	-0.0234	-0.1691	1	1255	10412	106	2010.598046
ordination	-0.4954	-0.7755	3	473	1980	19	2011.275362
organic carbon	0.5671	0.9682	2	455	1964	16	2012.96863
organic layer	0.2333	0.543	2	465	2166	20	2011.884615
organic matter	0.3242	0.8165	2	669	3498	29	2012.485771
organic soils	0.4127	0.6666	2	612	2906	27	2012.926606
organisms	-0.7656	0.0466	1	450	1706	20	2012.67134
origin	-0.3022	0.1368	1	484	1562	16	2010.187679
oscillation	1.0399	-0.0216	4	711	4666	44	2010.801829
outbreaks	-0.4553	0.4516	1	761	4382	37	2011.853659
outcomes	-0.7339	-0.0205	1	470	1660	19	2014.259036
overlap	-0.6384	-0.398	1	300	888	11	2012.007874
pacific	0.9383	0.1241	4	559	2584	24	2010.950879
pack	-0.2026	0.4389	1	440	1394	12	2009.298805
par	0.7544	0.3853	2	345	1282	12	2013.039216
parameterization	0.8081	0.3397	2	496	1988	18	2011.336207
parameters	0.4741	-0.0333	2	1214	11254	113	2010.962104
part	0.2644	-0.3337	3	1245	10266	104	2010.410034
partitioning	0.5531	0.6403	2	529	2386	20	2012.216749
past	0.141	0.1724	4	555	2340	25	2012.316703
past century	-0.4102	0.1075	1	394	1296	13	2011.116279
pastures	-0.6906	-0.5336	1	544	2394	27	2012.756098
patches	-0.4535	-0.2998	1	971	6340	63	2011.337979
pathways	0.1437	0.396	2	651	2982	27	2013.213274
patterns	-0.0189	-0.2697	3	1617	45468	441	2011.236066
peak season	0.5034	0.7722	2	494	2002	16	2013.535714
peat	0.3109	0.0569	2	457	1474	14	2013.503205
peatlands	0.5469	0.2966	2	591	2556	22	2014.40553
peninsula	-0.1493	-0.8205	3	878	5838	60	2011.596904
performance	-0.1442	-0.157	1	1154	9402	93	2013.489921
period	0.1923	0.0895	4	1577	35552	342	2011.210316
permafrost	0.3373	0.3235	2	1475	25510	238	2012.799678
permafrost carbon	0.9575	0.6892	2	400	1444	12	2015.553191
permafrost degradation	0.1034	0.2994	2	551	2278	21	2013.978261
permafrost dynamics	0.8482	0.6049	2	410	1446	11	2013.658228
permafrost regions	0.6515	0.2409	2	507	2012	20	2014.282051
permafrost soils	0.1415	0.7469	2	557	2492	23	2014.196203
permafrost thaw	0.1478	0.8241	2	859	5668	50	2014.917369
permanent plots	-1.0512	-0.1033	1	357	1260	11	2010.846154
persistence	-0.4164	0.1765	1	622	2556	27	2012.073254
perspective	-0.299	-0.5447	3	555	2118	24	2012.901235
perturbations	0.5718	0.3751	2	386	1278	11	2010.583086
ph	-0.3122	-0.747	3	578	2730	24	2013.361345
phase	0.6365	0.0275	2	746	3626	34	2011.300144
phenological shifts	-0.7231	0.3149	4	317	1086	12	2015
phenology	-0.0546	0.3157	4	1319	18336	184	2014.085938
phosphorus	-0.603	0.7567	1	409	1590	15	2012.723926
photographs	-0.4116	-0.7505	3	715	4034	40	2010.319372
photography	-0.309	-0.6822	3	645	3020	28	2011.617391
photosynthesis	0.2546	0.9263	2	1032	9946	99	2012.442424
photosynthetic activity	0.8836	-0.0382	3	603	2912	25	2012.146341
photosynthetic capacity	-0.2044	0.5271	1	509	1828	17	2012.833333
physiology	-0.4681	0.7063	1	480	1736	17	2013.727273
phytomass	0.0215	-1.0032	3	366	1468	16	2013.045455
picea	-0.5587	0.0516	1	868	6164	61	2012.274725
picea glauca	-0.7255	-0.3424	1	494	2530	24	2011.464286
picea mariana	-0.3579	0.1797	1	640	3518	33	2012.488372
pine	-0.6251	-0.0042	1	763	4578	48	2012.13806
pine forest	-0.4364	-0.137	1	352	1092	11	2013.066667
pinus	-0.7333	0.0657	1	791	4972	52	2012.675676
pinus sylvestris	-0.6076	-0.1354	1	500	2196	23	2012.208333
place	-0.6046	0.2929	1	620	2514	25	2009.958042
planning	-0.2358	-0.6203	1	539	2072	22	2013.468421
plant	-0.5166	0.242	1	1637	69338	685	2012.538334
plant biomass	-0.681	0.3742	1	878	6080	57	2013.786667
plant communities	-0.8733	0.1364	1	1383	22346	206	2013.503125
plant community composition	-0.9351	0.4857	1	776	4750	39	2014.595745
plant community structure	-1.0737	0.3391	1	470	1900	17	2013.619048
plant cover	-0.6015	-0.1434	1	509	1926	18	2011.65625
plant diversity	-1.1322	-0.0522	1	403	1566	15	2014.1
plant functional types	0.0613	0.2471	2	741	4004	32	2013.428571
plant growth	-0.2735	0.5554	4	999	6872	66	2013.3125
plant interactions	-1.1565	0.1449	1	328	1202	12	2015.882353
plant phenology	-0.5415	0.6299	4	703	4334	43	2015.155556
plant production	-0.3641	0.6781	4	426	1518	14	2013.947368
plant productivity	-0.1433	0.5638	4	591	2450	22	2015
plant responses	-0.8461	0.5582	1	621	2982	31	2015.184211
plant species	-0.8509	-0.0416	1	1250	13670	135	2013.049822
plant species richness	-1.2309	-0.0531	1	322	1222	12	2012.941176
plant traits	-0.6096	0.3271	1	516	2374	24	2016.5
plant-herbivore interactions	-1.0902	0.3404	1	403	1520	13	2015.384615
plateau	0.1747	0.1888	4	814	4756	50	2012.169659
plot	-0.3255	-0.5479	3	817	4846	45	2011.591837
polar	0.0779	-0.0886	4	727	3764	40	2011.082686
polar desert	0.4525	-0.2816	3	394	1414	13	2011.409836
polar regions	0.0237	-0.3138	3	444	1572	18	2011.606775
polaris	-0.4781	0.199	4	332	1182	11	2011.535714
policy	0.1091	-0.4368	1	472	1824	19	2014.121693
pollen	-0.0517	-0.0757	2	428	1646	17	2011.027027
polygons	0.2712	-0.9894	3	428	1582	15	2013.339623
pools	0.1176	0.8015	2	739	4012	37	2013.203252
population	-0.7302	-0.0438	1	1284	14062	146	2011.362024
population dynamics	-0.962	-0.1627	1	492	2042	21	2011.758929
populus	-0.6043	-0.19	1	346	1068	11	2011.388889
position	-0.5432	-0.3925	1	812	4596	47	2010.689373
positive effects	-0.9968	0.4385	1	317	1024	11	2015.483871
positive feedback	0.2135	0.656	2	746	4338	39	2012.122034
positive trend	1.0669	-0.1739	4	385	1312	12	2012.22335
post-fire	0.3624	0.2496	2	528	2444	22	2014.033333
postfire	0.5832	0.48	2	531	2434	21	2011.823529
potential	-0.0905	-0.0394	1	1329	12366	125	2012.784435
potential vegetation	0.2099	0.0237	3	315	1028	11	2013.846154
power	-0.4452	-0.6461	1	596	2520	25	2011.834034
precipitation	0.2014	0.3539	4	1501	25860	249	2012.247478
predators	-1.125	0.1325	1	332	1096	11	2010.345515
prediction	-0.2608	-0.2006	1	1308	13412	134	2012.073267
predictive models	-0.6126	-0.6817	1	356	1176	13	2012.813084
predictive power	-0.6545	-0.5574	1	305	1030	11	2014.030303
predictors	-0.3631	-0.6261	1	734	3634	35	2013.270142
preference	-1.0974	-0.1338	1	508	2214	24	2012.214286
present	-0.1966	-0.1417	1	585	2134	23	2011.176606
pressure	-0.2325	0.3225	1	1018	6676	63	2010.477108
primary	0.705	0.6627	2	789	4902	40	2011.961353
primary production	0.789	0.715	2	1001	9148	75	2012.113402
primary productivity	0.424	0.6509	2	1068	9174	78	2013.138889
principal component analysis	0.1396	-0.7464	3	339	1046	12	2010.580645
principal components	0.0683	-0.6623	3	391	1254	14	2010.402597
probability	-0.1687	-0.6761	3	567	2278	22	2011.876866
process model	1.1452	0.1997	2	492	2194	19	2012.018868
processes	0.1542	0.2517	2	1548	30124	282	2011.967406
processing	0.8501	-0.7276	3	465	1914	19	2012.577495
production	0.2194	0.6403	2	1382	18092	161	2011.637878
productivity	0.284	0.4738	2	1524	29406	257	2012.484007
profiles	0.4147	0.3993	2	634	2568	25	2010.526606
progress	0.6655	0.1466	2	453	1468	13	2012.411765
project	0.7034	-0.2022	2	810	4986	49	2012.453668
projection	0.3849	0.0863	2	1115	9312	87	2014.197635
properties	-0.0413	0.0053	3	1283	12568	118	2011.071907
proportion	-0.4542	0.2202	1	938	5122	51	2011.055556
protection	-0.5974	0.1347	1	408	1308	15	2013.352941
protocol	-0.358	-0.5701	1	350	1132	13	2014.140541
province	0.5681	-0.7979	3	457	1838	17	2010.882653
proxy	-0.0952	0.1434	4	970	6454	62	2013.127907
pulses	-0.6558	0.4535	1	357	1156	11	2011.138996
quality	-0.2156	-0.2748	1	875	4736	46	2012.741898
quantification	0.5308	0.6753	2	479	1770	16	2013.40625
quebec	-0.6628	-0.393	1	494	2104	21	2011.605769
quickbird	0.2329	-1.0395	3	360	1278	11	2014
radar	0.6168	-0.5576	3	413	1474	17	2011.711931
radial growth	-0.8466	0.2141	4	634	3608	35	2013.767442
radiation	0.8188	0.3159	2	1167	11976	104	2011.331925
radiometer	1.0959	-0.6149	3	766	5930	49	2009.009592
rain	0.3832	0.153	2	428	1350	13	2011.945455
rainfall	0.4703	0.346	4	611	2828	29	2011.97561
random	0.1034	-1.0469	3	531	2360	21	2011.403974
random forest	0.2842	-1.107	3	499	2444	21	2017.179104
range	-0.2574	-0.3321	1	1559	30350	304	2011.410547
range expansion	-1.0395	-0.0941	1	545	2522	26	2013.886364
range shifts	-0.9784	-0.3005	1	499	2208	25	2014.26087
rangifer	-0.9978	-0.081	1	674	3788	38	2013.075
rangifer tarandus	-0.9992	-0.1513	1	655	3792	39	2013
rapid	-0.4725	0.3697	1	571	2230	21	2012.463023
rapid changes	-0.1729	-0.1778	3	390	1240	11	2013.314286
rates	-0.235	0.4965	1	1469	21622	203	2011.494306
ratio	-0.0172	0.2843	2	1040	6776	67	2010.925387
rcp	0.6582	0.5458	2	484	2160	20	2016.081081
reanalysis	1.1472	-0.0594	4	577	2906	27	2012.860412
reason	-0.1442	0.3768	4	480	1640	16	2011.71371
recent	-0.209	0.0232	1	1061	8034	79	2011.804991
recommendations	0.0823	-0.4551	3	403	1366	16	2012.785714
reconstruction	-0.0374	-0.0513	4	672	3402	33	2012.728025
record	0.6242	0.0678	4	984	7180	71	2011.508365
recovery	0.0082	0.2321	2	930	6834	66	2012.7654
recruitment	-0.8071	-0.1405	1	877	6514	59	2009.700704
redistribution	0.1428	0.6493	2	555	2124	20	2011.996795
reduction	0.0791	0.5931	2	1102	8540	78	2012.202875
reflectance	0.5324	-0.6377	3	993	8032	71	2011.972414
reflectance data	0.3739	-0.8282	3	454	1784	15	2012.714286
refuge	0.0594	-0.7458	3	314	994	11	2009.78
refugia	-0.521	-0.4907	1	322	1108	11	2013.741935
regeneration	-0.5872	-0.2141	1	741	4116	40	2010.45098
regime	0.0443	0.1904	2	1369	16416	151	2010.768478
region	0.3113	-0.1764	3	1636	63032	615	2011.608772
regional climate	0.2663	0.4164	2	911	5376	48	2013.123404
regional climate model	0.5909	0.4045	2	362	1206	12	2013.665714
regional scale	0.1912	-0.371	3	711	3468	31	2012.592334
regional variations	0.1153	-0.25	4	490	1688	14	2010.712871
regression	0.4167	-0.6213	3	1204	11192	107	2011.924945
regression model	0.459	-0.3566	3	630	2792	26	2012.350785
regression tree	0.386	-0.8409	3	514	2154	20	2014.05
regulation	0.0684	0.7176	2	334	1002	11	2011.631579
reindeer	-1.0087	-0.1491	1	1016	10194	106	2012
reindeer grazing	-0.9806	0.0489	1	543	2742	30	2011.206897
reindeer herding	-0.7174	-0.3073	1	325	998	11	2012.846154
reindeer husbandry	-0.672	-0.5588	1	334	1144	12	2012.538462
reindeer rangifer tarandus	-1.1402	-0.0791	1	394	1522	16	2012.294118
relationship	0.1343	-0.2811	3	1559	30870	298	2011.52721
relative abundance	-0.9853	-0.0779	1	397	1376	14	2013.82
relative importance	-0.3843	0.2781	1	696	2932	28	2010.879562
release	0.5533	0.7579	2	818	4986	46	2012.712924
remote	0.6243	-0.6908	3	1052	10698	97	2012.899032
remote data	0.6119	-0.9449	3	388	1330	13	2013.754098
remote sensing	0.4985	-0.7114	3	1279	17558	157	2012.958159
removal	-0.5015	0.5306	1	684	3108	29	2011.470833
repeat	-0.3279	-0.4967	1	660	3024	26	2011.037288
repeat photography	-0.6778	-0.4526	1	459	1780	16	2012.421053
replacement	-0.4156	-0.3058	1	503	1736	15	2011.611111
representation	0.7725	0.1481	2	791	4532	42	2013.246886
reproduction	-0.9638	0.3433	1	670	3522	35	2010.931818
requirements	-0.2386	-0.5323	3	521	1806	19	2011.322368
res	0.455	0.6507	2	438	1680	17	2010.48537
research	0.1363	-0.4171	3	1438	20596	215	2012.25614
reserves	-0.5507	-0.1764	1	372	1118	12	2012.715328
resilience	-0.3772	-0.0657	1	687	3288	34	2014.867816
resistance	-0.6445	0.3784	1	598	2496	25	2013.068966
resolution	0.7228	-0.7204	3	1406	27956	254	2011.918993
resources	-0.3713	-0.2259	1	1088	7752	80	2013.251701
respiration	0.4894	0.9682	2	1106	13246	113	2013.448352
respiration rates	-0.1185	1.0519	2	356	1264	12	2012.580247
response	-0.1617	0.3957	1	1618	46188	434	2012.161066
retreat	0.0014	-0.2443	4	535	2010	21	2012.69985
rhododendron	-0.8349	0.1603	1	395	1330	13	2015.466667
richness	-1.0571	-0.3152	1	952	8834	90	2013.813953
ridge	-0.669	-0.3144	1	454	1504	17	2008.953586
ring	-0.5822	0.4238	4	385	1458	13	2008.776119
ring width	-0.7213	0.4902	4	516	2524	24	2013.147059
risk	-0.2084	-0.0795	1	811	4206	46	2014.229167
river	0.4687	-0.1743	2	1056	8104	77	2011.920886
road	-0.5375	-0.6999	1	375	1324	13	2013.096774
rocks	-0.6331	-0.2258	1	379	1250	14	2010.835085
rodents	-1.142	0.0223	1	325	1168	11	2010.5
role	-0.0668	0.3553	1	1472	20362	199	2012.568357
root	-0.3787	0.3688	1	1047	8434	85	2012.083538
root biomass	-0.6123	0.8527	1	381	1638	17	2012.346154
root growth	-0.7008	1.0097	1	375	1442	14	2015.105263
runoff	0.7383	0.3481	2	427	1502	14	2012.212743
russia	0.0892	-0.5411	3	1047	8072	79	2012.192015
russian	0.6928	-0.4661	3	404	1412	14	2010.807018
salix	-0.8536	0.2639	1	1102	10052	95	2013.282609
salix arctica	-0.8543	0.2851	4	335	1120	11	2013.166667
salix glauca	-1.0659	0.2581	1	421	1698	17	2013.764706
salix polaris	-0.4397	0.206	4	346	1328	12	2013.391304
salix pulchra	-0.6407	0.8261	1	470	2136	18	2015.105263
sample	-0.228	-0.5554	3	623	2548	26	2011.599617
sampling	-0.1906	-0.7374	3	846	5176	50	2012.100775
sar	0.665	-0.6131	3	381	1390	16	2011.141707
satellite	0.734	-0.6203	3	1368	23132	209	2011.755822
satellite data	0.706	-0.6395	3	1031	9084	82	2011.686028
satellite imagery	0.205	-0.9755	3	748	4520	43	2012.772222
satellite images	0.1193	-0.9337	3	706	3852	39	2011.587189
satellite observations	1.0245	-0.2654	3	767	4930	40	2012.973832
scale	0.1149	-0.484	3	1589	34580	330	2011.804989
scale patterns	-0.1254	-0.768	3	486	1814	16	2012.535211
scaling	0.0518	-0.5968	3	549	2106	20	2011.411765
scandinavia	-0.6637	-0.2984	1	473	1640	17	2009.753425
scanning	0.5455	-0.6607	3	483	1922	17	2012.580808
scar	1.015	0.1889	2	333	1186	12	2011.202899
scenarios	0.3051	0.2559	2	1268	15374	144	2012.882212
science	0.2301	-0.6897	3	546	2320	27	2005.441336
scots pine	-0.6092	-0.0184	1	481	2042	22	2010.954545
se	-0.435	-0.3536	1	405	1334	14	2011.945205
sea	0.6295	-0.1378	4	1004	7740	81	2010.929745
sea ice	0.8155	-0.0304	4	785	5208	51	2012.341204
sea ice extent	0.7337	0.2878	4	325	1176	11	2013.195775
sea level	0.7619	-0.1128	2	426	1376	13	2011.153319
season	0.1263	0.382	4	1618	49622	467	2012.178114
season length	-0.0998	0.5851	4	866	5630	52	2012.769231
seasonal changes	0.3112	0.5978	2	378	1202	11	2012.145349
seasonal cycle	1.2427	0.4695	2	418	1914	18	2011.135957
seasonal pattern	0.4028	0.538	2	460	1714	16	2011.586207
seasonal variation	0.8166	0.6011	2	451	1776	17	2011.013917
sedge	-0.4408	0.0723	3	792	4552	41	2011.763158
sediments	0.2246	-0.0582	2	357	1338	15	2011.206075
seed	-0.9494	-0.0667	1	868	6208	61	2011.58
seed dispersal	-0.8513	-0.2939	1	385	1488	16	2013.157895
seedlings	-1.0371	0.0607	1	790	5350	56	2011.917647
selection	-0.439	-0.1272	1	638	2500	27	2012.335938
senescence	-0.3143	0.2139	4	483	2080	21	2014.193548
sensible heat	0.9079	0.6129	2	478	2274	17	2010.128205
sensible heat flux	0.9795	0.6491	2	427	2018	15	2010.732283
sensing	0.6533	-0.5974	3	1126	10814	96	2012.945017
sensitivity	0.3907	0.5021	2	1296	14406	133	2012.152936
sensitivity analysis	0.708	0.5598	2	458	1730	16	2013.137681
sensors	0.8516	-0.6643	3	913	7548	64	2011.517949
sequence	-0.4096	-0.355	1	478	1626	16	2012.290017
sequestration	0.1508	0.7101	2	784	4210	38	2014.109827
series	0.6802	-0.472	3	1238	13484	126	2010.601012
service	-0.0909	-0.3146	1	667	3328	35	2013.140288
severity	0.3794	0.2315	2	900	6050	55	2012.643617
seward peninsula	-0.0858	-0.6821	3	374	1300	12	2010.410256
shading	-0.3246	0.6118	1	386	1334	14	2012.555556
shape	-0.0257	-0.748	3	485	1696	16	2010.573529
sheep	-0.928	-0.1504	1	273	916	12	2010
shift	-0.42	0.2063	1	1495	26740	252	2012.333333
shoot	-0.7869	0.6474	1	686	3638	37	2012.109091
shoot growth	-0.9341	0.6966	1	369	1564	14	2010.722222
short-term	-0.5718	0.4407	1	713	3628	35	2012.055432
shrub	-0.6065	0.1463	1	1589	49578	466	2013.638182
shrub community	-0.9621	0.4647	1	369	1280	11	2017
shrub cover	-0.3539	-0.3776	1	1054	9102	82	2013.83908
shrub dominance	-0.7809	0.1541	1	418	1648	14	2016.142857
shrub encroachment	-0.7196	-0.2063	1	696	3644	32	2015.636364
shrub expansion	-0.6613	0.3245	1	1186	12936	118	2015.104
shrub growth	-0.7708	0.5155	1	914	7774	67	2015.161765
shrub species	-0.8701	0.3413	1	957	6880	65	2015.424242
shrub tundra	-0.0011	-0.2248	3	1042	8760	75	2012.731183
shrubification	-0.4038	0.1796	1	651	3000	25	2016.72
shrubland	0.2816	-0.4145	3	605	2878	26	2012.95122
siberia	0.3437	-0.022	2	1152	10550	104	2012.538153
siberian	0.0474	0.1314	2	879	5834	57	2012.301282
siberian larch	0.4405	0.4248	2	332	1088	11	2015.866667
siberian tundra	-0.2999	0.8616	2	365	1300	11	2014.555556
signal	0.0525	0.0084	4	833	4838	47	2011.038817
significance	0.3277	-0.5471	3	606	2464	26	2011.019928
simulations	0.7342	0.5667	2	1242	15638	136	2012.277903
sink	0.7084	0.9957	2	898	8114	70	2013.060748
site conditions	-0.8928	-0.3898	1	374	1352	14	2012.4
sites	-0.3011	-0.0021	1	1622	49886	483	2011.507274
size	-0.4015	-0.2378	1	1241	10616	103	2010.965923
slope	-0.0059	-0.5318	3	1283	13272	126	2010.341082
small-scale	-0.3306	-0.633	3	534	2060	19	2011.469512
snow	-0.2215	0.4207	4	1392	18836	176	2012.043528
snow accumulation	-0.3297	0.447	4	647	2792	24	2012.351145
snow conditions	-0.4776	0.3538	1	541	2078	18	2012.128205
snow cover	-0.0582	0.5499	4	952	6722	62	2011.871212
snow depth	-0.4777	0.6979	4	808	4818	46	2013.175439
snow fences	-0.8954	0.9798	4	317	1360	12	2015.277778
snow pack	-0.2764	0.4799	1	455	1518	13	2012.039216
snow season	0.5831	0.7804	2	445	1760	16	2013
snow/ice	0.7267	-0.5326	3	441	1508	12	2012.216867
snowbeds	-0.7772	-0.4844	1	403	1468	16	2012.28
snowmelt	-0.363	0.6152	4	1027	9000	86	2012.207317
snowmelt timing	-0.8846	0.4048	1	375	1508	14	2014.238095
snowpack	-0.2055	0.6049	4	741	4002	37	2013.287234
society	0.0408	-0.5397	3	411	1364	16	2010.520354
soil	-0.0455	0.5284	2	1628	55104	505	2012.887856
soil c	0.01	0.944	2	576	2722	24	2013.963303
soil carbon	0.4323	0.8677	2	902	6882	61	2014.460993
soil conditions	-0.2707	0.4866	1	514	1868	16	2014.0625
soil layers	0.2043	0.9043	2	632	3218	26	2013.275676
soil moisture	0.1086	0.2876	2	1287	13872	121	2013.428315
soil n	-0.6267	0.8883	1	386	1434	14	2013.833333
soil nitrogen	-0.7714	0.6731	1	416	1672	15	2015.65625
soil nutrients	-0.9237	0.617	1	585	2996	28	2014.047619
soil organic matter	0.316	0.9043	2	505	2276	20	2014.61236
soil ph	-0.3337	-0.5437	3	480	1944	17	2013.036585
soil processes	-0.2533	0.8659	2	444	1776	16	2012.686275
soil properties	-0.5797	0.1939	1	602	2500	23	2014.284153
soil respiration	0.3931	1.0725	2	578	2782	22	2013.974359
soil surface	0.4643	0.667	2	644	2874	24	2012.076577
soil temperature	-0.0816	0.7525	2	1171	11640	106	2013.124498
soil water	0.2849	0.5438	2	674	3264	29	2012.424242
soil water content	0.2274	0.5655	2	383	1280	11	2012.810127
solar radiation	0.6328	0.2334	2	709	3510	32	2011.997753
solution	-0.1231	-0.5124	1	374	1130	12	2010.22668
source	0.3908	0.2652	2	1317	13740	128	2011.544715
south	0.2954	-0.1045	4	920	5456	57	2009.816077
south america	1.1383	-0.0259	2	354	1312	12	2010.900662
southern	0.5613	-0.3868	4	572	2160	21	2011.247603
southern oscillation	1.273	-0.0259	4	414	1788	15	2011.761165
southwest	-0.732	0.0042	1	352	1102	12	2010.224324
space	0.1911	-0.4148	3	1083	7712	72	2011.281958
span	-0.1241	-0.0464	4	387	1110	11	2012.134921
spatial	0.4701	-0.4729	3	904	5618	55	2011.877747
spatial distribution	0.357	-0.5631	3	768	3980	37	2012.602028
spatial extent	0.2848	-0.6749	3	376	1194	11	2012.475806
spatial heterogeneity	0.4291	-0.2199	3	685	3414	31	2014.478261
spatial patterns	0.5008	-0.3373	3	995	6670	65	2012.024523
spatial resolution	0.6549	-0.8516	3	1002	8822	76	2012.877034
spatial scales	-0.0625	-0.5006	3	950	6010	57	2012.42723
spatial variability	0.3921	-0.1426	3	708	3216	26	2011.858628
spatial variation	-0.2333	-0.3176	3	686	2974	27	2011.835735
spatiotemporal	0.5917	-0.2848	4	325	1116	11	2015.084746
spatiotemporal variations	0.9654	-0.1026	4	345	1264	13	2015.945455
species	-0.7621	-0.0333	1	1609	59034	607	2011.629341
species abundance	-0.9338	-0.2109	1	362	1184	13	2012.15625
species assemblages	-0.757	-0.601	1	356	1294	12	2012.928571
species change	-0.7716	-0.466	1	496	2094	21	2013.791667
species composition	-0.6544	-0.3424	1	953	6508	60	2011.337662
species distribution	-0.779	-0.5442	1	907	7128	72	2013.282486
species distribution models	-0.717	-0.6928	1	466	2570	26	2015.268293
species diversity	-0.9456	-0.5139	1	439	1740	18	2011.076923
species interactions	-1.1412	-0.1171	1	452	1916	22	2013.433962
species range	-0.9426	-0.335	1	462	1974	21	2011.666667
species responses	-1.0262	0.3411	1	548	2356	23	2014.096154
species richness	-1.0484	-0.3096	1	932	8886	91	2013.089796
species traits	-1.081	-0.2105	1	353	1186	13	2015.619048
specimens	-0.894	-0.1894	1	296	970	13	2012.251232
spectral	0.0971	-0.581	3	420	1544	15	2011.032967
spectral data	0.19	-1.0639	3	353	1230	11	2011.857143
spectral indices	0.3156	-0.738	3	304	1164	13	2013.722222
spectral reflectance	0.4168	-0.6106	3	481	2198	19	2010.348837
spectroradiometer	1.0987	-0.4978	3	831	6616	57	2013.108209
spectroscopy	0.4011	-0.7912	3	356	1386	13	2012.548387
spectrum	0.1262	-0.5054	3	482	1774	17	2010.348901
sphagnum	-0.4854	0.3613	1	429	1698	17	2011.862069
spitsbergen	-0.5058	-0.4666	4	354	1440	16	2012.274752
spots	0.3202	-0.8107	3	533	2204	22	2012.598985
spread	-0.4076	-0.0712	1	608	2658	27	2013.442623
spring	0.2433	0.4732	4	1362	20424	194	2011.445356
spring phenology	0.74	0.1686	4	384	1432	14	2015.235294
spring temperature	-0.2943	0.7162	4	372	1376	14	2012.913043
spruce	-0.1792	0.2207	1	1095	10160	95	2011.285714
spruce forests	0.4432	0.5101	2	573	2864	26	2010.921569
stability	-0.4395	-0.175	1	725	3510	36	2011.601934
stage	-0.4968	0.0902	1	832	3974	38	2011.432692
stand density	-0.6648	-0.5198	1	315	1116	11	2010.727273
standard deviation	0.8271	-0.4189	3	400	1330	12	2011.034783
state	0.0652	-0.0723	1	1083	7748	78	2012.176355
stations	0.6116	-0.3893	4	737	4358	44	2010.728667
statistical model	0.2365	-0.4966	3	390	1204	13	2011.85
statistics	0.5579	-0.5131	3	651	3166	31	2010.724252
stature	-0.7821	0.0169	1	399	1272	13	2012.071429
status	0.0682	-0.2472	3	648	2722	28	2011.737569
stem	-0.7486	0.2455	1	922	6498	64	2012.710526
steppe	0.3347	-0.2569	3	446	1876	20	2014.242857
steps	0.6914	-0.0463	2	424	1376	12	2012.015873
stock	0.1952	0.8198	2	887	6428	59	2011.522491
stomatal conductance	0.3477	0.8505	2	531	2248	21	2013.24
storage	0.262	0.7943	2	944	6856	63	2013.435429
strategies	-0.2657	-0.0344	1	941	5686	59	2013.49449
strength	0.4145	0.4837	2	848	4726	45	2011.147674
stress	-0.1991	0.5704	4	960	6578	63	2010.771906
structure	-0.514	0.0213	1	1474	22210	217	2010.587788
sub-arctic	-0.9264	0.0488	1	513	2088	22	2008.357143
subalpine	-0.8814	-0.2739	1	437	1604	19	2010.692308
subarctic	-0.6495	-0.263	1	834	4376	44	2012.483254
subarctic ecosystems	-0.462	0.168	1	369	1236	12	2014.772727
substrate	-0.5139	-0.3232	1	494	1874	19	2012.694517
succession	0.2197	0.065	2	851	5242	47	2012.128814
suitability	-0.1714	-0.3739	1	585	2266	21	2012.969697
suitable habitat	-0.4962	-0.6914	1	438	1766	17	2014.057143
summer	-0.0605	0.3164	4	1584	36590	339	2011.747886
summer precipitation	-0.4847	0.5989	4	413	1412	12	2012.772727
summer temperatures	-0.4208	-0.07	4	1159	11670	106	2011.835484
summer warming	-0.4026	0.6867	1	561	2388	20	2014.4
summer warmth	0.3964	-1.0086	3	456	2280	19	2011.56
summer warmth index	0.5754	-0.983	3	361	1688	13	2011.384615
supply	-0.0831	0.471	1	636	2692	27	2011.339312
support	0.0244	-0.467	3	810	3882	38	2012.160714
suppression	0.4365	0.0461	2	334	1040	11	2012.954545
surface	0.7862	-0.0264	2	1527	35212	310	2011.274886
surface air	1.0256	0.0343	4	585	2748	22	2012.202151
surface air temperature	1.0254	0.0312	4	585	2748	22	2012.177381
surface albedo	0.6896	0.5477	2	749	4844	42	2012.661808
surface energy	0.8681	0.5571	2	801	5178	39	2012.765396
surface energy balance	0.7577	0.6292	2	529	2370	18	2012.916667
surface energy budget	1.2031	0.529	2	367	1442	11	2013.283019
surface layer	0.7989	0.3978	2	391	1294	12	2009.563452
surface processes	0.5778	-0.0988	2	389	1292	12	2013.341085
surface reflectance	0.5065	-0.4852	3	425	1466	13	2013.116667
surface temperature	0.8844	-0.2233	3	938	7052	61	2011.552855
surface waters	0.9928	-0.2125	3	403	1402	11	2010.917469
survey	-0.4339	-0.6313	1	879	5018	50	2010.854962
survival	-0.9688	0.1561	1	786	4770	50	2011.249489
sustainability	-0.5321	-0.3831	1	321	1084	14	2012.428571
svalbard	-0.3757	-0.186	4	822	5762	60	2012.982836
sweden	-0.7738	0.1078	1	856	5160	57	2011.298755
swi	0.5545	-0.9995	3	360	1568	12	2012.928571
sylvestris	-0.6346	-0.0669	1	478	1986	21	2012.136364
synthesis	-0.5636	0.461	1	866	4986	44	2012.494924
system	0.4575	0.0983	2	1513	25052	230	2012.244703
system models	0.8627	0.6292	2	692	3782	32	2015.409091
taiga	0.3809	-0.3931	3	725	3822	36	2010.772152
tall shrubs	-0.7238	-0.35	1	793	5128	46	2014.618182
techniques	0.2307	-0.764	3	1085	8576	85	2010.995925
technology	0.2774	-0.7662	3	528	2010	20	2013.19378
teleconnection	1.1996	0.0097	4	361	1426	12	2012.106926
temperate	0.5524	0.224	2	987	7532	73	2011.666667
temperate forests	0.6405	-0.3323	3	447	1642	15	2011.285714
temperate regions	0.5912	0.1953	2	494	1716	17	2011.4875
temperature	-0.0197	0.2734	4	1637	80804	773	2011.477652
temperature changes	0.1395	0.3815	4	643	2932	26	2012.055092
temperature conditions	-0.6373	-0.2037	1	386	1314	13	2012.260563
temperature data	0.4425	-0.3095	4	477	1778	17	2009.906752
temperature factor	-0.0625	-0.1111	4	378	1266	11	2012.108696
temperature gradient	-0.3634	-0.3226	1	594	2514	24	2011
temperature increase	-0.0971	-0.1082	4	642	2886	27	2011.880309
temperature precipitation	0.3973	0.3138	4	1129	9850	93	2012.677122
temperature response	0.4617	0.9682	2	318	1146	13	2012.819767
temperature sensitivity	0.273	0.7669	4	359	1264	12	2014.397436
temperature trends	1.0188	-0.5701	3	390	1510	14	2012.249147
temperature variability	-0.2529	0.477	4	385	1278	12	2012.481229
temperature variations	0.2982	0.4001	4	515	1906	17	2010.665354
temporal	0.3947	-0.8233	3	423	1510	14	2010.883534
temporal dynamics	0.3557	-0.3335	3	553	2130	17	2014.233333
temporal patterns	0.3492	-0.032	4	692	3266	29	2011.927711
temporal trends	0.7171	-0.2627	3	500	2016	19	2012.885417
temporal variability	0.5531	-0.0966	4	544	2044	19	2011.288462
temporal variations	0.6076	-0.6052	3	602	2554	24	2011.722063
terms	-0.0031	0.0502	3	1257	10010	94	2011.105954
terrain	-0.12	-0.7122	3	784	3904	38	2011.88664
terrestrial	0.8534	0.4231	2	938	7626	71	2012.64094
terrestrial biosphere	1.0989	0.4335	2	541	2692	26	2011.326923
terrestrial carbon	1.0297	0.613	2	801	6066	54	2013.911765
terrestrial carbon cycle	0.9952	0.6769	2	480	2230	20	2013.939394
terrestrial ecosystem model	0.9565	0.9212	2	455	2206	18	2013.241379
terrestrial ecosystems	0.8268	0.4085	2	1157	12344	114	2013.432836
terrestrial vegetation	0.8847	0.173	2	506	1848	15	2012.354839
territories	-0.2582	-0.7107	1	750	4220	38	2011.376997
tetragona	-0.7346	0.5122	4	533	2552	22	2013.714286
thaw	0.2139	0.6433	2	1055	8738	75	2013.405618
thaw depth	-0.0589	0.8368	2	585	2752	23	2011.907895
thawing	0.3526	0.6996	2	718	3502	32	2013.173362
thematic mapper	0.682	-0.9247	3	335	1188	12	2009.213115
theory	-0.5947	0.3322	1	463	1636	17	2009.714706
thermal	0.3935	0.5786	2	468	1876	17	2011.557652
thermal regime	0.4105	0.5028	2	511	2068	16	2011.654434
thickness	-0.1365	0.7514	2	759	4230	39	2010.814467
threat	-0.5033	-0.3606	1	578	2208	22	2013.121076
threshold	-0.3366	-0.1989	1	881	4812	51	2012.8
tibetan plateau	0.2746	0.4669	4	627	3184	34	2014.317191
timberline	-0.8468	-0.5518	1	404	1680	20	2007.571429
time	0.2213	-0.1709	3	1606	37846	364	2011.191579
time scales	0.2018	-0.466	3	659	2938	27	2011.351464
time-series analysis	0.7716	-0.4999	3	1124	11634	107	2010.95228
timescales	0.2082	-0.0935	2	426	1376	13	2011.525048
timing	-0.1555	0.5622	4	1243	12986	125	2012.348348
tissue	-0.6768	0.5773	1	653	2944	29	2011.777778
tm	0.4171	-1.0729	3	494	2282	22	2009.121951
tolerance	-0.869	0.363	1	547	2238	25	2013.120192
toolik	-0.2224	-0.1707	3	359	1302	12	2012.777778
toolik lake	-0.3701	0.0432	3	383	1334	12	2012.833333
tools	-0.0074	-0.7523	3	613	2784	28	2013.795322
topography	-0.215	-0.5167	3	1041	7480	70	2010.120382
tower	1.1971	0.3436	2	501	2444	19	2012.616667
trace	0.5776	0.3449	2	399	1302	11	2011.307692
trade-off	-0.5667	0.1034	1	398	1282	12	2013.210526
training	0.5774	-1.1706	3	337	1302	12	2011.833333
traits	-0.8042	0.1828	1	1013	7912	81	2014.46
trajectories	0.2048	0.1837	2	745	3650	32	2011.384117
transect	-0.3127	-0.6951	3	978	6816	65	2011.199708
transfer	0.4231	0.2833	2	596	2390	23	2010.678679
transformation	-0.2132	-0.9559	3	376	1374	13	2011.951786
transient	0.309	0.5399	2	452	1674	14	2011.104545
transition	-0.1293	-0.3523	1	1268	13292	124	2011.648928
transition zone	0.0382	-0.807	3	549	2380	22	2010.954545
transpiration	0.5711	0.8076	2	517	2254	19	2011.8125
transport	0.6707	0.6395	2	439	1766	19	2010.537155
treatment	-0.7444	0.7655	1	983	8578	79	2012.769355
tree cover	0.3477	-0.6828	3	562	2616	25	2013.692308
tree establishment	-0.7362	-0.3805	1	352	1386	14	2011.266667
tree growth	-0.5828	0.0527	1	730	3900	36	2012.596154
tree height	-0.4696	-0.5661	1	374	1474	15	2011.75
tree line	-0.4578	-0.4902	1	963	6952	68	2011
tree rings	-0.4262	0.4116	4	510	2094	20	2011.553398
tree species	-0.7211	-0.1383	1	896	5774	55	2012.833333
treeline	-0.7206	-0.1878	1	1222	15826	166	2011.975
treeline advance	-0.7009	-0.2738	1	423	1746	17	2011.125
treeline dynamics	-0.7834	-0.1136	1	476	2038	22	2012.652174
treeline ecotone	-0.8759	-0.2555	1	649	3762	40	2012.952381
trees	-0.4301	-0.2519	1	1495	27430	283	2012.336557
trend analysis	0.6975	-1.1297	3	315	1222	12	2013.09434
trends	0.3965	-0.1921	4	1564	33348	319	2012.269204
trophic interactions	-1.0869	-0.0192	1	292	1110	15	2013.454545
tropics	0.9858	0.4064	2	524	2216	21	2010.699313
tundra	-0.159	0.0049	3	1636	71058	671	2013.196825
tundra biome	-0.2416	-0.347	3	756	4356	40	2015.191489
tundra ecosystems	-0.1553	0.2577	3	1333	17560	156	2014.391837
tundra ecotone	-0.8624	-0.5006	1	800	5600	55	2013.174603
tundra environments	-0.3648	-0.7575	3	414	1538	15	2013.666667
tundra fire	0.5862	0.3068	2	490	2252	22	2014.375
tundra heath	-0.7659	0.7894	1	453	1752	16	2014.65
tundra plant communities	-1.0652	0.2287	1	605	3222	31	2014.677419
tundra plants	-0.9392	0.5807	1	379	1244	11	2015.466667
tundra soils	-0.1501	0.8248	2	563	2360	22	2013.178218
tundra vegetation	-0.1397	-0.1994	3	1361	18114	161	2013.243523
tundra zone	-0.3212	-0.8694	1	412	1530	15	2011.32
turnover	-0.1874	0.6982	2	752	4128	41	2013.246637
tussock	-0.6242	0.4027	1	557	2504	23	2012.65
tussock tundra	-0.5154	0.4714	1	523	2446	21	2013.815789
twentieth century	0.281	0.2128	4	521	1938	17	2012.145055
types	0.142	-0.3264	3	1562	31032	284	2011.720352
uncertainty	0.7375	0.2649	2	1140	10264	95	2013.221957
understory	-0.164	0.3092	1	528	1984	17	2013.380952
ungulates	-0.804	-0.186	1	349	1174	12	2013.066667
united states	0.7606	-0.5702	3	419	1422	14	2011.349593
upland	-0.0811	0.1768	2	617	2610	21	2012.932039
upscaling	0.8373	-0.184	3	479	2166	19	2014.714286
uptake	0.4232	1.005	2	1075	11464	101	2012.895082
urals	-0.5513	-0.2894	1	396	1550	16	2015.346535
usa	0.1023	-0.1511	3	858	4926	50	2010.335681
utility	0.3545	-0.518	3	430	1454	14	2012.942222
vaccinium	-0.9903	0.6402	1	596	3158	31	2012.108696
vaccinium myrtillus	-1.0678	0.6213	1	406	1724	17	2011.833333
validation	0.7815	-0.6347	3	806	5330	48	2012.727575
valley	-0.2721	-0.5182	3	789	4062	38	2011.024
values	0.4299	-0.3651	3	1483	21138	202	2010.746562
variability	0.2568	-0.1037	4	1609	41372	381	2011.545737
variance	-0.0169	-0.242	4	732	3514	33	2010.046067
variations	0.1273	-0.0162	4	1601	39478	380	2010.901917
vascular	-0.7274	0.0135	1	758	3858	37	2011.532787
vascular plants	-0.7484	-0.0389	1	1101	9254	92	2011.583643
vector	0.5721	-0.8634	3	411	1464	14	2010.835404
vegetation	0.1661	-0.1828	3	1646	108462	1041	2012.521246
vegetation activity	1.1023	0.1239	4	522	2632	25	2011.571429
vegetation biomass	0.3693	-0.2601	3	642	2900	26	2013.083333
vegetation changes	-0.026	-0.3062	3	1385	18352	168	2012.638655
vegetation characteristics	-0.0502	-0.6188	3	449	1660	15	2013.5
vegetation classification	0.0705	-1.0403	3	428	1758	19	2010.954545
vegetation communities	-0.286	-0.7657	3	770	4624	39	2012.794521
vegetation composition	-0.2978	0.3769	1	787	4164	38	2014.322581
vegetation cover	0.102	-0.7345	3	1036	7934	76	2012.287671
vegetation distribution	0.5606	-0.0848	2	715	3480	31	2012.326531
vegetation dynamics	0.5823	0.1536	2	1216	12024	103	2012.992701
vegetation effects	-0.5514	0.4591	1	533	2176	20	2011.148148
vegetation feedbacks	0.5573	0.4248	2	443	1630	15	2013.904762
vegetation greenness	0.9435	-0.1394	4	681	3970	35	2013.461538
vegetation growth	0.7602	0.2163	4	800	4944	44	2013.945205
vegetation height	-0.4678	-0.542	3	355	1138	11	2014.363636
vegetation index	0.7462	-0.5207	3	1400	26224	236	2013.03169
vegetation indices	0.5498	-0.7135	3	701	4474	39	2013.6
vegetation mapping	0.1193	-1.0385	3	520	2490	24	2011.46875
vegetation maps	0.275	-0.9319	3	743	4440	42	2009.54386
vegetation model	0.6475	0.3579	2	1017	8222	71	2012.224719
vegetation patterns	-0.3824	-0.794	3	679	3208	33	2012.021739
vegetation phenology	0.8779	-0.2542	3	557	2658	23	2014.576923
vegetation plots	-0.4073	-0.8111	3	401	1302	11	2013.384615
vegetation productivity	0.8988	0.1304	4	961	7814	66	2014.518072
vegetation properties	0.3427	-0.4801	3	398	1312	12	2011.818182
vegetation recovery	0.7209	0.0774	2	394	1606	15	2013.916667
vegetation response	-0.2093	0.2909	4	802	4330	39	2012.759259
vegetation shifts	-0.2799	0.452	1	680	3364	29	2015.117647
vegetation state	-0.8932	0.237	1	419	1628	16	2013.052632
vegetation structure	-0.0701	-0.1415	2	698	3372	31	2012.930233
vegetation types	0.2133	-0.378	3	1275	13322	124	2012.763948
vegetation zones	0.3289	-0.5811	3	479	1824	18	2008.041667
vertebrates	-1.2947	0.1043	1	319	1152	12	2011.898305
very high resolution	0.9558	-0.8117	3	618	3768	33	2006.45098
viability	-0.9028	-0.1957	1	447	1856	18	2012.44
voles	-1.2667	0.2079	1	330	1298	12	2011.5
volume	-0.201	-0.4969	3	606	2364	24	2010.936662
vulnerability	0.1622	0.5079	2	745	3464	33	2013.925926
warm	0.0035	0.6394	4	494	1850	18	2011.29985
warming	-0.203	0.3902	1	1626	50920	482	2012.978577
warmth	0.1455	-0.6523	3	681	3470	30	2011.625
water	0.3698	0.2002	2	1492	23792	220	2010.775054
water availability	0.0084	0.5447	4	530	2114	20	2013.394958
water balance	0.4615	0.0747	2	407	1348	12	2012.68
water content	0.2427	0.4559	2	530	2102	19	2011.363839
water equivalent	0.2115	-0.678	3	357	1278	11	2012.877005
water stress	0.2129	0.7945	2	355	1244	12	2013.352941
water use	0.4835	0.8126	2	407	1560	17	2012.44186
water use efficiency	0.5452	0.8401	2	341	1266	14	2013.473684
watersheds	0.3486	-0.3435	3	403	1388	12	2012.420863
wave	0.0806	0.1675	4	460	1564	16	2010.934812
weather	0.3892	0.1589	4	1110	8472	81	2012.202602
weather conditions	0.0806	0.2708	4	414	1392	14	2012.712
weather stations	0.7364	-0.1308	4	440	1506	12	2012.035461
weight	-4e-04	-0.6686	3	400	1320	14	2010.632353
west greenland	-0.2833	0.6907	4	462	1964	20	2011.434211
wet sedge	0.0068	0.2553	3	350	1256	11	2011.304348
wetlands	0.3473	0.0757	2	937	5704	51	2014.02029
wetness	0.5563	-0.9224	3	472	1912	16	2013.12
white	-0.6169	0.0221	1	291	916	11	2010.307692
white spruce	-0.6474	0.1142	1	511	2604	25	2010.25
wildfire	0.5382	0.0811	2	1041	9052	87	2014.10177
wildlife	-0.12	-0.6731	3	795	4536	41	2014.821053
wildlife habitat	0.1619	-0.6517	3	418	1448	11	2014.705882
willow	-0.881	0.0607	1	822	5010	49	2011.921875
wind	-0.2296	-0.234	1	753	3604	40	2010.366929
winter	-0.3816	0.4348	1	1465	24262	231	2011.016141
winter climate	-0.7932	0.574	1	507	2342	21	2011.949438
winter climate change	-0.8742	0.7613	1	329	1294	11	2014
winter precipitation	-0.7177	0.3816	4	495	2024	17	2012.153374
winter temperatures	-0.5226	0.5135	1	697	3402	33	2011.726962
winter warming	-0.6586	0.8724	1	398	1690	15	2013.409836
wood	-0.4641	0.1289	1	677	3116	32	2010.985401
woodland	-0.207	-0.0601	1	676	3192	31	2010.576923
woody	-0.6304	0.0891	1	1081	8722	87	2013.412698
woody plants	-0.761	0.1136	1	682	3286	34	2014.738095
woody vegetation	-0.6247	-0.4395	1	521	2088	20	2014.653846
work	0.0122	-0.1897	1	842	4476	45	2012.585814
world	-0.0419	-0.1223	1	1116	7842	79	2011.293273
worldview-2	0.2808	-1.1602	3	398	1826	16	2016.142857
yamal	-0.5131	-0.7944	1	378	1466	13	2014.257143
yukon	-0.1921	-0.5445	1	669	3176	31	2011.735915
zackenberg	-0.6412	0.2724	4	514	2412	25	2014.219512
zone	-0.0559	-0.4326	1	1422	17316	173	2010.917256
