id	x	y	cluster	weight<Links>	weight<Total link strength>	weight<Keyword count>	score<Avg year>
16s rrna gene	-1.4122	-0.2857	3	270	1226	14	2014.413989
2 degrees c	-0.4363	-0.5264	3	419	1516	15	2011.898305
20th century	0.1684	0.3668	1	635	2894	29	2011.125
abundance	-1.0383	-0.0834	3	1023	8346	79	2012.159769
acceleration	0.0072	0.6222	1	403	1270	12	2012.217042
access	0.0828	0.4207	4	550	2134	21	2013.769679
accumulation	-0.5747	0.1581	1	1346	13022	120	2011.1675
accumulation rates	-1.0415	0.0621	1	489	2002	17	2010.201613
accuracy	0.7122	0.2581	4	1136	11008	109	2012.031588
acids	-1.1739	-0.4156	3	404	1686	15	2009.964637
acquisition	0.3123	0.686	4	428	1416	14	2012.112069
action	-0.1756	0.3847	1	423	1364	15	2009.595808
active layer	0.326	-0.1284	2	1725	70216	651	2012.332634
active layer depth	0.0977	-0.6279	3	943	5894	51	2011.505882
active layer detachments	-0.6713	0.6012	1	517	2160	19	2014.133333
active layer dynamics	0.3943	-0.5631	2	481	2022	18	2013.222222
active layer soils	0.1433	-0.706	3	1002	7658	64	2014.593407
active layer thaw	0.4328	0.2669	2	552	2360	22	2011.074074
active layer thickness	0.8541	-0.2237	2	1432	24836	228	2013.05
activity	-0.2452	0.0526	1	1535	20344	196	2011.741747
adaptation	0.5065	-0.2819	2	536	2430	27	2013.458029
addition	0.0337	-0.2577	2	1447	15068	141	2012.072879
advance	0.4209	0.2885	4	664	2812	29	2012.223684
advection	0.7046	-0.0425	2	415	1508	14	2010.324162
aerial	-0.2363	0.725	1	412	1436	13	2012.465517
aerial photographs	-0.2267	0.9286	1	587	2616	23	2010.535714
aerial photography	-0.1924	0.8724	1	407	1430	13	2010.65
age	-0.8489	0.2379	1	1052	8286	80	2010.368729
aggradation	-0.5043	0.7637	1	754	4204	38	2012.058824
agreement	0.6325	-0.1449	2	1059	7948	74	2010.554303
air	0.7353	-0.0558	2	1636	44984	431	2011.976061
air temperature	0.825	-0.0607	2	1592	39404	377	2012.218924
air temperature changes	0.769	-0.7942	2	395	1486	13	2012.416667
aircraft	0.1483	-0.4215	4	337	1234	12	2010.584541
al	-0.5383	-0.1573	3	614	2542	25	2010.555118
alas	-0.58	0.3935	1	350	1180	11	2014.071429
alaska	-0.2539	0.1811	1	1685	49980	479	2010.597746
alaska north slope	-0.1751	0.1127	4	857	5306	48	2011.71978
alaskan	-0.4022	-0.2471	3	1032	8492	76	2011.071579
alaskan arctic	-0.1363	-0.2287	3	624	3242	30	2012.864583
albedo	0.8237	-0.5327	2	624	3054	25	2012.060567
algorithm	0.7047	0.0319	4	861	5076	50	2011.916828
alpine	0.3868	-0.7229	3	1079	12078	118	2012.280161
alpine ecosystems	-0.143	-0.9572	3	407	1878	18	2014.650794
alpine grassland	0.0518	-0.954	3	568	3348	32	2015.446809
alpine meadow	0.3752	-0.9029	3	788	7078	65	2014.918605
alpine permafrost	0.6576	-0.2758	2	519	2314	23	2011.692308
alpine steppe	0.0785	-1.046	3	553	3306	32	2015.74359
alt	1.074	-0.3946	2	938	8602	76	2014.876404
alteration	-0.0228	0.5331	1	417	1362	12	2012.662651
altitude	1.0879	-0.2485	2	580	2816	28	2011.218807
america	0.4099	0.1157	2	859	4728	43	2011.440252
amplitude	0.9335	-0.1049	2	768	4534	43	2010.372165
anaerobic	-1.2759	-0.3336	3	382	1538	13	2012.16
anaerobic conditions	-1.1792	-0.3586	3	402	1762	16	2013.413793
analysis	-0.0288	0.1479	1	1741	50834	491	2011.656462
analytical solution	1.1651	-0.1449	2	354	1486	15	2010.041096
ancient	-1.0238	-0.0708	3	296	984	12	2012.618557
annual	0.3378	0.5874	1	538	2218	22	2010.264808
annual precipitation	0.1041	-0.5808	3	492	2030	20	2011.851852
annual temperature	0.6809	0.1718	2	639	3226	32	2010.649254
annual variability	0.2745	0.0955	1	457	1608	15	2012.096045
anomaly	0.3753	-0.4607	2	601	2478	22	2010.997204
antarctic	0.671	-0.2037	2	354	1178	12	2010.797819
antenna	0.7733	0.568	4	277	1030	13	2010.984127
application	0.5705	0.1305	4	1227	10898	107	2012.361823
approach	0.1557	0.0704	4	1548	22926	220	2013.011682
approximation	0.8531	-0.3924	2	326	1056	12	2011.077491
aquatic ecosystems	-0.7382	0.4977	1	598	2732	26	2013.963964
aquifer	0.6942	0.6526	1	448	2064	21	2013.608247
archaea	-1.4559	-0.1466	3	271	1026	11	2013.73913
archives	-0.1464	0.7268	1	444	1440	12	2012.62249
arctic	-0.3351	0.0987	1	1747	80236	785	2012.189504
arctic alaska	-0.4536	0.3898	1	778	4292	42	2012.700935
arctic areas	0.0543	-0.4271	2	637	2724	22	2012.19708
arctic canada	-0.1154	0.8217	1	533	2346	25	2010.042017
arctic climate	-0.1212	-0.1219	1	1096	8048	74	2013.150824
arctic climate change	-0.4216	-0.2546	1	550	2096	19	2014.55814
arctic coast	-0.114	0.9315	1	389	1528	17	2011.666667
arctic coastal plain	-0.3736	0.4657	1	929	6784	65	2011.328947
arctic ecosystems	-0.5724	-0.4253	3	915	5892	51	2014.429967
arctic environments	-0.2312	0.6074	4	421	1432	14	2012.708108
arctic foothills	-0.4979	0.173	1	392	1518	15	2006.75
arctic freshwater	-0.6694	0.448	1	444	1680	16	2012.838983
arctic hydrology	0.0138	0.6228	1	479	1742	14	2013.04
arctic ice	-0.6172	0.3998	1	615	2482	22	2013.034188
arctic lakes	-0.4405	0.5465	1	828	5438	58	2013.72807
arctic landscapes	-0.618	0.3719	1	520	2016	20	2014.355556
arctic ocean	0.0086	0.0389	1	542	2210	21	2010.893127
arctic permafrost	-0.6432	-0.1337	3	1144	9768	88	2014.890173
arctic regions	-0.0764	-0.1403	4	1225	9910	93	2013.278834
arctic rivers	0.0615	0.8413	1	478	2410	24	2011.739496
arctic soils	-0.6731	-0.5116	3	859	5578	55	2013.785276
arctic tundra	-0.5817	-0.345	3	1255	13274	118	2013.816872
arctic tundra soils	-1.0958	-0.384	3	381	1572	13	2011.967742
arctic warming	-0.8729	-0.2506	3	582	2748	24	2014.481818
arctic waters	-0.0671	0.6448	1	489	1670	14	2011.466431
arctic watersheds	-0.2581	0.9044	1	342	1348	13	2013.485714
arctic wetlands	-0.1533	-0.0453	4	576	2716	24	2015.222222
area	0.1217	0.1349	4	1762	88120	861	2011.37466
areal extent	0.2388	0.0279	2	484	1974	21	2010.011364
array	-0.0547	0.3989	4	591	2426	20	2011.101235
asia	0.9242	-0.2743	2	425	1630	17	2013.012594
aspect	0.5657	0.1962	4	669	3148	31	2011.749104
assemblages	-0.9922	0.436	1	401	1456	14	2012.247588
assessment	0.3324	-0.1075	4	1260	12134	120	2013.024899
assimilation	0.0533	-0.8037	3	404	1294	11	2012.629787
association	-0.1904	-0.0021	3	762	3518	38	2011.081886
atmosphere	-0.3642	-0.5558	3	1472	23616	221	2011.581199
atmospheric methane	-0.6718	-0.111	4	463	2014	21	2013.325
attention	-0.0843	-0.2584	4	823	4084	43	2012.917808
autumn	0.9142	-0.3351	2	731	4390	41	2011.726708
availability	-0.6977	-0.0403	3	1214	10552	93	2012.908905
backscatter	0.2389	0.7423	4	515	2622	23	2011.126712
bacteria	-1.2882	-0.3649	3	385	1594	16	2012.900394
balance	0.0679	-0.3643	3	1516	22868	199	2011.539286
balance model	0.3271	0.4931	1	421	1476	12	2011.842391
banks	-0.6067	0.6995	1	402	1450	15	2009.070423
barrow	-0.0422	-0.1177	4	1055	10000	90	2011.224344
barrow alaska	-0.2331	-0.1794	3	883	6716	60	2010.863014
basal	-0.6106	0.1748	1	549	1950	17	2012.568254
base flow	0.36	0.8972	1	376	1588	15	2012.133333
baseflow	0.248	0.8943	1	388	1662	16	2015.25
baseline	0.4436	0.1837	4	900	5190	47	2012.74934
basin	0.1447	0.4656	1	1570	26600	249	2010.09645
bay	-0.1626	0.8092	1	810	4964	51	2010.11814
beaufort	-0.4087	0.9461	1	338	1194	12	2010.621769
bed	0.0991	0.9835	1	319	1130	12	2012.649281
bedrock	0.3561	0.2579	4	597	2320	23	2011.093588
behavior	0.4259	0.4293	4	656	2800	27	2011.103784
behaviour	0.1419	0.569	1	417	1380	13	2010.943662
beiluhe basin	0.9699	0.5242	2	383	1750	17	2015.470588
belowground	-0.6963	-0.9621	3	400	1582	14	2014.25
bias	0.8049	-0.5745	2	815	5292	42	2013.065051
biases	0.8314	-0.6979	2	545	2562	22	2013.826211
biodiversity	-0.1423	0.1554	1	464	1672	17	2013.864286
biogeochemical cycles	-0.7103	0.0897	1	499	1692	15	2013.854651
biogeochemical model	-0.4421	-0.8629	3	449	1958	17	2014.390805
biogeochemical processes	-0.232	-0.3962	4	582	2374	22	2013.733333
biogeochemistry	-0.4473	-0.3805	3	804	4342	42	2014.025316
biomarker	-1.2473	-0.0569	3	454	1924	17	2012.628169
biomass	-0.6816	-0.7043	3	965	8278	77	2012.021332
biomass carbon	-0.7069	-0.918	3	360	1512	14	2014.015385
biomes	-0.3127	-0.6325	3	612	2540	22	2013.216867
birch	-0.2098	0.5078	1	318	1080	11	2012.15
black spruce	-0.4871	-0.4321	3	602	3176	28	2011.309524
body	0.0109	0.7648	1	1119	9558	91	2011.227462
bog	-0.5221	0.333	1	874	6064	53	2013.827273
boreal	-0.2765	-0.2434	3	1309	15028	135	2012.614137
boreal ecosystems	-0.3885	-0.6395	3	453	1786	15	2012.4
boreal forest	-0.3226	-0.3391	3	1044	8688	75	2011.745283
boreal region	-0.1969	-0.7481	3	407	1480	13	2012.73913
borehole	0.9423	0.2151	2	841	5918	58	2012.604563
bottom temperature	0.6594	0.6314	2	315	1092	11	2010.236559
boundary	0.4479	0.3523	4	957	6552	67	2008.420868
boundary conditions	1.0163	-0.107	2	664	3688	33	2010.430736
bounty	-0.7821	0.5517	1	333	1424	13	2011.592593
bp	-0.8144	0.6094	1	686	4142	39	2012.006369
bubbles	-0.4128	0.4494	4	431	2208	22	2010.153846
budget	-0.0344	-0.5287	3	1238	12656	115	2011.153068
building	0.7216	0.221	2	343	1160	12	2011.116071
bulk density	-0.5074	-0.4615	3	805	4912	43	2012.173913
burial	-0.8181	0.0326	1	481	1708	15	2012.020619
c balance	-0.6987	-0.9257	3	568	3058	24	2014.697674
c cycle	-0.7437	-0.8664	3	470	2028	17	2015.142857
c source	-0.4641	-1.0483	3	369	1418	12	2014.333333
c stocks	-1.0393	-0.4035	3	421	1582	13	2015.137931
c-13	-1.0892	-0.1071	3	763	4682	42	2013.180371
c-14	-1.0019	8e-04	3	726	4146	41	2010.938406
c-band	0.2019	0.8079	4	360	1558	15	2013.466667
c/n ratio	-1.051	-0.2343	3	499	2200	20	2011.188679
ca	-0.8314	0.3613	1	379	1314	13	2010.753333
calibration	0.6373	-0.0942	4	849	4678	40	2011.99511
calm	0.6936	0.0014	2	512	2166	19	2008.25
camera	0.2308	0.4972	4	368	1124	11	2013.671756
canada	-0.1447	0.6555	1	1557	28722	281	2011.058788
canadian	-0.2653	0.3721	1	891	5000	48	2010.480463
canadian arctic	-0.6505	0.5097	1	686	3268	30	2012.163636
canopy	0.4697	-0.4386	2	547	2302	19	2012.634731
capabilities	0.367	0.557	4	378	1240	11	2013
capacity	0.1445	-0.3369	3	1117	8194	75	2013.094099
cape	-0.7877	0.5508	1	373	1616	15	2009.255255
cape bounty	-0.7504	0.5819	1	345	1508	14	2016.157895
carbon	-0.6712	-0.4279	3	1722	81694	768	2013.107259
carbon accumulation	-0.8465	-0.2828	3	491	1998	18	2013.177778
carbon balance	-0.4319	-0.8803	3	702	4060	37	2013.392857
carbon budget	-0.3486	-0.7962	3	656	3284	29	2012.466216
carbon content	-0.3759	-0.4679	3	804	4306	39	2012.688
carbon cycle	-0.5712	-0.6554	3	1238	13104	117	2014.082353
carbon cycling	-0.8992	-0.314	3	812	4404	39	2014.143411
carbon dioxide	-0.8865	-0.6371	3	1176	15200	135	2013.148903
carbon dynamics	-0.4662	-0.8115	3	801	5052	42	2013.959016
carbon emissions	-0.6984	-0.8208	3	675	4060	39	2014.470588
carbon exchange	-0.3259	-0.7795	3	616	3002	25	2013.8
carbon flux	-0.3931	-0.8186	3	870	5856	50	2012.72381
carbon isotopes	-1.1223	-0.099	3	528	2418	22	2012.083744
carbon loss	-0.8845	-0.7907	3	529	2472	22	2014.763158
carbon pools	-0.7643	-0.6411	3	941	7188	71	2013.806667
carbon reservoirs	-0.8234	-0.5721	3	398	1324	11	2014.833333
carbon sinks	-0.5433	-0.7484	3	580	2586	24	2013.912698
carbon source	-0.6453	-0.6038	3	577	2612	22	2012.515152
carbon stocks	-0.4445	-0.8095	3	1012	8850	79	2014.463415
carbon storage	-0.758	-0.3248	3	901	6054	56	2014.537313
carbon-climate feedback	-0.2797	-1.0925	3	410	1600	13	2015
carex	-0.8956	-0.4967	3	357	1190	11	2012.730769
case	0.3946	0.3521	4	1321	12292	119	2010.847835
case study	0.2222	0.5952	4	827	4344	41	2012.678179
catchment	-0.1643	0.7624	1	1020	8856	89	2013.188825
catchment scale	0.2552	0.7962	1	362	1180	12	2014.214286
cation	-0.6941	0.1793	3	506	2168	21	2011.468354
cause	0.2009	0.0808	1	961	5896	58	2011.675244
cell	0.5317	-0.4346	2	625	2922	25	2011.359784
central yakutia	-0.241	0.4213	1	432	2036	20	2013.952381
century	0.2365	-0.4191	2	1320	16470	157	2012.205869
ch4	-0.9042	-0.4964	3	1294	21906	199	2014.017857
ch4 production	-1.1275	-0.5322	3	636	3986	34	2014.79661
challenges	0.1721	0.1209	4	1011	6482	64	2014.48237
chamber	-0.5794	-0.8494	3	679	4412	40	2013.240506
change detection	0.0857	0.7809	1	388	1402	12	2012.679612
changes	0.0655	-0.1177	2	1767	126530	1224	2012.206219
channel	-0.0154	0.8839	1	866	5572	55	2009.903036
characteristics	0.0591	0.1806	1	1621	26950	261	2010.936545
characterization	0.0493	0.2972	4	790	4178	40	2012.72969
chemical	-0.6852	0.019	3	818	4324	42	2011.607029
chemical characteristics	-0.8514	0.1401	1	365	1172	11	2011.75641
chemical composition	-0.943	-0.0171	3	378	1396	13	2012.512915
chemical properties	-0.8417	-0.236	3	426	1570	16	2011.438017
chemistry	-0.8195	0.3615	1	883	5776	54	2012.465976
china	0.8951	-0.2679	2	1156	16024	167	2013.948798
chronosequence	-0.8729	-0.4824	3	554	2332	20	2013.863636
circles	-0.5117	-0.0861	1	325	1328	15	2009.15
circulation	0.7698	-0.3233	2	798	5028	46	2010.44219
circumpolar	0.3108	-0.3177	4	808	4756	43	2008.65295
citation	-0.2795	0.0338	3	420	1410	15	2010.689507
class	-0.0137	-0.1769	4	709	3228	28	2011.519757
classification	-0.009	0.3171	4	1119	9680	96	2011.561043
clay	-0.5495	-0.2351	3	649	3132	32	2009.622093
climate	0.0649	-0.2146	2	1765	106084	1012	2012.847305
climate change	0.0863	-0.267	2	1729	60488	583	2013.106897
climate change impacts	0.6978	-0.3352	2	518	2226	21	2013.417178
climate change permafrost	0.3101	-0.0882	2	773	4146	38	2013.574074
climate change scenarios	0.3792	-1.0464	2	407	1646	16	2012.470588
climate change studies	0.318	-0.8653	2	373	1308	11	2012.596154
climate data	0.7166	0.1853	2	607	2676	23	2012.201878
climate driven	-0.1466	0.7238	1	514	1880	17	2013.781513
climate effect	-0.3354	-0.5514	3	502	1852	16	2012.878049
climate feedbacks	-0.4193	-0.7642	3	967	7378	65	2014.252595
climate forcings	0.4682	-0.6881	2	454	1654	13	2012.930131
climate impacts	0.2736	-0.5324	2	566	2474	23	2013.568493
climate model	0.6283	-0.7309	2	1110	12656	115	2013.16224
climate projections	0.6518	-0.6751	2	424	1670	16	2014.908629
climate scenarios	0.5735	-0.5013	2	655	3214	30	2013.937824
climate system	0.29	-0.6886	2	783	4820	43	2012.717277
climate variability	0.2857	0.4888	1	657	2792	27	2012.20898
climate warming	0.1734	-0.2319	2	1555	25120	235	2013.628339
climatic conditions	0.119	-0.0655	2	1126	7730	73	2011.992424
climatic factors	-0.2303	-0.2664	3	521	2092	21	2013.463415
climatic gradient	-0.2022	-0.0343	1	391	1414	15	2012.5
clm	0.3291	-1.0041	2	374	1338	11	2014.7
cloud	0.7754	0.0394	4	457	1668	14	2010.976891
cluster	-0.3098	0.4811	4	424	1550	15	2011.949896
cmip5	0.8596	-0.956	2	530	3192	28	2015.883929
co2	-0.7753	-0.7455	3	1401	28370	255	2013.165022
co2 concentrations	-0.172	-1.1577	3	432	1918	17	2012.696319
co2 emission	-0.7757	-0.8294	3	783	5548	50	2014.889447
co2 exchange	-0.4773	-0.9749	3	415	1774	15	2013.621951
co2 flux	-0.5311	-0.8956	3	793	5452	46	2014.428571
co2 production	-1.1631	-0.5453	3	558	3136	27	2013.814815
co2 release	-0.9191	-0.6612	3	384	1374	13	2014.878788
co2 sink	-0.5484	-0.8892	3	354	1392	11	2014.30303
co2 uptake	-0.638	-0.8995	3	498	2466	20	2014.325
coast	-0.2554	0.7757	1	873	5506	56	2010.134684
coastal	-0.3855	0.5657	1	1146	10294	100	2010.739865
coastal erosion	-0.5466	0.6331	1	570	2336	22	2012.326087
coastal plain	-0.3768	0.5332	1	1013	8096	78	2011.185185
coastline	-0.5688	0.4022	1	423	1388	13	2010.273529
coefficients	0.3243	-0.3986	4	459	1510	15	2010.617647
cold	0.536	-0.2553	2	818	4682	45	2011.824903
cold climate	0.2899	0.3317	2	405	1252	14	2010.489583
cold regions	1.0354	-0.0908	2	1040	10122	95	2013.059524
cold season	0.6791	-0.1577	2	704	3516	32	2012.664596
collapse	-0.9172	0.0902	3	750	4070	40	2012.51938
collection	0.4333	0.2544	4	464	1646	17	2011.129412
column	-0.3514	-0.2064	3	978	7194	63	2010.224159
community	-0.6039	-0.3342	3	1460	20636	195	2013.620087
community composition	-1.161	-0.1807	3	546	2432	21	2014.941973
community land model	0.7458	-0.8416	2	682	4090	36	2013.98
community structure	-1.1251	-0.3722	3	464	2000	19	2013.563433
compaction	-0.3539	0.2639	1	416	1404	12	2013.106796
comparison	0.3257	-0.1578	4	1424	16770	155	2010.70057
complex	-0.3818	0.1909	1	1142	8290	75	2011.908387
composition	-0.8457	0.0547	3	1349	15460	145	2012.45256
compounds	-1.1472	-0.272	3	487	2220	22	2012.161238
concentrations	-0.636	-0.1533	3	1473	23058	220	2011.643222
concept	0.1307	-0.0493	2	396	1328	14	2011.306773
conceptual model	-0.4311	0.3277	1	627	2720	24	2011.796178
concerns	0.1497	0.4136	1	455	1540	17	2012.89313
condition	0.9199	0.0322	2	883	5704	53	2010.79798
conduction	0.9928	-0.0849	2	744	4596	41	2010.1
conductivity	0.4223	-0.2253	2	1207	11752	106	2011.544304
confidence intervals	-0.2791	-0.5869	4	439	1640	16	2013.525
configuration	0.5895	0.3973	2	535	2028	20	2012.603053
connectivity	-0.1371	0.9293	1	707	4188	39	2015.170984
consequences	-0.1629	0.3469	1	1038	7082	65	2012.275862
constraints	-0.2189	-0.4371	4	559	2214	22	2011.060453
construction	0.8016	0.1531	2	669	3314	35	2011.684729
consumption	-1.0837	-0.3079	3	415	1570	14	2011.012232
content	0.022	-0.1676	2	1674	40018	371	2011.761593
continuous	-0.2589	0.3223	1	441	1500	14	2011.574468
continuous permafrost	0.1423	0.3038	1	1309	12846	121	2013.076923
contraction	-0.0092	0.6778	1	404	1304	13	2011.387387
contrast	-0.3956	-0.003	3	1328	11660	113	2011.509677
control	-0.3499	-0.265	3	1551	24588	220	2012.474255
cooling	0.6713	-0.1081	2	823	5008	46	2010.829787
core	-0.8484	0.3749	1	1128	10792	96	2010.446523
correlation	0.0798	-0.309	4	1332	13684	134	2011.333794
correlation analysis	0.7683	-0.4894	2	327	1288	12	2011.104167
correspondence	-0.343	-0.0441	1	496	1944	19	2010.493023
corridor	0.8268	0.5071	2	519	2254	21	2013.470588
costs	0.4178	-0.1575	2	415	1420	15	2013.503597
coupled	0.8993	-0.8287	2	554	3072	26	2014.46932
coupled models	0.896	-0.9252	2	470	2630	22	2015.212806
coupling	0.5656	-0.6601	2	560	2346	21	2011.935532
covariance	-0.2311	-0.8017	3	753	5112	43	2012.039146
cover	0.4167	-0.0193	2	1658	37952	342	2011.664763
coverage	0.0955	0.0969	4	1114	8398	77	2012.329283
cracking	-0.1286	0.6272	1	351	1224	12	2010.727273
cracks	0.1898	0.8071	1	360	1212	13	2011
creek	0.0726	0.8403	1	626	2942	27	2010.423077
criteria	0.6031	-0.0107	2	274	842	11	2010.149038
crow	-0.2994	1.0402	1	407	1808	17	2012.210526
crown	0.4071	0.6913	2	528	2080	20	2011.075472
cryogenic processes	-0.753	-0.2178	3	382	1390	15	2012.392857
cryosols	-0.7864	-0.0402	3	499	2008	22	2014.068966
cryosphere	0.8589	-0.1621	2	612	2964	31	2014.539877
cryostratigraphy	-0.3615	0.8401	1	488	2082	20	2014.047619
cryostructures	-0.6095	0.7378	1	397	1514	15	2012.764706
cryoturbation	-0.7493	-0.1826	3	684	3894	41	2012.033898
current	-0.1006	-0.2293	4	553	1906	20	2008.757215
current climate	0.3355	-0.8476	2	428	1592	14	2013.02963
cycle	-0.0844	-0.4845	3	1601	28930	268	2011.47296
cycling	-0.8042	-0.2109	3	1244	12052	107	2014.035763
damage	0.2208	0.1847	2	544	2144	20	2013.018116
data	0.3915	0.0698	4	1760	78308	751	2011.015066
data analysis	0.4003	-0.0345	2	403	1276	12	2011.003436
data set	0.4924	-0.1603	2	758	3956	37	2010.433246
data sets	0.5967	-0.4021	4	806	4560	41	2011.63144
data/model	0.5134	-0.381	2	579	2376	23	2011.4
database	-0.012	-0.4812	4	844	5610	55	2012.403509
dataset	0.6702	0.1215	4	776	3858	38	2012.68054
date	0.1404	0.2204	1	962	6030	59	2012.087051
dating	-0.8682	0.4747	1	557	2350	22	2010.925926
decadal	-0.1401	-0.214	4	515	2048	19	2012.008761
decay	-0.3957	0.4667	1	533	2150	22	2010.074434
decline	-0.4152	0.046	1	720	3564	34	2013.254217
decomposers	-1.058	-0.8285	3	401	1764	18	2014.45
decomposition	-0.8702	-0.6629	3	1260	19110	173	2012.585736
deep	-0.2598	0.3321	1	496	1838	18	2008.172697
deep soil	-0.0013	-0.9358	3	606	3036	25	2014.333333
definition	0.3672	-0.3444	4	429	1472	16	2010.611111
deformation	0.3644	0.8673	4	434	1754	16	2010.55336
deglaciation	-0.5271	0.275	1	329	1042	12	2010.986813
degradation	-0.0965	0.0713	1	1707	48824	461	2013.464824
degradation rates	0.2992	0.1547	2	378	1278	12	2013.465116
degree-days	1.1248	0.3429	2	371	1460	16	2011.387755
delay	0.3029	-0.0116	2	425	1360	12	2011.240223
delivery	-0.8543	0.596	1	411	1564	13	2013.849246
delta	-0.3663	0.4017	1	1264	12282	111	2010.255844
demand	-0.2975	0.0716	4	327	984	12	2013.574627
density	-0.2458	-0.2904	3	1374	15332	140	2009.879211
dependence	0.2461	-0.2592	4	689	2968	31	2010.591411
depletion	-0.799	0.1208	3	414	1316	12	2011.778068
deposition	-0.8207	0.3085	1	640	2858	26	2012.094256
deposits	-0.7057	0.4059	1	1114	9934	98	2011.200561
depression	-0.1746	0.3523	1	890	5104	51	2010.355769
depth	0.2246	-0.2476	2	1752	68434	651	2010.672402
description	0.5997	-0.4158	2	697	3164	28	2009.996622
desert	0.1249	-0.5287	3	667	3622	35	2011.209622
design	0.7174	0.1766	2	718	3664	39	2013.015625
detachment	-0.707	0.5507	1	502	1976	18	2012.828947
detail	0.2764	0.1113	4	393	1228	12	2011.078886
detection	0.2664	0.6521	4	990	6984	66	2012.417625
determination	0.292	0.1698	4	423	1308	13	2010.57381
development	-0.0192	0.4864	1	1603	27266	276	2011.773084
diatom	-1.0019	0.4156	1	362	1370	13	2012.261803
difference	0.6048	-0.1891	4	1260	12010	110	2011.163032
difference vegetation index	0.2456	-0.4082	4	586	2758	23	2013.064
diffusion	0.3476	-0.4624	2	579	2594	24	2008.759067
diffusivity	0.9898	-0.2841	2	493	2476	25	2009.739496
digital elevation model	0.5547	0.5385	4	616	2860	27	2012.770142
discharge	0.5327	0.7011	1	1000	9758	96	2012.354474
discontinuous permafrost	0.2606	0.4591	1	1329	17416	163	2012.089494
discontinuous permafrost zone	0.0349	0.4702	1	748	4336	40	2013.196429
discontinuous zone	1.0681	0.1666	2	333	1220	11	2010.75
discrepancies	0.3612	-0.5211	2	614	2634	23	2011.321353
displacement	-0.0984	0.6311	1	381	1248	13	2010.607877
dissolved	-1.022	0.0904	3	386	1352	13	2012.616949
dissolved organic	-1.1386	0.0894	3	356	1224	12	2013.264026
distance	0.1165	0.7469	1	489	1896	22	2011.010448
distribution	0.2845	0.058	4	1706	45294	441	2010.907306
distribution patterns	0.3863	-0.3736	4	354	1456	15	2010.866972
disturbance	-0.3985	0.3996	1	1383	17068	156	2011.750678
diversity	-0.6564	-0.027	3	812	4438	44	2013.553494
doc	-0.9909	0.0828	3	756	4306	40	2012.69379
dominance	-0.8636	-0.1455	3	541	1894	18	2012.29375
drainage	-0.2812	0.4989	1	1417	17662	157	2012.254459
drilling	0.674	0.768	1	372	1404	14	2011.883459
drivers	-0.4879	-0.0616	1	1056	7086	61	2015.864011
drying	-0.2165	-0.0494	1	622	2878	24	2013.294737
duration	0.616	0.2278	2	1033	8046	79	2012.189258
dwarf shrubs	-0.7232	0.2463	1	433	1504	12	2013.289308
dynamics	-0.0268	-0.1609	3	1727	49044	444	2012.382241
earth	0.0611	-0.5969	2	1227	11724	106	2012.416212
earth system	0.1616	-0.9117	2	898	6938	58	2015.459227
earth system models	0.1552	-0.9227	2	826	5810	47	2016.009881
east	-0.2191	0.402	1	843	4462	46	2011.088561
eastern	-0.212	-0.1854	3	524	2076	21	2011.347648
eastern siberia	-0.2412	-0.1846	3	509	2166	21	2012.863636
ebullition	-0.8171	0.1691	4	580	3210	31	2013.886364
ec	-0.2894	-0.7337	4	476	2010	17	2013.685393
ecology	0.1113	0.2719	1	869	5358	55	2012.514768
ecosystem	-0.3398	-0.5068	3	1708	55480	494	2013.530062
ecosystem c	-0.5133	-0.9836	3	481	2112	17	2012.970588
ecosystem changes	0.0077	-0.3156	4	424	1456	12	2013.350427
ecosystem exchange	-0.5118	-1.0486	3	604	3772	29	2014.156627
ecosystem models	0.1161	-1.043	3	631	3318	29	2013.345455
ecosystem processes	-0.3655	-0.6748	3	378	1196	11	2013.946903
ecosystem respiration	-0.6554	-1.008	3	759	6416	54	2015.141509
ecosystem responses	-0.4001	-0.751	3	453	1666	14	2013.298246
ecosystem structure	-0.6077	-0.3166	3	411	1374	11	2012.914634
ecotone	-0.0413	0.3098	1	387	1316	11	2012.515723
eddy covariance	-0.1869	-0.7861	3	802	5946	50	2014.666667
effects	0.0793	-0.3894	3	1740	62508	594	2011.624055
efficiency	0.1568	-0.6139	3	509	1822	16	2012.80663
efflux	-0.6427	-0.4184	3	629	3086	25	2013.130435
electrical conductivity	-0.3694	0.0898	1	421	1444	13	2010.933333
electrical resistivity	0.6332	0.5569	4	464	1930	17	2013.704918
electrical resistivity tomography	0.7612	0.519	4	379	1404	12	2014.395349
electron	-1.1402	-0.4039	3	360	1536	15	2011.572917
elements	-0.0422	0.3755	1	939	5534	58	2011.89258
elevation	0.4718	0.4129	4	1195	10952	106	2012.227186
elevation model	0.5777	0.4302	4	534	2128	19	2012.230435
emission scenarios	0.3958	-0.9186	2	557	2854	26	2013.561404
emissions	-0.6654	-0.511	3	1480	31680	305	2013.550741
energy	0.7755	-0.2802	2	1365	19006	166	2011.753532
energy balance	1.0224	-0.1965	2	871	6168	51	2012.273256
energy budget	1.0859	-0.6142	2	541	2712	22	2012.758621
energy fluxes	0.6294	-0.665	2	600	3058	24	2012.005128
engineering	1.0981	0.1048	2	833	6578	67	2012.982353
enhanced	-0.0359	0.2225	4	511	1880	17	2012.845902
enrichment	-0.9263	0.3256	1	554	2416	24	2011.973485
ensemble	0.589	-0.838	2	375	1388	13	2013.566298
environment	-0.1841	0.1569	4	1598	25972	250	2012.515563
environmental	0.0361	-0.5352	3	674	2998	26	2010.845217
environmental changes	-0.3794	-0.0107	3	594	2290	22	2013.895683
environmental conditions	-0.5918	-0.2902	3	907	5230	47	2013.912338
environmental factors	-0.3681	-0.4702	3	834	5020	47	2013.842444
environmental gradients	-0.3486	-0.1323	1	414	1358	11	2013.88
environmental variables	-0.2517	-0.7176	3	466	1830	16	2012.972376
envisat	0.223	0.6714	4	344	1514	12	2012.962963
enzyme	-1.16	-0.6799	3	321	1346	13	2013.452991
enzyme activity	-1.1795	-0.6445	3	293	1110	11	2014.026316
equilibrium	0.3799	0.0086	2	704	3490	34	2010.171186
er	-0.5724	-1.0107	3	353	1358	11	2012.473684
era-interim	1.1423	-0.5793	2	401	1640	14	2015.815725
erosion	-0.5149	0.6029	1	1242	11802	113	2011.871716
error	0.7742	-0.1617	4	1054	8274	79	2011.486384
estimate	0.2631	-0.5348	4	1026	7674	72	2010.903093
estimation	0.3783	-0.2738	4	981	6324	59	2012.012407
eurasia	0.6778	0.0161	2	509	2144	21	2012.876384
europe	0.4799	-0.6914	2	345	1178	13	2011.79689
evaluation	0.6599	-0.3549	2	1093	8342	81	2013.100503
evaporation	0.1768	0.4618	1	970	7010	65	2011.268156
evapotranspiration	0.6596	-0.2989	2	929	6776	61	2013.497207
events	-0.2226	0.5668	1	1192	9694	89	2012.030986
evolution	0.1305	0.5376	1	1303	13168	124	2012.05694
exchange	-0.0816	-0.6855	3	1299	14458	129	2010.706601
expansion	-0.2731	0.6575	1	1223	10674	94	2012.969492
experimental	0.122	-0.2918	1	338	1066	11	2013.019481
experiments	-0.0297	-0.605	3	1355	16530	163	2011.075205
exploration	0.1833	0.6538	1	365	1298	12	2011.678466
export	-0.6347	0.5416	1	583	2788	26	2011.295396
exposure	-0.4464	0.5308	1	705	3036	27	2012.977505
extent	0.2307	0.1966	2	1588	25730	236	2011.835219
extrapolation	0.0693	-0.0084	4	461	1514	14	2011.037736
failure	-0.1015	0.6228	1	475	1716	18	2011.859477
fairbanks	-0.3353	-0.0748	3	477	1656	18	2010.211538
fall	-0.022	-0.3749	3	758	3998	33	2011.228402
fate	-0.7287	-0.2866	3	732	3708	35	2012.348684
fe	-1.1157	-0.3172	3	512	2600	23	2012.054167
features	-0.2037	0.3221	1	1479	18340	173	2010.384646
feedback	-0.4141	-0.6254	3	1537	27494	247	2013.003957
fen	-0.4257	0.2434	1	858	5306	45	2013.736264
field	0.2925	0.1332	4	1663	36064	345	2010.533445
field data	0.68	0.1542	2	801	4598	43	2011.688136
field experiment	-0.2478	-0.6938	3	393	1346	12	2011.558824
field investigations	0.5774	0.3594	2	502	1998	18	2013.14
field measurements	0.4582	0.0686	4	910	5662	50	2011.524345
field observations	0.0955	0.1761	1	1112	8226	74	2011.242424
field studies	-0.2332	0.2676	1	591	2576	25	2010.034286
finite element	1.0509	0.2967	2	386	1742	20	2011.713675
fire	-0.4675	-0.0991	3	1029	8486	74	2011.534884
fire disturbance	-0.3195	-0.6887	3	463	2018	16	2012.543478
flood	0.3216	0.1951	4	555	2220	20	2013.016026
flooding	-0.3202	0.6167	1	654	2852	25	2012.61745
floodplain	-0.4547	0.1977	1	602	2518	23	2013.242857
flow	0.4873	0.6096	1	1320	17398	167	2010.017411
flow path	0.2979	0.8075	1	564	2450	22	2012.76
fluctuations	0.2351	0.3004	1	749	3630	33	2009.816514
flux	-0.1352	-0.5342	3	1630	41244	367	2010.974387
focus	0.1221	-0.0297	4	692	3216	32	2012.93921
food	-0.8342	0.7572	1	316	1116	11	2012.031915
foothills	-0.3299	0.3494	1	517	2384	23	2008.5
footprint	-0.1743	-0.5844	4	461	1900	16	2014.12
forcing	0.6024	-0.7182	2	1030	9218	80	2011.371506
forecasts	0.7233	-0.7377	2	452	1856	17	2012.850526
forest	-0.2435	-0.1599	3	1284	14426	135	2011.961222
forest fires	-0.4274	-0.1938	3	511	2112	20	2011.134615
forest soil	-0.2694	-0.5866	3	365	1226	11	2012.848485
forest-tundra	-0.2936	0.2178	1	576	2552	22	2012.595745
formation	-0.5299	0.2944	1	1464	18470	176	2010.511811
fossil	-0.9383	0.1168	1	422	1356	12	2010.893617
foundation	0.5772	0.0831	2	567	2282	22	2011.355072
fraction	-0.5301	-0.4613	3	1144	10742	103	2011.553026
fractionation	-0.7777	0.1478	3	491	2022	18	2011.073171
framework	-0.0202	-0.3934	3	887	4952	47	2013.208431
freeze	1.071	-0.0386	2	770	4930	50	2013.330508
freeze depth	1.4131	-0.3118	2	281	1210	12	2014.090909
freeze thaw processes	1.1003	-0.3881	2	553	2692	24	2013.972222
freeze up	0.1264	0.3032	1	496	1878	17	2011.792683
freeze-thaw	0.9488	-0.4163	2	1166	13122	123	2012.06015
freeze-thaw cycles	0.7285	-0.5274	2	570	2964	27	2011.712329
freeze-thaw processes	1.0144	-0.3803	2	493	2222	20	2014.517241
freeze-up	-0.0339	0.3609	1	438	1480	13	2012.224138
freezing	0.8748	-0.0593	2	1310	16850	162	2009.881557
freezing and thawing	1.2675	-0.3098	2	333	1218	12	2014.642857
freezing front	0.6263	0.3513	2	359	1268	11	2010.916667
freezing process	1.1311	-0.3582	2	485	2152	19	2011.594595
frequency	-0.2332	0.2955	1	1031	6352	61	2011.174374
freshwater	-0.4493	0.3739	1	914	6178	57	2011.825688
freshwater ecosystems	-0.6739	0.4513	1	449	1660	14	2013.857143
freshwater systems	-0.674	0.1033	1	347	1236	11	2013.931818
front	0.8245	0.1843	2	596	3062	28	2009.508357
frost	0.5221	0.059	2	1140	10108	98	2010.311258
frost boils	-0.4263	-0.0488	1	305	978	11	2009.823529
frost heave	-0.0934	0.2093	1	568	2576	24	2007.385965
frozen	0.6394	-0.1906	2	902	5454	54	2012.65625
frozen ground	0.93	-0.0639	2	1305	17142	166	2011.96063
frozen ground regions	1.2266	-0.2265	2	366	1392	14	2014.333333
frozen soil	0.5008	-0.5715	2	1244	13494	129	2013.244318
function	0.0281	-0.2718	3	1139	8376	82	2010.972155
future	0.0717	-0.2342	2	1335	13636	133	2013.712684
future climate	-0.0992	-0.7503	3	1050	8076	71	2013.848387
future studies	0.0037	-0.6015	3	407	1332	12	2014.320388
gap	0.2351	0.0322	4	906	4994	47	2012.915572
gas	-0.7077	-0.2574	3	1417	20636	191	2012.319686
gas emissions	-0.7546	-0.3204	3	935	6704	61	2014.400901
gas exchange	-0.6169	-0.2774	3	405	1422	12	2011.252632
gas fluxes	-1.0519	-0.6081	3	512	2308	21	2013.433962
gas production	-1.2386	-0.3017	3	430	2010	18	2014.116667
gases	-0.9642	-0.3324	3	1022	8738	79	2012.066763
gelisols	-0.7471	-0.2169	3	384	1466	17	2010.391304
gene	-1.348	-0.4029	3	456	2584	27	2014.058192
general circulation	1.0236	-0.4483	2	506	2530	23	2009.760621
general circulation model	0.9762	-0.4839	2	602	3444	32	2010.017151
generation	0.147	0.6282	1	800	4464	43	2012.050847
genesis	-0.6353	0.281	1	358	1182	16	2010.829268
geochemistry	-0.7613	0.4076	1	690	3174	30	2011.778947
geocryology	0.8452	0.416	2	282	976	11	2005.230769
geographic information	0.3406	0.7526	4	352	1304	13	2010.649351
geographic information system	0.3146	0.6766	4	432	1758	18	2010.188889
geology	0.0345	0.6016	1	564	2188	20	2011.073333
geometry	0.1078	0.8105	4	560	2366	24	2011.419355
geomorphology	-0.3899	0.4667	1	729	3720	36	2011.886878
geophysical	0.5098	0.6477	4	626	2950	26	2010.732794
gis	0.4112	0.4724	4	574	2506	27	2011.154589
glacial	-0.4441	-0.0189	1	426	1692	17	2011.612378
glacial maximum	-0.2599	-0.2762	1	335	1180	12	2011.882521
glacier	0.6226	0.4431	1	688	3330	34	2012.551157
global	0.6318	-0.3599	2	861	5104	47	2012.401509
global carbon cycle	-0.6488	-0.5323	3	625	2770	26	2014.357616
global climate	0.3352	-0.621	2	1156	10082	90	2012.960148
global climate models	0.7978	-0.7534	2	573	3134	29	2013.408482
global scale	0.5347	-0.4173	4	564	2256	22	2012.819495
global warming	0.1505	-0.8306	3	458	1764	18	2012.884793
gpp	-0.5089	-1.1186	3	453	2336	18	2013.625
gpr	0.6083	0.7494	4	639	4052	45	2012.49359
gradient	-0.0293	-0.0605	1	1469	17178	160	2011.354256
grain	-0.7492	0.4153	1	591	2506	21	2011.304833
grain size	-0.7754	0.5501	1	591	2732	23	2011.854054
grassland	0.031	-0.7769	3	886	6538	62	2012.242424
gravel	-0.0982	0.4961	1	508	1842	19	2010.547619
greenhouse	-0.7877	-0.4587	3	1383	20178	181	2012.619866
greenhouse gas	-0.7852	-0.4034	3	1267	15096	136	2013.545016
greenhouse gas emissions	-0.6986	-0.4427	3	858	5496	50	2014.455556
greenhouse gas production	-1.3056	-0.4072	3	348	1418	12	2016
greenhouse gases	-0.9784	-0.4762	3	989	8376	74	2012.497653
greenland	-0.3941	-0.1246	1	805	4408	45	2011.434214
grid	0.7677	-0.1917	2	690	3828	36	2011.079167
gross primary production	-0.2968	-1.1195	3	455	2034	16	2013.948276
ground heat	1.0458	-0.232	2	582	2968	27	2010.734694
ground heat flux	1.1041	-0.4566	2	392	1824	16	2010.62069
ground ice	-0.0713	0.7886	1	1329	17078	158	2012.7
ground ice content	0.317	0.789	1	670	3552	33	2012.97561
ground subsidence	-0.5861	0.0574	1	542	2300	22	2014.76
ground surface	0.8886	0.2227	2	1280	16246	154	2011.28777
ground surface temperature	1.2852	-0.0678	2	842	7684	71	2012.191176
ground temperature	0.9448	0.2914	2	1358	24056	234	2011.918635
ground thaw	0.5863	0.4432	2	433	1544	15	2011.466667
ground thermal regime	1.0076	0.2497	2	791	5872	56	2012.03125
ground water	0.6371	0.4552	2	425	1412	12	2007.72973
ground-penetrating radar	0.6333	0.7653	4	485	2646	32	2012.766917
groundwater	0.5425	0.6248	1	1103	12110	122	2013.564784
groundwater discharge	0.7579	0.7559	1	403	1922	19	2014.285714
groundwater flow	0.6595	0.66	1	672	4188	40	2014.612903
groundwater level	0.7614	0.3192	2	319	1066	11	2015.315789
group	-0.1327	-0.3886	2	426	1370	14	2011.722362
growing	-0.4736	-0.6149	3	397	1552	13	2011.495798
growing season	-0.553	-0.7318	3	517	2228	18	2012.916667
growth	-0.335	0.1231	1	1316	13694	127	2011.406319
growth rate	-0.4905	0.6591	1	364	1210	12	2010.818356
gst	1.3114	-0.3717	2	394	1864	16	2013.742857
gullies	-0.6541	0.7276	1	519	2280	21	2010.666667
h-2	-0.6714	0.4942	1	368	1252	11	2014.017857
habitat	-0.5444	0.5493	1	818	5078	47	2012.561584
hand	0.4616	-0.3393	2	441	1448	13	2010.96875
hazard	0.7753	0.2752	2	346	1210	13	2012.855072
headwall	-0.0284	1.1085	1	288	1092	11	2013
headwater	0.7395	0.4518	1	516	2508	26	2014.318182
heat	0.8984	-0.1897	2	1491	31312	291	2011.129975
heat capacity	0.5713	-0.5647	2	367	1220	11	2010.96875
heat conduction	1.0927	-0.3214	2	641	3720	33	2009.75
heat exchange	1.0479	-0.1609	2	386	1448	12	2010.714286
heat flow	0.8583	0.2205	2	441	1666	16	2010.268293
heat flux	1.034	-0.5009	2	954	9234	80	2010.709804
heat transfer	1.0348	0.1488	2	879	7116	66	2009.898058
heat transfer model	1.2723	0.0024	2	380	1842	17	2008
heat transport	1.0431	0.2249	2	495	2604	25	2012.027726
heating	0.5829	-0.2917	2	420	1484	15	2011.378428
heave	-0.027	0.2524	1	559	2458	23	2007.80597
height	0.2343	0.4574	1	760	3490	34	2010.601343
heihe river	0.9198	-0.1194	2	447	2000	18	2016.85
heihe river basin	0.9637	-0.3118	2	370	1502	13	2017
hemisphere	0.752	-0.4894	2	779	5194	52	2010.968158
herschel island	-0.7251	0.7846	1	397	1466	12	2014.407407
heterogeneity	-0.0854	-0.4479	4	1140	9354	83	2014.002481
heterotrophic respiration	-0.531	-1.0756	3	502	2234	17	2014.422222
high altitude	0.7413	-0.546	2	712	3968	38	2012.481308
high arctic	-0.5759	0.2827	1	921	6628	63	2013.319239
high latitudes	-0.0636	-0.55	3	1482	22532	206	2011.932029
high northern latitudes	-0.0354	-0.6671	3	936	6382	56	2013.173913
high spatial resolution	0.3573	0.4386	4	608	2896	25	2013.379085
high-altitude permafrost	0.6546	-0.7541	2	357	1258	11	2011.75
high-frequency	0.3043	0.3625	4	460	1548	14	2011.689759
high-latitude ecosystems	-0.5041	-0.743	3	537	2348	20	2013.394366
high-latitude regions	0.0924	-0.5618	3	601	2424	22	2012.707317
high-resolution	0.2013	0.3936	4	1323	13528	121	2012.264879
highway	0.8612	0.367	2	647	3454	36	2012.597015
hillslope	-0.1557	0.6327	1	656	3008	26	2013.76
historical	0.6401	0.0922	2	497	1932	18	2011.854651
history	-0.5656	0.467	1	780	4254	40	2011.001969
holocene	-0.7996	0.4735	1	1040	9340	91	2010.62959
holocene permafrost	-0.8601	0.5574	1	426	1564	14	2015.1
horizon	-0.5165	-0.488	3	778	4346	40	2012.354286
hot spots	-0.5699	-0.1463	4	492	1806	15	2014.903846
hotspot	-0.698	0.1167	4	381	1198	12	2015.44586
hudson	-0.63	0.7526	1	518	2412	23	2008.012876
hudson bay	-0.6381	0.7876	1	487	2270	21	2008.175879
hudson bay lowlands	-0.5981	0.848	1	372	1406	13	2014.074074
human activities	0.4717	0.1614	2	578	2526	25	2013.345725
humans	-0.2141	0.3176	1	299	968	11	2012.412162
hummocks	-0.7078	0.0415	3	408	1550	16	2012.105263
hydraulic conductivity	0.6434	-0.1706	2	415	1624	15	2014.393939
hydraulic properties	0.8721	-0.2652	2	417	1546	12	2015.15
hydrological changes	-0.0451	0.7913	1	462	1740	16	2015.863636
hydrological conditions	-0.4267	0.2641	1	595	2370	21	2013.403509
hydrological connectivity	-0.2733	0.964	1	503	2206	20	2015.486486
hydrological cycle	0.8729	0.2755	2	631	3588	32	2012.589286
hydrological model	0.8934	0.017	2	688	4110	36	2014.325397
hydrological processes	0.6089	0.3831	2	1002	8500	77	2014.58156
hydrological regime	0.2398	0.695	1	455	1806	17	2012.837209
hydrology	0.1383	0.1522	1	1522	23576	217	2013.474126
hydrothermal	1.1223	-0.4532	2	346	1270	11	2012.164179
hypotheses	-0.3394	0.1463	1	398	1264	15	2011.496
hypothesis	-0.3536	-0.0148	1	648	2658	25	2011.082126
ice	-0.129	0.5965	1	1695	45810	438	2011.721291
ice age	-0.725	0.3793	1	412	1496	14	2011.186842
ice complex	-0.7931	0.6353	1	454	2084	20	2012.576271
ice conditions	-0.0865	0.8733	1	461	1672	17	2011.713198
ice content	0.2293	0.5743	1	1106	9482	90	2012.394444
ice growth	0.095	0.8016	1	442	1764	17	2010.290179
ice layers	0.3861	0.8188	1	371	1206	11	2011.030928
ice lenses	-0.2285	0.6977	1	340	1146	12	2008.6
ice melt	-0.1091	0.7274	1	388	1352	13	2012.747368
ice sheet	0.1137	0.4894	1	542	2248	23	2012.194459
ice surface	0.1344	0.7948	1	504	1870	18	2011.816258
ice thickness	0.2944	0.9578	1	498	2424	25	2011.271053
ice wedges	-0.3911	0.6412	1	1244	13416	130	2013.063291
ice-cover	-0.3826	0.5159	1	553	2686	26	2011.210019
ice-free	-0.4783	0.5488	1	648	3100	30	2013.322981
ice-rich permafrost	-0.4426	0.604	1	1166	10642	97	2013.715328
ice-wedge polygons	-0.4338	0.5993	1	814	4706	44	2013.653061
identification	0.0484	0.7162	4	599	2454	26	2011.944837
imagery	0.0103	0.8136	1	1107	11230	105	2011.982143
images	0.1066	0.8041	4	1117	11328	112	2011.32506
imaging	0.7368	0.5076	4	536	2514	25	2012.991398
impact	0.2427	-0.0908	2	1706	46376	441	2013.206627
implementation	0.8327	-0.2586	2	471	1786	16	2013.145907
implications	-0.2318	0.0862	1	1339	14198	130	2011.871583
improvement	0.6915	-0.7174	2	790	4896	43	2012.529851
in-situ	0.3107	-0.0721	2	436	1466	15	2013.712
inclusion	0.1905	-0.4556	2	574	2310	22	2010.77907
incorporation	-0.3023	-0.1652	3	460	1446	13	2011.174419
incubation	-1.2189	-0.627	3	747	6470	60	2012.64375
index	0.5422	-0.3477	2	1253	12758	112	2011.380952
indices	0.2811	-0.0012	4	1306	13284	130	2012.102711
infiltration	0.789	0.2877	2	744	4608	43	2011.933884
influence	0.0634	-0.0299	2	1608	25820	241	2011.779275
information	0.1947	0.3301	4	1418	15314	147	2011.767792
information system	0.308	0.6523	4	356	1240	13	2009.909091
infrastructure	0.7314	0.3002	2	981	8304	79	2014.216606
initiation	-0.3995	0.8575	1	707	3532	34	2010.927536
inland	0.2559	0.37	1	655	2948	29	2012.551282
inland waters	0.1071	0.4711	4	366	1306	12	2015.518519
inorganic carbon	-0.9536	-0.1712	3	417	1582	16	2012.45614
insar	0.4467	0.9964	4	297	1302	13	2012.138889
insight	-0.1401	0.3236	1	623	2304	23	2012.936061
instability	0.3086	0.5856	1	424	1420	14	2009.776848
instrument	0.3835	0.3002	4	587	2384	24	2011.288956
insulation	0.7231	-0.7715	2	618	3396	29	2012.403226
integrated	0.3397	-0.2678	2	395	1250	11	2013.689655
integration	0.2612	-0.1732	4	544	1952	19	2010.47619
intensification	-0.5075	0.7408	1	334	1112	11	2011.672775
intensity	-0.0176	0.4378	4	858	4380	43	2011.663823
interactions	-0.0305	-0.3398	3	1430	17126	152	2011.626733
interannual	0.1292	-0.2685	3	357	1198	11	2009.011628
interannual variability	-0.0181	0.4072	1	491	1858	18	2010.7663
interannual variations	0.6877	-0.0384	2	540	2150	20	2010.739437
intercomparison	0.7223	-0.9169	2	638	4294	38	2014.488211
interface	0.0525	0.3254	4	739	3416	36	2010.689655
interferometric synthetic aperture radar	0.3305	1.033	4	312	1338	12	2011.780822
interior	-0.4583	0.2349	1	760	4126	36	2010.221733
interior alaska	-0.4128	0.176	1	667	3396	30	2012.964286
international	0.7503	0.1256	2	487	2042	27	2009.59081
interpretation	0.0575	0.6598	1	721	3506	37	2010.411609
introduction	-0.0601	-0.2642	3	184	450	11	2010.370629
inundation	-0.0618	0.1724	4	555	2388	22	2013.174419
inuvik	-0.2906	0.8896	1	352	1340	14	2007.321429
inventory	-0.6405	0.0029	1	737	3716	37	2012.165029
inversion	0.2236	-0.0065	4	658	2980	28	2010.501809
ion	-0.5726	0.6032	1	665	3466	34	2012.411616
ipcc	0.4128	-0.8123	2	403	1468	12	2011.552189
iron	-1.1078	-0.4822	3	459	2240	20	2012.176678
island	-0.3793	0.5885	1	1098	8964	86	2009.956692
isotherm	0.9646	-0.2363	2	317	992	11	2007.642857
isotope	-0.7698	0.5057	1	1102	11300	107	2011.966793
isotopic composition	-0.6052	0.6505	1	704	3774	34	2011.032751
isotopic tracers	-0.201	1.066	1	311	1246	11	2011.829268
john	0.1863	0.6507	1	1398	18722	201	2008.988287
key	0.7497	-0.3082	2	477	1736	18	2013.075472
knowledge	-0.2179	0.161	1	1150	8480	82	2012.895394
kolyma	-0.3092	0.3005	1	470	1678	18	2013.126761
kuparuk	0.791	0.4466	4	335	1394	13	2006.823529
l-band	0.2697	0.9644	4	333	1362	13	2013.80597
labile	-1.0582	-0.4216	3	527	2202	20	2014.549296
labile carbon	-1.0333	-0.628	3	363	1250	12	2014.5
laboratory	-0.4119	-0.3407	3	907	5962	58	2010.526248
laboratory experiments	0.0348	-0.3456	3	369	1192	12	2009.102804
lag	0.4894	-0.3837	2	387	1310	13	2010.653179
lake	-0.3694	0.6006	1	1665	46212	464	2012.017794
lake area	-0.0991	0.7977	1	833	5462	57	2013.272727
lake basins	-0.5684	0.5333	1	875	5842	53	2011.590164
lake depth	-0.0482	0.9089	1	408	1494	13	2012.69697
lake drainage	-0.5219	0.8102	1	723	4140	36	2013.311927
lake dynamics	-0.399	0.9207	1	414	1636	13	2014.3125
lake expansion	-0.3348	0.9155	1	634	3140	27	2013.483871
lake ice	0.015	0.7872	1	762	5288	52	2010.060606
lake level	-0.4989	0.9552	1	480	2086	18	2011.112903
lake sediments	-1.0702	0.2642	1	648	3492	32	2012.512658
lake size	-0.492	0.8126	1	396	1410	15	2014.777778
lake water	-0.3572	0.74	1	862	5864	53	2011.325444
land	0.4781	-0.4469	2	1644	42184	373	2012.42268
land cover	0.1599	0.0529	4	1172	11568	99	2013.554795
land cover change	0.7126	0.192	4	393	1612	13	2014.744186
land cover classification	-0.4655	-0.298	4	439	1818	15	2013.414634
land surface	0.7184	-0.6013	2	1371	21858	186	2013.553603
land surface model	0.6384	-0.8276	2	1038	10334	89	2014.643836
land surface processes	1.156	-0.6125	2	454	2024	18	2014.617647
land surface temperature	1.1191	-0.3008	4	476	2230	18	2013.959459
land use	0.1989	-0.2476	4	601	2876	29	2012.561111
landforms	-0.2682	0.7191	1	954	6522	64	2011.537572
landsat	0.1271	0.6894	4	890	6998	66	2012.128767
landsat data	0.2813	0.7982	4	343	1202	11	2011.74359
landscape	-0.4166	0.2637	1	1694	47180	433	2013.677302
landscape changes	-0.5202	0.6584	1	649	3118	28	2013.785714
landscape dynamics	-0.5594	0.6676	1	358	1146	11	2013.5
landscape evolution	-0.4614	0.8378	1	535	2168	19	2013.104478
landscape heterogeneity	-0.3529	-0.683	3	546	2184	17	2015.428571
landscape level	-0.8376	-0.4306	3	363	1300	11	2012.972973
landscape scale	-0.3375	0.2974	4	910	5398	45	2014.545455
landslides	-0.2706	0.7572	1	346	1128	14	2012.839695
language	-0.689	-0.0849	3	634	2930	24	2018.048117
larch	-0.05	-0.5944	3	484	2176	20	2013.230769
larch forests	0.024	-0.6995	3	422	1726	15	2013.485714
large	-0.5841	-0.325	3	625	2636	26	2011.479452
large lakes	-0.2402	0.7383	1	339	1080	11	2012.35
large-scale	0.2922	-0.3814	2	929	5568	52	2011.165527
late	-0.4795	0.7179	1	449	1566	16	2009.495327
late pleistocene	-0.8096	0.5744	1	367	1250	13	2008.182609
late summer	-0.0786	0.7766	1	491	1858	17	2011.54902
latent	1.0788	-0.3649	2	743	4972	42	2010.884298
latent heat	1.0468	-0.2605	2	862	6626	56	2010.158824
latent heat flux	1.0799	-0.5825	2	557	2988	24	2010.739645
latitude	0.2111	-0.4417	2	997	6720	66	2011.054819
layer	0.1973	-0.243	2	1745	81328	764	2010.321275
layer model	0.6253	-0.6186	2	426	1636	14	2007.280576
lead	0.021	0.1342	1	658	2886	24	2010.716069
leaf area	0.2192	-0.8227	4	481	1886	14	2012.433071
leaf area index	0.1949	-0.8614	4	463	1772	13	2012.032258
lena	-0.288	-0.1243	4	890	5936	52	2011.554054
lena delta	-0.4778	-0.0107	4	703	3680	32	2012.754098
lena river	-0.2703	-0.3526	4	790	4816	40	2011.964539
lena river delta	-0.3985	-0.3387	4	656	3414	26	2013.386364
length	0.1582	-0.0018	2	717	3022	30	2010.5328
lenses	-0.2283	0.6542	1	324	1138	12	2007.342466
levels	-0.2916	0.0833	1	1237	10596	97	2011.25209
lgm	0.1528	-0.489	2	289	1030	11	2011.552083
lidar	0.2712	0.755	4	567	2462	21	2012.729064
light	-0.392	0.0147	3	555	2076	18	2011.753582
limit	0.4493	0.3387	2	922	5506	61	2010.544865
limitations	-0.1068	-0.451	3	937	5354	47	2012.614846
line	0.4167	0.461	4	798	4236	39	2011.363128
linear regression	0.1559	-0.5375	4	436	1620	15	2012.840304
links	-0.4263	-0.1988	3	562	2036	17	2012.592814
liquid water	0.7572	0.2432	2	766	4508	39	2011.138528
liquid water content	1.0502	-0.3909	2	393	1658	14	2010.779661
literature	-0.0645	0.2079	1	662	2600	31	2011.726524
litter	-0.2574	-0.658	3	424	1544	15	2013.5
little ice age	-0.6296	0.4885	1	352	1204	11	2011.269784
local factors	0.9818	0.1054	2	335	1104	11	2011.95
local scale	0.6928	0.0285	2	410	1330	11	2013.690476
location	0.133	0.3805	1	890	4648	44	2010.881081
loess	-0.3693	0.2306	1	553	1994	17	2011.913043
long-term	-0.0647	0.0934	1	1530	21266	195	2012.366366
long-term changes	0.4668	-0.3106	2	416	1370	12	2012.387324
long-term observations	0.7336	-0.1782	2	372	1306	11	2013.363636
long-term trends	0.1957	0.8325	1	387	1394	13	2012.589226
loss	-0.4403	-0.3361	3	1505	22310	209	2013.251087
low temperatures	-0.4852	-0.6397	3	363	1210	13	2011.076759
lowlands	-0.4508	0.7319	1	933	6014	55	2013.427273
lst	1.2436	-0.1488	4	409	1946	17	2013.681818
machine learning	0.2734	0.0162	4	376	1352	12	2016.761905
mackenzie	0.185	0.8423	1	837	5628	55	2009.683007
mackenzie delta	-0.065	0.8816	1	633	3590	35	2007.78
mackenzie delta region	-0.133	0.8722	1	368	1346	12	2009.869565
mackenzie valley	0.8272	0.6982	2	254	1004	11	2009.090909
macrofossils	-0.9704	0.4622	1	385	1510	13	2014.621622
magnetic resonance	-0.9966	-0.2214	3	425	1666	16	2013.555556
magnitude	-0.3856	-0.243	3	1487	20342	187	2011.364091
magt	1.2514	0.0074	2	462	2310	22	2014.5
maintenance	0.5763	-0.1163	2	459	1662	19	2010.394191
major ions	-0.7563	0.7217	1	377	1436	13	2014.391304
management	0.4443	0.4664	1	889	5602	53	2013.088766
manipulation	-0.2075	-0.6063	3	442	1664	16	2012.067568
map	0.5202	0.1789	4	1280	15496	151	2011.727201
mapping	0.3791	0.4869	4	1117	9602	92	2012.226667
margin	0.0309	0.5666	1	988	6830	62	2010.972504
marine	-0.7673	0.4972	1	665	3084	29	2012.020366
mass	-0.3325	0.199	1	1112	8120	80	2010.941993
mass balance	-0.3121	0.4876	1	521	2280	21	2012.104996
massive ground ice	-0.3307	0.9595	1	440	1640	15	2011.285714
mat	-0.0663	0.1297	1	345	1124	12	2010.666667
materials	-0.5802	0.339	1	828	4584	50	2011.458333
maximum	0.0923	-0.2236	2	1095	8018	79	2010.287843
meadow	0.1027	-0.8794	3	1006	10422	97	2013.697674
mean	0.5456	-0.0893	2	1423	17420	163	2010.953636
measurements	0.2269	-0.0718	4	1687	42440	398	2010.932763
mechanisms	-0.2563	-0.0236	3	1384	13826	134	2011.610479
melt	-0.0646	0.5247	1	903	5354	48	2013.146853
melting	0.1859	0.4776	1	754	3586	35	2012.110283
meltwater	0.1592	0.7773	1	457	1786	17	2012.781925
metabolism	-1.318	-0.5218	3	334	1304	13	2013.696486
meteorological	0.8929	-0.2234	2	641	3092	28	2009.80117
meteorological conditions	0.0147	0.147	1	474	1652	12	2012.825
meteorological data	1.0125	0.0772	2	581	2470	22	2010.80814
meteorological stations	1.2888	-0.1217	2	542	3112	32	2012.914474
methane	-0.8704	-0.3088	3	1372	24304	238	2013.074286
methane (ch4)	-0.8854	-0.4551	3	1263	20016	189	2015.144886
methane ebullition	-0.6975	0.4046	4	280	1116	12	2014.0625
methane fluxes	-0.5407	-0.5228	3	998	9178	83	2014.631902
methane oxidation	-1.267	-0.2634	3	328	1204	11	2012.352941
methane production	-1.1268	-0.1116	3	486	2076	20	2013.485294
methane release	-0.7807	0.2362	3	321	1202	12	2012.882353
methane source	-0.5769	0.0788	4	376	1304	12	2013.26
methanogenesis	-1.2264	-0.3959	3	665	4916	46	2013.934579
methanogens	-1.3267	-0.4638	3	392	1840	19	2013.962264
method	0.4294	0.1734	4	1557	26168	261	2012.144788
methodology	0.6327	0.0381	4	572	2324	23	2012.912525
metrics	0.5286	0.3341	4	544	2052	20	2015.541833
mg	-0.8236	0.0586	3	636	3060	33	2010.971279
microbes	-1.0592	-0.5913	3	448	1938	22	2014.433213
microbial	-1.1531	-0.3882	3	586	3050	31	2014.133333
microbial activity	-0.9432	-0.5766	3	544	2500	23	2013.911565
microbial biomass	-0.863	-0.8042	3	403	1788	17	2012.267857
microbial communities	-1.319	-0.4114	3	630	4718	47	2014.731973
microbial decomposition	-0.9357	-0.7117	3	658	3714	31	2015.863636
microbial degradation	-1.3145	-0.3687	3	342	1398	15	2013.957447
microorganisms	-1.0814	-0.6338	3	498	2128	19	2013.878151
microtopography	-0.0999	0.001	4	803	4722	41	2013
microwave	0.8837	0.2821	4	426	1904	17	2009.844327
mid-holocene	-0.6221	0.4964	1	380	1286	13	2012.07874
migration	0.2911	0.4644	1	693	3344	34	2011.023474
mineral soils	-0.5911	-0.214	3	1108	9228	83	2012.409396
mineralization	-1.1541	-0.4201	3	708	4308	41	2012.943299
minerals	-0.8172	-0.2394	3	929	6482	59	2012.390313
minimum	0.3748	0.586	1	529	1932	19	2009.779051
mire	-0.8786	0.1161	1	480	1956	20	2012.142857
mitigation	0.2113	-0.6262	2	498	2122	22	2014.985849
mixing	-0.5554	-0.0777	3	630	2586	23	2009.902919
mobilization	-0.951	0.0575	3	534	2290	21	2013.656863
mode	0.193	0.4338	4	810	4110	37	2010.915266
model	0.4511	-0.38	2	1748	89172	852	2011.651901
model development	0.2752	-0.3168	2	409	1302	12	2012.987805
model evaluation	0.8158	-0.7546	2	364	1304	12	2014.933824
model intercomparison	0.7394	-0.9878	2	579	3746	32	2014.817568
model performance	0.8979	-0.6143	2	637	3154	25	2013.384236
model sensitivity	0.7505	-0.8544	2	377	1318	11	2011.938776
model simulations	0.5113	-0.665	2	932	6360	54	2012.477137
modeling	0.563	-0.1444	2	1557	28698	266	2012.080047
modification	-0.5159	0.1639	1	328	968	11	2009.923977
modis	1.0648	-0.2993	4	532	2818	25	2013.171111
module	0.1894	-0.8577	2	473	1876	15	2013.530769
moist acidic tundra	-0.7362	-0.5185	3	351	1422	14	2009.78125
moist tundra	-0.6761	-0.4381	3	430	1852	18	2011.125
moisture	0.2316	-0.4847	2	1650	37928	342	2012.602086
moisture conditions	-0.0974	-0.0788	3	763	3380	30	2011.619718
moisture content	0.6858	-0.3895	2	949	7214	63	2012.463768
mongolia	1.2455	0.0912	2	311	1254	15	2012.970149
monitoring	0.6382	0.363	2	1403	18516	177	2012.828676
monitoring network	0.8088	0.2038	2	475	1748	16	2013.4
monte carlo	0.3478	-0.2188	2	411	1300	11	2011.598684
morphology	-0.3764	0.6283	1	813	4468	45	2011.797508
morphometry	-0.3857	0.7925	1	350	1140	12	2012.868421
mosaic	-0.1867	-0.0221	4	561	2204	20	2011.184466
moss	-0.0525	-0.452	3	746	3854	33	2010.479651
mounds	-0.6935	0.1878	1	602	2588	25	2012.671642
mountain permafrost	1.0345	0.1853	2	411	1588	17	2011.130802
mountainous regions	0.9428	-0.2285	2	388	1380	13	2012.588785
mountains	0.7249	0.1148	2	1153	11098	112	2011.617276
movement	0.3651	0.3631	1	930	6226	61	2009.813333
n-15	-1.1232	-0.1566	3	399	1412	13	2013.565217
n-factors	1.1093	0.1817	2	444	2184	21	2012.727273
n2o	-1.1835	-0.6555	3	391	1846	18	2013.738462
nasa	0.7542	-0.2037	4	360	1214	11	2012.319489
national	0.3546	0.3756	1	828	4388	42	2010.195652
national park	0.1777	0.7136	1	367	1184	11	2011.242718
nature	0.0464	0.4866	1	845	4234	41	2010.788145
ndvi	0.409	-0.275	4	630	3160	27	2013.153025
ne siberia	-0.6257	0.3524	1	448	1586	15	2014.045455
near-surface	0.506	0.1004	2	1438	20142	187	2011.177419
near-surface permafrost	0.191	-0.0238	2	987	7224	67	2011.486842
nee	-0.5435	-1.0904	3	469	2574	20	2013.952381
net	-0.7757	-0.7158	3	415	1492	14	2010.964126
net ecosystem exchange	-0.513	-1.0475	3	604	3772	29	2014.207317
net primary production	-0.354	-1.1906	3	395	1730	14	2012.467391
net radiation	1.0632	-0.372	2	427	1806	15	2010.048193
network	0.289	0.3376	1	1223	10828	103	2012.964962
neural network	0.4644	0.1233	4	363	1188	12	2011.798561
nitrogen	-0.903	-0.2513	3	1154	12108	113	2012.807923
nmr	-1.0208	-0.2063	3	355	1298	12	2012.099099
normalized difference vegetation index	0.0432	-0.3409	4	436	1630	13	2013.123077
north	0.1429	0.1418	4	1455	18130	170	2010.374238
north america	0.4151	0.1509	2	841	4602	42	2011.532207
north american	0.0378	0.2129	1	526	1914	19	2010.662844
north slope	-0.1119	0.2024	4	915	6300	58	2011.833333
northeast china	0.2369	-0.9236	2	292	1030	11	2014.625
northern	0.1899	-0.2684	2	1333	13876	134	2011.106605
northern alaska	-0.0644	0.1955	4	335	1016	11	2011.64
northern ecosystems	-0.1943	-0.1134	4	441	1648	13	2012.901961
northern hemisphere	0.7922	-0.5069	2	840	6256	64	2010.714878
northern lakes	-0.7125	0.2339	1	416	1720	17	2015.142857
northern latitudes	-0.3966	-0.4996	3	701	3568	33	2011.839378
northern peatlands	-0.8376	-0.3128	3	473	1990	17	2014.478261
northern regions	0.0644	-0.0862	4	521	2024	20	2013.05618
northwest	0.1446	0.7882	1	1044	9368	89	2011.701835
northwest territories	0.1011	0.9106	1	905	7882	73	2011.232877
northwest territories canada	0.0481	0.898	1	739	4970	44	2010.547368
norway	0.0843	-0.1621	2	350	1142	11	2011.264414
npp	-0.1668	-1.1796	3	371	1452	12	2012.479167
nuclear magnetic resonance	-0.997	-0.2194	3	425	1666	16	2013.782609
numerical	0.9499	0.272	2	546	2598	28	2009.72
numerical experiments	0.979	-0.5031	2	463	1930	18	2010.004255
numerical model	0.8802	0.2849	2	809	4896	45	2009.365706
numerical modeling	0.9836	0.3479	2	446	1938	21	2011.42735
numerical simulations	0.9752	0.2293	2	561	2506	24	2012.214493
nunavik	-0.3595	0.5901	1	365	1236	11	2015.65625
nunavut	-0.4159	0.7275	1	495	2148	21	2013.447514
nutrient availability	-1.0301	-0.4469	3	464	1726	14	2013.783582
nutrient concentrations	-0.8887	0.35	1	358	1178	11	2011.871795
nutrients	-0.821	-0.1365	3	1011	7992	72	2011.870968
nwt	-0.1867	0.9378	1	541	2718	27	2009.175
o-18	-0.5492	0.8187	1	577	2810	26	2011.806034
objective	-0.4496	-0.126	3	779	3688	35	2011.917647
observational data	0.7226	-0.5838	2	525	2396	21	2011.486413
observations	0.4063	-0.0672	2	1686	42448	399	2011.448164
observatory	-0.2735	0.1619	1	644	3180	27	2013.863636
oc	-0.9003	-0.2806	3	707	4046	39	2013.484305
occurrence	0.142	0.4159	1	1082	7070	70	2011.803551
ocean	-0.0871	0.1309	1	775	3986	38	2010.965167
offset	0.8441	0.5485	2	586	3010	28	2010.854749
oil	-0.0252	0.8421	1	475	1778	18	2011.484241
old crow	-0.3152	1.0085	1	416	1786	17	2012.526316
old crow flats	-0.3253	1.0046	1	401	1672	16	2014.4375
one dimensional	1.0182	-0.3469	2	474	2274	21	2007.160622
onset	0.3451	0.1066	2	773	3766	32	2011.400894
open water	-0.1847	0.571	4	634	3022	29	2011.389671
operation	0.7668	0.0791	2	300	942	12	2012.715909
order	-0.1178	0.0374	4	1434	15564	154	2010.598046
organic	-0.8052	-0.2085	3	984	6832	64	2013.072464
organic c	-0.9551	-0.5738	3	539	2434	22	2011.8625
organic carbon	-0.8181	-0.3242	3	1558	37760	352	2012.96863
organic carbon content	-0.1014	-0.5449	3	588	2612	23	2011.984615
organic carbon stocks	-0.4624	-0.843	3	391	1520	14	2015.6
organic carbon storage	-0.5976	-0.3639	3	423	1702	16	2014.222222
organic horizon	-0.189	-0.782	3	392	1466	12	2011.409091
organic layer	-5e-04	-0.3461	3	860	5598	51	2011.884615
organic layer thickness	-0.1612	-0.3216	3	527	2372	21	2011.625
organic material	-0.5339	0.2182	1	615	2424	23	2010.225
organic matter	-0.8991	-0.263	3	1468	25582	236	2012.485771
organic matter content	-0.4074	0.1063	1	628	2554	22	2012.285714
organic matter decomposition	-1.0221	-0.7239	3	538	2646	23	2014.771429
organic soils	-0.2735	-0.5574	3	961	6628	58	2012.926606
orientation	0.4087	0.7931	1	315	958	12	2010.063415
origin	-0.5202	0.5811	1	712	3210	36	2010.187679
oxidation	-1.2049	-0.2265	3	630	3744	34	2011.836614
oxide	-1.0852	-0.4748	3	333	1194	12	2014.103448
oxygen	-1.0082	0.0213	3	768	4614	43	2009.83871
paleoclimate	-0.2304	0.2778	1	321	1094	12	2013.189349
palsa	-0.6879	-0.0307	3	638	3278	34	2013.897959
panel	0.5268	-0.9005	2	332	1262	12	2011.552419
parameterization	0.898	-0.645	2	809	5756	50	2011.336207
parameters	0.3222	-0.246	2	1489	20390	185	2010.962104
parent material	-0.857	-0.1539	3	389	1410	15	2009.333333
part	-0.0238	-0.0827	1	1418	15596	153	2010.410034
particles	-0.336	-0.2714	3	515	2164	21	2011.108822
particulate	-1.0412	0.1427	3	456	1860	16	2012
particulate organic	-1.0054	0.0511	3	432	1478	13	2012.208791
partitioning	-0.2737	-0.7219	3	542	2240	19	2012.216749
past	-0.4656	0.3219	1	537	1914	22	2012.316703
patches	0.1679	-0.0391	4	761	3720	34	2011.337979
pathways	-0.2319	-0.4903	3	1130	10820	103	2013.213274
patterned ground	-0.243	0.0749	1	430	1682	17	2009.548387
patterns	-0.0674	0.1187	1	1652	30698	284	2011.236066
peat	-0.5831	0.0833	1	1403	17662	161	2013.503205
peat accumulation	-1.0284	0.1228	1	368	1292	12	2014.421053
peat plateaus	-0.4062	0.2796	1	816	5192	46	2015.240741
peat soils	-0.6156	-0.4487	3	668	3188	30	2014.3
peatlands	-0.6403	-0.0099	3	1250	14084	131	2014.40553
peatlands permafrost	-0.7909	-0.4482	3	452	1880	19	2015.636364
penetrating radar	0.639	0.7453	4	429	1966	24	2012.703704
penetration	0.8995	0.3385	2	601	2970	29	2009.4875
peninsula	-0.4323	0.4236	1	985	6740	66	2011.596904
performance	0.909	-0.4192	2	1016	8528	76	2013.489921
periglacial	0.2782	0.91	1	287	850	11	2008.767241
periglacial landscapes	-0.6736	0.6229	1	420	1444	13	2012.692308
period	0.2646	0.1934	1	1664	39800	380	2011.210316
permafrost	0.0014	-0.0079	2	1767	174532	1752	2012.799678
permafrost active layer	0.1467	-0.0556	2	670	3074	28	2014.136364
permafrost aggradation	-0.4602	0.7842	1	596	2726	24	2012.181818
permafrost area	0.7385	-0.52	2	993	8370	81	2013.553846
permafrost carbon	-0.6801	-0.6699	3	1175	13576	132	2015.553191
permafrost carbon feedback	-0.6297	-0.8606	3	660	4092	35	2016.431818
permafrost changes	0.6707	0.1389	2	1050	8452	83	2013.75
permafrost characteristics	0.4561	0.2005	4	545	2230	20	2012.939394
permafrost collapse	-1.1236	-0.1882	3	401	1648	17	2015.619048
permafrost conditions	0.4236	0.2734	2	1178	9916	88	2012.988701
permafrost coverage	0.3183	0.8201	1	314	1144	11	2013.958333
permafrost degradation	0.1136	0.2289	1	1633	34112	320	2013.978261
permafrost deposits	-1.2127	0.0877	3	329	1232	12	2014.566667
permafrost depth	0.4861	0.3898	2	564	2418	25	2011.957447
permafrost distribution	0.9173	0.1315	2	1040	9222	89	2011.981481
permafrost disturbance	-0.7176	0.5083	1	610	3220	30	2014.648649
permafrost dynamics	0.4772	-0.1678	2	924	5888	52	2013.658228
permafrost ecosystems	-0.4883	-0.6756	3	916	6148	51	2015.6
permafrost environments	0.0991	0.3593	4	879	5100	46	2012.883929
permafrost evolution	0.7761	0.154	2	341	1024	11	2012.970588
permafrost extent	0.7625	-0.113	2	886	6316	57	2014.623377
permafrost formation	-0.2517	0.6248	1	408	1372	11	2012.92
permafrost ground	0.6399	0.1146	2	1072	8928	82	2012.729508
permafrost hydrology	0.648	0.4935	1	617	3050	29	2014.894737
permafrost landscapes	-0.5287	0.4428	1	1185	10550	93	2015.899083
permafrost map	0.9982	0.1809	4	344	1324	14	2014.130435
permafrost mapping	0.841	0.5222	4	353	1316	13	2011.571429
permafrost model	0.8248	-0.3793	2	818	5062	45	2012.323944
permafrost modeling	0.9423	-0.182	2	493	2062	18	2012.041667
permafrost monitoring	1.0314	0.4561	2	438	1744	17	2010.210526
permafrost occurrence	0.6933	0.2626	2	389	1242	12	2011.557377
permafrost peatlands	-0.9034	-0.1038	3	701	4020	37	2015.829787
permafrost regions	0.3793	-0.3998	2	1647	39018	370	2014.282051
permafrost response	0.6943	0.1983	2	540	2184	21	2012.96
permafrost site	0.4684	0.0033	2	469	1706	16	2012.30303
permafrost soils	-0.5354	-0.5828	3	1452	21074	197	2014.196203
permafrost stability	0.5451	-0.24	2	452	1792	17	2013
permafrost table	0.3034	0.4927	1	998	7488	75	2011.540816
permafrost temperatures	0.8954	0.1871	2	1066	10152	102	2010.320988
permafrost thaw	-0.5193	-0.0279	3	1669	41378	387	2014.917369
permafrost thickness	0.8126	0.4496	2	464	1902	20	2009.953488
permafrost type	0.852	-0.1392	2	476	1896	17	2015.130435
permafrost zone	0.2912	0.1635	2	1325	14372	135	2013.321586
permeability	0.4481	0.5802	1	385	1482	14	2012.947826
persistence	-0.2984	0.0961	1	585	2160	20	2012.073254
perspective	-0.005	-0.2158	2	537	2044	21	2012.901235
perturbations	-0.3479	0.3177	1	596	2338	21	2010.583086
ph	-0.8642	-0.3873	3	774	5066	46	2013.361345
phase	0.7369	-0.3327	2	1189	11968	108	2011.300144
phase changes	1.0853	-0.0492	2	766	5580	51	2010.18705
phenomena	0.6616	0.3076	2	355	1110	13	2011
phosphorus	-0.9311	-0.1506	3	542	2786	27	2012.723926
photographs	-0.1338	0.9366	1	668	3352	32	2010.319372
photography	-0.1236	0.8881	1	440	1588	14	2011.617391
photosynthesis	-0.2757	-0.9665	3	437	1560	13	2012.442424
physical	-0.3741	0.6128	1	420	1376	12	2009.0625
physical processes	0.7003	-0.1801	2	439	1502	14	2012.057576
physical properties	0.3899	-0.1485	2	515	2016	19	2011.051724
physics	0.9348	-0.4334	2	651	3610	33	2011.674359
picea	-0.3766	-0.0702	3	361	1206	11	2012.274725
pingos	-0.4168	0.9397	1	334	1114	11	2013.1
pipeline	0.6337	0.6696	2	391	1364	14	2012.5
pits	-0.1556	0.4626	1	654	2846	26	2010.815789
place	-0.2618	0.4376	1	517	1894	20	2009.958042
planning	0.8021	0.0974	2	469	1922	19	2013.468421
plant	-0.6938	-0.5152	3	1340	16930	148	2012.538334
plant biomass	-0.7579	-0.9018	3	355	1412	12	2013.786667
plant communities	-0.764	-0.0863	3	750	3736	31	2013.503125
plant growth	-0.3993	-0.9288	3	581	3052	25	2013.3125
plant productivity	-0.7974	-0.8753	3	359	1258	11	2015
plateau	0.6423	-0.285	2	1575	40102	402	2012.169659
plateau permafrost	0.3992	-0.4008	2	967	7564	75	2014.613861
pleistocene	-0.8353	0.4148	1	742	4100	41	2009.611702
plot	0.1655	-0.4454	4	365	1250	12	2011.591837
polar	0.7751	0.2937	2	404	1572	18	2011.082686
policy	0.4398	-0.3551	2	296	902	11	2014.121693
pollen	-0.8798	0.525	1	457	2190	21	2011.027027
polygonal ground	-0.4767	0.0723	1	368	1296	12	2016.454545
polygonal tundra	-0.327	-0.6728	3	794	5446	47	2016.222222
polygons	-0.4686	0.2327	1	1169	11914	113	2013.339623
ponds	-0.6382	0.5253	1	1121	10680	104	2013.328622
pools	-0.7804	-0.4336	3	989	7480	70	2013.203252
population	-0.6517	0.2472	1	488	1906	22	2011.362024
pore	-0.6155	0.3305	1	730	3642	34	2011.924837
pore water	-0.5649	0.3509	1	670	3008	27	2012.637306
porosity	0.7356	-0.1465	2	500	2038	18	2011.607843
position	-0.4072	0.3781	1	686	2966	27	2010.689373
positive feedback	-0.6593	-0.7181	3	882	6190	53	2012.122034
potential	-0.5077	0.0545	3	1360	13354	125	2012.784435
power	-0.0249	-0.6197	4	437	1576	17	2011.834034
precipitation	0.3034	0.1251	1	1563	29940	281	2012.247478
precipitation events	0.0681	0.7393	1	379	1338	12	2012.820513
precision	0.3882	0.2038	4	492	1758	20	2011.580524
prediction	0.0787	-0.5502	3	1253	11726	112	2012.073267
predictors	-0.9134	-0.4884	3	351	1102	11	2013.270142
present	0.1675	0.2079	1	495	1684	17	2011.176606
present day	0.4018	-0.3773	2	811	4884	45	2011.295673
preservation	-0.8783	0.2952	1	610	2784	28	2011.649533
pressure	-0.1032	-0.0685	3	673	2814	30	2010.477108
prevalence	-0.6932	0.3061	1	401	1274	11	2013.013245
primary production	-0.5194	-0.9373	3	745	4818	39	2012.113402
primary productivity	-0.5295	-0.8637	3	577	2874	24	2013.138889
principal components	-0.6988	0.0227	3	464	1568	14	2010.402597
probability	0.6008	0.2485	4	525	2098	20	2011.876866
probe	0.3382	0.215	4	415	1592	16	2009.777027
procedures	0.57	-0.0486	4	333	1060	11	2010.315476
process model	0.6409	-0.96	2	417	1568	15	2012.018868
processes	0.0226	-0.0776	2	1753	64744	606	2011.967406
processing	-0.0217	0.359	4	665	2872	27	2012.577495
production	-0.9012	-0.5049	3	1292	17332	156	2011.637878
production rates	-1.2577	-0.4686	3	343	1290	12	2011.385714
productivity	-0.5626	-0.6111	3	1062	8470	72	2012.484007
profiles	-0.1568	-0.2877	3	1481	19730	185	2010.526606
progress	0.1863	0.3213	1	563	2150	22	2012.411765
project	0.6369	-0.632	2	996	7976	77	2012.453668
projection	0.2958	-0.697	2	1065	9154	88	2014.197635
propagation	0.4479	0.2844	4	379	1172	11	2010.734739
properties	0.198	-0.2629	2	1623	32112	293	2011.071907
proportion	-0.3391	0.1126	1	902	4824	44	2011.055556
protection	0.0745	-0.42	3	672	3130	29	2013.352941
province	0.4628	-0.2285	4	337	1098	11	2010.882653
proximity	-0.1536	0.7576	1	531	1994	18	2011.075099
proxy	-0.6629	0.2942	1	778	3764	35	2013.127907
prudhoe	0.4393	0.7358	1	484	2066	21	2009.038462
prudhoe bay	0.4372	0.7367	1	484	2066	21	2009
qilian	1.1354	-0.0165	2	343	1394	14	2015.829268
qinghai-tibet railway	0.9866	0.2603	2	294	1006	11	2015.083333
qinghai-tibetan plateau	0.7398	-0.3395	2	1311	24686	252	2015.078431
quality	-0.3576	-0.1654	3	1054	7276	64	2012.741898
quantification	0.1626	-0.3333	4	791	4014	37	2013.40625
quaternary	-0.5932	0.3664	1	561	2196	23	2010.108108
quebec	-0.4711	0.5524	1	625	3298	31	2011.605769
radar	0.4524	0.781	4	1048	11396	113	2011.711931
radiation	0.6353	-0.3917	2	1021	7906	71	2011.331925
radiocarbon	-1.009	0.0999	1	866	6196	59	2012.205298
radiocarbon ages	-0.8951	0.3167	1	352	1112	12	2012.69697
radiocarbon dates	-0.9509	0.4063	1	519	2098	20	2010.453488
railway	0.888	0.4346	2	304	1092	12	2015.722222
rain	0.1414	0.687	1	428	1566	15	2011.945455
rainfall	0.0579	0.5358	1	880	5970	55	2011.97561
range	0.4491	-0.0935	2	1485	20490	191	2011.410547
rapid	-0.5951	0.0455	1	676	3114	30	2012.463023
rapid changes	-0.0815	0.2927	1	417	1272	12	2013.314286
rates	-0.5379	-0.1647	3	1635	32124	299	2011.494306
ratio	-0.3961	0.0287	3	1395	15700	142	2010.925387
rcp	0.5726	-1.0212	2	697	5172	49	2016.081081
rcp2.6	0.8265	-1.0924	2	352	1790	18	2016.660377
rcp4.5	0.6953	-0.9637	2	461	2418	23	2016.159664
rcp8.5	0.6985	-0.9962	2	599	3924	35	2016.429293
reanalysis	1.1339	-0.4499	2	651	4076	37	2012.860412
reanalysis data	1.2927	-0.2709	2	340	1330	14	2013.062413
reason	0.4415	-0.7428	2	372	1306	13	2011.71371
recent	-0.2298	0.3269	1	1040	6844	72	2011.804991
recession	0.5739	0.8436	1	407	1906	21	2011.610063
recharge	0.5377	0.7701	1	551	2834	29	2014.42623
reconstruction	-0.5304	0.4249	1	800	4686	45	2012.728025
record	-0.3289	0.6222	1	979	6762	62	2011.508365
recovery	-0.4795	0.3574	1	640	3046	31	2012.7654
redistribution	0.1445	0.2761	1	703	3326	29	2011.996795
redox	-1.1397	-0.4629	3	395	1450	13	2012.1875
reduction	-0.2779	-0.4347	3	1104	8838	80	2012.202875
reflection	0.4785	0.7596	4	337	1226	15	2010.990196
regime	0.6193	0.2088	2	1571	29822	280	2010.768478
regime shifts	0.3673	0.6784	1	339	1172	11	2009.757062
region	0.1974	-0.0628	2	1766	102528	985	2011.608772
regional	0.6736	-0.1155	2	543	2138	18	2012.480198
regional climate	0.4645	-0.2438	2	824	4586	40	2013.123404
regional climate model	1.0534	-0.5486	2	385	1718	15	2013.665714
regional patterns	-0.1875	-0.2076	4	410	1278	11	2011.170213
regional scale	0.4117	-0.1943	4	735	3764	36	2012.592334
regression	0.1792	-0.4662	4	980	7088	65	2011.924945
regression model	0.3397	-0.4687	4	444	1668	15	2012.350785
relationship	-0.0532	-0.1654	4	1545	23074	229	2011.52721
relative abundance	-1.2428	-0.267	3	389	1356	13	2013.82
relative importance	-0.4186	-0.4024	3	483	1642	14	2010.879562
release	-0.7575	-0.367	3	1400	19608	184	2012.712924
relict	-0.3386	0.2904	1	350	1134	12	2011.614754
relief	0.0727	0.8554	1	463	1658	17	2010.812081
remote	0.4296	0.5975	4	1018	7960	73	2012.899032
remote areas	0.211	0.053	4	349	1064	11	2011.432432
remote sensing	0.425	0.5957	4	1161	11652	106	2012.958159
removal	-0.2704	0.2461	1	578	2522	23	2011.470833
representation	0.4368	-0.7773	2	1019	8710	71	2013.246886
requirements	0.5878	-0.3187	2	399	1258	12	2011.322368
res	-0.3075	-0.2777	3	588	2304	24	2010.48537
research	0.399	0.0298	2	1501	21694	225	2012.25614
reserves	-0.4485	0.248	1	334	966	11	2012.715328
reservoir	-0.6327	-0.3474	3	760	3850	37	2012.909879
residence	-0.592	0.3333	1	505	1972	18	2010.135762
residence time	-0.6213	0.3407	1	496	1918	17	2009.992032
resilience	-0.4155	0.301	1	553	2192	20	2014.867816
resistance	-0.2837	-0.0332	3	375	1106	11	2013.068966
resistivity	0.6131	0.5938	4	551	2512	22	2011.708696
resolution	0.4998	0.1548	4	1406	20880	188	2011.918993
resonance	-1.0059	-0.1849	3	414	1574	15	2012.957447
resources	0.5564	0.3071	2	1012	8292	83	2013.251701
respiration	-0.7206	-0.8415	3	1224	16188	140	2013.448352
respiration rates	-0.7336	-0.9601	3	577	3112	26	2012.580247
response	0.0262	-0.2971	3	1682	36354	338	2012.161066
rest	-0.0209	-0.5761	3	522	1872	15	2011.1893
retention	0.4949	-0.31	2	440	1560	14	2011.192053
retreat	-0.0098	0.7086	1	575	2524	28	2012.69985
retrieval	0.8763	0.1589	4	465	2122	19	2011.428846
retrogressive	-0.2488	1.0304	1	416	1924	22	2012.892857
retrogressive thaw slumps	-0.5138	0.8613	1	682	4146	40	2014.306122
richness	-0.7089	0.0366	1	294	980	11	2013.813953
ridge	-0.5221	0.2619	1	515	1958	19	2008.953586
risk	-0.0106	0.0193	2	758	3854	42	2014.229167
river	0.3371	0.3461	1	1610	30794	295	2011.920886
river basins	0.6739	0.5549	1	469	1946	20	2012.561798
river delta	-0.3859	-0.2385	4	705	3748	29	2011.6
river discharge	0.4612	0.8374	1	548	2432	23	2011.398406
road	0.2791	0.6727	1	536	2218	21	2013.096774
rocks	0.3835	0.5102	1	533	2026	24	2010.835085
role	-0.163	-0.4107	3	1557	23754	221	2012.568357
root	0.1982	-0.5649	3	902	5314	46	2012.083538
root mean square error	0.9322	0.0933	4	442	1558	13	2014.467391
roughness	0.5184	0.2628	4	349	1196	11	2012.54023
rrna	-1.394	-0.3131	3	259	1066	12	2013.889558
runoff	0.3575	0.615	1	1149	12992	125	2012.212743
runoff generation	0.7039	0.6762	1	428	1894	17	2014.863636
russia	0.1359	-0.0832	2	1090	8274	82	2012.192015
russian	-0.0131	-0.2149	4	619	2780	28	2010.807018
russian arctic	-0.0286	-0.249	4	379	1240	12	2011.16
salinity	0.108	0.2482	1	517	1924	18	2009.248247
sample	-0.3458	0.0267	1	539	1974	20	2011.599617
sampling	-0.1173	-0.0765	4	859	4450	46	2012.100775
sand	-0.1843	0.3657	1	779	3906	37	2010.211726
sar	0.3018	0.8474	4	799	6198	57	2011.141707
sar data	0.3485	0.9493	4	339	1198	11	2010.679688
satellite	0.2752	0.5037	4	1246	13286	119	2011.755822
satellite data	0.6135	0.2584	4	712	3932	33	2011.686028
satellite imagery	-0.1335	0.7731	1	803	4888	44	2012.772222
satellite images	-0.0676	0.7236	1	609	2714	28	2011.587189
saturation	-0.1504	-0.4851	3	707	3696	34	2011.875
scale	0.2318	-0.1246	4	1613	32026	296	2011.804989
scaling	0.0729	-0.4388	4	512	1834	16	2011.411765
scenarios	0.4497	-0.6274	2	1377	20332	195	2012.882212
science	0.6733	0.0232	2	614	2950	39	2005.441336
sea	0.0684	0.5293	1	906	5630	65	2010.929745
sea ice	0.3048	0.4742	1	540	2292	24	2012.341204
sea level	0.3928	0.461	1	493	1812	20	2011.153319
season	-0.0299	-0.2107	3	1638	34646	324	2012.178114
seasonal changes	-0.0737	-0.7515	3	483	1782	15	2012.145349
seasonal frost	0.9651	0.1406	2	454	1898	18	2009.096154
seasonal snow	1.1079	-0.0226	2	363	1538	15	2012.125
seasonal soil	0.5973	-0.6585	2	406	1606	14	2014.5
seasonal thaw	0.4959	0.0931	2	594	2524	22	2012.916667
seasonal variation	-0.0119	-0.559	3	469	1788	17	2011.013917
seasonally frozen ground	1.2741	-0.2684	2	428	2068	21	2013.692308
sections	-0.3901	0.3288	1	502	1772	17	2007.846599
sedge	-0.5869	-0.132	3	639	2798	26	2011.763158
sediment cores	-0.9578	0.5404	1	623	3080	27	2012.336207
sediment transport	-0.6708	0.7915	1	348	1246	11	2009.963768
sedimentation	-0.7239	0.745	1	490	2080	19	2009.867797
sediments	-0.695	0.5078	1	1388	20046	198	2011.206075
self-organizing map	-1.12	-0.5736	3	651	4328	41	2014.61745
sensible heat	1.0382	-0.5497	2	571	2982	25	2010.128205
sensible heat flux	1.1063	-0.5807	2	471	2292	19	2010.732283
sensing	0.3287	0.5638	4	1023	8002	74	2012.945017
sensitivity	-0.0387	-0.6714	3	1470	20254	175	2012.152936
sensitivity analysis	0.2916	-0.6102	3	514	1980	18	2013.137681
sensors	0.4704	0.216	4	773	3952	38	2011.517949
separation	0.586	0.5008	4	375	1266	14	2009.887195
sequence	-0.7516	0.1933	1	738	3444	34	2012.290017
sequencing	-1.3829	-0.3121	3	281	1096	12	2015.158311
sequestration	-0.6271	-0.6329	3	596	2608	25	2014.109827
series	0.6672	0.285	2	1259	12784	120	2010.601012
service	0.3533	-0.0346	4	458	1600	17	2013.140288
settlement	0.5377	0.6646	1	641	3208	30	2011.937107
severity	-0.3211	-0.3856	3	488	2042	18	2012.643617
seward peninsula	-0.5319	0.5548	1	586	2552	24	2010.410256
shallow lakes	-0.4757	0.5646	1	532	2052	18	2014.210526
shallow water	-0.2705	0.797	1	397	1318	12	2010.653846
shape	0.261	0.5376	1	527	1980	22	2010.573529
shelf	-0.782	0.2077	1	248	812	11	2010.587376
shift	-0.5139	0.1164	1	1308	12930	115	2012.333333
shore	-0.4817	0.8802	1	497	1904	17	2010.122222
shoreline	-0.2735	0.8909	1	571	2432	24	2009.668367
short-term	-0.4389	-0.0325	3	740	3450	33	2012.055432
shrub	-0.467	0.0889	1	858	4632	42	2013.638182
shrub tundra	-0.399	0.2978	1	487	1776	15	2012.731183
siberia	-0.2937	-0.0739	1	1438	19826	189	2012.538153
siberian	-0.4319	-0.227	3	1024	7138	68	2012.301282
siberian arctic	-0.8888	0.0528	3	465	1970	22	2013.052288
signal	-0.1006	0.3664	1	923	5084	48	2011.038817
signatures	-0.868	0.2575	3	511	1932	20	2011.86758
significance	0.2038	0.2564	1	583	2260	21	2011.019928
silt	-0.3962	0.3217	1	492	1874	19	2009.536232
simulations	0.7379	-0.502	2	1493	31210	285	2012.277903
sink	-0.5696	-0.9362	3	898	7144	62	2013.060748
sites	0.0741	-0.15	2	1735	56364	529	2011.507274
size	-0.3989	0.3646	1	1364	13816	133	2010.965923
size distribution	-0.5124	0.5897	1	617	2812	23	2010.853862
slope	0.0507	0.4263	1	1468	20100	195	2010.341082
slumping	-0.6809	0.7814	1	428	1714	17	2012
slumps	-0.4434	0.8637	1	859	6192	58	2013.513158
small lakes	-0.3584	0.6831	1	357	1202	12	2012.9
small-scale	-0.0939	0.0536	4	711	2920	27	2011.469512
snow	0.8148	0.0663	2	1287	16176	147	2012.043528
snow accumulation	0.5941	0.6057	1	606	2666	24	2012.351145
snow conditions	0.4051	0.8226	1	363	1128	11	2012.128205
snow cover	0.9701	0.1663	2	825	5560	50	2011.871212
snow depth	0.8496	-0.0521	2	1073	10160	92	2013.175439
snow model	0.7279	-0.7706	2	396	1578	13	2013.45283
snow surface	1.0776	-0.0783	2	413	1624	14	2011.761905
snowfall	0.8457	0.3266	2	532	2366	23	2012.353474
snowmelt	-0.038	0.7573	1	848	5144	46	2012.207317
snowpack	0.8187	-0.3665	2	539	2318	20	2013.287234
soc	-0.6306	-0.7141	3	1085	12852	122	2014.450331
soc stocks	-0.5816	-0.8309	3	618	3698	34	2015.142857
soc storage	-0.4992	-0.5641	3	540	2804	26	2014.857143
society	0.4772	0.319	4	413	1446	16	2010.520354
soil	-0.0039	-0.4842	3	1759	128290	1224	2012.887856
soil c	-0.8382	-0.8061	3	841	6308	57	2013.963303
soil carbon	-0.5519	-0.7566	3	1462	30724	287	2014.460993
soil carbon decomposition	-0.4029	-1.1461	3	374	1492	12	2015.923077
soil carbon dynamics	-0.2136	-1.0047	3	428	1590	13	2014.444444
soil carbon stocks	-0.4304	-0.9502	3	624	3506	30	2015.263158
soil carbon storage	-0.6016	-0.675	3	421	1530	12	2013.388889
soil characteristics	0.0573	-0.6147	3	472	1700	15	2013.447368
soil climate	0.3083	-0.7877	2	397	1310	12	2012.5
soil co2	-0.7153	-0.9035	3	468	2206	21	2014.88
soil column	0.5775	-0.7196	2	649	3474	27	2011.2
soil conditions	-0.4715	-0.5216	3	874	5064	46	2014.0625
soil database	0.0432	-0.7825	3	343	1260	11	2015.090909
soil depth	0.0061	-0.8261	3	872	5830	54	2014.421687
soil environment	-0.3234	-0.8316	3	373	1360	14	2012.607843
soil freezing	0.9558	-0.4514	2	705	4222	39	2011.784314
soil heat flux	1.2502	-0.6857	2	345	1424	12	2014.625
soil horizons	-0.6363	-0.4932	3	714	3704	35	2012.867647
soil hydrology	-0.0326	-1.0839	3	467	1840	15	2016.263158
soil layers	0.0857	-0.805	3	1235	13954	121	2013.275676
soil map	0.3337	-0.798	4	366	1330	12	2013.333333
soil moisture	0.2786	-0.6247	2	1515	27268	244	2013.428315
soil moisture content	0.7411	-0.5627	2	729	4566	40	2012.941176
soil nutrients	-0.5667	-0.874	3	449	2178	20	2014.047619
soil organic carbon	-0.5735	-0.6767	3	1303	20040	188	2014.684426
soil organic matter	-0.8289	-0.6043	3	1095	10874	97	2014.61236
soil parameters	0.4394	-0.644	2	423	1608	13	2015.09375
soil ph	-0.7103	-0.5836	3	402	1600	16	2013.036585
soil processes	0.3703	-0.7856	2	639	3262	29	2012.686275
soil profiles	-0.2843	-0.628	3	1003	7778	70	2013.705263
soil properties	0.2186	-0.5722	3	1183	11586	103	2014.284153
soil respiration	-0.6234	-0.8872	3	749	4778	43	2013.974359
soil surface	0.4641	-0.5088	2	1241	12442	110	2012.076577
soil surface temperature	0.9695	-0.5395	2	341	1232	11	2012.933333
soil temperature	0.616	-0.6546	2	1539	35036	311	2013.124498
soil texture	-0.0622	-0.3882	3	731	3924	37	2013.641509
soil thaw	0.1998	-0.214	1	522	2070	19	2013.1
soil thawing	0.5092	-0.7192	2	355	1414	13	2012.28
soil thermal conductivity	0.8287	-0.7894	2	407	1748	16	2013.411765
soil thermal dynamics	0.5891	-1.0823	2	508	2660	21	2013
soil thermal properties	0.8439	-0.434	2	557	2628	22	2011.173913
soil thermal regime	0.6141	-0.7339	2	544	2476	20	2010.642857
soil type	-0.0622	-0.3451	2	636	2652	24	2012.921053
soil water	0.5716	-0.3937	2	1258	14844	132	2012.424242
soil water content	0.8028	-0.3144	2	875	6306	56	2012.810127
solar radiation	0.5539	-0.068	2	594	2690	25	2011.997753
solifluction	-0.2264	0.6906	1	384	1220	12	2008.511628
solutes	-0.5253	0.6302	1	707	3998	39	2011.511628
solution	0.9111	-0.0643	2	821	5308	51	2010.22668
source	-0.3081	-0.2076	3	1625	31920	301	2011.544715
source areas	0.8355	0.1994	2	492	2300	21	2011.964602
source region	1.0096	-0.5306	2	433	1972	19	2011.263158
source waters	-0.1873	0.7042	1	640	3018	30	2008.57967
south	0.1306	0.1715	1	771	3826	37	2009.816077
space	0.3169	-0.0676	4	738	3446	35	2011.281958
spatial	0.1405	-0.0962	4	1056	7562	70	2011.877747
spatial distribution	0.5084	-0.1901	4	1104	8972	85	2012.602028
spatial extent	-0.101	0.3346	1	482	1670	15	2012.475806
spatial heterogeneity	0.1385	-0.7468	4	560	2642	25	2014.478261
spatial patterns	0.1964	-0.3392	4	795	4200	38	2012.024523
spatial resolution	0.4533	0.271	4	960	7422	66	2012.877034
spatial scales	0.5192	-0.2205	4	769	3932	36	2012.42723
spatial variability	0.3605	-0.1894	4	957	6224	56	2011.858628
spatial variation	0.1722	-0.1968	4	919	5516	53	2011.835735
spatiotemporal variations	0.872	0.0149	4	355	1174	11	2015.945455
species	-0.7801	-0.0375	1	956	6460	65	2011.629341
spectrometry	-0.9845	0.0082	3	369	1178	12	2012.332298
spectroscopy	-1.056	-0.2219	3	460	1848	17	2012.548387
speed	0.7606	-0.2461	2	426	1506	14	2010.795455
sphagnum	-0.812	0.0647	1	451	1672	16	2011.862069
sporadic permafrost	0.3908	0.3669	4	691	3406	31	2012.694915
spots	-0.5097	-0.2705	4	543	2072	18	2012.598985
spring	0.3322	-0.0059	2	1270	13504	125	2011.445356
spruce	-0.3669	-0.2235	3	737	4566	40	2011.285714
spruce forests	-0.5332	-0.2275	3	438	1818	16	2010.921569
stability	0.0464	0.0577	1	1102	8234	82	2011.601934
stabilization	-0.6488	0.0135	3	827	4502	41	2014.288235
stable carbon	-1.2036	-0.235	3	415	1734	16	2011.428571
stable carbon isotopes	-1.169	-0.223	3	365	1396	13	2011.747664
stable isotopes	-0.623	0.587	1	826	5226	49	2012.393939
stable water isotopes	-0.5764	0.8409	1	360	1352	12	2014.272727
stage	-0.5943	0.2492	1	1130	8892	85	2011.432692
standard	0.4523	-0.5263	4	509	1906	17	2011.405751
standard deviation	0.525	-0.3384	4	536	1996	17	2011.034783
state	0.2889	-0.1097	2	1422	15336	144	2012.176355
stations	1.1053	-0.1455	2	923	7990	80	2010.728667
statistical model	0.8227	0.1302	4	300	1018	11	2011.85
statistics	0.5258	0.0379	4	672	3250	31	2010.724252
status	0.2021	0.011	4	787	3684	36	2011.737569
steady state	-0.013	-0.0619	1	387	1192	11	2009.695015
stefan solution	1.2484	-0.4228	2	300	1112	11	2011.3
steppe	-0.0032	-0.9999	3	630	4198	40	2014.242857
steps	0.4267	-0.3335	2	392	1176	11	2012.015873
stock	-0.6543	-0.6513	3	1285	17796	161	2011.522491
storage	-0.3561	-0.1055	3	1426	18640	172	2013.435429
storage capacity	0.692	0.3159	1	387	1356	11	2012.515152
stordalen	-0.9971	-0.25	3	309	1090	11	2014.590909
store	-0.9166	-0.1491	3	560	2204	18	2014.584615
strategies	0.3615	0.0731	4	780	4098	41	2013.49449
stratification	-0.2086	-0.0945	1	453	1626	13	2010.765734
stratigraphy	-0.0151	0.8226	1	455	1530	14	2010.59887
stream	-0.1226	0.865	1	929	7160	72	2011.208251
streamflow	0.5963	0.7099	1	562	3020	30	2012.533784
strength	-0.1233	-0.1697	4	888	5200	50	2011.147674
stress	-0.4596	-0.7051	3	438	1474	13	2010.771906
structure	-0.2838	-0.1123	3	1431	15090	149	2010.587788
subarctic	-0.4345	0.5576	1	823	4578	46	2012.483254
subarctic lakes	-1.0611	0.1428	3	326	1220	14	2013
subarctic peatland	-0.9793	-0.1438	3	465	1966	16	2016.454545
subarctic regions	-0.7514	0.3535	1	591	2610	25	2013.014493
subsidence	-0.1912	0.5853	1	1135	11004	107	2011.801303
subsoil	-0.526	-0.5543	3	411	1548	14	2014
substrate	-0.7568	-0.0975	3	895	5436	52	2012.694517
subsurface	0.4402	0.3797	1	1427	18518	168	2011.621895
subsurface flow	0.2205	0.7197	1	471	2146	20	2012.682927
subsurface temperature	0.8472	-0.1038	2	429	1560	14	2011.053571
subsurface water	0.0982	0.6069	1	486	1864	17	2011.296296
succession	-0.6335	0.2083	1	724	3996	36	2012.128814
summer	0.144	0.1246	1	1639	33100	309	2011.747886
summer air temperature	0.034	0.1929	1	333	1106	11	2012.157895
summer precipitation	-0.033	0.8036	1	456	1790	15	2012.772727
summer temperatures	0.0936	0.2983	1	613	2594	24	2011.835484
supply	-0.3023	0.4934	1	723	3442	33	2011.339312
support	0.1473	0.1829	4	827	3790	40	2012.160714
suprapermafrost	0.4139	0.5831	1	370	1374	14	2014.263158
surface	0.3264	0.0143	2	1766	97866	915	2011.274886
surface air	1.1855	-0.2626	2	705	4676	43	2012.202151
surface air temperature	1.158	-0.31	2	641	3808	35	2012.177381
surface albedo	0.5609	-0.6154	2	461	1698	14	2012.661808
surface area	-0.1772	0.7112	1	927	6386	61	2011.96
surface conditions	0.9045	0.3694	2	526	2310	23	2010.87907
surface elevation	-0.0301	0.5424	1	425	1466	13	2011.86618
surface energy	1.1557	-0.4668	2	799	6136	50	2012.765396
surface energy balance	1.2154	-0.2811	2	603	3546	29	2012.916667
surface hydrology	0.5832	-0.0309	4	484	1978	17	2013.192308
surface layer	0.4068	-0.5263	2	717	3928	36	2009.563452
surface organic layer	-0.105	-0.2158	3	398	1456	14	2009.65
surface processes	0.9432	-0.5596	2	575	2610	23	2013.341085
surface properties	0.5674	-0.013	4	513	1902	14	2010.878378
surface runoff	0.674	0.5354	1	499	2266	20	2014.712644
surface sediments	-1.0058	0.2274	3	392	1326	13	2010.917355
surface soil moisture	0.6956	-0.2376	4	512	2048	17	2013.4375
surface subsidence	-0.0345	0.6004	4	506	2298	22	2014.44
surface temperature	1.0644	-0.0675	2	1286	17348	160	2011.552855
surface waters	-0.0074	0.5492	1	1261	13086	121	2010.917469
survey	0.1357	0.6636	1	1155	10074	106	2010.854962
susceptibility	-0.4998	0.5933	1	453	1674	17	2013.078125
svalbard	0.1183	0.0044	2	667	3178	31	2012.982836
swamp	0.0998	-0.9401	3	512	2698	24	2014.725
swamp meadow	-0.0649	-0.9827	3	409	1922	17	2016.238095
sweden	-0.6052	-0.1628	3	768	4542	48	2011.298755
syngenetic ice wedges	-0.5475	0.8595	1	331	1196	11	2015.363636
syngenetic permafrost	-0.6072	0.6648	1	308	1030	12	2013.5
synthesis	-0.2633	0.0131	1	699	3212	30	2012.494924
synthetic	0.2521	0.876	4	588	3014	26	2012.439655
system	0.2694	-0.2818	2	1567	25754	241	2012.244703
system models	0.0717	-0.9414	2	751	4524	35	2015.409091
table	0.1502	0.2569	1	1163	10496	98	2011.75
taiga	-0.029	0.1779	1	513	1810	17	2010.772152
talik	0.1895	0.745	1	1038	8748	85	2012.784314
talik formation	0.2285	0.3687	2	424	1590	13	2013.466667
tanggula	1.3755	-0.6126	2	298	1398	13	2014
techniques	0.0795	0.3668	4	1215	10416	104	2010.995925
technology	0.5319	0.2949	4	541	2154	24	2013.19378
temperate	-0.4498	-0.3412	3	464	1648	18	2011.666667
temperature	0.4268	-0.2455	2	1761	112068	1071	2011.477652
temperature changes	0.6477	-0.6339	2	955	6972	61	2012.055092
temperature conditions	0.2596	-0.2926	2	479	1798	17	2012.260563
temperature data	1.1211	0.0525	2	789	5270	51	2009.906752
temperature dynamics	0.7751	-0.3975	2	474	1950	18	2012.941176
temperature effect	0.0791	-0.6819	3	479	1834	19	2012.081633
temperature fields	0.9846	0.0682	2	333	1028	11	2008.080882
temperature gradient	0.944	-0.3002	2	617	3186	29	2011
temperature increase	0.296	-0.5678	2	734	4002	37	2011.880309
temperature measurements	0.7782	0.2169	2	824	4736	44	2010.47644
temperature monitoring	0.9455	0.3609	2	306	1006	11	2010.684211
temperature precipitation	0.5144	-0.0882	2	953	6450	60	2012.677122
temperature profiles	0.9972	-0.0267	2	667	3440	32	2010
temperature records	0.3488	0.7276	1	363	1284	13	2010.766839
temperature regime	0.7573	0.2733	2	328	1154	12	2009.314815
temperature response	-0.1818	-0.939	3	431	1494	13	2012.819767
temperature sensitivity	-0.8863	-0.8022	3	628	3750	34	2014.397436
temperature trends	0.9928	-0.5877	2	415	1780	18	2012.249147
temperature variations	1.0331	0.0395	2	488	2074	19	2010.665354
temporal	-0.1612	-0.1354	1	406	1264	11	2010.883534
temporal changes	0.5613	-0.3151	2	429	1500	13	2011.742138
temporal dynamics	0.3442	0.6175	4	361	1122	11	2014.233333
temporal patterns	-0.2525	0.5549	1	428	1372	12	2011.927711
temporal resolution	0.3566	0.2298	4	423	1376	12	2013.873362
temporal variability	0.1807	0.037	4	663	2894	27	2011.288462
temporal variations	0.5504	-0.2332	4	585	2696	26	2011.722063
terms	0.0428	0.122	4	1173	7922	77	2011.105954
terrain	0.0293	0.5998	1	1415	17464	165	2011.88664
terrasar-x	0.2765	0.928	4	359	1418	13	2015.818182
terrestrial	0.1717	-0.4568	2	766	3938	33	2012.64094
terrestrial carbon	-0.716	-0.6487	3	552	2358	22	2013.911765
terrestrial ecosystems	-0.1744	-0.8514	3	777	4546	40	2013.432836
territories	-0.0235	0.8424	1	1104	11292	108	2011.376997
texture	0.0081	-0.1598	3	924	5954	58	2010.495238
thaw	-0.3577	0.1012	1	1734	62828	595	2013.405618
thaw depth	0.3875	-0.2082	2	1206	12150	113	2011.907895
thaw lakes	-0.6322	0.4377	1	1056	8970	86	2011.826923
thaw ponds	-1.1264	0.155	3	432	1916	21	2014.818182
thaw settlement	0.5259	0.708	1	570	2722	25	2010.078947
thaw slumping	-0.6288	0.7697	1	358	1244	12	2013.166667
thaw slumps	-0.4556	0.871	1	808	5744	54	2014.265625
thaw subsidence	-0.2814	0.723	1	624	2854	26	2013.034483
thawing	0.1351	-0.1383	2	1623	29554	289	2013.173362
thawing index	1.317	-0.3924	2	268	1028	11	2012.083333
thawing processes	1.3034	-0.1789	2	309	1112	11	2010.785714
thematic mapper	0.0401	0.7218	4	438	1634	15	2009.213115
theory	0.1918	-0.0954	1	382	1174	13	2009.714706
thermal	0.7147	-0.1452	2	1337	16518	151	2011.557652
thermal conditions	0.7142	0.3703	2	700	3690	32	2011.526316
thermal conductivity	0.7335	-0.4172	2	957	7638	67	2011.716981
thermal diffusivity	1.143	-0.2473	2	458	2356	24	2010.095238
thermal dynamics	0.7859	-0.7668	2	729	4522	37	2014.106383
thermal erosion	-0.4581	0.6001	1	506	1986	20	2012.225
thermal impact	0.6935	0.7368	2	346	1208	11	2010.1875
thermal model	0.941	-0.0133	2	514	2256	19	2010.75
thermal offset	1.0191	0.5096	2	409	1816	17	2008.45
thermal processes	0.7777	-0.4685	2	559	2390	19	2013.903226
thermal properties	0.8632	-0.3516	2	975	7966	69	2010.989691
thermal regime	0.9518	0.1135	2	1276	17714	166	2011.654434
thermal response	0.975	0.0358	2	464	1820	16	2012.634146
thermal state	0.7836	0.0419	2	830	4794	44	2014.230769
thermo-erosion	-0.7935	0.4583	1	386	1362	13	2015.294118
thermokarst	-0.6003	0.6121	1	1464	24576	234	2014
thermokarst lake expansion	-0.4225	0.8563	1	396	1430	13	2014.307692
thermokarst lakes	-0.4675	0.6564	1	1359	18090	174	2014.014019
thermokarst landforms	-0.6403	0.6809	1	386	1326	13	2016.692308
thermokarst ponds	-0.7334	0.5571	1	519	2224	21	2014.166667
thermokarst processes	-0.5988	0.8172	1	553	2416	21	2012.928571
thickness	0.7421	0.0381	2	1617	38788	361	2010.814467
three dimensional	0.404	0.6048	1	546	2356	22	2009.329939
threshold	0.2274	0.5343	4	827	4326	40	2012.8
tibet	1.2786	-0.2259	2	368	1540	16	2011.440678
tibet plateau	0.9519	-0.0752	2	1166	18020	183	2014.859031
tibetan plateau	0.5394	-0.737	2	1210	17060	173	2014.317191
time	0.124	0.1514	4	1712	40610	385	2011.191579
time scales	-0.0916	-0.1185	2	744	3708	33	2011.351464
time-series analysis	0.6185	0.418	4	1175	10980	99	2010.95228
timescales	-0.3788	-0.4027	3	699	3366	30	2011.525048
timing	0.0413	0.5038	1	1047	7336	67	2012.348348
tm	0.2706	0.715	4	423	1624	14	2009.121951
tn	-0.8079	-0.5311	3	493	2644	25	2013.45614
toc	-1.0127	0.2841	1	420	1510	13	2011.084906
tomography	0.5518	0.5567	4	480	2004	17	2012.146341
tools	0.405	0.5756	4	538	2034	20	2013.795322
topography	0.1738	0.2766	1	1231	10132	91	2010.120382
topsoil	-0.1314	-0.8788	3	607	2966	28	2014.829787
total carbon	-0.9159	-0.2814	3	401	1310	13	2010.186813
total nitrogen	-0.8715	-0.2074	3	472	2100	20	2015.066667
total organic carbon	-0.9856	0.0665	3	528	2146	20	2011.958678
tower	0.2156	-0.6794	4	536	2466	21	2012.616667
tp	0.6219	-0.6264	2	541	2524	24	2015.013333
trace	-0.465	0.2837	1	623	2652	25	2011.307692
trace gas	-0.6347	-0.0419	3	458	1598	15	2010.268657
tracer	-0.1735	0.9162	1	477	2040	20	2009.231405
trajectories	-0.5482	0.0245	1	884	4748	41	2011.384117
transect	-0.1745	0.2327	1	1077	7778	75	2011.199708
transfer	0.8916	0.0469	2	1077	10114	94	2010.678679
transformation	-0.5612	-0.0337	3	913	5244	49	2011.951786
transient	0.5605	0.0476	2	668	3134	31	2011.104545
transition	-0.1971	0.2173	1	1338	12088	108	2011.648928
transition zone	-0.1644	0.2863	1	584	2266	21	2010.954545
transport	-0.1326	0.2877	1	1249	12520	118	2010.537155
treatment	-0.3305	-0.7863	3	813	5104	44	2012.769355
treeline	0.0658	0.6466	1	375	1316	12	2011.975
trees	0.1028	0.0522	4	758	4368	41	2012.336557
trend analysis	0.5719	0.2294	4	384	1374	12	2013.09434
trends	0.4323	-0.0028	2	1565	29030	281	2012.269204
trough	-0.3475	0.2296	1	899	5270	48	2010.984962
ttop	1.4104	0.0611	2	349	1494	16	2012.166667
tundra	-0.4779	-0.1962	3	1645	38638	354	2013.196825
tundra ecosystems	-0.6637	-0.7525	3	905	7418	63	2014.391837
tundra environments	0.0183	0.3748	4	483	1766	16	2013.666667
tundra lakes	-0.4111	0.8306	1	464	1828	19	2010.818182
tundra ponds	-0.7284	0.6365	1	371	1358	11	2014.583333
tundra soils	-0.9236	-0.5575	3	743	4540	39	2013.178218
tundra vegetation	-0.7218	0.4355	1	472	1742	17	2013.243523
turnover	-0.7459	-0.7653	3	631	3384	31	2013.246637
tussock	-0.7031	-0.4827	3	432	1542	14	2012.65
types	-0.0323	-0.2357	4	1579	24792	230	2011.720352
uncertainty	0.1147	-0.5175	4	1446	19188	175	2013.221957
unconformity	-0.4796	0.9069	1	343	1200	12	2012.263158
unfrozen water	0.8328	-0.1267	2	723	4168	39	2009.954545
unfrozen water content	0.7113	-0.0696	2	524	2324	22	2009.857143
united states	0.1393	-0.2036	2	371	1150	11	2011.349593
university	0.2508	0.3192	1	458	1578	16	2010.400794
upland	-0.5423	0.3515	1	947	6122	53	2012.932039
upscaling	-0.2659	-0.7241	4	409	1580	13	2014.714286
uptake	-0.6404	-0.8612	3	824	5780	48	2012.895082
usa	-0.1646	0.246	1	901	5694	55	2010.335681
utility	0.3508	0.5665	1	436	1502	16	2012.942222
validation	0.879	-0.1905	4	866	5538	50	2012.727575
valley	0.2595	0.7016	1	983	6780	68	2011.024
values	0.0836	-0.2427	4	1616	26642	262	2010.746562
variability	0.2209	-0.0486	4	1676	39060	359	2011.545737
variance	-0.018	-0.6002	4	512	1948	18	2010.046067
variations	0.391	-0.0666	2	1665	38496	363	2010.901917
vascular plants	-0.7203	-0.7339	3	434	1632	13	2011.583643
vegetation	-0.1028	-0.2545	3	1716	50160	455	2012.521246
vegetation changes	-0.5975	-0.039	1	626	2710	24	2012.638655
vegetation communities	-0.6976	-0.6166	3	400	1494	13	2012.794521
vegetation composition	-0.7954	0.2088	1	527	2112	18	2014.322581
vegetation cover	0.3263	-0.3349	2	1053	8104	72	2012.287671
vegetation coverage	0.1799	-0.7225	3	441	2072	18	2014.875
vegetation dynamics	-0.3443	-0.6248	3	500	1864	16	2012.992701
vegetation growth	0.358	-0.3004	2	452	2088	20	2013.945205
vegetation index	0.2885	-0.4243	4	618	3138	27	2013.03169
vegetation maps	0.0728	0.0063	4	317	1112	11	2009.54386
vegetation productivity	-0.2973	-0.9769	3	383	1400	11	2014.518072
vegetation types	0.0946	-0.6154	3	864	5804	55	2012.763948
velocity	0.4578	0.4743	4	534	2190	24	2010.066944
verification	1.0777	0.2956	2	325	1026	11	2012.835821
vertical	-0.0483	-0.0715	4	367	1186	11	2009.544379
vertical distribution	-0.1683	-0.654	3	548	2454	22	2010.595331
vertical profiles	-0.0368	-0.7583	3	452	1658	14	2011.336
volume	-0.0893	0.7011	1	1093	8242	83	2010.936662
volumetric water content	0.21	-0.1436	4	392	1332	13	2013.071429
vulnerability	-0.4638	-0.3229	3	1035	7482	71	2013.925926
warm	0.4952	0.2738	2	544	2192	21	2011.29985
warm permafrost	0.3885	-0.2867	2	1298	14232	132	2013.175
warm season	0.783	0.0131	2	357	1166	11	2011.738636
warming	-0.0753	-0.3383	3	1739	60606	574	2012.978577
water	0.0508	0.2322	1	1759	88294	832	2010.775054
water availability	-0.0044	0.1	1	416	1390	12	2013.394958
water balance	0.0316	0.622	1	896	6234	57	2012.68
water bodies	0.0508	0.825	4	885	6412	61	2012.701754
water budget	0.2588	0.1159	1	425	1552	14	2011.38806
water chemistry	-0.6459	0.6689	1	598	2848	26	2013.770833
water column	-0.9737	0.2717	3	571	3088	30	2010.123234
water content	0.6283	-0.2607	2	1258	14254	132	2011.363839
water cycle	0.8505	-0.3231	2	451	1968	17	2012.931624
water depth	-0.0722	0.3841	1	688	3200	28	2011
water drainage	-0.0524	0.4385	1	441	1470	13	2012.791667
water dynamics	0.6391	-0.248	2	482	2060	19	2012.833333
water flow	0.3768	0.5329	1	686	3460	33	2010.588745
water fluxes	0.5211	-0.1286	2	596	2740	24	2009.478632
water ice	0.1916	0.6793	1	654	3026	29	2010.074941
water isotopes	-0.4732	0.9395	1	613	3426	30	2013.538462
water level	-0.2211	0.494	1	862	4878	42	2011.696429
water movement	0.4673	-0.1714	2	491	2056	20	2009.78
water quality	-0.47	0.7831	1	365	1190	11	2012.568966
water resources	0.8687	0.3617	2	632	3694	35	2014.535912
water storage	0.5416	0.392	1	646	3132	28	2013.488152
water supplies	0.1546	0.7849	1	401	1462	14	2012.73494
water surface	0.6363	0.1675	4	607	2708	23	2010.707692
water table	-0.4288	-0.634	3	794	4950	39	2013.652778
water table depth	-0.3076	-0.9238	3	390	1508	11	2015.8
water temperature	-0.0346	0.2385	1	539	2260	21	2010.526448
water vapor	0.4625	-0.0692	2	428	1528	14	2011.155556
waterbodies	-0.3271	0.7216	4	362	1228	11	2016.882353
watersheds	-0.0183	0.6701	1	973	7350	70	2012.420863
wave	0.5566	0.5405	4	512	1922	20	2010.934812
weather	0.6567	-0.0693	2	912	5822	55	2012.202602
weather forecasts	1.063	-0.5614	2	330	1174	11	2011.889868
weather stations	0.9068	-0.0436	2	414	1602	16	2012.035461
weathering	-0.6736	0.0785	1	402	1238	12	2009.277372
western arctic	-0.3332	1.0665	1	285	1016	11	2012.228916
wet meadow	-0.2916	-0.977	3	366	1658	16	2014.190476
wetlands	-0.2893	0.1005	4	1398	18350	169	2014.02029
wetness	0.1755	-0.3001	4	655	2746	22	2013.12
wetting	0.5822	-0.529	4	414	1524	12	2013.088235
wildfire	-0.4751	-0.2861	3	750	4530	39	2014.10177
wildlife	-0.3787	0.6728	1	522	2092	22	2014.821053
wind	0.3674	0.3774	1	739	3650	39	2010.366929
winter	0.4322	0.3361	2	1522	27102	260	2011.016141
winter air temperatures	0.791	0.4082	2	368	1392	14	2010.59322
winter precipitation	-0.1792	0.6545	1	449	1680	15	2012.153374
winter temperatures	0.0036	0.4924	1	426	1476	13	2011.726962
work	-0.1376	0.2167	1	1058	6784	65	2012.585814
world	-0.0361	-0.5517	3	893	5740	56	2011.293273
yakutia	-0.3546	0.3215	1	681	3672	38	2013.803922
yangtze	1.1749	-0.105	2	360	1510	15	2013.226804
yedoma	-0.8438	0.2349	1	867	6058	57	2014.986667
yellow	1.2169	0.1634	2	576	3866	38	2014.752475
yellow river	1.2323	0.1868	2	525	3226	31	2015.285714
yield	-0.2701	0.3112	1	406	1358	13	2011.766667
yukon	-0.1476	0.8395	1	1118	10442	100	2011.735915
yukon canada	-0.4376	0.7957	1	589	2472	21	2013.125
yukon flats	-0.0361	0.8724	1	564	2730	25	2014.928571
yukon river	-0.1516	0.6529	1	404	1366	13	2011.466667
yukon territory	-0.1211	0.9214	1	498	2164	22	2007.943396
zackenberg	0.0684	0.1978	1	390	1308	12	2014.219512
zero curtain	0.9711	-0.2191	2	418	1680	15	2012.652174
zonation	0.9613	-0.1514	2	359	1302	12	2007.984375
zone	0.2306	0.3327	1	1612	29612	290	2010.917256
