id	x	y	cluster	weight<Links>	weight<Total link strength>	weight<Keyword count>	score<Avg year>
absorption	-0.5172	-0.2135	3	977	9638	86	2011.930081
absorption coefficient	-0.4872	-0.7455	3	530	2832	24	2011.888889
absorption properties	-0.548	-0.2801	3	363	1354	13	2012.586207
absorption spectra	-0.9336	-0.0438	3	369	1378	11	2012
absorption spectroscopy	-0.6664	0.8578	2	242	762	6	2013.857143
abundance	-0.6665	-0.4337	3	561	2208	20	2012.159769
access	-0.7266	0.5358	2	199	516	4	2013.769679
accessory pigments	-0.9582	-0.398	3	239	710	7	2011.25
accumulation	0.8148	-0.4712	1	179	504	5	2011.1675
accuracy	-0.4061	0.357	2	583	2734	26	2012.031588
activity	-0.2485	0.0169	2	345	1066	9	2011.741747
adaptation	-0.3264	-0.215	3	218	536	5	2013.458029
addition	0.0517	0.4813	2	537	2122	20	2012.072879
advance	0.0406	0.6517	2	227	568	6	2012.223684
advection	0.2331	-0.1832	1	241	632	6	2010.324162
aerosol	-0.4011	0.715	2	230	596	5	2011.217627
agency	-0.489	0.6629	2	200	546	5	2012.539216
agreement	-0.1524	0.2709	2	569	2658	24	2010.554303
air	0.4539	0.2811	1	265	722	7	2011.976061
air temperature	0.7102	0.2116	1	165	372	3	2012.218924
air-sea fluxes	1.256	-0.0784	1	166	408	3	2011.183908
al	-0.1801	0.228	2	312	918	8	2010.555118
alaska	0.1998	-0.8159	1	131	332	3	2010.597746
alaskan	0.448	-0.6046	1	135	336	3	2011.071579
albedo	0.3921	0.7196	2	168	412	4	2012.060567
algae	-0.7145	-0.0295	3	344	1054	9	2012.039501
algal blooms	-1.2967	-0.6444	3	133	328	4	2013.245902
algal groups	-1.0962	-0.0454	3	145	354	3	2010.909091
algal pigments	-1.0271	0.0104	3	157	384	3	2013.555556
algorithm	-0.3827	0.2394	2	1055	11782	112	2011.916828
algorithm development	-0.5748	0.7932	2	216	548	5	2013.769231
alpha	-0.7882	-0.253	3	178	414	4	2010.514493
alternative	-0.7357	0.2568	2	114	258	3	2011.356436
america	-0.586	0.7413	2	397	1524	16	2011.440252
amplification	1.1246	0.1927	1	160	378	3	2013.330357
amplitude	0.5039	0.3817	1	364	1266	12	2010.372165
amundsen	-0.3109	-0.7709	3	151	352	3	2012.553846
analysis	-0.4107	-0.1612	3	1096	9686	92	2011.656462
analysis model	0.0052	-0.3253	3	133	304	3	2010.318966
angle	-0.7378	0.3247	2	268	772	8	2010.915493
annual	0.6294	0.6139	1	177	440	4	2010.264808
annual cycle	0.9765	-0.051	1	258	740	7	2009.189944
annual primary production	0.8776	-0.7127	1	131	370	4	2011.125
annual variability	1.174	-0.1344	1	242	722	6	2012.096045
annular mode	1.1155	0.4381	1	146	400	3	2012.262136
anomaly	0.8107	0.1343	1	299	868	7	2010.997204
antarctic	-0.1948	0.0477	2	672	3886	37	2010.797819
antarctic circumpolar current	0.4781	-0.7258	1	174	418	3	2008.485816
antarctic expedition	-0.8803	0.4361	2	147	356	3	2010.220588
antarctic peninsula	-0.4649	-0.5229	3	338	1258	11	2011.82716
antarctic polar front	-0.2475	-1.0095	3	91	244	3	2007.967213
antarctic research	-0.8781	0.1804	2	153	406	4	2011.169643
antarctic waters	-0.0737	-0.5523	3	108	256	3	2008.982456
antarctica	-0.7472	0.3225	2	363	1426	14	2011.220175
antenna	-1.0469	-0.066	3	90	228	3	2010.984127
ao	0.8977	0.343	1	211	576	5	2011.098916
apparent optical properties	-0.6662	-0.3162	2	183	504	4	2011.2
application	-0.192	0.4454	2	772	4452	42	2012.361823
approach	-0.2202	0.1136	2	895	6182	56	2013.011682
aqua	-0.0249	0.7333	2	365	1232	10	2012.181818
aquatic environments	-0.9632	0.4699	2	157	388	4	2012.515152
arabian sea	0.599	-0.2304	1	159	392	4	2009.5
archives	0.0654	0.3722	2	286	808	7	2012.62249
arctic	0.2199	-0.1654	1	1052	11266	109	2012.189504
arctic climate	0.8821	0.5171	1	225	668	6	2013.150824
arctic environments	-0.3878	-0.2323	3	171	440	4	2012.708108
arctic ice	0.5561	0.0355	1	116	266	3	2013.034188
arctic marine	0.9168	0.0128	1	278	828	7	2013.75576
arctic marine ecosystems	0.796	-0.1028	1	222	596	5	2015.589286
arctic ocean	0.3395	-0.4874	1	826	6334	57	2010.893127
arctic oscillation	1.0962	0.4456	1	152	380	3	2011.24912
arctic phytoplankton	0.5193	-0.4125	1	332	1138	10	2014.766667
arctic primary production	0.3445	-0.731	1	137	324	3	2013.466667
arctic regions	0.2642	-0.0125	1	276	752	8	2013.278834
arctic research	0.1499	0.3915	2	135	302	3	2013.453782
arctic sea ice	0.8983	0.182	1	275	872	8	2014.367364
arctic seas	0.5436	0.1512	1	465	1764	18	2014.010669
arctic shelf	-0.257	-0.5495	3	286	790	6	2011.55615
arctic warming	0.9735	0.6222	1	110	296	3	2014.481818
arctic waters	-0.4318	-0.4111	3	344	1160	11	2011.466431
area	-0.0435	-0.0405	2	1012	7892	75	2011.37466
assemblages	-0.5308	-0.6242	3	474	2064	17	2012.247588
assessment	-0.5054	0.0837	2	627	2870	28	2013.024899
assimilation	0.7541	0.6137	1	205	544	5	2012.629787
atlantic	0.4208	-0.1196	1	838	5300	44	2010.236737
atlantic ocean	0.5444	0.2201	1	430	1498	12	2009.615463
atlantic oscillation	1.1929	0.359	1	279	956	7	2010.516074
atlantic southern ocean	0.9034	-0.0597	1	167	406	3	2011.613208
atlantic water	-0.3947	-0.4772	3	180	440	4	2010.080056
atmosphere	0.0509	0.6531	2	560	2316	22	2011.581199
atmospheric correction	-0.6013	0.7919	2	421	1888	16	2013.269231
attention	0.7492	0.269	1	204	524	6	2012.917808
attenuation	-0.1663	-0.2727	2	783	4890	44	2011.218605
attenuation coefficient	-0.2719	-0.2055	2	645	3414	31	2010.107143
austral summer	-0.2467	-0.2172	3	240	652	6	2012.0726
autumn	0.6933	-0.425	1	450	1692	16	2011.726708
availability	0.1761	-0.2035	1	553	2136	17	2012.908905
backscatter	-0.4405	-0.6921	3	502	2494	24	2011.126712
backscatter coefficient	-0.7804	-0.9035	3	232	816	7	2013.289474
backscattering coefficients	-0.9296	-0.9338	3	120	326	3	2011.142857
backscattering ratio	-0.8526	-0.7385	3	120	314	3	2007.5
bacteria	-0.2875	-0.9603	3	124	286	3	2012.900394
baffin	-0.111	-0.9634	3	145	340	3	2010.510917
balance	0.7733	0.0356	1	297	894	8	2011.539286
baltic	-0.7094	0.7159	2	170	444	5	2011.08982
baltic sea	-0.7274	0.5067	2	120	270	3	2011.529412
bands	-0.5445	0.7214	2	520	2330	20	2010.501538
banks	0.905	-0.528	1	126	326	4	2009.070423
barents	0.3548	0.1067	1	389	1620	21	2010.39816
barents sea	0.1135	0.2388	1	362	1460	20	2010.27735
baseline	0.0128	-0.3685	3	209	542	5	2012.74934
basin	0.5804	-0.1316	1	582	2432	21	2010.09645
bathymetry	0.5847	-0.3112	1	138	322	3	2011.112299
bay	-0.5311	-0.3283	3	425	1602	16	2010.11814
bayesian	-1.6068	-0.5893	3	69	218	3	2013.796296
beam attenuation coefficient	-0.011	-0.7188	1	256	774	8	2007.5
beaufort	-0.0821	-0.6926	1	542	2738	25	2010.621769
beaufort sea	-0.0457	-0.6661	1	509	2408	22	2010.009921
behavior	-0.4036	0.8928	2	132	296	3	2011.103784
bering	-0.0884	-0.5933	3	288	1098	10	2009.747987
bering sea	0.03	-0.6036	3	258	936	9	2009.417822
bias	0.2465	0.2509	2	348	1278	11	2013.065051
biases	-0.0544	0.5256	2	312	916	8	2013.826211
bio-optical	-0.194	-0.5543	3	453	1926	18	2010.653846
bio-optical algorithms	-1.0024	0.2355	3	170	418	4	2009
bio-optical properties	-0.4272	-0.4921	3	403	1550	15	2011.7
biodiversity	-0.6672	0.2912	3	253	734	6	2013.864286
biogeochemical	0.4492	0.3591	1	269	780	6	2013.144444
biogeochemical cycles	0.0622	0.5096	1	288	872	7	2013.854651
biogeochemical model	0.825	0.3339	1	447	1730	15	2014.390805
biogeochemical processes	0.6764	-0.2065	1	310	878	7	2013.733333
biogeochemical properties	0.4127	0.3116	1	288	766	6	2013.857143
biogeochemical provinces	-0.4068	-0.1259	3	150	350	3	2010
biogeochemistry	0.6205	0.2985	1	347	1016	9	2014.025316
biogeochemistry model	1.299	0.2042	1	133	348	3	2013.482759
biogeophysical feedback	1.0336	0.7834	1	89	280	3	2014.9
biological interactions	0.6818	-0.4121	1	188	438	3	2014.9375
biological oceanography	0.2194	-0.7072	1	195	520	5	2012
biological processes	0.0626	0.1683	1	222	548	5	2011.762963
biological productivity	0.319	0.153	1	148	358	3	2011.175824
biology	0.5214	0.5871	1	279	806	7	2011.284153
biomass	0.1572	-0.4065	1	934	7394	65	2012.021332
biomass carbon	0.329	-0.4534	1	244	644	5	2014.015385
biomass composition	-1.0591	0.1612	3	158	396	3	2015.294118
biomass production	0.3459	-0.3548	1	255	726	6	2012.391304
black	-0.2891	0.2154	2	146	354	3	2012.681373
black sea	-0.2902	0.2129	2	146	354	3	2010.685185
bloom	0.2964	-0.3472	1	869	5818	55	2012.055462
bloom initiation	1.0085	-0.5781	1	202	560	5	2013.5
bloom onset	0.8031	-0.5212	1	127	302	3	2008.8
blue	-0.6812	-0.1178	2	351	1198	11	2012.196721
body	-0.6095	0.185	2	320	982	9	2011.227462
bohai	-0.0932	0.7431	2	140	370	4	2014.735294
bohai sea	-0.0947	0.7429	2	140	370	4	2014.275862
boreal	1.1562	0.6503	1	155	376	3	2012.614137
boundary	-0.7591	0.0181	3	226	614	5	2008.420868
bp	-0.4005	-0.8236	3	278	920	8	2012.006369
budget	0.3085	0.4756	2	211	532	5	2011.153068
buoy	-0.3058	0.6672	2	118	260	3	2007.544828
c-14	0.9438	0.1606	1	252	776	6	2010.938406
calibration	-0.5309	0.8482	2	347	1178	11	2011.99511
campaign	-0.5266	0.4595	2	177	454	5	2013.041363
canada	-0.5915	-0.2765	3	241	694	7	2011.058788
canadian	-0.4803	-0.5655	2	317	1086	9	2010.480463
canadian arctic	-0.5298	-0.6194	2	261	804	7	2012.163636
capabilities	-0.4699	0.9973	2	114	254	3	2013
cape	0.1615	0.7036	2	130	300	3	2009.255255
carbon	0.374	-0.0235	1	817	5374	48	2013.107259
carbon cycle	0.2278	0.3809	1	328	1128	10	2014.082353
carbon cycling	0.0901	-0.1651	2	116	270	3	2014.143411
carbon dioxide	0.3458	0.324	1	164	404	4	2013.148903
carbon export	0.6057	-0.7677	1	178	470	5	2013.471264
carbon fixation	0.2368	-0.4671	1	115	276	3	2013.907692
carotenoids	-0.927	-0.3554	3	252	784	8	2012.688889
case	-0.3804	0.1852	2	571	2682	26	2010.847835
case 2 water	-0.1057	-0.5022	2	141	320	3	2014
case study	-0.1266	0.6849	2	272	762	6	2012.678179
cause	0.2361	-0.3019	1	178	436	4	2011.675244
cdom	-0.4238	-0.4231	2	624	3602	32	2013.08046
cdom absorption	-0.6344	-0.7012	3	285	1094	10	2013
cell	-0.6342	-0.5969	3	583	2694	25	2011.359784
cell size	-0.7671	-0.9096	3	253	774	6	2013.414634
chaetoceros	-1.4773	-0.6332	3	126	376	4	2012.371429
chain	-0.1166	0.2441	2	151	412	4	2011.096866
challenges	-0.0602	0.7701	2	297	844	8	2014.48237
changes	0.3209	0.0869	1	1143	12376	114	2012.206219
channel	-0.8508	0.149	2	170	412	5	2009.903036
characteristics	-0.5482	-0.2499	3	826	4634	42	2010.936545
characterization	-0.8093	0.2395	2	371	1174	10	2012.72969
chemical	-0.4519	-0.3989	3	232	604	6	2011.607029
chia	-0.5789	0.2423	2	145	332	3	2017.333333
china	-0.7963	-0.0277	2	198	506	6	2013.948798
china sea	-1.6908	-0.6112	3	72	252	3	2013.311594
chl fluorescence	-1.2004	-0.1614	3	95	230	3	2007.5
chl-a	-0.3096	0.1883	2	497	2138	21	2013.903226
chlorophyll	-0.084	-0.2169	3	1069	10490	101	2011.700197
chlorophyll absorption	-0.6292	-0.7115	3	145	350	4	2005
chlorophyll alpha	-0.2554	0.0535	2	877	6854	64	2012.767568
chlorophyll concentration	0.0236	-0.254	3	693	3878	35	2010.529412
chlorophyll distribution	0.8855	-0.4208	1	196	526	5	2005.6
chlorophyll fluorescence	-0.8967	-0.1417	3	172	408	4	2012.411765
chlorophyll maximum	0.1992	-0.6916	1	277	894	8	2012.953488
chlorophyll variability	0.8452	0.8617	1	133	334	3	2013
chlorophyll-a algorithm	-0.4598	0.7225	2	120	326	4	2008.75
chlorophyll-a concentration	-0.3155	0.1726	2	492	2118	19	2012
chlorophyll-specific absorption	-0.3016	-0.8584	3	122	306	3	2007.666667
chlorophytes	0.3891	0.0635	1	161	366	3	2012.92
chromatography	-0.8977	0.0693	3	435	1928	16	2010.861702
chukchi	-0.0126	-0.8811	3	438	2020	17	2012.695271
chukchi sea	-0.1572	-0.9252	3	324	1300	11	2012.877751
circulation	0.8989	-0.2417	1	501	2146	19	2010.44219
circulation model	1.1772	-0.3182	1	266	942	8	2009.61811
circumpolar	0.4812	-0.7249	1	174	418	3	2008.65295
circumpolar current	0.4796	-0.7237	1	174	418	3	2008.384884
citation	0.7864	0.0498	1	116	262	3	2010.689507
class	-0.9638	0.0454	3	173	412	3	2011.519757
classification	-0.925	-0.5151	3	239	634	6	2011.561043
clay	-0.364	-0.4291	3	132	298	3	2009.622093
climate	0.4785	0.3953	1	942	6690	58	2012.847305
climate change	0.1886	0.2309	1	766	4060	36	2013.106897
climate change initiative	-0.3938	0.7697	2	213	594	5	2017.923077
climate indices	1.0522	0.531	1	181	464	3	2013.721925
climate model	0.9592	0.2363	1	290	868	7	2013.16224
climate system	1.1578	0.2084	1	218	602	5	2012.717277
climate variability	0.9832	0.4505	1	289	934	7	2012.20898
climate variations	0.5871	-0.231	1	169	376	3	2011.1875
climatology	0.4278	-0.3768	1	212	538	5	2010.440048
closure	-0.2245	-0.8211	3	135	310	3	2009.644444
cloud	0.2277	0.5301	2	457	1770	17	2010.976891
cloudiness	0.9025	0.2802	1	197	582	7	2008.987097
cluster	-1.0551	-0.6023	3	401	1504	13	2011.949896
cluster analysis	-1.1152	-0.6745	3	323	1102	10	2012.636905
co2	0.6127	0.3134	1	343	1010	7	2013.165022
coast	-0.012	-0.1972	3	484	1760	16	2010.134684
coastal	0.0679	0.0615	2	485	1852	16	2010.739865
coastal areas	-0.058	0.2249	2	243	668	7	2012.54386
coastal ecosystems	-0.6117	-0.1531	2	253	660	5	2013.132075
coastal environments	-0.487	-0.2557	2	161	386	3	2012.679012
coastal ocean	-0.0599	0.528	2	204	524	6	2011.345238
coastal regions	0.1664	0.1923	2	305	848	7	2011.633188
coastal waters	-0.6845	-0.2121	3	592	2856	28	2011.971338
coastal zone	-0.4659	0.4472	2	288	834	7	2011.138158
coastline	0.1871	-0.2962	1	191	466	5	2010.273529
coccolithophore	0.2662	0.6097	1	320	1012	9	2010.657143
coccolithophore blooms	-0.4396	0.8818	2	128	294	3	2010.0625
coefficients	-0.4486	-0.608	3	685	4322	41	2010.617647
coherent	0.0386	-0.5944	1	171	434	4	2010.047859
color	-0.1785	0.1959	2	965	8640	81	2011.308458
colour	0.1015	0.5437	2	489	1932	18	2009.793651
column	0.2935	-0.2728	1	674	3520	31	2010.224159
community	-0.0519	-0.3415	3	830	5636	48	2013.620087
community composition	-0.2714	-0.6065	3	417	1622	13	2014.941973
community production	1.2531	0.0741	1	165	402	3	2014.055556
community structure	-0.1649	-0.2238	3	326	1076	9	2013.563433
comparison	-0.2428	0.4429	2	754	4424	42	2010.70057
complex	0.1183	0.2785	2	310	936	9	2011.908387
composition	-0.5309	-0.3746	3	769	5090	43	2012.45256
concentrations	-0.0386	-0.1656	1	1172	16044	147	2011.643222
condition	0.5515	-0.3396	1	259	726	7	2010.79798
configuration	0.225	0.3349	2	151	324	3	2012.603053
consequences	0.2163	0.2906	2	326	972	8	2012.275862
consistency	-0.0958	-0.0661	2	132	304	3	2011.881356
constituents	-0.2124	-0.1729	3	407	1480	14	2010.319372
contamination	-0.6376	0.3868	2	223	686	7	2011.920245
content	-0.3998	-0.1825	3	460	1722	19	2011.761593
continental	0.4191	-0.2081	1	348	1000	8	2010.243993
continental shelf	0.4388	-0.2274	1	373	1120	9	2010.424501
continental slope	0.9613	-0.1602	1	97	232	3	2008.694097
contrast	0.1121	-0.2642	1	595	2614	22	2011.509677
control	0.3457	0.039	1	374	1168	11	2012.474255
correction	-0.5749	0.7415	2	489	2386	22	2011.927948
correlation	0.5123	-0.0902	1	717	3614	31	2011.333794
coupled	0.2425	0.9466	2	152	378	4	2014.46932
coupling	0.8462	0.0047	1	254	636	5	2011.935532
cover	0.7645	0.0872	1	468	1890	18	2011.664763
coverage	0.0079	0.754	2	455	1810	17	2012.329283
cross-validation	-0.7844	0.2571	2	174	448	4	2012.842105
crown	1.1978	0.3161	1	156	406	3	2011.075472
cruise	-0.2833	0.0794	2	410	1414	13	2008.733524
cryptophytes	-0.8068	-0.319	3	125	276	3	2015.394737
culture	-1.2461	-0.5083	3	112	252	3	2011.379653
current	0.6714	-0.1552	1	577	2400	23	2008.757215
current data	0.3656	0.6988	1	98	232	3	2010.489362
cyanobacteria	-0.485	0.3895	3	301	986	10	2013.32964
cycle	0.6011	0.2303	1	695	4006	36	2011.47296
cycling	0.3239	-0.3652	1	255	654	6	2014.035763
data	-0.0367	0.1517	2	1220	19938	198	2011.015066
data analysis	-0.4127	0.5233	2	150	378	5	2011.003436
data assimilation	0.5581	0.8241	1	194	466	4	2013.092251
data processing	-0.6099	0.8973	2	251	872	9	2011.672727
data products	-0.1985	0.7604	2	218	594	6	2013.741935
data quality	-0.399	1.1202	2	115	292	3	2013.258427
data set	-0.3563	-0.2974	3	501	2136	19	2010.433246
data sets	-0.1473	0.6363	2	472	1732	16	2011.63144
data validation	-0.2985	0.9808	2	106	250	3	2013.702703
data/model	-0.0029	-0.347	1	209	528	5	2011.4
database	-0.735	-0.5151	3	430	1628	17	2012.403509
dataset	-0.2865	-0.2797	2	376	1258	12	2012.68054
date	0.2277	0.1069	1	334	972	9	2012.087051
decadal oscillation	1.0534	0.5282	1	181	464	3	2012.751979
decline	0.7031	-0.7471	1	218	598	5	2013.254217
decomposition	-0.0016	-0.1525	1	161	346	3	2012.585736
deep water	0.4789	-0.3181	1	269	758	7	2008.094223
delivery	0.5297	0.136	1	195	488	4	2013.849246
demand	-0.2696	0.3074	2	133	308	3	2013.574627
density	-1.1966	-0.4663	3	172	442	5	2009.879211
dependence	0.0685	-0.2914	1	393	1256	12	2010.591411
deployment	0.2254	0.4375	2	158	370	4	2011.833333
depth	0.2941	-0.1918	1	855	5874	57	2010.672402
description	-0.1481	0.897	2	166	456	6	2009.996622
design	0.2182	0.3719	1	149	390	4	2013.015625
detail	-0.0798	0.4475	2	246	600	5	2011.078886
detection	-0.4913	0.3643	2	566	2424	26	2012.417625
detector	-0.6836	0.5033	2	148	362	4	2011.984848
determination	-0.5765	0.4595	2	318	1030	10	2010.57381
detritus	-0.9295	-0.8199	3	159	482	5	2009.630137
development	-0.1257	0.3863	2	643	2790	24	2011.773084
diatom	-0.304	-0.1662	3	649	3678	31	2012.261803
diatom bloom	-0.4434	-0.6947	3	174	412	3	2011.26087
difference	0.0317	-0.1428	2	529	2274	23	2011.163032
differential optical absorption	-0.6115	0.8869	2	218	678	5	2013.25
differential optical absorption spectroscopy	-0.6099	0.8881	2	218	678	5	2013.25
differentiation	-1.0853	-0.6906	3	220	662	7	2012.476471
diffuse attenuation coefficient	-0.5044	0.1061	2	399	1504	13	2011.722222
dinoflagellate	-0.4833	-0.0753	3	342	1190	9	2012.671642
discharge	-0.1751	-0.0667	2	344	1140	10	2012.354474
discrepancies	-0.5976	0.4242	2	124	296	4	2011.321353
discriminant analysis	-1.6579	-0.6201	3	74	322	4	2010.333333
discrimination	-1.1842	-0.4538	3	244	670	7	2010.948718
dissolved organic	-0.4805	-0.3533	2	228	646	6	2013.264026
dissolved organic matter	-0.4816	-0.3512	2	228	646	6	2013.261538
distance	-0.2857	-0.2704	2	200	514	5	2011.010448
distribution	-0.1235	-0.1741	3	1045	9690	90	2010.907306
distribution models	0.0436	-0.2287	1	209	566	6	2011.931624
diversity	-0.085	0.3457	2	280	818	8	2013.553494
division	-1.5308	-0.6061	3	144	546	7	2010.926829
doas	-0.614	0.8862	2	218	678	5	2013.5
domains	-0.9169	-0.4686	3	186	416	5	2011.565217
dominance	-0.6515	-0.1882	3	334	1020	9	2012.29375
dominant species	-1.6807	-0.6355	3	66	244	3	2010.869565
downward irradiance	-0.7586	-0.5845	3	123	292	3	2006.125
drift	0.4719	0.7564	1	168	404	3	2009.705986
drivers	0.8218	-0.2835	1	210	520	4	2015.864011
duration	0.9529	-0.176	1	384	1354	10	2012.189258
dynamics	0.1888	0.0054	1	707	3582	32	2012.382241
early spring	0.5425	-0.5985	1	202	550	5	2010.921788
earth	0.6108	0.6022	1	398	1416	13	2012.416212
earth system	0.8219	0.6586	1	232	692	6	2015.459227
earth system models	0.8211	0.6598	1	232	692	6	2016.009881
east	0.3798	0.3888	1	403	1332	13	2011.088561
east greenland	0.5953	0.4108	1	151	360	4	2008.67354
ecological indicators	0.8558	0.118	1	172	456	4	2013.466667
ecological provinces	-0.4548	-0.503	3	147	354	3	2013.833333
ecology	-0.1543	0.0832	2	359	1102	10	2012.514768
ecosystem	0.2739	0.0841	1	934	6478	60	2013.530062
ecosystem changes	0.5334	0.432	1	197	486	4	2013.350427
ecosystem models	0.5313	0.2885	1	308	920	9	2013.345455
ecosystem structure	0.8582	-0.1781	1	143	338	3	2012.914634
eddies	0.7246	-0.5037	1	122	300	3	2009.304565
effects	-0.0547	-0.009	2	936	6968	67	2011.624055
efficiency	-0.0027	-0.3242	1	295	850	8	2012.80663
effort	0.4861	0.6187	1	227	578	4	2012.512579
ekman	0.9669	-0.379	1	133	300	3	2010.002336
el nino	0.856	0.5241	1	202	542	4	2011.439268
el nino-southern oscillation	1.0466	0.4412	1	291	842	6	2011.537252
elements	0.9202	-0.3961	1	132	316	3	2011.89258
elevation	0.0047	0.3506	2	167	396	4	2012.227186
elf	-0.6579	0.9245	2	99	260	3	2008.2
elimination	-0.157	0.9445	2	121	276	3	2011.121212
emissions	-0.7533	0.2537	2	178	460	6	2013.550741
empirical	-0.5151	-0.1208	2	183	510	6	2010.635762
empirical algorithms	-0.319	0.5712	2	247	732	6	2014.25
empirical orthogonal function	-0.1891	0.02	3	155	376	3	2009.847087
energy	-0.2686	0.1124	3	329	992	10	2011.753532
enhanced	-0.6	0.7569	2	134	300	3	2012.845902
environment	-0.3358	0.1162	2	836	4942	48	2012.515563
environmental	0.086	0.7335	2	161	386	4	2010.845217
environmental changes	-0.4152	0.0226	2	269	750	6	2013.895683
environmental conditions	0.3517	-0.1191	1	371	1160	10	2013.912338
environmental factors	0.3902	-0.041	1	337	990	7	2013.842444
environmental variables	0.6104	-0.6563	1	131	304	3	2012.972376
eof	-0.2035	0.3721	3	150	358	3	2009.453216
eof analysis	-0.2022	0.3731	3	150	358	3	2009.975904
equator	0.8456	0.032	1	134	318	3	2007.514563
equatorial	0.7562	0.7072	1	167	402	3	2007.173653
equatorial pacific	0.6797	0.0487	1	123	272	3	2010.531915
error	-0.3248	0.3152	2	761	4626	46	2011.486384
estimate	-0.413	0.2275	2	340	1134	11	2010.903093
estimation	-0.4864	0.0149	2	609	3184	33	2012.012407
estuarine	-0.0366	-0.558	1	257	710	6	2010.194444
estuary	-0.6181	0.2521	2	210	572	6	2010.621212
eu	0.3957	-0.7435	1	128	310	3	2012.508772
euphotic layer	0.9256	-0.6842	1	136	330	4	2012.842105
euphotic zone	0.0726	-0.6137	1	341	1168	11	2011.97
evaluation	-0.1964	0.4142	2	400	1520	15	2013.100503
events	0.8292	-0.0387	1	384	1306	12	2012.030986
evolution	0.4702	0.0228	1	339	974	9	2012.05694
exchange	-0.1326	0.2048	2	233	574	5	2010.706601
excitation	-0.9755	-0.0752	3	163	464	6	2009.456311
excitation spectra	-0.9757	-0.2612	3	115	324	4	2005
expansion	1.1234	-0.3708	1	161	436	4	2012.969492
expedition	-0.5047	0.3306	2	414	1524	14	2010.922432
experiments	-0.132	0.3997	2	464	1644	19	2011.075205
exploitation	-0.2548	0.8344	2	98	232	3	2013.328358
export	0.5676	-0.3771	1	408	1412	12	2011.295396
extension	0.158	0.4348	1	266	638	5	2010.251641
extent	0.4975	-0.3124	1	539	2342	23	2011.835219
fall	0.055	-0.8626	3	252	728	7	2011.228402
feasibility	-1.4689	-0.3046	3	158	464	5	2012.440559
features	0.1787	-0.0785	1	525	2018	21	2010.384646
feedback	1.1317	0.2809	1	253	970	9	2013.003957
field	-0.14	0.1084	2	885	6014	59	2010.533445
field data	0.2638	-0.7358	1	248	798	8	2011.688136
field experiment	-0.0753	0.3437	2	145	336	4	2011.558824
field measurements	-0.5245	0.2288	2	406	1556	15	2011.524345
field observations	0.2841	-0.2359	1	167	410	3	2011.242424
field surveys	-0.6041	0.6538	2	151	338	3	2011.5
fish	0.6367	-0.5399	1	108	262	3	2010.064516
fisheries	-0.1657	0.3187	2	206	544	6	2010.847545
fit	-0.0489	0.3819	2	255	698	6	2009.364583
fjord	0.0897	0.1485	1	272	864	9	2013.427767
flagellates	-0.1427	-0.6651	3	189	512	5	2010.584906
floats	0.6672	-0.5296	1	201	524	5	2010.92638
flora	-0.0469	-0.6581	3	119	268	3	2011.036036
flow	0.2514	-0.3165	1	159	364	3	2010.017411
fluctuations	0.1214	0.599	2	201	512	6	2009.816514
fluorescence	-0.9677	-0.0641	3	597	2798	30	2012.243386
fluorescence excitation	-1.2067	-0.4243	3	128	334	4	2011.307692
fluorescence spectra	-1.6643	-0.5995	3	82	330	4	2011.214286
fluorometer	-0.6586	0.3602	2	127	294	3	2010.076923
flux	0.7842	-0.0715	1	596	2660	23	2010.974387
focus	-0.0848	0.8587	2	201	544	5	2012.93921
food	-6e-04	-0.3593	1	362	1296	11	2012.031915
food web	-0.0236	-0.7028	3	234	722	6	2013.363874
forcing	0.4397	-0.2742	1	317	970	10	2011.371506
formation	0.756	-0.0401	1	296	954	10	2010.511811
fraction	0.007	-0.4117	1	635	2780	24	2011.553026
fram strait	-0.2302	-0.0946	1	219	540	4	2009.019324
framework	-0.2764	0.5671	2	213	528	6	2013.208431
frequency	0.6467	0.1544	1	253	688	7	2011.174374
freshwater	0.1614	-0.3393	1	273	758	8	2011.825688
front	0.2397	-0.5687	1	411	1474	15	2009.508357
frontal zone	0.1085	-0.7936	1	215	534	4	2006.685897
fucoxanthin	-1.0714	-0.1875	3	179	492	5	2013.181818
function	-0.2496	-0.0357	3	604	2596	24	2010.972155
functional groups	0.1721	0.3239	1	204	500	4	2013.383178
functional types	-0.244	0.5177	3	450	1812	17	2012.897727
future	0.1872	0.4991	1	344	1094	11	2013.712684
gap	0.5684	0.622	1	282	798	7	2012.915572
gas	0.6116	0.1982	1	133	296	3	2012.319686
gaussian	-0.4601	-0.1063	3	166	396	4	2011.285714
genera	-1.6342	-0.5974	3	85	318	4	2012.72679
general	1.0102	0.3913	1	186	502	5	2011.369942
general circulation	1.2354	-0.0234	1	194	566	5	2009.760621
general circulation model	1.2877	0.0413	1	125	330	3	2010.017151
generation	0.2031	0.653	2	366	1042	9	2012.050847
genus	-1.653	-0.6086	3	86	396	5	2012.443439
glacier	0.3343	0.3592	1	196	542	5	2012.551157
glint	0.0087	0.9707	2	172	442	4	2011.222222
global	0.1186	0.4572	2	434	1366	13	2012.401509
global carbon cycle	-0.1148	0.3109	2	116	284	3	2014.357616
global climate	0.8991	0.5328	1	173	448	4	2012.960148
global distribution	-0.1339	0.6434	2	207	548	5	2012.866667
global model	0.9188	0.2201	1	173	454	4	2012.089474
global ocean	0.2863	0.2602	1	556	2212	19	2012.454839
global scale	0.5363	0.6023	1	338	1082	9	2012.819495
gradient	0.2613	-0.7534	1	325	1016	9	2011.354256
grand banks	1.0521	-0.4723	1	91	236	3	2007.222222
grazing	0.6431	-0.5895	1	257	756	6	2012.554404
greenhouse	0.6752	0.694	1	199	536	5	2012.619866
greenland	0.6486	-0.2254	1	521	2020	19	2011.434214
greenland sea	0.888	-0.2147	1	204	546	5	2005.833811
group	-0.737	-0.1859	3	382	1298	11	2011.722362
growth	0.2531	-0.5123	1	667	3268	29	2011.406319
growth rate	1.0999	-0.6488	1	158	390	3	2010.818356
guide	-0.5588	0.8421	2	93	220	3	2011.894737
gulf stream	-0.102	-0.5203	1	172	418	3	2009.5
gyres	0.7026	-0.061	1	350	1130	9	2008.196078
haptophytes	-0.8818	0.0895	3	228	640	5	2013.092308
heat	0.8266	0.0906	1	464	1894	16	2011.129975
heat flux	0.8764	-0.0106	1	336	1070	9	2010.709804
heating	1.0923	0.1572	1	309	1216	11	2011.378428
height	-0.4041	0.5575	2	182	420	4	2010.601343
hemisphere	0.98	0.0839	1	186	438	3	2010.968158
heterogeneity	0.8712	-0.5552	1	164	396	3	2014.002481
hierarchical cluster analysis	-1.5246	-0.6662	3	151	502	5	2013.545455
high latitudes	0.4234	0.1017	1	730	4008	34	2011.932029
high performance	-0.9694	-0.0308	3	367	1410	12	2013.72
high productivity	-0.1931	0.1951	2	170	398	3	2011.607843
high spatial resolution	-0.0399	-0.0346	1	162	356	3	2013.379085
high-frequency	0.1232	-0.3904	1	247	640	7	2011.689759
high-performance liquid chromatography	-0.9686	-0.0332	3	367	1410	12	2013.35
high-resolution	0.3104	0.2056	1	413	1382	13	2012.264879
history	0.8073	-0.248	1	92	192	3	2011.001969
hplc	-0.9346	0.1544	3	429	1820	14	2011.786885
hudson	-0.6039	-0.7116	3	186	524	5	2008.012876
hudson bay	-0.6058	-0.7098	3	186	524	5	2008.175879
hyperspectral	-0.6847	0.4743	2	222	622	6	2016.058824
ice	0.4244	-0.0468	1	989	8236	76	2011.721291
ice concentration	0.9329	-0.3631	1	356	1254	10	2013.492537
ice coverage	0.3987	0.6503	2	183	526	5	2012.512195
ice detection	-0.2451	1.2345	2	90	262	3	2015.972222
ice edge	0.5138	-0.3656	1	204	530	5	2010.185455
ice extent	0.8957	-0.0875	1	238	680	6	2012.764347
ice formation	1.0841	-0.2803	1	148	362	3	2009.892857
ice loss	1.0515	-0.5312	1	121	320	3	2014.762324
ice melt	0.8421	-0.2297	1	247	720	6	2012.747368
ice melting	0.8068	0.4587	1	207	582	5	2011.241071
ice properties	0.2956	0.9053	2	196	558	5	2012.084507
ice retreat	0.8242	-0.4151	1	193	528	5	2013.800752
ice surface	0.3312	0.7531	2	206	520	6	2011.816258
ice thickness	1.0882	-0.1891	1	199	540	4	2011.271053
ice zone	0.4745	-0.7344	1	290	916	8	2011.325359
ice-cover	0.9561	-0.1288	1	373	1406	14	2011.210019
ice-free	0.9845	-0.6146	1	197	590	5	2013.322981
iceland	0.7989	0.1221	1	187	456	4	2009.361905
identification	-1.1836	-0.2801	3	341	1132	10	2011.944837
illumination	0.0393	0.4469	2	192	536	6	2008.536585
imagery	-0.043	0.6664	2	344	1150	11	2011.982143
images	-0.0686	0.757	2	477	1758	16	2011.32506
imaging	-0.458	0.6883	2	659	3806	34	2012.991398
imaging spectrometer	-0.7682	0.4677	2	229	650	6	2012
impact	0.6974	0.2351	1	697	3738	38	2013.206627
implementation	-0.1091	0.5914	2	211	560	5	2013.145907
implications	0.2155	-0.224	1	466	1858	16	2011.871583
improvement	-0.4274	0.7058	2	378	1352	12	2012.529851
in vivo	-1.6743	-0.6132	3	67	256	3	2013.857143
in-situ	-0.6469	-0.259	3	371	1240	11	2013.712
in-situ measurements	-0.9678	0.159	3	141	334	3	2013.9
inclusion	-0.3935	-0.5019	3	194	478	4	2010.77907
index	0.4848	0.372	1	556	2184	20	2011.380952
indian ocean	-0.1338	0.0015	3	178	462	4	2010.03125
indices	0.3757	0.0487	1	607	2688	22	2012.102711
inflow	-0.3582	-0.5892	3	147	340	3	2009.568182
influence	0.0904	-0.2476	1	771	4264	37	2011.779275
information	-0.3497	0.16	3	696	3604	33	2011.767792
infrared	-0.5125	0.6184	2	216	562	5	2012.41573
infrared imaging	-0.5036	0.5633	2	183	460	4	2014.666667
inherent optical properties	-0.6627	-0.1872	2	535	2524	22	2013.233333
initiation	1.0098	-0.5769	1	202	560	5	2010.927536
inland	-0.1447	0.5527	2	242	634	6	2012.551282
inland waters	-0.3678	0.8692	2	117	272	3	2015.518519
inorganic matter	-0.5537	-0.5087	3	152	416	4	2012.222222
instrument	-0.5887	0.6112	2	560	2590	27	2011.288956
instrumentation	-0.0351	0.5849	2	222	574	6	2011.546875
integration	-0.0123	0.6244	2	127	318	4	2010.47619
inter-annual variability	1.1851	-0.0944	1	242	734	6	2012.122807
interactions	0.7307	0.2499	1	356	1072	9	2011.626733
interannual changes	-0.2049	-0.8618	2	163	402	4	2009.861111
interannual variability	0.7808	0.3716	1	424	1592	13	2010.7663
interannual variations	0.6001	0.4945	1	185	448	4	2010.739437
intercomparison	0.0054	0.8033	2	121	352	4	2014.488211
interface	-0.3342	0.6478	2	190	530	7	2010.689655
interior	0.525	-0.5557	1	138	298	3	2010.221733
international	0.6773	0.2413	1	171	416	3	2009.59081
interpolation	-0.9487	0.1786	2	176	412	5	2012.42515
interpretation	-0.0447	0.0709	2	231	602	6	2010.411609
inversion	-0.6188	-0.026	3	409	1448	12	2010.501809
iron	1.1589	-0.1872	1	146	334	3	2012.176678
irradiance	-0.116	-0.1256	2	547	2660	29	2010.337793
island	-0.2051	-0.6121	3	368	1160	10	2009.956692
k-d	-0.7545	-0.0442	2	367	1338	11	2009.95
kara	0.7892	-0.7836	1	225	932	12	2011.634058
kara seas	0.7874	-0.7856	1	225	932	12	2012.917722
knowledge	-0.3857	0.0425	2	472	1678	14	2012.895394
laboratory	-1.1161	0.0258	3	284	852	8	2010.526248
labrador	0.7222	-0.5848	1	355	1258	13	2008.853808
labrador sea	0.7213	-0.5861	1	355	1258	13	2008.747813
lake	-0.2007	0.6411	2	260	740	8	2012.017794
lambda	-0.7064	-0.3395	3	588	3312	28	2011.3625
land	-0.2815	0.8612	2	368	1274	12	2012.42268
landsat	-0.3793	0.9765	2	162	428	4	2012.128767
laptev sea	0.877	-0.0311	1	156	434	5	2011.257143
large	0.309	0.1759	1	160	360	4	2011.479452
large-scale	0.5314	0.3382	1	244	736	7	2011.165527
laser	-0.5024	0.4774	2	237	714	8	2011.969194
late summer	0.5167	-0.661	1	118	290	3	2011.54902
latitude	-0.3102	0.1944	2	446	1816	16	2011.054819
lawrence	-0.1696	-0.3218	2	190	450	4	2010.132653
layer	0.5679	-0.2106	1	803	5128	52	2010.321275
least-squares	-1.4288	-0.4221	3	178	558	7	2011.637363
length	0.5497	-0.5499	1	136	302	3	2010.5328
levels	-0.4055	-0.5739	3	491	2022	19	2011.25209
lidar	-0.6383	0.4365	2	345	1636	20	2012.729064
lidar fluorosensor	-0.8571	0.47	2	239	1016	12	2006.583333
lidar measurements	-0.7247	0.6121	2	97	246	3	2011.728814
light	0.2551	-0.3424	1	758	3996	37	2011.753582
light absorption	-0.4455	-0.7894	3	452	2164	20	2013.121951
light absorption coefficient	0.3641	-0.8511	1	152	384	3	2010.111111
light attenuation	0.3372	-0.7068	1	248	764	7	2009.580645
light availability	0.3658	-0.6388	1	386	1260	9	2014.646154
light environment	-0.3886	-0.7633	3	137	320	3	2010.6
light levels	0.4133	-0.9326	1	146	336	3	2009.433333
light penetration	0.6276	0.0266	1	231	622	5	2012.971429
light propagation	-0.2351	-0.695	2	217	614	5	2012.428571
limit	-0.1721	0.0453	2	147	378	4	2010.544865
limitations	0.626	-0.1075	1	383	1228	11	2012.614846
line	-0.7477	0.6636	2	146	334	3	2011.363128
linear discriminant	-1.6747	-0.6123	3	67	256	3	2010.55
linear discriminant analysis	-1.6743	-0.6134	3	67	256	3	2011
linear regression	-1.2903	-0.2433	3	180	446	4	2012.840304
literature	-0.2072	-0.4369	3	302	896	8	2011.726524
location	-0.7096	0.2627	2	133	336	4	2010.881081
long-term	0.6597	0.0855	1	457	1738	17	2012.366366
loss	0.5963	-0.1161	1	399	1346	13	2013.251087
low chlorophyll	0.3067	0.5357	2	261	816	8	2010.470588
low salinity	-0.0636	-0.6757	1	146	342	3	2007.542553
machine learning	-0.6132	0.2203	2	153	356	3	2016.761905
mackenzie	-0.2471	-0.6033	2	336	1190	9	2009.683007
mackenzie river	-0.2081	-0.5711	2	324	1090	8	2009.6375
magnitude	0.0786	-0.4943	1	505	2090	20	2011.364091
maine	-0.5444	0.3787	3	145	366	3	2009.59375
management	-0.5625	0.426	2	194	494	5	2013.088766
map	-0.4826	0.4272	2	423	1540	16	2011.727201
mapping	-0.2305	0.9407	2	163	390	4	2012.226667
margin	0.2622	-0.2746	1	225	588	5	2010.972504
marginal ice	0.4572	-0.7803	1	281	868	7	2011.113924
marginal ice zone	0.342	-0.8292	1	238	686	6	2011.202899
marine	0.1025	0.1035	1	848	4932	47	2012.020366
marine ecosystem models	0.4643	0.6296	1	127	292	3	2013.714286
marine ecosystems	0.4243	0.2136	1	640	2956	28	2013.642259
marine environment	-0.3315	0.5504	2	227	608	6	2012.287625
marine particles	-0.9084	0.0944	2	105	242	3	2010.5
marine phytoplankton	0.5056	-0.1829	1	257	748	7	2012.025
marine primary production	0.8415	-0.304	1	211	524	5	2014.190476
marine waters	0.1281	-0.8708	1	187	462	4	2011.891566
markers	-0.4559	0.1371	3	132	308	3	2013.021898
mass	-0.013	-0.6033	1	376	1336	11	2010.941993
materials	-0.7048	-0.7566	3	182	506	5	2011.458333
matrix	-1.2952	-0.3225	3	191	500	4	2011.695341
matrix inversion	-0.9918	-0.0076	3	150	400	3	2016.25
maximum	0.3039	-0.5567	1	510	2122	18	2010.287843
mean	0.1354	0.2084	2	623	3072	27	2010.953636
measurements	-0.3517	0.1817	2	1115	12720	125	2010.932763
mechanisms	0.9139	0.2959	1	322	1032	11	2011.610479
mediterranean	0.5184	0.3003	1	223	528	4	2009.594488
mei	1.2008	0.4687	1	165	448	3	2014.095238
melt	0.6004	-0.0962	1	373	1278	11	2013.146853
melt-water	0.1522	-0.6119	1	142	316	3	2011.098684
melting	0.7046	0.2924	1	360	1190	10	2012.110283
meltwater	-0.0751	-0.3098	1	260	780	7	2012.781925
meris	-0.8482	0.1714	2	250	738	6	2014
meteorological	0.4385	0.7558	2	143	330	3	2009.80117
method	-0.6827	0.1994	2	847	5482	60	2012.144788
methodology	-0.4075	1.0242	2	97	228	3	2012.912525
mg	-0.216	-0.4345	3	694	4300	41	2010.971279
micro-phytoplankton	-0.9404	0.1026	3	158	382	3	2013.5
microphytoplankton	-0.5541	-0.6689	3	218	614	5	2009.238095
microwave	0.4112	0.0282	1	150	368	3	2009.844327
mid-latitudes	0.7687	0.7312	1	182	452	3	2012.022549
mineral particles	-0.4054	-0.8649	3	178	462	4	2012.96875
minerals	-0.1417	-0.738	3	280	836	7	2012.390313
minimum	-0.8839	-0.4672	3	130	316	4	2009.779051
mission	-0.3097	0.7324	2	236	634	6	2012.55098
mixed-layer	1.1096	-0.479	1	234	738	7	2011.050847
mixed-layer depth	1.1555	-0.4855	1	194	570	5	2012.4375
mixing	0.9007	-0.3647	1	471	1916	17	2009.902919
mixture	-1.2261	-0.637	3	287	918	8	2010.906921
mld	1.0471	-0.8409	1	121	306	3	2012.387755
mode	0.4253	0.5436	1	332	990	9	2010.915266
model	0.2065	0.0526	1	1173	14740	142	2011.651901
model sensitivity	0.2152	0.709	2	116	268	3	2011.938776
model simulations	0.4919	0.2864	1	180	442	4	2012.477137
model skill	0.5526	-0.6828	1	192	542	5	2012.573529
model structure	0.1488	0.8447	2	113	268	3	2010.471264
model validation	-0.2958	0.2367	2	202	508	5	2013.656716
modeling	0.1023	0.2381	2	736	3684	37	2012.080047
moderate resolution imaging	-0.3429	0.6843	2	513	2646	24	2013.157692
moderate resolution imaging spectroradiometer	-0.2718	0.6856	2	496	2478	22	2013.265823
modis	-0.1054	0.615	2	659	3668	32	2013.171111
modis-aqua	-0.3447	0.5051	2	371	1538	15	2014.821429
modulation	0.9292	0.0093	1	110	260	3	2010.980114
molecules	-0.5494	0.955	2	126	294	3	2011.769231
monitoring	-0.2834	0.2876	2	642	2602	24	2012.828676
monte carlo	-0.1268	0.4792	2	211	572	7	2011.598684
mouth	0.3693	-0.5043	1	197	488	4	2011.528409
msi	-0.2091	0.9416	2	133	334	3	2017.777778
multisensor	-0.3531	1.1397	2	125	288	3	2012.516129
multispectral	-0.2078	0.9418	2	133	334	3	2012.714286
multivariate	0.9955	0.4357	1	296	908	7	2013.099057
nao	1.1526	0.3679	1	245	776	6	2010.288076
nap	-0.4963	-0.7318	3	295	1130	10	2015.409091
nasa	-0.0028	0.4341	2	443	1796	15	2012.319489
national	-0.2892	0.7439	2	248	668	6	2010.195652
natural waters	-1.2297	-0.3415	3	233	582	5	2012.205882
nature	-0.3771	0.0234	2	246	648	6	2010.788145
near-surface	-0.0661	-0.315	2	356	1090	9	2011.177419
net community production	1.2531	0.0758	1	165	402	3	2013.923077
net primary production	0.7557	-0.6413	1	268	892	8	2012.467391
net primary productivity	0.5518	-0.7269	1	219	714	6	2012.551724
network	-0.5757	0.0468	2	245	674	6	2012.964962
neural network	-0.917	-0.2126	2	128	304	3	2011.798561
new zealand	-0.6367	0.5097	2	121	340	4	2009.724138
newfoundland	0.9767	-0.5274	1	127	298	3	2008.690265
nir	-0.606	0.7994	2	235	728	8	2013.575758
nitrate	0.5919	-0.5426	1	250	730	7	2010.126471
nitrogen	0.8748	-0.4347	1	222	642	5	2012.807923
noaa	-0.191	1.1169	2	168	504	5	2008.907609
noise	-1.4777	-0.4479	3	95	226	3	2011.653631
non-algal particles	-0.6768	-0.938	3	167	538	5	2012.625
nordic	-0.0066	-0.5191	3	195	484	5	2010.496583
nordic seas	-0.4909	-0.5521	3	106	242	3	2010.261658
north	0.7177	0.1527	1	800	4802	40	2010.374238
north atlantic	0.9663	0.0185	1	617	3204	26	2010.017846
north atlantic ocean	0.9546	0.1265	1	216	560	5	2009.960733
north atlantic oscillation	1.192	0.3604	1	279	956	7	2010.430401
north pacific	0.6328	-0.0076	1	204	502	4	2010.653333
north sea	0.3365	0.4405	1	157	360	4	2009.958333
northern	0.7054	0.3771	1	287	846	7	2011.106605
northern latitudes	-0.5395	-0.1175	3	230	624	6	2011.839378
norway	0.4998	0.3769	1	103	240	3	2011.264414
norwegian	-0.2941	0.698	2	96	232	3	2008.200426
npp	0.7607	-0.6366	1	330	1256	11	2012.479167
numerical model	0.692	0.0329	1	159	408	4	2009.365706
nutrient availability	0.6633	-0.3278	1	194	494	4	2013.783582
nutrient limitation	0.972	-0.5202	1	193	512	4	2014.20339
nutrients	0.8147	-0.4067	1	614	3028	26	2011.870968
objective	-0.0781	0.1539	2	228	604	5	2011.917647
observations	0.1462	0.099	1	1009	8360	74	2011.448164
observing system	0.3123	0.7022	1	123	322	4	2013.706667
oc-cci	-0.3859	0.6358	2	250	720	6	2018.333333
occurrence	-0.0534	-0.1307	1	276	784	7	2011.803551
ocean	0.0854	0.0968	1	1220	20856	197	2010.965167
ocean biogeochemical model	0.5687	0.5018	1	257	710	6	2015
ocean biogeochemistry	1.2173	0.0065	1	162	372	3	2014.171429
ocean biology	0.7156	0.4489	1	157	374	3	2010.916667
ocean chlorophyll	-4e-04	0.5434	2	262	704	6	2008.214286
ocean circulation	0.9319	-0.3289	1	367	1420	12	2010.55339
ocean circulation model	1.1774	-0.3199	1	266	942	8	2009.8625
ocean color	-0.1774	0.0075	2	963	9188	84	2012.620438
ocean color algorithms	-0.3601	-0.1677	3	436	1954	17	2012.176471
ocean color products	-0.1374	0.9839	2	227	750	8	2013.3
ocean color remote sensing	0.2526	-0.0864	1	349	1210	10	2014.307692
ocean colour	0.3356	0.2565	1	577	2580	24	2012.35
ocean colour remote sensing	-0.7433	-0.1401	2	128	308	3	2008
ocean currents	-0.0509	-0.439	3	134	322	3	2010.666667
ocean data	0.0155	0.0512	3	254	718	7	2010.227273
ocean ecosystems	0.6647	-0.1055	1	188	448	4	2013.328571
ocean general circulation	1.2486	-0.0552	1	166	468	4	2009.590164
ocean model	0.8122	-0.3185	1	409	1430	12	2010.792558
ocean optical properties	0.1134	-0.4037	3	126	312	3	2006.25
ocean optics	-0.2461	-0.5167	3	156	378	4	2011.5
ocean productivity	0.8534	-0.3379	1	202	586	6	2011.837838
ocean remote sensing	-0.3205	-0.6042	2	108	280	3	2015.6
ocean stratification	1.1055	-0.565	1	186	516	4	2013.060241
ocean surface	0.6109	0.3902	1	489	1762	16	2011.97351
ocean waters	-0.2918	-0.3829	3	397	1560	14	2011.075758
oceanic phytoplankton	0.4881	0.3526	1	190	460	4	2012.888889
oceanography	-0.975	-0.2888	3	268	796	8	2009.138686
offshore	-0.6716	-0.0527	3	204	502	4	2009.651466
olci	-0.8444	0.6867	2	139	344	3	2018
onset	0.9823	-0.2478	1	320	1092	10	2011.400894
open access	-0.6	0.5699	2	216	546	4	2015.769231
open ocean	-0.1223	-0.0836	2	403	1314	11	2011.015873
open water	0.3238	-0.5166	1	355	1278	11	2011.389671
open water area	0.0743	-0.7285	2	140	380	3	2010.037037
operation	-0.4558	0.5215	2	195	490	4	2012.715909
operational	-0.3229	0.6791	2	152	358	3	2011.326733
optical	-0.5519	0.2879	2	718	4246	40	2011.902703
optical data	0.0155	-0.6368	3	336	1100	10	2012.484848
optical instruments	-0.6011	0.4662	2	111	238	3	2008.222222
optical measurements	-0.3946	-0.6024	3	403	1472	12	2013.34375
optical properties	-0.5053	-0.146	2	866	6598	61	2011.915033
optical sensors	-0.0684	-0.0995	1	163	396	4	2012.904762
optical thickness	0.5797	0.3492	1	157	398	4	2009.946429
order	-0.3268	0.5345	2	638	2900	26	2010.598046
organic	-0.3274	0.0604	2	122	290	3	2013.072464
organic carbon	0.5412	-0.0568	1	442	1882	17	2012.96863
organic matter	-0.4256	-0.291	2	779	5394	49	2012.485771
organisms	0.0743	-0.4427	1	172	442	4	2012.67134
oscillation	1.0052	0.3918	1	390	1474	12	2010.801829
outcomes	0.29	0.3189	2	214	544	4	2014.259036
outflow	-0.0714	-0.1051	2	177	408	3	2008.807601
oxygen	0.3342	-0.0764	1	275	738	7	2009.83871
ozone	-0.398	0.4606	2	137	332	4	2010.865415
pacific	0.6316	0.0427	1	510	1916	16	2010.950879
pacific decadal	1.0519	0.5294	1	181	464	3	2012.792717
pacific decadal oscillation	1.0542	0.5296	1	181	464	3	2012.919403
pacific ocean	0.5323	-0.7667	1	143	340	3	2010.089431
pack	-0.1328	-0.8438	3	152	378	4	2009.298805
pack ice	-0.1319	-0.8438	3	152	378	4	2008.853081
package effect	-0.8015	-0.7564	3	210	642	6	2013.166667
packaging	-0.719	-0.9297	3	281	1074	10	2011
par	0.263	-0.4253	1	443	1894	19	2013.039216
parameterisation	0.4842	0.1893	1	226	546	5	2012.71875
parameterization	0.049	-0.343	2	391	1516	15	2011.336207
parameters	-0.1325	0.1423	2	792	4498	44	2010.962104
part	-0.1254	-0.2378	3	603	2730	26	2010.410034
particle concentration	-0.4931	-0.825	3	193	522	4	2009.813953
particle size	-0.5675	-0.5417	3	349	1324	12	2011.017021
particle size distribution	-0.6612	-0.5463	3	293	1000	9	2011.990566
particles	-0.3365	-0.5922	3	705	4762	44	2011.108822
particulate	-0.337	-0.571	3	686	4172	38	2012
particulate absorption	-0.9582	-0.3403	3	144	358	4	2010.9
particulate backscattering	-0.4971	-1.0034	3	240	822	7	2013.428571
particulate beam attenuation coefficient	0.237	-0.9152	1	126	302	3	2011.333333
particulate carbon	-0.1091	-0.0784	3	260	836	8	2012.166667
particulate matter	-0.2233	-0.3609	3	413	1504	13	2012.141264
particulate organic	0.3801	-0.1907	1	415	1740	15	2012.208791
particulate organic carbon	0.5744	-0.0516	1	383	1504	13	2012.516854
partitioning	0.6912	0.0302	1	209	490	4	2012.216749
patches	-0.191	-0.4571	3	170	396	5	2011.337979
pathways	-0.9378	-0.1122	3	89	224	3	2013.213274
patterns	0.3912	-0.1096	1	788	4244	38	2011.236066
pelagic	0.398	0.1603	2	181	444	4	2011.982143
pelagic ecosystem	0.9864	-0.1203	1	226	614	5	2011.277778
penetration	0.6229	-0.0584	1	385	1406	15	2009.4875
penetration depth	-0.3674	-0.086	3	167	424	4	2010.55814
peninsula	-0.3458	-0.4838	3	380	1448	13	2011.596904
performance	-0.6106	0.2493	2	722	4696	44	2013.489921
period	0.4856	0.0979	1	826	5030	46	2011.210316
permafrost	0.2139	0.3095	2	160	412	3	2012.799678
persistence	0.4509	0.1338	1	170	388	3	2012.073254
perspective	0.1276	0.3405	1	273	662	6	2012.901235
perturbations	0.6181	-0.0267	1	263	684	6	2010.583086
pft	0.1084	0.6658	1	279	824	6	2012.3125
ph	-0.7779	-0.1918	3	364	1514	12	2013.361345
phaeocystis	-1.0585	-0.7521	3	165	434	4	2013.745455
phase	0.268	0.4258	2	276	750	8	2011.300144
phenology	0.747	0.0532	1	411	1536	12	2014.085938
phenomena	-0.3199	0.5472	2	225	656	7	2011
phi	-0.3157	-1.0353	3	208	602	5	2010.291667
photoacclimation	-0.5249	-0.6299	3	254	678	6	2013.454545
photosynthesis	0.3912	0.1438	1	455	1692	15	2012.442424
photosynthetic efficiency	-0.4274	0.0448	2	168	416	4	2013.466667
photosynthetic rate	0.4476	0.4694	2	123	286	3	2009.5625
phycocyanin	-0.9282	-0.2335	3	82	214	3	2007.333333
phycoerythrin	-0.8453	-0.2754	3	90	208	3	2011.666667
physical	0.6786	-0.2902	1	256	696	6	2009.0625
physical environment	0.4573	0.5334	1	241	610	5	2010.739726
physical forcing	1.1705	-0.4419	1	157	400	3	2009.5
physical processes	1.0177	-0.5038	1	144	344	3	2012.057576
physical properties	0.6573	-0.3987	1	152	342	3	2011.051724
physics	0.7418	0.3353	1	275	844	9	2011.674359
physiology	-0.5113	0.5075	2	188	436	4	2013.727273
phytoplankton	-0.0772	-0.2466	3	1226	19916	185	2012.529026
phytoplankton absorption	-0.6733	-0.631	3	543	2626	23	2013.037037
phytoplankton assemblage	-1.0941	-0.3858	3	151	378	3	2014.5
phytoplankton biomass	0.2331	-0.4756	1	698	3866	35	2013.33125
phytoplankton bloom	0.5907	-0.3284	1	615	3046	26	2012.516129
phytoplankton carbon	0.3666	-0.6325	1	203	532	5	2013.95
phytoplankton community	-0.3069	-0.4503	3	682	4172	35	2014.607595
phytoplankton community composition	-0.4837	-0.5685	3	316	1012	8	2016.318182
phytoplankton community structure	-0.4538	0.1451	3	268	820	7	2014.384615
phytoplankton composition	0.0206	0.353	1	320	992	8	2013.657143
phytoplankton distribution	0.237	-0.3885	1	178	414	3	2013.736842
phytoplankton diversity	0.1642	-0.1327	1	174	460	4	2016.4
phytoplankton dynamics	-0.2217	0.2137	2	275	778	7	2013.8
phytoplankton functional types	-0.5019	0.502	3	378	1436	13	2015.153846
phytoplankton growth	1.0368	-0.2439	1	383	1328	11	2011.444444
phytoplankton phenology	0.9437	-0.1916	1	231	660	6	2014.222222
phytoplankton pigments	-0.8126	-0.1927	3	481	2232	20	2012.419355
phytoplankton primary production	0.9196	-0.1115	1	260	758	8	2012.6
phytoplankton production	0.5572	-0.1699	1	261	692	7	2009.969231
phytoplankton productivity	0.1666	-0.8371	1	225	674	6	2013.904762
phytoplankton size	-0.6838	-0.0933	3	329	1212	10	2015.217391
phytoplankton size classes	-0.775	-0.0389	3	254	750	6	2016.142857
phytoplankton size structure	-0.5118	-0.64	3	119	298	3	2014.285714
phytoplankton species	-1.4823	-0.5917	3	127	426	5	2011.142857
picophytoplankton	-0.6411	-0.5577	3	279	824	7	2012.657143
picoplankton	-0.375	-0.8804	3	148	350	3	2011.970588
pigment absorption	-0.4693	-0.4461	3	141	352	4	2013
pigment analysis	-0.7751	0.0468	3	198	488	4	2014.571429
pigment composition	-0.7359	-0.3969	3	373	1398	12	2011.571429
pigment packaging	-0.7191	-0.9143	3	255	896	8	2011
pigments	-0.6509	-0.3715	3	831	6364	57	2012.420814
place	0.2601	-0.068	1	253	632	6	2009.958042
plankton	0.5642	-0.3762	1	359	1098	12	2010.853821
platform	0.0824	0.6523	2	241	600	6	2013.075269
plume	0.0979	-0.5018	1	381	1292	10	2009.9
poc	0.698	0.1392	1	353	1302	11	2011.81457
polar	-0.0324	-0.4921	3	297	968	10	2011.082686
polar front	-0.0966	-0.8154	3	175	492	5	2009.072327
polar regions	-0.3459	0.352	2	202	548	5	2011.606775
polar waters	-0.5857	-0.8405	3	130	298	3	2010.440367
polarization	-0.6203	0.8195	2	158	376	4	2013.066667
polarstern	-0.4135	0.1011	3	237	626	5	2006.411111
pollution	-0.7925	0.6965	2	136	308	3	2012.161202
polymer	-0.6784	0.5942	2	207	536	4	2013.786667
polynya	0.8145	-0.3523	1	166	416	3	2008.42
ponds	-0.2151	0.5906	2	111	256	3	2013.328622
population	-0.5119	-0.2327	3	427	1398	11	2011.362024
position	0.4038	-0.5211	1	217	544	5	2010.689373
positive feedback	1.18	-0.0769	1	129	310	3	2012.122034
potential	-0.5255	-0.0779	3	373	1238	12	2012.784435
power	0.7825	0.4556	1	172	392	3	2011.834034
power-law	0.6776	0.1889	1	173	394	3	2012.595506
prasinophytes	-0.4906	-0.3893	3	202	608	5	2013.851852
precipitation	0.5984	-0.1064	1	231	614	5	2012.247478
prediction	-0.4864	0.0711	3	345	1112	10	2012.073267
pressure	0.2217	0.0551	1	280	768	7	2010.477108
primary	0.8878	-0.3098	1	489	2136	21	2011.961353
primary producers	0.2943	-0.4773	1	146	322	3	2014.795455
primary production	0.5561	-0.2678	1	919	7604	73	2012.113402
primary productivity	0.4403	-0.5134	1	473	2192	21	2013.138889
principal component analysis	-0.5584	-0.5775	3	134	306	3	2010.580645
principal components	-0.5571	-0.5785	3	134	306	3	2010.402597
processes	0.226	0.208	1	906	5744	56	2011.967406
processing	-0.2937	0.9125	2	341	1268	12	2012.577495
production	0.4992	-0.2891	1	979	8758	84	2011.637878
production model	0.7927	-0.1321	1	253	766	7	2011.558824
production rates	0.4853	-0.4561	1	138	326	3	2011.385714
productivity	0.3869	-0.3754	1	767	4840	46	2012.484007
profiler	-0.1235	-0.5275	2	191	460	4	2008.733083
profiles	0.1345	-0.1628	1	519	2152	21	2010.526606
programme	0.4954	0.5442	1	145	342	3	2009.044118
progress	0.1304	0.5953	2	245	632	7	2012.411765
project	0.1577	0.5625	2	423	1492	14	2012.453668
projection	0.4189	0.7981	1	141	358	4	2014.197635
prokaryotes	-0.4669	-0.3066	3	134	336	3	2014.673913
propagation	-0.1526	-0.3585	2	314	1012	9	2010.734739
properties	-0.3467	-0.0874	2	1039	10316	97	2011.071907
proportion	0.0495	-0.5444	3	238	724	7	2011.055556
prorocentrum	-1.681	-0.6358	3	66	244	3	2011.555556
protocol	-0.3486	0.0886	2	150	342	3	2014.140541
province	-0.0266	-0.1786	3	449	1640	14	2010.882653
proxy	-0.2543	-0.5615	3	333	1096	9	2013.127907
prymnesiophytes	-0.9272	-0.4881	3	198	566	5	2008.25
psc	-0.7469	-0.3716	3	232	642	5	2010.928571
publications	0.6291	-0.2218	1	116	246	3	2012.247619
pur	0.5572	-0.4709	1	143	360	3	2009.5
quality	-0.647	0.7779	2	412	1552	16	2012.741898
quality parameters	-0.8085	0.8215	2	76	182	3	2012.083333
quantification	0.4852	0.2802	1	241	576	4	2013.40625
radar	0.3443	0.5778	1	133	356	5	2011.711931
radiance	-0.4861	0.6309	2	546	2620	26	2008.938889
radiation	0.4968	0.1033	1	709	4076	40	2011.331925
radiative	-0.3617	0.9004	2	232	700	8	2011.175287
radiative processes	-0.5029	1.0166	2	99	238	3	2010.75
radiative transfer	-0.3637	0.8223	2	182	538	7	2009.150538
radiometer	-0.7451	0.5828	2	338	1246	12	2009.009592
radiometric	-0.7217	0.5658	2	191	488	4	2006.757576
radiometric calibration	-0.6993	0.703	2	169	460	4	2009.733333
radiometry	-0.5998	0.6144	2	236	638	5	2007.914286
raman	-0.7653	0.5185	2	290	1004	11	2010.903614
raman lidar	0.1829	0.7981	2	83	234	3	2013.035714
range	-0.1538	0.0258	2	883	5914	58	2011.410547
rates	-0.0929	-0.6325	1	497	1866	19	2011.494306
ratio	-0.7876	-0.4042	3	760	4972	47	2010.925387
real-time	-0.011	0.7905	2	187	512	6	2012.398907
reanalysis	0.0388	0.8537	2	138	302	3	2012.860412
reason	-0.5063	0.2668	2	207	564	5	2011.71371
recent	1.048	-0.2624	1	289	866	7	2011.804991
recommendations	0.0404	0.976	2	150	380	4	2012.785714
record	0.9156	0.1641	1	296	952	8	2011.508365
reduction	0.8583	-0.2658	1	297	882	7	2012.202875
reference spectra	-1.5643	-0.4662	3	135	506	6	2011.111111
reflectance	-0.6432	0.1409	2	784	6218	58	2011.972414
reflectance data	-0.5824	0.6327	2	172	442	4	2012.714286
reflectance spectra	-0.6303	0.1561	2	231	614	5	2012.47619
refractive index	-0.6839	0.2491	2	96	222	3	2009.953488
regime	0.293	-0.8188	1	319	1042	10	2010.768478
region	0.2427	-0.0301	1	1153	13596	128	2011.608772
regional climate	1.0159	0.4615	1	178	432	3	2013.123404
regional differences	0.2039	-1.0126	3	232	600	5	2012.228758
regional model	0.0087	-0.2586	1	166	412	4	2011.733333
regional scale	-0.7413	-0.0211	2	129	298	3	2012.592334
regression	-0.5792	-0.2083	3	487	1850	17	2011.924945
regression analysis	0.0949	-0.5288	1	230	588	5	2012.005714
relationship	-0.2864	-0.3081	3	842	6012	57	2011.52721
relative contributions	-0.3288	-0.8488	3	146	360	3	2012.530435
remote	-0.4979	0.2185	2	861	6572	63	2012.899032
remote sensing	-0.057	0.3084	2	991	8484	77	2012.958159
remote sensing reflectance	-0.7127	0.6865	2	194	528	5	2017.333333
representation	0.9409	-0.0867	1	213	522	4	2013.246886
requirements	-0.4031	0.8739	2	237	648	6	2011.322368
res	0.616	0.3657	1	130	290	3	2010.48537
research	-0.4118	0.291	2	667	3264	35	2012.25614
research vessel	-0.8701	0.6356	2	130	368	5	2011.020833
reservoir	0.3841	0.3215	1	175	442	4	2012.909879
resolution	-0.3244	0.4455	2	929	6610	59	2011.918993
resources	-0.4853	0.5945	2	159	362	4	2013.251701
respiration	0.9571	0.0765	1	180	436	4	2013.448352
response	0.4515	-0.1316	1	616	2702	24	2012.161066
resuspension	0.28	-0.4805	1	144	328	3	2008.540984
retreat	0.7558	-0.3645	1	235	670	6	2012.69985
retrieval	-0.6104	0.4603	2	663	3826	35	2011.428846
river	0.1059	-0.1586	1	614	2948	27	2011.920886
river discharge	0.2615	-0.3311	1	190	468	4	2011.398406
river plume	0.1829	-0.4713	1	355	1154	9	2011.19697
river runoff	0.5821	-0.4798	1	145	328	3	2009.62963
river water	0.3468	-0.5887	1	216	592	5	2010.944785
riverine	-0.7475	0.0563	2	192	482	5	2012.516432
role	0.4851	0.186	1	739	3766	33	2012.568357
root	-0.3918	-0.0534	2	266	782	8	2012.083538
root mean square error	0.499	0.068	1	210	528	4	2014.467391
ross	-0.7323	0.1298	2	309	1214	13	2011.009202
ross sea	-0.6998	0.1082	2	323	1276	14	2010.810256
rrs	-0.9107	0.2544	3	139	348	3	2008.875
runoff	0.7071	-0.1677	1	288	856	8	2012.212743
salinity	0.0012	-0.0503	1	566	2352	20	2009.248247
sample	-1.0469	-0.1995	3	164	402	5	2011.599617
sampling	0.2961	0.515	1	256	670	6	2012.100775
satellite	-0.0495	0.4039	2	1084	11484	111	2011.755822
satellite algorithm	-0.0626	1.0294	2	176	434	4	2014.555556
satellite applications	-0.1126	0.5757	2	148	340	3	2013.708333
satellite chlorophyll	-0.1063	-0.1716	2	281	806	8	2011.333333
satellite data	0.0678	0.4056	2	795	4862	46	2011.686028
satellite imagery	-0.0642	0.3851	2	166	416	4	2012.772222
satellite images	0.2924	-0.1304	1	127	290	3	2011.587189
satellite measurements	-0.1259	0.5801	2	187	474	4	2012.201389
satellite observations	0.1071	0.0617	1	393	1378	13	2012.973832
satellite ocean color	-0.1899	-0.0788	2	493	2214	21	2013.125
satellite radiometer	-0.5573	0.7453	2	119	412	5	2007.076923
satellite remote sensing	-0.3806	0.3394	2	275	778	7	2013.104167
satellite retrievals	-0.3543	-0.147	2	205	566	6	2011.277778
satellite sensors	-0.3822	0.7001	2	388	1420	12	2012.319444
saturation	0.2525	0.207	1	144	356	4	2011.875
scale	0.0552	-0.0527	1	797	4074	39	2011.804989
scale vectors	-1.6697	-0.6198	3	78	318	4	2008.2
scattering	-0.6435	0.2501	2	475	1950	21	2010.183486
scattering coefficient	-0.9551	-0.004	2	90	202	3	2011.166667
scenarios	0.2053	0.1826	1	287	830	8	2012.882212
sciamachy	-0.5718	0.8635	2	241	798	6	2014.176471
sciatran	-0.6346	0.9318	2	126	370	4	2014.75
science	-0.1409	0.6162	2	302	830	10	2005.441336
sea	0.1596	-0.1098	1	1213	18004	179	2010.929745
sea ice	0.6053	-0.0298	1	892	6594	57	2012.341204
sea ice concentration	0.9767	-0.3183	1	329	1086	8	2014.074
sea ice cover	1.0073	-0.1018	1	241	710	7	2012.742173
sea ice coverage	0.4815	0.655	2	161	458	4	2013.327586
sea ice extent	0.8163	-0.1405	1	199	562	5	2013.195775
sea ice loss	1.0508	-0.5328	1	121	320	3	2015.52349
sea ice melt	0.8509	-0.2479	1	170	398	3	2013.874074
sea ice melting	0.794	0.7174	1	123	320	3	2014.061224
sea ice properties	0.2973	0.9047	2	196	558	5	2013.258065
sea surface	0.5181	0.0422	1	736	4168	39	2011.29989
sea surface temperature	0.7632	0.046	1	675	3736	32	2011.542882
sea water	-0.0021	0.1981	2	286	850	9	2008.442735
season	0.4141	-0.1432	1	776	4764	45	2012.178114
seasonal cycle	0.872	0.1764	1	394	1502	12	2011.135957
seasonal distribution	0.6913	-0.4193	1	155	352	3	2013.115385
seasonal pattern	0.213	-0.0104	1	168	398	3	2011.586207
seasonal variability	0.1475	-0.3031	3	298	928	8	2011.582043
seasonal variation	0.1829	-0.254	1	228	632	7	2011.013917
seawater	-0.7666	-0.3197	3	569	2648	27	2011.626116
seawifs	0.0837	0.4479	2	697	4514	45	2008.102273
sediments	-0.4384	0.2514	2	402	1430	14	2011.206075
selection	-0.1681	0.3766	2	264	702	6	2012.335938
semi-analytical algorithm	-0.8218	0.1164	2	208	626	5	2014.428571
sensing	-0.4607	0.3183	2	764	5098	47	2012.945017
sensitivity	0.3554	0.3546	1	537	2080	19	2012.152936
sensitivity analysis	-0.298	0.1011	2	182	434	4	2013.137681
sensors	-0.2622	0.4477	2	823	5856	56	2011.517949
sentinel	-0.3412	0.7024	2	246	700	7	2016.7
sentinel-2	-0.2333	0.9801	2	165	442	4	2018.214286
separation	0.0965	-0.3466	1	146	342	4	2009.887195
sequestration	-0.331	0.8136	2	131	298	3	2014.109827
series	0.4201	0.1562	1	599	2480	22	2010.601012
shape	-0.295	-0.7062	3	272	856	8	2010.573529
shelf	0.0986	-0.5311	1	765	4530	39	2010.587376
shelf seas	0.5208	-0.5859	1	273	822	7	2011.734043
shelf waters	-0.3406	-0.4103	3	229	596	5	2009.09329
shelf-break	0.6698	-0.5528	1	136	302	3	2009.840909
shelves	0.7859	-0.3989	1	271	802	8	2011.760377
shift	0.8487	-0.3747	1	387	1350	12	2012.333333
ship	-0.1831	0.4391	2	184	436	4	2010.712
shipboard	0.6642	-0.5191	1	171	472	5	2011.378049
shoaling	1.1747	-0.624	1	152	372	3	2012.066667
short-term	0.3361	0.5633	1	163	354	3	2012.055432
shortwave	0.7454	0.7037	1	215	622	6	2011.441558
shortwave radiation	1.1443	0.4917	1	170	518	5	2012.5
siberian	0.7315	0.1336	1	161	380	4	2012.301282
signal	-0.3275	0.2402	2	517	2046	16	2011.038817
signatures	-0.4948	0.1347	2	341	1030	8	2011.86758
silica	-0.6946	-0.6344	3	143	324	3	2009.009901
similarity	-0.3455	0.1669	2	101	224	3	2011.516971
simulations	0.1377	0.5914	2	492	1828	17	2012.277903
sites	-0.3673	0.5033	2	308	884	8	2011.507274
size	-0.486	-0.4159	3	734	4350	38	2010.965923
size classes	-0.7624	-0.1049	3	277	860	7	2012.517241
size distribution	-0.5956	-0.636	3	337	1240	11	2010.853862
size structure	-0.1685	-0.6949	3	178	518	5	2012.451613
skeletonema	-1.5347	-0.6015	3	76	202	3	2006.3
skill	0.4858	-0.7113	1	226	712	7	2013.67325
slope	-0.1853	-0.3656	3	400	1566	15	2010.341082
small phytoplankton	0.4474	-0.4872	1	193	472	4	2014.047619
small-scale	0.1861	0.0574	1	244	634	6	2011.469512
snow	-0.1078	0.9858	2	142	338	4	2012.043528
society	-0.5062	0.688	2	458	1822	19	2010.520354
software	-0.2298	1.0249	2	119	296	4	2012.686047
soil	0.1821	0.2168	2	153	370	3	2012.887856
solar	0.1125	0.857	2	159	356	3	2010.551351
solar irradiance	0.4889	-0.4472	1	145	354	3	2010.02521
solar radiation	0.4986	0.0873	1	371	1304	13	2011.997753
solution	-0.3975	0.6014	2	122	272	5	2010.22668
source	0.4003	0.182	1	554	2182	19	2011.544715
south	0.648	0.0142	1	550	2166	19	2009.816077
south atlantic	0.9188	0.415	1	160	396	3	2007.451691
southern	0.4176	0.1265	1	710	3828	34	2011.247603
southern annular mode	1.1154	0.4399	1	146	400	3	2013.425339
southern ocean	0.1643	0.0624	1	742	4654	45	2011.310743
southern oscillation	0.9297	0.3826	1	164	382	3	2011.761165
space	-0.2225	0.3207	2	543	2400	22	2011.281958
spatial	0.2067	-0.0366	1	473	1774	15	2011.877747
spatial distribution	-0.2386	-0.055	3	531	2224	21	2012.602028
spatial patterns	0.3141	-0.3699	1	402	1180	10	2012.024523
spatial resolution	-0.2797	0.5362	2	360	1106	9	2012.877034
spatial scales	0.1701	-0.3314	1	200	512	5	2012.42723
spatial variability	0.0462	-0.5021	1	258	762	8	2011.858628
spatial variation	-0.0407	-0.6288	3	244	646	5	2011.835735
species	-1.1062	-0.3626	3	465	1788	19	2011.629341
species composition	-0.6413	-0.503	3	146	328	3	2011.337662
spectra	-0.9654	0.0515	3	767	4764	47	2010.240566
spectral	-0.5923	-0.3416	3	340	1182	10	2011.032967
spectral characteristics	-0.2108	0.6544	2	121	266	3	2011.675676
spectral model	0.4357	-0.3976	1	137	330	3	2009.5625
spectral reflectance	-0.4364	0.2882	2	126	290	3	2010.348837
spectral resolution	-0.8057	0.5316	2	179	440	3	2011.446809
spectral slope	-0.2697	-0.2919	3	211	590	5	2013.781818
spectrometer	-0.6797	0.6599	2	400	1434	13	2011.939227
spectrophotometry	-1.0282	0.0945	3	153	384	3	2013.625
spectroradiometer	-0.356	0.6285	2	532	2770	25	2013.108209
spectroscopy	-0.5892	0.5353	2	344	1170	11	2012.548387
spectrum	-0.7271	0.1328	2	459	1904	17	2010.348901
speed	0.7581	-0.1556	1	204	568	6	2010.795455
spm	0.3317	-0.5902	1	203	526	4	2013
spread	-0.4079	0.9238	2	124	300	3	2013.442623
spring	0.6299	-0.4079	1	688	3832	37	2011.445356
spring bloom	0.9785	-0.4886	1	387	1610	15	2011.73913
spring phytoplankton	0.6281	-0.2546	1	132	332	4	2012.440678
spring phytoplankton bloom	1.0273	-0.3836	1	139	350	4	2013
sr	-0.8875	-0.3448	3	117	272	3	2011.925676
stability	-0.8126	-0.1437	2	245	606	5	2011.601934
stage	-1.0474	-0.5264	3	155	358	4	2011.432692
standard	-1.0071	-0.1861	3	212	528	5	2011.405751
standard deviation	-0.948	-0.2657	3	191	470	5	2011.034783
state	0.4423	0.4189	1	361	1010	9	2012.176355
stations	0.0594	-0.5298	1	502	2098	20	2010.728667
statistics	-0.2255	0.1941	3	335	966	9	2010.724252
steps	-0.8028	-0.5456	3	141	308	3	2012.015873
stock	0.1286	-0.1116	1	200	566	6	2011.522491
storm	0.6008	0.09	1	221	606	6	2010.368357
storm tracks	0.8683	-0.0054	1	144	346	3	2010.462428
strait	0.0287	-0.1847	1	391	1316	11	2008.864542
strategies	-0.1156	0.6498	2	203	502	5	2013.49449
stratification	0.9471	-0.2817	1	501	2238	19	2010.765734
stream	-0.0524	0.1824	1	252	702	6	2011.208251
strength	0.2563	0.3083	1	286	772	7	2011.147674
stress	0.988	-0.2823	1	286	830	7	2010.771906
structure	0.0165	0.0476	1	710	3464	31	2010.587788
sub-antarctic	0.269	-0.6049	1	159	380	3	2008.713396
subsurface	0.5061	-0.6759	1	521	2420	22	2011.621895
subsurface chlorophyll	0.4362	-0.7943	1	339	1204	11	2014.25
subsurface chlorophyll maxima	0.8657	-0.756	1	158	444	4	2014.3
subsurface chlorophyll maximum	0.3794	-0.7659	1	193	574	5	2014.230769
subtropical	0.9552	0.261	1	294	922	8	2009.910959
subtropical front	0.4642	-0.4469	1	149	398	4	2007.5
succession	0.1925	-0.1826	3	130	312	3	2012.128814
summer	0.4351	-0.1107	1	966	7248	69	2011.747886
summer season	-0.9535	-0.6857	3	109	298	3	2012.634409
sun	-0.2794	0.8079	2	282	908	9	2011.068966
sun glint	0.1878	0.9098	2	133	326	3	2009.375
supply	0.8435	-0.1784	1	337	1066	8	2011.339312
support	-0.8286	0.3644	2	159	372	4	2012.160714
surface	0.2456	-0.0033	1	1157	13970	135	2011.274886
surface chlorophyll	0.4046	-0.4995	1	465	2026	19	2012.6875
surface concentration	0.8469	-0.5537	1	268	838	7	2012.482759
surface layer	0.3023	0.2336	1	480	1714	16	2009.563452
surface reflectance	-0.1788	0.6589	2	124	296	3	2013.116667
surface salinity	0.5079	0.5232	1	146	350	3	2009.551351
surface temperature	0.7449	0.0967	1	620	3164	27	2011.552855
surface waters	0.0697	-0.426	1	700	3598	32	2010.917469
survey	-0.1843	0.1553	2	305	874	8	2010.854962
suspended matter	-0.3195	-0.5598	3	185	524	5	2013.333333
suspended sediment	-0.7599	0.7507	2	123	294	3	2011.73913
svalbard	-0.0953	0.1074	3	382	1242	12	2012.982836
swir	-0.4045	0.9606	2	188	580	6	2015.178571
synthesis	0.2892	-0.2497	1	266	784	7	2012.494924
system	0.1786	0.5376	2	832	4414	43	2012.244703
system models	0.7458	0.7757	1	212	588	5	2015.409091
table	-0.6382	0.6952	2	124	282	3	2011.75
taxonomic composition	-1.0494	-0.1192	3	268	864	7	2013.044776
techniques	-0.7205	0.2366	2	610	2600	25	2010.995925
technology	-0.2723	0.4565	2	316	996	10	2013.19378
temperate	0.4541	-0.621	1	131	282	3	2011.666667
temperature	0.46	0.0595	1	958	7190	63	2011.477652
temporal changes	-0.4887	-0.5007	3	140	316	3	2011.742138
temporal patterns	1.0446	0.5015	1	157	364	3	2011.927711
temporal resolution	-0.1846	0.6527	2	239	612	5	2013.873362
temporal variability	0.0945	-0.047	1	280	804	6	2011.288462
temporal variations	0.6866	-0.6743	1	164	408	3	2011.722063
terms	0.1097	0.038	1	646	2858	26	2011.105954
terra	-0.8731	0.77	2	109	292	4	2010.519685
thalassiosira	-1.6646	-0.6061	3	83	246	3	2013.52381
theoretical models	-1.1046	0.0059	2	125	310	3	2008.454545
thickness	0.7579	0.1813	1	392	1436	13	2010.814467
three dimensional	0.8045	-0.7126	1	124	296	3	2009.329939
threshold	-0.5524	0.7962	2	213	560	5	2012.8
tidal currents	0.8728	0.2084	1	117	306	4	2008.020619
tides	0.5004	0.2957	1	183	478	5	2010.001852
time	0.0704	0.0268	1	869	4840	44	2011.191579
time-series analysis	-0.2285	-0.2099	3	659	2944	26	2010.95228
timescales	0.4378	-0.5881	1	149	356	3	2011.525048
timing	1.0242	-0.2489	1	323	1188	11	2012.348348
tools	-0.0857	0.8358	2	187	500	6	2013.795322
total absorption	-0.6645	-0.7164	3	254	798	7	2013.529412
trace	0.3155	0.4068	1	202	468	4	2011.307692
track	0.5066	0.0994	1	189	472	4	2010.190476
transect	-0.2819	-0.3871	3	297	862	9	2011.199708
transfer	-0.5343	0.574	2	418	1720	17	2010.678679
transform	-1.006	-0.2545	3	144	314	3	2011.990385
transformation	0.0602	0.9866	2	82	186	3	2011.951786
transition	-0.4486	-0.3623	3	245	678	8	2011.648928
transmission	-0.1733	0.0405	2	114	270	3	2011.062827
transparency	0.244	-0.7449	1	206	608	6	2011.40625
transport	0.7241	-0.1479	1	287	824	8	2010.537155
trends	0.3671	0.1448	1	590	2820	25	2012.269204
trophic levels	0.6943	-0.5622	1	228	688	6	2012.898374
tropics	1.2861	0.1326	1	168	486	4	2010.699313
tsm	-0.2452	-0.333	3	294	904	8	2014.357143
turbid waters	-0.8539	-0.4076	2	216	638	6	2011.2
turbidity	-0.3977	-0.2306	2	403	1420	14	2011.172414
types	-0.2737	0.2316	2	685	3118	29	2011.720352
ultraviolet	-0.5164	-0.2776	2	248	758	7	2011.227848
ultraviolet radiation	0.1854	0.1502	2	166	418	4	2010.317073
uncertainty	-0.1187	0.2619	2	582	2926	28	2013.221957
uncertainty analysis	0.0742	-0.1455	2	143	312	3	2012.791667
underestimate	0.8527	0.2034	1	191	472	4	2010.868421
underwater	-0.2834	-0.1092	2	404	1400	13	2012.558824
underwater light	-0.3089	-0.3873	3	386	1394	12	2012
underwater light field	-0.4507	-0.2187	3	274	820	7	2010.666667
upper ocean	1.1023	-0.238	1	400	1624	14	2010.440079
uptake	0.808	0.1147	1	261	734	6	2012.895082
upwelling	1.2176	0.2011	1	207	558	5	2010.661939
utility	0.2874	-0.0589	1	217	528	4	2012.942222
uv	-0.5464	-0.001	2	166	414	4	2011.051948
validation	-0.364	0.3208	2	574	2804	27	2012.727575
validity	-0.3623	-0.2579	3	142	326	4	2010.925
values	-0.1904	-0.2109	3	1014	9354	91	2010.746562
variability	0.2754	-0.12	1	1126	12044	111	2011.545737
variance	0.1465	0.3266	1	197	474	4	2010.046067
variations	-0.0116	-0.2187	1	880	5742	55	2010.901917
vector	-1.552	-0.5586	3	138	464	6	2010.835404
vegetation	-0.6523	0.6633	2	181	450	4	2012.521246
verification	0.6522	-0.273	1	108	260	3	2012.835821
vertical	0.8898	-0.4242	1	207	540	5	2009.544379
vertical distribution	0.3735	-0.3379	1	320	1008	10	2010.595331
vertical profiles	0.0234	-0.3855	1	321	1054	10	2011.336
vertical structure	0.5645	-0.5308	1	146	346	3	2010.285714
vessel	-0.8285	0.6813	2	145	444	6	2011.268293
viirs	-0.5196	0.6232	2	207	570	6	2015.1
volume	-0.7393	0.063	3	184	452	5	2010.936662
warming	0.8232	0.2605	1	383	1446	12	2012.978577
water	-0.171	-0.0736	2	1237	20090	199	2010.775054
water bodies	-0.7123	0.4724	2	293	872	8	2012.701754
water column	0.3242	-0.3098	1	694	3800	34	2010.123234
water depth	0.3618	0.2982	1	244	654	6	2011
water masses	-0.1939	-0.5973	3	310	988	8	2009.047927
water molecules	-0.5511	0.9542	2	126	294	3	2011.971429
water properties	-0.225	0.4716	2	258	722	6	2008.879167
water quality	-0.588	0.9725	2	200	560	7	2012.568966
water reflectance	-0.3948	0.5814	2	208	570	5	2015
water samples	-0.9078	-0.1296	3	363	1172	10	2012.208738
water surface	-0.4626	0.6372	2	133	390	5	2010.707692
water temperature	0.3526	-0.0023	1	275	818	8	2010.526448
water transparency	-0.0284	-0.8509	3	167	462	4	2009.166667
water type	-0.4069	-0.3666	2	176	448	4	2006.44
wave	0.248	0.3166	1	274	848	11	2010.934812
wavelength	-0.277	0.165	2	415	1396	13	2009.220077
wavelet	-1.472	-0.5704	3	150	558	7	2011.611765
wavelet analysis	-1.5552	-0.5814	3	96	298	4	2011.888889
web	0.1961	-0.5689	1	227	628	5	2013.376068
weight	-0.4168	0.3806	2	121	274	3	2010.632353
west greenland	0.2592	-0.5708	1	148	332	4	2011.434211
white	-0.7596	0.8999	2	61	166	4	2010.307692
white sea	-0.8102	0.8774	2	52	122	3	2010
wind	0.9133	-0.1797	1	500	2170	21	2010.366929
wind stress	1.0536	-0.0944	1	225	616	5	2008.608177
winter	0.5992	0.1825	1	497	1840	17	2011.016141
work	-0.2154	0.1792	2	497	1870	18	2012.585814
world	0.061	0.4682	2	398	1390	13	2011.293273
world ocean	0.4429	0.3186	1	282	828	8	2007.82598
zone	0.2858	-0.362	1	785	4690	41	2010.917256
zooplankton	0.7615	-0.5814	1	261	712	7	2009.773438
zooplankton biomass	0.6795	-0.6022	1	136	312	3	2007.977778
