id	x	y	cluster	weight<Links>	weight<Total link strength>	weight<Keyword count>	score<Avg year>
20th century	0.8825	-0.189	1	424	1694	17	2011.125
aaiw	-0.9121	-0.7447	4	369	2160	23	2008.433333
abyssal	-0.6508	0.1421	4	604	3406	33	2008.271255
acceleration	-0.2141	0.6939	2	503	2140	19	2012.217042
accumulation	0.1905	-0.7414	4	561	2678	24	2011.1675
accuracy	0.1589	0.3625	2	448	1774	22	2012.031588
acoustic	-0.9979	-0.1007	3	437	1836	18	2009.018519
acoustic doppler current profiler	-1.008	-0.3676	3	354	1616	17	2007.4
action	0.3398	0.3421	2	334	1172	12	2009.595808
activity	0.2673	-0.2921	1	822	6768	63	2011.741747
adcp	-1.0111	-0.144	3	477	2774	28	2007.919643
addition	-0.3365	-0.1116	4	963	9220	86	2012.072879
adjoint	0.9418	0.3897	1	326	1266	12	2010.905405
adjustment	0.3385	0.6269	1	724	4748	45	2011.543956
advance	0.7977	-0.4381	1	373	1364	13	2012.223684
advection	0.2584	0.0405	1	1059	14370	138	2010.324162
africa	-0.4257	-0.7107	4	402	1682	15	2009.943515
age	-0.0236	-0.8444	4	547	3458	32	2010.368729
agreement	-0.1377	0.514	2	1024	12744	121	2010.554303
air	0.8863	0.1056	1	835	7430	70	2011.976061
air temperature	1.126	0.0084	1	677	5242	48	2012.218924
air-sea	0.3363	-0.4869	1	735	5104	45	2011.236364
air-sea fluxes	0.7232	-0.0609	1	436	1866	17	2011.183908
air-sea heat fluxes	0.3757	-0.4206	1	483	2086	18	2012.648649
air-sea interaction	0.5164	-0.6902	3	552	2946	26	2011.566667
al	-0.3074	0.3238	2	617	3190	32	2010.555118
algorithm	-0.0601	0.67	2	453	1902	21	2011.916828
altimeter	-0.3032	0.1781	3	622	4056	38	2009.018667
altimeter data	-0.2707	0.2091	3	547	3046	28	2007.217143
altimetry	-0.5536	-0.0289	3	710	5958	61	2011.731674
altimetry data	-0.3614	0.0402	3	359	1404	13	2011.834356
amo	1.1702	-0.3396	1	461	2998	28	2014.908333
amoc	1.1226	-0.0651	1	981	18832	160	2015.163347
amplitude	0.3387	0.2402	3	894	7810	74	2010.372165
analysis	0.0058	-0.1703	3	1212	33752	332	2011.656462
analysis model	0.3409	0.2615	1	325	1014	11	2010.318966
analytical model	-0.6078	0.8636	2	266	888	11	2006.887324
analytical solution	0.1324	0.9508	2	281	1008	12	2010.041096
angle	-0.5943	1.0167	2	283	1042	13	2010.915493
annual cycle	0.035	0.1069	3	620	3342	29	2009.189944
annual variability	0.0019	-0.8309	3	398	1526	13	2012.096045
anomaly	0.581	-0.1707	1	1177	31654	291	2010.997204
antarctic	-0.4406	-0.0344	4	938	10204	101	2010.797819
antarctic bottom water	-0.5783	-0.3786	4	547	2878	24	2008.305764
antarctic circumpolar current	0.2384	0.7453	2	387	1588	17	2008.485816
antarctic intermediate water	-0.9281	-0.6122	4	546	4136	41	2007.646865
anthropogenic carbon	-0.2433	-1.1126	4	346	1606	16	2013.384615
anticyclone	-0.8813	0.6487	2	536	3130	35	2010.766562
anticyclonic eddy	-0.9727	0.6561	2	291	1070	12	2008.5
application	0.0237	0.6092	2	690	3666	40	2012.361823
approach	0.2097	0.3859	2	915	7520	77	2013.011682
approximation	-0.3021	1.0419	2	289	1030	15	2011.077491
archipelago	0.024	-0.2936	3	396	1422	13	2011.082609
arctic	0.428	-0.2732	3	1188	31816	311	2012.189504
arctic basin	0.6325	-0.2004	1	297	1024	11	2009.680952
arctic climate	1.0758	-0.0741	1	326	1206	12	2013.150824
arctic freshwater	0.3247	-0.7519	3	392	1696	16	2012.838983
arctic greenland	0.1667	-0.5465	3	415	1762	15	2011.165468
arctic intermediate water	-0.9773	-0.4731	4	420	2334	23	2006.116279
arctic mediterranean	-0.2033	-0.6001	3	451	2236	21	2008.704545
arctic ocean	0.3938	-0.1274	3	1003	13008	126	2010.893127
arctic sea ice	1.3573	-0.0817	1	425	2342	21	2014.367364
arctic seas	1.1812	-0.1468	1	539	3106	28	2014.010669
arctic waters	0.2734	-0.5615	3	506	2226	20	2011.466431
area	-0.2036	-0.0524	4	1190	26044	256	2011.37466
argo	0.0431	-0.2629	3	678	4836	52	2013.487705
argo floats	-0.3137	-0.508	3	502	2652	29	2014.111111
array	-0.4794	-0.0045	3	769	6604	63	2011.101235
arrival	-0.3719	-0.7726	3	397	1694	17	2010.018349
assessment	0.9053	0.0052	1	596	3330	31	2013.024899
assimilation	0.83	0.4135	1	549	3152	30	2012.629787
atlantic	0.2441	-0.4569	1	1236	108512	1039	2010.236737
atlantic circulation	0.6168	-0.156	1	882	9296	84	2010.478788
atlantic climate	1.2827	-0.1716	1	594	4212	35	2011.57265
atlantic current	-0.075	-0.5366	4	1042	16470	146	2007.777251
atlantic inflow	0.1009	-0.7107	3	557	3690	37	2009.471264
atlantic meridional circulation	1.2256	0.0516	1	843	11192	99	2014.038889
atlantic meridional overturning	1.028	-0.1823	1	999	18598	153	2014.908714
atlantic meridional overturning circulation	1.03	-0.1943	1	998	18484	152	2014.995726
atlantic moc	1.2619	-0.0528	1	435	2306	21	2009.392857
atlantic multidecadal oscillation	1.1076	-0.2396	1	500	3126	28	2014.897436
atlantic multidecadal variability	1.4695	0.1541	1	351	1886	15	2015.214286
atlantic ocean	0.3267	-0.5198	1	1168	31208	284	2009.615463
atlantic ocean circulation	0.8165	-0.5299	1	531	2924	25	2012.214286
atlantic oscillation	0.7696	-0.5664	1	1051	19980	172	2010.516074
atlantic overturning	0.885	-0.3898	1	505	2690	24	2011.733333
atlantic region	0.6305	-0.5202	1	499	2286	20	2010.526667
atlantic ridge	-0.6391	-0.5731	4	382	1500	13	2009.058824
atlantic salinity	0.487	-0.7877	1	404	1728	13	2008.666667
atlantic sea surface temperature	1.4379	0.0273	1	317	1454	13	2010.897059
atlantic sector	1.3255	-0.073	1	332	1464	13	2011
atlantic thermohaline circulation	0.9786	-0.4727	1	380	1774	18	2007.891304
atlantic variability	0.9666	-0.3597	1	576	3436	29	2011.060606
atlantic water	-0.166	-0.6843	3	1092	20360	191	2010.080056
atlantic water masses	-0.1948	-1.0589	4	363	1414	13	2010.176471
atmosphere	0.7161	-0.1214	1	1028	14902	136	2011.581199
atmosphere-ocean interaction	0.9676	-0.4472	1	463	2504	21	2013.489655
atmospheric circulation	1.1766	-0.3184	1	564	3522	32	2012.002058
atmospheric conditions	0.7418	-0.4656	1	397	1594	16	2011.328431
atmospheric forcing	1.0708	0.0837	1	316	1188	11	2011.295082
atmospheric reanalysis	0.666	-0.1944	1	505	2544	23	2014.7
atmospheric variability	1.047	-0.3487	1	432	2196	19	2010.788382
attention	0.7499	0.2836	1	432	1740	17	2012.917808
autumn	-0.395	-0.1073	3	506	2118	21	2011.726708
azores	-0.7741	-0.4394	4	577	3252	29	2007.860465
azores current	-0.9547	-0.5294	4	395	1710	16	2005.555556
baffin	0.3694	-0.4065	3	397	1844	17	2010.510917
baffin bay	0.3981	-0.5001	3	383	1770	16	2010.593939
balance	-0.2263	0.5498	2	939	8548	85	2011.539286
banks	-0.7401	-0.4525	3	674	5020	44	2009.070423
barents	0.5683	-0.2212	3	656	3964	38	2010.39816
barents sea	0.4533	-0.2432	3	625	3504	34	2010.27735
baroclinic	-0.3401	0.4878	2	700	4588	45	2009.016779
baroclinic instability	-0.6805	0.8485	2	639	4946	51	2008.354651
baroclinic transport	-0.5085	-0.5225	3	422	1852	18	2006.395833
barotropic	-0.4104	0.3906	2	889	9524	92	2008.382671
barrier	-0.8695	0.0393	3	349	1204	12	2010.248366
basin	-0.4581	-0.1975	4	1191	39014	367	2010.09645
basin model	-0.7421	0.2078	4	308	1080	11	2008.974359
bathymetry	-0.3982	0.4637	2	618	3230	31	2011.112299
bay	-0.1218	-0.3575	3	663	4194	41	2010.11814
behavior	-0.0623	0.5474	2	684	4006	41	2011.103784
behaviour	-0.1147	0.704	2	421	1642	18	2010.943662
bering	0.1484	0.3913	1	375	1392	13	2009.747987
bermuda	-0.3044	-0.7229	4	430	1868	14	2006.844444
beta	-0.5628	0.6005	2	349	1234	13	2009.417219
bias	0.9311	0.4515	1	535	2924	26	2013.065051
biases	0.9825	0.4652	1	676	5276	47	2013.826211
biscay	-0.8104	-0.5575	4	332	1306	12	2009.045455
bloom	-0.3321	-0.3598	3	356	1426	15	2012.055462
body	-0.677	0.1825	2	367	1230	13	2011.227462
bottom boundary layer	-0.7339	0.7105	2	416	1936	20	2008.092308
bottom currents	-0.8233	0.4328	2	386	1572	17	2008
bottom friction	-0.7551	0.8639	2	401	1840	21	2004.809524
bottom pressure	0.133	0.2301	3	320	1080	11	2008.664
bottom slope	-0.6778	1.0896	2	397	2350	27	2006.241379
bottom topography	-0.6357	0.6747	2	625	3730	38	2005.328205
bottom water	-0.6832	-0.018	4	817	6876	65	2008.220624
boundary	-0.6599	-0.0204	4	1145	24122	220	2008.420868
boundary conditions	0.3315	0.2818	1	696	4226	38	2010.430736
boundary current	-0.7853	-0.2146	4	1040	19378	177	2008.432071
boundary layer	-0.4381	0.8789	2	679	4852	57	2009.971272
box model	-0.5886	-0.4167	4	458	2062	19	2006.816327
brine	-0.2004	0.7452	2	356	1542	16	2008.817204
brine rejection	-0.1108	0.8016	2	279	1074	11	2007.467532
budget	0.1622	-0.009	1	915	8890	84	2011.153068
buoy	-0.1181	0.0128	3	372	1344	16	2007.544828
buoyancy	-0.1349	0.8745	2	966	13724	137	2009.220441
buoyancy flux	-0.1386	0.938	2	680	4846	47	2007.802469
buoyancy forcing	-0.1782	0.8998	2	479	2236	21	2007.539683
cadiz	-1.0914	-0.3754	4	382	1968	18	2010
canada	0.6002	-0.1045	3	500	2198	18	2011.058788
canadian	0.5558	-0.1194	3	503	2398	22	2010.480463
canary current	-0.9991	-0.6739	4	217	1068	11	2008
canary islands	-0.9758	-0.7959	4	259	1120	12	2009.888889
canyon	-0.8863	0.8652	2	285	1036	13	2010.723005
cape	-0.7958	-0.352	3	799	7768	73	2009.255255
cape farewell	-0.566	-0.625	3	516	3302	33	2007.666667
cape hatteras	-0.5507	-0.1093	3	408	2000	19	2008
carbon	0.0022	-0.8555	4	694	5322	51	2013.107259
caribbean	-0.4421	-0.4957	4	318	1238	12	2011.107692
cascade	-0.7423	0.5513	2	330	1192	13	2012.034783
case	-0.04	0.7123	2	1027	12464	131	2010.847835
case study	0.46	0.4805	1	423	1694	18	2012.678179
cause	0.5538	-0.1809	1	704	4752	44	2011.675244
cell	-0.2321	0.3159	2	831	6516	65	2011.359784
central water	-0.8964	-0.6759	4	627	5066	45	2007.57
century	0.9016	-0.4697	1	763	6626	64	2012.205869
cfc	-0.7183	-0.9259	4	587	5496	54	2004.617284
cfc-11	-0.4991	-1.1192	4	390	2366	21	2005.583333
chain	-0.2641	0.3673	2	368	1330	15	2011.096866
challenges	0.51	0.1743	1	488	2094	20	2014.48237
changes	0.5274	-0.3857	1	1224	54040	508	2012.206219
channel	-0.7018	0.161	3	1038	14828	153	2009.903036
channel flow	-0.7442	0.836	2	386	1630	17	2011.147059
characteristics	-0.2324	0.2452	2	1066	14346	142	2010.936545
chemical	-0.4695	-0.8011	4	396	1738	19	2011.607029
chlorophyll	-0.3937	-0.1634	3	374	1522	15	2011.700197
circulation	0.3251	-0.0818	1	1237	87504	832	2010.44219
circulation anomalies	1.217	-0.2389	1	298	1218	11	2012.122324
circulation changes	1.0456	-0.3189	1	542	3222	29	2012.23125
circulation model	0.4676	0.4532	1	1020	13428	126	2009.61811
circulation patterns	-0.5304	-0.531	4	672	3924	34	2010.597956
circulation variability	0.9582	-0.2598	1	646	4474	37	2010.532995
circumpolar	0.1349	0.5828	2	489	2164	22	2008.65295
circumpolar current	0.2377	0.7444	2	387	1588	17	2008.384884
citation	0.593	-0.3892	1	461	2222	25	2010.689507
class	-0.5398	0.0915	2	392	1688	17	2011.519757
climate	0.9458	-0.0465	1	1179	41604	384	2012.847305
climate change	0.9453	-0.2427	1	865	8788	83	2013.106897
climate impacts	1.4956	0.0152	1	302	1242	11	2013.568493
climate model	1.2131	0.148	1	957	18472	166	2013.16224
climate model simulations	1.5444	-0.1443	1	286	1244	12	2013.895455
climate prediction	1.4382	0.0697	1	288	1232	11	2014.380952
climate system	1.125	0.0651	1	761	7032	60	2012.717277
climate system model	1.3468	0.3757	1	415	2382	18	2011.883871
climate variability	1.0335	-0.2236	1	866	9562	87	2012.20898
climatology	0.2575	0.0747	3	712	4192	40	2010.440048
cmip5	1.2864	0.0784	1	438	2144	19	2015.883929
co2	0.3568	-0.79	4	467	2416	24	2013.165022
coast	-0.1662	-0.0825	3	1031	12626	119	2010.134684
coastal	-0.4092	0.1699	3	633	3840	37	2010.739865
coastal currents	-0.2662	-0.1035	3	405	1766	17	2008.525974
coefficients	0.0419	0.8225	2	478	2194	22	2010.617647
coherent	-0.3519	0.3468	2	751	5172	52	2010.047859
cold	-0.0448	0.0155	3	683	4272	38	2011.824903
cold water	-0.5408	0.0406	3	608	3452	35	2009.137255
column	-0.6092	0.1436	2	984	12918	123	2010.224159
community	0.9257	0.2137	1	664	4358	36	2013.620087
community climate system model	1.3561	0.3639	1	390	2164	16	2011.565574
comparison	0.0419	0.3035	2	1097	15368	147	2010.70057
complex	-0.4998	0.1741	4	419	1558	15	2011.908387
composition	-0.6766	-0.5861	4	519	2530	22	2012.45256
concentrations	-0.0238	-0.4953	4	1027	13338	140	2011.643222
condition	0.1591	0.6724	2	632	3166	31	2010.79798
conduit	-0.2736	-0.9339	3	346	1280	12	2012.589041
configuration	0.137	0.7081	2	722	4728	43	2012.603053
consequences	0.3518	-0.0373	1	468	1954	21	2012.275862
conservation	-0.7359	-0.0835	4	529	2470	22	2011.717256
consistency	0.9073	-0.0558	1	348	1238	11	2011.881356
constraints	-0.0704	0.3045	4	634	3640	34	2011.060453
content	0.5831	-0.5384	1	870	8608	77	2011.761593
continent	0.413	-0.0068	1	372	1272	12	2011.202884
continental	-0.7273	0.0264	3	644	3972	39	2010.243993
continental shelf	-0.3934	-0.0202	3	792	5552	52	2010.424501
continental slope	-0.8895	0.2262	2	990	13778	132	2008.694097
contrast	-0.0774	0.0872	3	1003	11072	102	2011.509677
control	0.7254	0.3103	1	941	10600	96	2012.474255
control run	1.0177	0.5518	1	327	1300	13	2010.734177
convection	0.1822	0.397	2	1186	39242	396	2009.024462
convective	-0.0337	0.8048	2	522	2970	32	2008.950495
convective activity	0.8028	-0.5305	1	381	1674	15	2007.837209
convective plumes	-0.2697	1.0081	2	390	1786	19	2002.185185
convergence	0.387	0.405	1	657	3758	34	2010.408056
conversion	-0.6867	0.4477	2	480	2132	21	2010.995798
conveyor	-0.1213	-0.3827	4	373	1364	13	2009.14
cooling	0.2184	-3e-04	1	966	11250	104	2010.829787
coordinates	-0.2802	0.5363	2	411	1702	19	2010.443478
core	-0.681	-0.1439	4	1009	14518	139	2010.446523
coriolis parameter	-0.604	0.9637	2	469	2466	29	2004.727273
correction	0.6117	0.517	1	505	2450	26	2011.927948
correlation	0.4781	-0.3475	3	984	11376	104	2011.333794
coupled	1.3325	0.2046	1	501	3144	29	2014.46932
coupled models	1.3432	0.1567	1	483	3038	27	2015.212806
coupling	0.8407	0.3626	1	539	2610	23	2011.935532
cover	0.4756	0.3859	1	715	5106	47	2011.664763
coverage	0.4613	0.1811	1	639	3166	30	2012.329283
criterion	-0.3001	0.7709	2	332	1152	13	2010.8125
crown	0.4061	-0.6177	3	506	2196	19	2011.075472
cruise	-0.8478	-0.7671	4	531	3140	30	2008.733524
ctd	-0.9669	-0.1996	4	735	5678	56	2007.172414
curl	0.2053	-0.3988	3	663	4718	41	2009.42246
current	-0.4632	-0.0863	3	1233	63798	608	2008.757215
current measurements	-0.5813	-0.0837	3	575	3142	28	2004.949495
current meters	-0.8165	0.1406	3	437	1884	18	2003.461538
current observations	-0.2315	-0.287	3	320	1034	11	2010.783784
current speed	-0.645	0.3104	2	476	2060	19	2008.782609
cycle	0.3194	-0.0475	3	1049	13110	120	2011.47296
cyclones	-0.6943	0.7387	2	534	2972	32	2011.69697
cyclonic circulation	-0.6668	0.1439	4	597	3400	32	2008.033333
cyclonic eddies	-0.8227	0.7946	2	453	2220	23	2008.455556
cyclonic gyre	-0.7113	-0.0208	4	418	1632	15	2005.108696
data	-0.246	-0.2515	3	1233	59244	587	2011.015066
data analysis	-0.3014	-0.206	3	488	2022	21	2011.003436
data assimilation	0.8887	0.3522	1	451	2148	20	2013.092251
data set	-0.2328	-0.5261	4	670	3856	35	2010.433246
data sets	0.189	-0.203	1	559	2458	22	2011.63144
data/model	0.1237	-0.1004	3	510	2128	21	2011.4
database	-0.056	-0.5469	3	528	2294	22	2012.403509
dataset	0.1277	0.0994	3	723	4548	48	2012.68054
decadal	1.1631	-0.2493	1	813	9108	83	2012.008761
decadal changes	0.4184	-0.9752	4	397	1726	18	2011.742857
decadal prediction	1.4793	0.1855	1	396	2276	21	2015.193548
decadal scale	0.9247	-0.3319	1	387	1504	14	2010.775758
decadal variability	1.0363	-0.3682	1	886	11482	101	2011.26893
decay	-0.5492	0.3688	2	410	1506	15	2010.074434
decline	0.8147	-0.5087	1	642	4160	40	2013.254217
decomposition	0.3043	0.1271	1	501	2052	19	2012.585736
deep	-0.5723	-0.5437	4	1135	27788	256	2008.172697
deep circulation	-0.8502	-0.2939	4	472	2376	22	2007.430769
deep convection	0.2291	0.3719	2	1039	17440	173	2008.798561
deep ocean	0.0304	0.3352	2	929	8810	84	2011.244019
deep ocean convection	0.1959	0.8346	2	452	2148	24	2008.864865
deep water	-0.2106	-0.5762	4	1152	30136	278	2008.094223
deep water formation	0.6528	-0.2313	1	834	7984	71	2008.358974
deep water masses	-0.6407	-0.6896	4	632	4026	35	2009.424242
deep western boundary current	-0.9169	-0.514	4	822	10194	88	2006.615385
deepwater	0.5828	-0.3476	1	336	1208	13	2009.210526
deformation	-0.402	1.0708	2	377	1658	18	2010.55336
delay	0.9199	0.0875	1	388	1538	12	2011.240223
delta	-0.1941	-0.5449	4	428	1662	15	2010.255844
denmark	-0.8313	-0.048	3	1087	21570	200	2008.212014
denmark strait	-0.8203	-0.0446	3	1081	20920	193	2007.680498
denmark strait overflow	-0.9941	-0.1843	4	908	12662	115	2008.18254
denmark strait overflow water	-0.9753	-0.6645	4	691	6828	58	2008.430769
dense overflows	-0.903	0.2446	2	599	3844	35	2007.659574
dense water	-0.7355	0.4825	2	992	16220	157	2008.603604
dense water formation	-0.1859	0.6541	2	517	2652	24	2008.873239
dense water masses	-0.3482	0.4441	2	364	1312	11	2011.588235
density	-0.247	0.3306	2	1206	34904	335	2009.879211
density anomaly	-0.3725	0.897	2	351	1392	15	2005.066667
density currents	-0.2357	0.9738	2	362	1452	17	2010.677419
density front	-0.717	0.623	2	326	1210	12	2007
density gradient	0.5406	0.6563	1	476	2446	23	2009.7
dependence	0.1116	0.7555	2	615	3094	33	2010.591411
deployment	-0.4757	0.1311	3	339	1158	13	2011.833333
deposition	-0.6029	0.4185	2	324	1192	12	2012.094256
depth	-0.4181	0.2439	2	1204	32076	317	2010.672402
depth range	-0.6488	-0.2831	4	453	1948	20	2008.915888
descent	-0.8323	0.6218	2	495	2566	26	2008.7625
description	-0.5523	0.0348	4	599	2956	32	2009.996622
detail	-0.1461	0.2543	3	656	3474	33	2011.078886
detection	-0.0527	0.1249	4	327	1098	12	2012.417625
development	-0.0135	0.5699	2	791	5666	63	2011.773084
diagnostics	0.3015	0.5213	1	368	1274	12	2011.205405
diameter	-0.7877	0.7012	2	452	2104	22	2010.091346
difference	-0.0296	0.3782	2	899	8114	78	2011.163032
diffusion	-0.4689	0.7222	2	583	3388	36	2008.759067
diffusivity	-0.6024	0.6441	2	563	3324	34	2009.739496
dilution	-0.845	-0.2467	4	374	1432	14	2009.094828
direct	-0.9054	-0.2411	4	395	1522	14	2011.421384
direct current	-0.6427	-0.5021	3	370	1378	14	2005.815789
discharge	0.0697	0.2342	2	499	2160	23	2012.354474
discrepancies	0.2862	0.3655	2	511	2138	19	2011.321353
dispersal	-0.4238	0.4782	2	524	2314	26	2011.394973
displacement	0.0334	-0.2878	3	586	3016	31	2010.607877
dissipation	-0.4268	1.0885	2	442	2442	30	2011.094156
distance	-0.5421	0.5358	2	607	2960	30	2011.010448
distribution	-0.4119	-0.2455	4	1162	23848	234	2010.907306
disturbance	-0.4317	1.0107	2	299	952	11	2011.750678
divergence	-0.324	0.5903	2	539	2542	28	2010.679372
dominance	0.2298	0.2422	1	390	1406	13	2012.29375
doppler	-0.9095	-0.0859	3	705	5488	54	2008.887324
downwelling	-0.6026	0.5388	2	396	1688	17	2010.405063
drag	-0.4447	1.0051	2	392	1598	16	2010.02139
drift	-0.076	0.3026	2	793	5588	52	2009.705986
drifters	-0.4097	0.1553	3	656	4052	40	2008.415584
drivers	0.7409	-0.2532	1	393	1672	16	2015.864011
duration	0.0577	0.2881	2	462	1802	19	2012.189258
dwbc	-0.9559	-0.7023	4	667	7140	64	2006.658824
dynamic topography	-0.1642	0.2148	3	272	1064	11	2010.727273
dynamics	0.0359	0.5826	2	1132	20252	205	2012.382241
earth	0.8371	0.2213	1	743	5154	49	2012.416212
earth model	1.3018	0.2478	1	352	1588	13	2013.043702
earth system	1.2307	0.1218	1	438	2278	20	2015.459227
earth system models	1.2309	0.124	1	438	2278	20	2016.009881
east	-0.5091	-0.4576	3	1117	23026	210	2011.088561
east atlantic	0.1118	-0.8354	4	476	2298	17	2012.490909
east greenland	-0.7366	-0.3383	3	917	11924	111	2008.67354
east greenland current	-0.6688	-0.4954	3	784	7790	70	2007.42
east greenland shelf	-0.8757	-0.0865	3	277	1168	12	2007.482759
eastern	-0.6313	-0.7819	4	609	3722	33	2011.347648
eastern boundary	-0.7521	-0.2049	4	568	3084	28	2005.744444
eastern north atlantic	-0.9286	-0.8833	4	389	1906	16	2006.434783
ecosystem	0.2553	-0.4003	3	521	2580	27	2013.530062
eddies	-0.545	0.6407	2	1100	23900	243	2009.304565
eddy activity	-0.0495	-0.1008	3	479	2086	18	2009.548387
eddy fluxes	-0.3865	0.7722	2	461	2288	22	2009.425373
eddy formation	-0.75	0.9347	2	337	1446	16	2007.487805
eddy kinetic energy	-0.4777	0.4815	2	645	4700	43	2009.977778
effects	0.0112	0.5008	2	1174	24126	239	2011.624055
efficiency	0.0733	0.9617	2	359	1536	22	2012.80663
effort	0.107	0.2216	1	450	1752	17	2012.512579
ekman	-0.3254	0.5104	2	881	8176	79	2010.002336
ekman layer	-0.7039	1.0001	2	345	1472	16	2007.291667
ekman transport	-0.2175	0.0205	4	518	2544	24	2010.917197
elements	0.1446	0.6214	2	725	4826	50	2011.89258
empirical orthogonal function	0.4095	0.0722	3	437	1960	18	2009.847087
energy	-0.3315	0.7079	2	966	11718	117	2011.753532
ensemble	1.1885	0.3124	1	503	2788	29	2013.566298
entrainment	-0.8203	0.4363	2	857	9412	93	2007.739437
environment	-0.2578	0.5115	2	563	2662	30	2012.515563
eof	0.5344	-0.1111	3	361	1328	13	2009.453216
equator	0.1043	-0.3285	4	560	3010	27	2007.514563
equilibrium	0.2024	0.7494	2	452	1808	19	2010.171186
error	0.1298	0.0814	4	805	6292	63	2011.486384
estimate	-0.3871	-0.1459	4	806	6746	67	2010.903093
estimation	-0.0396	0.1562	4	483	1956	20	2012.012407
eulerian	-0.3562	0.3051	3	477	2064	19	2009.351648
europe	0.7889	-0.3406	1	509	2404	21	2011.79689
european	0.1433	-0.3481	3	511	2204	20	2011.362949
evaluation	0.6452	0.6893	2	400	1612	16	2013.100503
evaporation	0.0938	-0.049	1	621	3188	28	2011.268156
events	0.1508	0.0863	2	1093	16150	149	2012.030986
evolution	-0.1778	0.2973	2	1002	12068	122	2012.05694
excess	-0.7294	-0.024	4	405	1482	13	2008.657895
exchange	-0.2097	0.1106	3	1012	12828	124	2010.706601
excursions	0.0128	-0.0659	3	318	1080	11	2009.960784
expansion	0.2357	0.1123	3	473	1932	19	2012.969492
experiments	0.0793	0.6256	2	1183	29154	288	2011.075205
explanation	0.2349	0.462	2	532	2486	27	2009.867769
exploration	-0.0636	-0.4679	3	313	1048	11	2011.678466
export	0.0368	-0.665	3	862	8192	75	2011.295396
extension	-0.2979	0.0724	4	692	3800	35	2010.251641
extent	0.524	0.0461	1	1024	11766	109	2011.835219
fall	-0.1849	-0.2592	3	605	3262	31	2011.228402
faroe	-0.9116	0.0022	3	790	7814	77	2009.572816
faroe bank	-1.0425	0.2272	3	648	5108	50	2007.862745
faroe bank channel	-1.0374	0.2623	3	627	4830	47	2008.25
faroe islands	-0.4435	-0.2916	3	328	1376	15	2011.638889
faroe-shetland	-0.7292	-0.4681	3	518	3416	36	2007.179487
features	-0.4187	0.4105	2	1046	13338	131	2010.384646
feedback	1.1535	-0.0793	1	676	5316	47	2013.003957
field	-0.2716	0.3832	2	1175	26542	263	2010.533445
field observations	-0.3522	0.7819	2	345	1274	14	2011.242424
filter	0.4836	0.5937	1	347	1228	12	2011.920139
finite element	0.3233	0.8974	2	428	2228	25	2011.713675
finite volume	0.2179	0.9659	2	214	802	13	2013.325
fisheries	0.3356	-0.1586	3	311	972	12	2010.847545
fit	-0.5853	-0.1255	4	370	1288	12	2009.364583
flemish cap	-0.3758	-0.6532	4	469	2468	21	2011.409091
floats	-0.6735	-0.0442	3	880	10772	114	2010.92638
florida	-0.0968	-0.2806	4	428	1758	17	2009.880597
flow	-0.6238	0.3051	2	1199	43166	438	2010.017411
flow field	-0.8872	0.1851	3	516	2550	24	2006.605505
flow velocity	-0.8641	0.0898	4	377	1486	14	2010.773585
fluctuations	0.3516	-0.0934	3	925	8956	87	2009.816514
fluid	-0.2961	1.0177	2	742	6896	76	2009.934901
fluid dynamics	0.3637	0.7129	2	420	1588	13	2011.611111
flux	0.1051	0.3344	2	1217	40508	382	2010.974387
focus	0.4119	0.4937	2	801	5450	53	2012.93921
force	-0.6473	0.7424	2	419	1778	20	2011.140909
forcing	0.4822	0.2684	1	1189	29442	274	2011.371506
forecasting	0.7839	0.3349	1	358	1260	11	2014.057851
forecasts	1.0434	0.2404	1	434	1894	17	2012.850526
formation	-0.0737	0.1634	2	1199	33638	314	2010.511811
formation rate	0.0369	-0.8154	4	498	2788	25	2008.476636
fraction	-0.5874	-0.2828	4	746	5288	49	2011.553026
fracture	-1.0092	-0.486	4	563	3398	29	2011.127273
fracture zones	-0.9977	-0.5106	4	551	3190	27	2007.271028
fram strait	0.188	-0.551	3	722	5856	56	2009.019324
framework	0.3971	0.3445	1	727	4452	47	2013.208431
frequency	0.3844	0.6648	2	828	7278	71	2011.174374
fresh water	0.2985	-0.421	3	702	4832	45	2007.859316
freshening	0.4727	-0.7808	1	774	7046	65	2010.903704
freshwater	0.4929	-0.5128	1	1084	21310	193	2011.825688
freshwater budget	0.7233	-0.5237	1	371	1436	12	2010.626866
freshwater content	0.5545	-0.8828	1	270	998	11	2012.340426
freshwater flux	0.5218	-0.4999	1	783	6622	58	2011.361111
freshwater input	0.7456	-0.3953	1	417	1866	19	2012.597122
freshwater transport	0.2146	-0.5392	3	731	5734	51	2012.223214
friction	-0.7145	0.8809	2	488	2568	28	2009.340824
front	-0.6337	0.2455	2	1024	12646	125	2009.508357
frontal	-0.6493	-0.1022	3	295	956	11	2007.215569
froude number	-0.675	0.9807	2	298	1182	13	2005.55
function	-0.1544	0.5193	2	870	7106	72	2010.972155
future	0.8282	-0.2017	1	534	2540	24	2013.712684
future climate	1.249	-0.2482	1	334	1322	12	2013.848387
gap	-0.7058	-0.5976	4	473	2314	22	2012.915572
gas	0.6955	-0.2798	1	461	2112	21	2012.319686
general	0.4709	0.3933	1	474	2076	19	2011.369942
general circulation	0.5694	0.4323	1	996	12614	117	2009.760621
general circulation model	0.6258	0.4054	1	985	11842	110	2010.017151
generation	-0.3819	0.8374	2	717	4988	51	2012.050847
geometry	-0.4769	0.8113	2	425	1754	20	2011.419355
geophysical	0.3998	0.4978	2	439	1680	14	2010.732794
geophysical fluid dynamics	0.422	0.6758	2	405	1494	12	2011.210526
geostrophic	-0.5292	-0.2154	4	377	1308	12	2008.351351
geostrophic balance	-0.5988	0.9991	2	288	984	12	2005.588235
geostrophic flow	-0.4689	0.5428	2	417	1606	16	2006.356164
geostrophic velocity	-1.017	-0.3336	4	522	3148	29	2007.295918
geostrophy	-0.7635	0.293	3	319	1088	12	2007.205882
gfdl	1.2757	0.183	1	342	1490	12	2012.940299
gibbs	-1.0834	-0.6558	4	387	1986	16	2006.482759
gibraltar	-0.8096	-0.3364	4	486	2362	20	2007.516129
gin seas	1.371	-0.1242	1	343	1600	14	2008.409091
glider	-0.4301	0.0446	3	482	2112	20	2015.757576
global	0.9086	0.1295	1	541	2674	24	2012.401509
global climate	0.8728	-0.0499	1	685	4892	45	2012.960148
global climate models	1.1814	0.1453	1	391	1752	17	2013.408482
global ocean	0.7813	0.394	1	839	8136	76	2012.454839
global ocean circulation	0.5744	0.6154	1	417	1718	16	2010.804878
global ocean model	0.9192	0.3353	1	367	1440	13	2011.349206
global thermohaline circulation	-0.0221	-0.0345	2	383	1612	16	2006.653061
gradient	0.0434	0.6546	2	973	10712	103	2011.354256
grand banks	-0.6309	-0.6108	3	605	4204	36	2007.222222
gravity	-0.5128	0.9193	2	689	5480	64	2010.857664
gravity currents	-0.5966	1.028	2	382	1884	22	2007.648649
great salinity anomaly	0.6516	-0.6182	1	512	2796	26	2005.651163
greenhouse	1.3106	-0.0097	1	363	1620	15	2012.619866
greenhouse gas	1.2007	-0.1177	1	355	1484	14	2013.545016
greenland	-0.0453	-0.325	3	1203	41060	398	2011.434214
greenland coast	0.1091	-0.21	3	394	1506	14	2009.754098
greenland current	-0.6136	-0.4248	3	865	10444	95	2007.828283
greenland ice	0.9115	-0.2766	1	524	3098	28	2013.011636
greenland ice sheet	0.9719	-0.405	1	433	2368	21	2013.335324
greenland sea	-0.0632	0.0138	3	954	12488	129	2005.833811
greenland sea gyre	-0.236	-0.5041	3	350	1438	15	2004.666667
greenland sea water	-0.4276	-0.0366	3	285	1110	13	2006.210526
greenland shelf	-0.6805	-0.2106	3	513	2998	29	2011.455696
grid	0.2096	0.7462	2	584	3108	32	2011.079167
growth	-0.2448	0.5704	2	751	4944	49	2011.406319
growth rate	-0.5288	0.6415	2	371	1504	17	2010.818356
gulf stream	-0.074	-0.0901	3	903	10076	91	2009.5
gyre circulation	0.5335	-0.089	1	752	5420	45	2009.958333
gyres	0.2152	-0.0461	4	684	4694	43	2008.196078
hadcm3	1.1924	-0.3006	1	405	2172	22	2009.710526
hand	0.2398	0.5752	2	501	2086	21	2010.96875
heat	0.5128	-0.0085	1	1220	49344	456	2011.129975
heat budget	0.5873	0.2846	1	594	3638	32	2008.665541
heat content	1.0245	-0.2997	1	706	6444	57	2012.877419
heat exchange	0.5201	0.1315	1	344	1242	13	2010.714286
heat flux	0.5124	0.2262	1	1046	17350	158	2010.709804
heat loss	0.3759	0.2258	1	836	8498	77	2009.828326
heat transport	0.7589	-0.1395	1	974	13806	127	2012.027726
heating	0.2119	0.5179	2	442	1722	16	2011.378428
height	-0.0488	0.5623	3	855	8316	86	2010.601343
hemisphere	0.9385	0.159	1	701	4918	44	2010.968158
high latitudes	0.5014	0.3059	1	893	8166	74	2011.932029
high resolution ocean model	-0.547	0.4162	3	315	1160	12	2015.088235
high-frequency	-0.2647	0.3408	3	539	2822	25	2011.689759
high-resolution	-0.1608	0.3951	2	1032	13092	125	2012.264879
hindcast	0.8495	0.351	1	616	3706	32	2013.59322
historical	0.0953	-0.5633	3	366	1260	13	2011.854651
historical data	-0.3298	-0.3248	4	384	1292	13	2008.327869
history	0.083	-0.6112	4	450	1690	16	2011.001969
holocene	-0.2594	-0.3528	4	371	1678	14	2010.62959
horizontal advection	0.1051	0.1317	2	359	1260	12	2009.632353
horizontal resolution	0.4008	0.581	2	651	4060	38	2011.685824
hudson	0.0246	-0.2423	3	305	1002	12	2008.012876
hydraulic control	-0.7134	0.7514	2	333	1290	13	2006.391304
hydrographic	-0.6276	-0.4766	4	848	7660	73	2008.115894
hydrographic conditions	-0.0477	-0.4105	3	366	1270	11	2009.395833
hydrographic data	-0.5896	-0.5853	4	904	10598	103	2006.497059
hydrographic observations	-0.1109	-0.2831	3	455	1916	20	2009.734694
hydrographic structure	-0.2653	-0.4078	4	336	1184	11	2006
hydrography	-0.3842	-0.1615	3	952	9894	92	2009.277922
hypothesis	-0.1038	0.0385	2	621	2864	29	2011.082126
iberian	-0.9333	-0.4887	4	409	2020	18	2009.465116
ice	0.7605	0.1579	1	1136	27640	258	2011.721291
ice concentration	1.0225	0.2098	1	378	1572	15	2013.492537
ice conditions	0.9996	0.3205	1	409	1764	16	2011.713198
ice edge	0.7818	0.192	1	454	2136	21	2010.185455
ice extent	1.1269	-0.0049	1	611	3798	31	2012.764347
ice formation	0.0126	0.4885	2	586	3586	34	2009.892857
ice melt	0.4343	-0.1667	3	414	1850	17	2012.747368
ice model	0.9882	0.4769	1	702	5952	55	2011.207143
ice sheet	0.9212	-0.4221	1	479	2878	25	2012.194459
ice surface	0.53	0.5719	2	437	2000	19	2011.816258
ice-cover	0.533	0.3047	1	657	4222	39	2011.210019
iceland	-0.5482	-0.6342	3	1045	19296	175	2009.361905
iceland basin	-0.7908	-0.7804	4	684	6444	58	2009.030303
iceland sea	-0.5064	-0.6959	3	501	2918	26	2007.789474
iceland-scotland overflow	-0.6772	-1.0459	4	473	3130	25	2007.37931
iceland-scotland overflow water	-0.7629	-0.9939	4	568	4658	39	2008.108696
icelandic irminger current	-1.1134	0.0201	3	304	1392	11	2013.769231
impact	0.6758	-0.0449	1	1128	19900	181	2013.206627
implications	0.1544	0.2108	2	920	7632	74	2011.871583
import	0.0845	-0.6835	3	414	1566	13	2009.305556
improvement	0.7489	0.6403	1	714	5910	55	2012.529851
in-situ	-0.07	0.445	3	319	1052	11	2013.712
inclusion	0.4944	0.4581	1	370	1238	11	2010.77907
index	0.6349	-0.5845	3	880	9328	80	2011.380952
indices	0.6642	-0.4487	3	740	5322	43	2012.102711
inflow	-0.2605	-0.3094	3	934	9866	96	2009.568182
influence	0.2071	0.02	1	1138	17940	172	2011.779275
information	-0.1405	0.0479	3	820	6316	67	2011.767792
initial conditions	0.65	0.5944	1	463	1832	17	2011.614035
injection	0.0615	-0.1474	4	396	1426	13	2011.807018
inorganic carbon	-0.2952	-1.1409	4	281	1138	12	2012.45614
inshore	-0.5158	-0.3773	3	409	1846	17	2007.307692
instability	-0.6279	0.8532	2	866	10530	111	2009.776848
instrument	-0.6136	0.1836	3	516	2502	27	2011.288956
integration	0.7209	0.3762	1	712	4522	41	2010.47619
intensification	0.4837	-0.151	1	654	3980	35	2011.672775
intensity	-0.0418	-0.3672	3	864	7218	68	2011.663823
interactions	0.0503	0.1773	2	1028	11358	111	2011.626733
interannual	0.1445	-0.6547	3	678	4586	42	2009.011628
interannual changes	0.1283	-0.6882	3	436	1744	14	2009.861111
interannual variability	0.2412	-0.5362	3	912	9876	90	2010.7663
interannual variations	-0.2041	-0.4714	3	436	1824	17	2010.739437
intercomparison	1.1112	0.2141	1	501	2682	25	2014.488211
interdecadal variability	0.7798	-0.7521	1	332	1228	11	2009.147059
interface	-0.6316	0.7135	2	611	3540	40	2010.689655
interior	-0.5531	-0.0047	4	913	10308	99	2010.221733
interior pathways	-0.7703	-0.7975	4	267	1132	11	2012.857143
intermediate	-0.76	-0.5619	4	939	12194	117	2007.833333
intermediate depths	-0.4367	-0.3701	4	572	2842	25	2008.014493
intermediate layer	-0.3462	-0.3477	4	433	1744	16	2008.46875
intermediate water masses	-0.8584	-0.6156	4	403	1928	20	2008.909091
intermediate waters	-0.7999	-0.5768	4	1004	15832	152	2007.72884
internal variability	1.5038	-0.0188	1	321	1470	12	2013.845528
internal waves	-0.7618	0.6198	2	364	1456	16	2009.889423
international	0.1076	-0.4786	3	414	1674	16	2009.59081
interpretation	-0.196	0.2681	2	518	2132	22	2010.411609
intrusion	-0.465	0.0305	2	425	1666	19	2011.398892
inventory	-0.2891	-1.0201	4	431	2274	23	2012.165029
inverse methods	-0.5056	-0.5547	4	301	1038	11	2011.116279
inverse model	-0.8826	-0.5649	4	456	2410	21	2009.715447
inversion	-0.6524	-0.2997	4	595	3480	35	2010.501809
ipcc	1.3538	-0.0237	1	329	1442	13	2011.552189
irminger	-0.4531	-0.6212	4	1050	19590	184	2010.348018
irminger basin	-0.8159	-0.7568	4	616	4244	38	2007.159091
irminger current	-0.958	-0.4076	3	640	4974	44	2012.053571
irminger rings	-0.4636	0.7932	2	265	1148	11	2012.5
irminger sea	-0.3592	-0.8301	4	861	10040	96	2010.345455
island	-0.4757	-0.4041	4	818	6076	61	2009.956692
isotope	-0.4019	-0.7918	4	388	1658	14	2011.966793
isow	-0.835	-1.0003	4	474	3164	26	2010.212121
jan mayen	-0.4251	-0.4256	3	317	1314	12	2008.409091
jet	-0.6159	0.2336	3	808	6942	68	2011.139834
kinetic energy	-0.437	0.6808	2	788	7010	68	2010.449315
knowledge	-0.222	-0.6462	4	488	2094	19	2012.895394
laboratory	-0.155	1.0047	2	670	5086	55	2010.526248
laboratory experiments	-0.5315	1.1339	2	455	3122	36	2009.102804
labrador	0.101	-0.5173	4	1207	58178	552	2008.853808
labrador current	-0.2327	-0.3915	3	753	6790	63	2007.417722
labrador sea	0.0619	-0.5788	4	1197	52392	495	2008.747813
labrador sea variability	0.2512	0.2448	3	340	1342	12	2011.133333
labrador sea water	-0.4882	-0.8346	4	1072	24514	222	2007.215139
labrador shelf	0.0227	-0.229	3	431	1920	20	2007.575758
lag	0.5515	-0.7118	3	694	5244	47	2010.653179
lagrangian	-0.5809	0.0487	3	749	5698	59	2011.144928
language	0.173	-0.6259	4	618	3538	26	2018.048117
large	0.5047	0.5861	1	501	2228	24	2011.479452
large eddy simulation	-0.1802	1.1287	2	262	1158	15	2010.305556
large-scale	0.1954	0.1279	2	1069	14010	134	2011.165527
large-scale circulation	-0.2551	-0.1543	4	553	2616	23	2010.523622
large-scale ocean circulation	0.5265	0.6447	2	370	1548	15	2011.25
latent heat	0.6898	0.5086	1	369	1648	15	2010.158824
latitude	-0.2039	-0.1303	4	767	5688	51	2011.054819
lawrence	0.3613	-0.308	3	329	1256	13	2010.132653
layer	-0.3891	0.2426	2	1228	46822	463	2010.321275
layer model	-0.313	0.4596	2	576	2950	28	2007.280576
lead	0.3146	0.581	2	634	3668	35	2010.716069
length	-0.2709	0.8586	2	677	4038	42	2010.5328
levels	-0.4211	-0.4535	4	870	7918	77	2011.25209
light	-0.0839	0.5764	2	420	1520	16	2011.753582
limit	-0.4338	0.2566	2	678	3564	37	2010.544865
limitations	-0.383	0.5217	2	484	2048	21	2012.614846
line	-0.6684	-0.3244	4	832	7262	66	2011.363128
linear stability	-0.4068	0.9711	2	304	1214	14	2009.458333
links	0.8914	-0.2823	1	386	1448	13	2012.592814
literature	-0.2211	-0.4459	4	487	1952	19	2011.726524
location	-0.3452	0.3868	2	875	7844	79	2010.881081
lofoten	-0.5793	0.213	3	561	3864	39	2012.478261
lofoten basin	-0.6113	0.2214	3	512	3244	32	2012.055556
long-term	0.2956	-0.493	3	931	9570	93	2012.366366
long-term trends	-0.0152	-0.7362	3	412	1794	17	2012.589226
longitude	-0.4543	0.1364	3	368	1406	12	2008.678832
loop	0.3764	-0.1816	3	356	1292	12	2010.980198
loss	0.3544	0.2541	1	996	13440	123	2013.251087
low latitudes	0.5305	-0.181	1	367	1306	11	2010.434286
low resolution	0.9796	0.5426	1	339	1348	12	2013.349398
low salinity	-0.448	-0.4621	3	694	4960	44	2007.542553
low-frequency variability	1.052	0.0872	1	465	2338	21	2008.596491
magnitude	-0.008	0.2134	2	1014	11510	111	2011.364091
maine	-0.0144	-0.7449	3	305	1392	14	2009.59375
map	-0.0591	-0.4009	4	542	2634	24	2011.727201
margin	-0.5174	-0.2011	4	816	6006	58	2010.972504
marginal seas	-0.4362	0.7103	2	499	2746	24	2011.022222
marine	0.2004	0.039	3	562	2480	27	2012.020366
mass	-0.5283	-0.3844	4	1208	44580	417	2010.941993
mass distribution	-0.7943	-0.6607	4	402	1748	16	2007.494253
mass flux	-0.9022	0.1813	4	303	1080	11	2009.567376
mass transport	-0.6717	-0.2963	4	577	2836	25	2010.308176
maximum	-0.3045	-0.3666	4	955	10374	96	2010.287843
mean	-0.0983	0.0062	3	1132	20100	186	2010.953636
meandering	-1.1274	0.1518	3	315	1144	11	2007.145161
meanders	-0.926	0.2661	2	421	1704	16	2007.291045
measurements	-0.607	-0.1521	3	1142	25650	252	2010.932763
mechanisms	0.3211	0.2263	1	1173	23784	221	2011.610479
mediterranean	-0.8105	-0.241	4	1031	15498	149	2009.594488
mediterranean outflow	-0.9033	-0.0672	4	592	3816	34	2006.928571
mediterranean outflow water	-0.7963	-0.2961	4	448	2276	20	2010.64
mediterranean sea	-0.6052	-0.1657	4	673	4142	38	2009.836735
mediterranean water	-0.9856	-0.4591	4	692	6098	59	2006.029851
melt	0.5713	-0.0662	3	578	3314	30	2013.146853
melting	1.0159	-0.1297	1	477	2606	23	2012.110283
meltwater	0.372	-0.4606	1	369	1444	12	2012.781925
meridional circulation	1.1932	0.0163	1	874	11812	105	2011.967742
meridional heat transport	0.8361	0.0435	1	497	2660	24	2010.492754
meridional overturning	0.9198	-0.2333	1	1074	23786	201	2014.108635
meridional overturning circulation	0.9532	-0.2194	1	1057	22690	190	2014.37574
mesh	0.106	0.9115	2	306	1176	14	2011.432432
mesoscale	-0.6697	0.5844	2	774	6710	64	2009.976526
mesoscale eddies	-0.2919	0.6956	2	741	5824	54	2011.271028
mesoscale variability	-1.0226	0.4271	2	500	2640	27	2007.837209
meteorological	0.7705	0.2207	1	324	1090	12	2009.80117
method	-0.0463	-0.0082	4	1042	13182	140	2012.144788
mid-latitudes	0.6733	0.1813	1	536	2736	27	2012.022549
minimum	-0.6982	-0.4777	4	714	4880	42	2009.779051
mission	-0.2569	0.151	3	341	1072	12	2012.55098
mixed	-0.2363	0.7529	2	353	1322	15	2011.325843
mixed-layer	0.1646	0.5891	2	584	3610	37	2011.050847
mixing	-0.5422	0.1798	2	1149	25142	245	2009.902919
mixing processes	-0.5577	0.3332	2	370	1228	11	2009.293103
mixture	-0.7577	-0.5701	4	428	1836	16	2010.906921
moc	0.9303	-0.4418	1	682	5752	53	2010.991071
mode	0.2689	-0.1389	1	1072	17294	164	2010.915266
mode water	-0.5014	-0.7846	4	698	5856	49	2008.740088
model	0.3313	0.4433	2	1237	85838	849	2011.651901
model biases	1.2548	0.2441	1	331	1392	12	2014.04321
model intercomparison	1.2392	0.2571	1	444	2286	20	2014.817568
model performance	0.5635	0.7094	2	411	1594	15	2013.384236
model resolution	0.407	0.7485	2	494	2468	24	2011.979058
model sensitivity	0.7451	0.5259	1	343	1326	12	2011.938776
model simulations	0.7281	0.2549	1	900	8992	84	2012.477137
model study	0.2953	0.485	2	494	2256	20	2010.668478
modeling	0.0914	0.6427	2	923	8552	85	2012.080047
modification	-1.0276	-0.0574	4	531	2692	25	2009.923977
modulation	-0.3407	-0.2732	3	439	1736	17	2010.980114
momentum	-0.0233	0.798	2	649	3952	39	2008.74186
monitoring	0.2271	0.0269	3	709	4480	42	2012.828676
moorings	-0.7854	0.1181	3	867	9000	86	2010.555556
motion	-0.488	0.5746	2	742	5066	52	2009.832335
movement	-0.1409	-0.1412	4	486	2094	23	2009.813333
multidecadal oscillation	1.144	-0.2514	1	521	3364	30	2014.697531
multidecadal variability	1.3392	-0.0427	1	608	5526	48	2013.051852
nadw	-0.1468	-0.8797	4	552	3614	32	2005.583942
nao	0.7904	-0.5801	1	955	14346	120	2010.288076
nao index	0.3794	-0.8123	3	599	4030	34	2008.017143
national	0.5549	0.124	1	442	1920	17	2010.195652
natural variability	1.2202	-0.2224	1	316	1310	13	2011.995781
nature	0.0449	0.4078	2	696	4110	44	2010.788145
near-surface	-0.1313	-0.0283	3	716	4242	41	2011.177419
nemo	0.8903	0.4519	1	426	1860	17	2015.365854
neutral density	-0.8092	-0.5465	4	342	1294	11	2009.978723
newfoundland	0.2021	-0.3433	3	734	5468	52	2008.690265
nitrate	-0.5318	-0.6083	4	384	1484	13	2010.126471
noise	0.6543	0.5417	1	476	1984	20	2011.653631
nordic	0.1209	-0.5867	3	1113	25524	236	2010.496583
nordic seas	0.0897	-0.619	3	1098	24476	228	2010.261658
nordic seas north	-0.5352	-0.458	3	450	2258	20	2011
north	0.2128	-0.4818	4	1236	96776	915	2010.374238
north atlantic	0.2821	-0.52	1	1235	90722	852	2010.017846
north atlantic circulation	0.3469	-0.2527	4	704	5280	47	2008.974684
north atlantic climate	1.2739	-0.1877	1	508	3156	25	2011.438356
north atlantic current	-0.02	-0.6474	4	951	12528	108	2008.350746
north atlantic deep water	-0.4621	-0.7783	4	819	8908	79	2005.77451
north atlantic gyre	0.2015	-0.745	4	591	3304	31	2008.578947
north atlantic ocean	0.2239	-0.5737	4	1100	19516	176	2009.960733
north atlantic oscillation	0.7639	-0.5707	1	1051	19918	171	2010.430401
north atlantic region	0.5225	-0.5413	1	422	1726	15	2010.5
north atlantic subpolar gyre	0.4765	-0.6999	1	664	4526	40	2012.166667
north atlantic variability	0.9171	-0.3406	1	508	2480	21	2011.125
north atlantic water	-0.29	-0.8097	4	684	4780	42	2007.242857
north icelandic	-1.0635	-0.0363	3	412	2436	21	2013.615385
north icelandic irminger current	-1.1127	0.0171	3	304	1392	11	2013.583333
north icelandic jet	-1.1308	-0.0486	3	302	1482	12	2016.25
north pacific	0.5487	-0.0075	1	411	1678	17	2010.653333
north sea	0.2537	-0.2668	3	390	1358	12	2009.958333
northeast atlantic	-0.4478	-0.7809	4	612	3814	35	2008.729412
northern	0.7186	-0.0176	1	765	5692	51	2011.106605
northern hemisphere	1.1959	0.0341	1	552	3198	28	2010.714878
northward heat transport	1.3582	-0.1353	1	392	1874	16	2011.285714
northwest	-0.0119	-0.5239	3	516	2312	21	2011.701835
northwest atlantic	0.0372	-0.4608	3	395	1468	13	2011.472222
norway	0.2678	-0.4007	3	367	1408	15	2011.264414
norwegian	-0.1553	-0.3768	3	933	11998	117	2008.200426
norwegian atlantic current	-0.148	-0.2166	3	536	3366	32	2007.652174
norwegian atlantic slope current	-0.02	-0.5427	3	311	1254	12	2011.615385
norwegian sea	-0.2442	-0.0128	3	514	2562	28	2007.47191
numerical	-0.1734	0.9324	2	693	5034	50	2009.72
numerical experiments	-0.1774	0.7443	2	664	4118	41	2010.004255
numerical model	-0.3721	0.6769	2	863	8356	85	2009.365706
numerical modeling	0.2754	0.7154	2	385	1400	13	2011.42735
numerical simulations	-0.3659	0.7923	2	729	4944	54	2012.214493
numerical study	-0.5639	0.8723	2	306	1066	11	2008.166667
nutrients	-0.5814	-0.6839	4	712	5286	48	2011.870968
objective	-0.177	0.2123	3	380	1188	13	2011.917647
observational data	0.3978	0.0526	1	596	3018	28	2011.486413
observations	-0.0049	0.2198	2	1229	50142	496	2011.448164
observing system	0.6537	0.2094	1	379	1320	11	2013.706667
occurrence	0.0805	0.1242	2	533	2516	24	2011.803551
ocean	0.2574	0.1531	1	1237	85586	833	2010.965167
ocean basins	-0.0575	0.3981	2	517	2368	23	2010.322222
ocean circulation	0.4013	0.0267	1	1172	25844	238	2010.55339
ocean circulation model	0.2342	0.6416	2	719	5050	47	2009.8625
ocean climate	0.791	0.0223	1	681	4198	38	2011.955932
ocean convection	0.1485	0.6835	2	731	5442	55	2007.825243
ocean currents	-0.3403	0.092	3	642	3456	32	2010.666667
ocean data	0.4633	-0.0914	1	423	1546	14	2010.227273
ocean dynamics	0.7912	0.3641	1	624	3660	32	2012.736842
ocean eddies	-0.0264	0.5808	2	402	1480	13	2011.404494
ocean general circulation	0.5479	0.3674	1	835	7012	64	2009.590164
ocean general circulation model	0.6339	0.297	1	727	5520	49	2009.438053
ocean heat	1.0224	-0.2526	1	750	6924	63	2013.347917
ocean heat content	1.2409	-0.367	1	482	3038	27	2014.3875
ocean heat transport	1.0888	-0.2468	1	556	3528	31	2014.265306
ocean interior	0.3078	0.1022	1	403	1444	13	2011.455696
ocean model	0.4923	0.5488	1	1126	23010	217	2010.792558
ocean modelling	0.2532	0.825	2	512	2438	26	2012.842975
ocean observations	0.8091	0.2551	1	515	2460	23	2012.315436
ocean response	0.4857	0.2856	1	557	2908	25	2010.018182
ocean salinity	0.8255	-0.0034	1	470	1970	16	2011.228916
ocean structure	0.392	0.5246	1	403	1758	16	2011.897959
ocean surface	0.4635	0.3372	1	803	5636	51	2011.97351
ocean temperature	0.8805	-0.1401	1	649	4114	41	2012.187952
ocean transport	0.1666	-0.6556	4	459	2194	20	2009.88172
ocean variability	0.785	0.0039	1	719	4778	44	2011.174888
ocean waters	-0.267	-0.7041	4	365	1448	13	2011.075758
oceanographic data	-0.5009	-0.2944	4	392	1454	13	2008.973333
oceanography	0.0712	-0.0886	3	616	3010	30	2009.138686
offshore	-0.5754	0.2722	2	635	3364	31	2009.651466
ogcm	0.6314	0.7395	1	371	1508	14	2008.972222
one dimensional	-0.3756	0.6888	2	386	1628	16	2007.160622
onset	0.0703	0.4336	2	409	1614	15	2011.400894
open ocean	-0.015	0.6445	2	749	5494	56	2011.015873
open ocean convection	0.1054	0.3912	2	437	1964	18	2008.392857
opening	0.2021	0.4509	2	387	1380	12	2010.741722
optimum	-0.8499	-1.0764	4	290	1238	11	2011.211009
optimum multiparameter analysis	-0.8751	-1.0353	4	294	1194	11	2011.518519
order	-0.1319	0.3324	2	1089	14800	145	2010.598046
origin	-0.1681	-0.4437	4	924	8722	85	2010.187679
oscillation	0.8184	-0.3727	1	1113	24776	218	2010.801829
outflow	-0.7215	-0.0943	4	937	9828	89	2008.807601
overflow	-0.8862	-0.0079	4	1099	26100	240	2007.978193
overflow plume	-1.1279	0.3534	2	430	2728	27	2009.90625
overflow transport	-1.006	-0.0517	3	407	1966	18	2010.238095
overflow water	-1.0255	-0.4951	4	937	15620	139	2008.169697
overturning	0.7327	-0.3305	1	1130	32126	282	2012.406393
overturning circulation	0.8464	-0.2807	1	1106	29412	252	2013.703911
ovide	-0.5467	-1.1645	4	307	1520	14	2013.4375
oxygen	-0.5927	-0.825	4	798	8464	82	2009.83871
pacific	0.6846	0.2087	1	702	4516	45	2010.950879
panel	1.2892	0.0062	1	332	1388	13	2011.552419
parameterization	0.2165	0.9252	2	677	5156	56	2011.336207
parameters	-0.3655	0.718	2	986	12014	136	2010.962104
part	-0.3312	0.0026	4	1193	27672	263	2010.410034
particles	-0.7046	0.2012	2	484	2076	23	2011.108822
passive tracer	0.3226	-0.4552	1	362	1352	13	2010.985075
past	-0.0976	-0.5604	4	347	1256	12	2012.316703
patches	-0.4508	0.9088	2	352	1368	14	2011.337979
pathways	-0.555	-0.4359	4	1008	13950	130	2013.213274
patterns	0.3289	-0.2366	1	1142	20186	184	2011.236066
penetration	-0.106	0.6922	2	571	2928	30	2009.4875
peninsula	-0.8054	-0.358	4	329	1220	12	2011.596904
performance	0.4844	0.7254	2	618	3590	39	2013.489921
period	0.195	-0.3652	3	1199	34920	324	2011.210316
periodicity	1.0253	0.1947	1	355	1442	12	2010.060403
persistence	0.7891	-0.1994	1	472	2214	22	2012.073254
perspective	0.5298	-0.3343	1	478	1958	19	2012.901235
perturbations	0.4023	0.6395	1	702	4768	45	2010.583086
phase	0.5694	0.1348	1	1074	15184	134	2011.300144
phenomena	0.6646	0.3163	1	616	3412	31	2011
phosphate	-0.7271	-0.7513	4	345	1320	11	2010.048128
physical	-0.4352	-0.3006	3	390	1428	14	2009.0625
physical mechanisms	0.4628	0.531	1	342	1108	11	2011.84
physical oceanography	-0.3541	0.2723	2	405	1392	14	2007.84507
physical processes	0.2717	0.4894	2	518	2194	20	2012.057576
physics	0.2676	0.7288	2	575	2798	27	2011.674359
phytoplankton	-0.212	-0.2991	3	371	1498	16	2012.529026
place	-0.2832	0.1565	2	836	7014	66	2009.958042
plankton	-0.0769	-0.3534	3	287	1042	12	2010.853821
plateau	-0.9349	-0.4157	4	544	3174	29	2012.169659
plume	-0.7492	0.7513	2	855	10542	113	2009.9
polar	-0.2154	-0.7953	3	530	2802	26	2011.082686
polar oceans	-0.1342	1.0326	2	315	1146	13	2011.867925
polar waters	-0.3891	-0.8841	3	315	1212	12	2010.440367
poleward	0.1904	-0.4538	1	709	4624	40	2010.827273
portugal	-0.8082	-0.7548	4	428	2122	20	2010.560976
position	-0.3454	0.0674	3	814	6390	59	2010.689373
positive feedback	1.209	-0.2431	1	318	1290	11	2012.122034
potential	0.451	-0.1368	1	649	3668	36	2012.784435
potential density	-0.9094	0.1252	2	458	1922	17	2008.712121
potential energy	-0.5368	0.8488	2	448	2038	20	2011.306569
potential temperature	-0.6725	-0.1034	4	651	4092	36	2007.691099
potential vorticity	-0.8889	0.4905	2	757	7052	71	2008.589286
power	0.7699	0.5737	1	428	1858	18	2011.834034
precipitation	0.6569	-0.2174	1	687	4080	36	2012.247478
preconditioning	-0.033	0.7151	2	401	1926	19	2010.850746
predictability	1.3481	-0.149	1	530	3848	37	2013.231855
prediction	0.982	0.3713	1	786	7054	72	2012.073267
present	-0.1417	-0.4904	3	482	1954	19	2011.176606
present day	1.0523	0.2334	1	412	1944	17	2011.295673
pressure	0.1659	0.4142	2	962	10608	102	2010.477108
pressure gradient	-0.4782	0.9262	2	353	1354	14	2009.674797
primary production	-0.1427	-0.3129	3	444	1630	14	2012.113402
primitive equation	-0.5037	0.8624	2	531	2684	27	2002.795276
primitive equation model	-0.3265	0.8537	2	431	1650	16	2003.388889
processes	0.061	0.4181	2	1204	30092	293	2011.967406
production	-0.0177	-0.214	3	961	9048	84	2011.637878
productivity	-0.0894	-0.4631	3	360	1296	12	2012.484007
profiler	-0.8731	-0.065	3	749	6362	61	2008.733083
profiles	-0.6144	0.3705	2	929	9956	97	2010.526606
project	0.6485	0.1081	1	756	5278	53	2012.453668
projection	1.0882	-0.125	1	361	1468	14	2014.197635
propagation	-0.0508	0.4526	2	929	9420	92	2010.734739
properties	-0.5196	-0.056	4	1165	25996	249	2011.071907
proportion	-0.2782	-0.803	4	311	1010	11	2011.055556
proxy	0.5523	-0.5332	3	532	2668	23	2013.127907
pulses	-0.5696	-0.1632	3	464	2126	20	2011.138996
pycnocline	-0.6852	0.1655	2	439	1894	18	2007.93125
quality	0.5896	0.1827	1	401	1438	15	2012.741898
radiation	0.9178	0.2646	1	377	1392	14	2011.331925
rafos	-1.0831	-0.06	3	381	1742	16	2006.428571
rafos floats	-1.1198	-0.0352	3	288	1150	11	2008.230769
range	-0.1688	0.0977	4	1116	17036	169	2011.410547
rapid	0.8072	-0.4589	1	419	1950	18	2012.463023
rates	-0.2828	-0.3191	4	893	9302	88	2011.494306
ratio	-0.6242	0.2678	2	771	5536	55	2010.925387
reanalysis	0.7838	-0.0256	1	818	7142	64	2012.860412
reanalysis data	0.7164	-0.1692	1	484	2254	21	2013.062413
reason	0.0915	-0.7024	3	349	1224	11	2011.71371
recent	0.6616	-0.3515	1	661	3946	39	2011.804991
recirculation	-0.8318	-0.4106	4	834	8630	80	2006.169082
reconstruction	0.9349	-0.3253	1	531	3080	29	2012.728025
record	0.2763	-0.537	1	829	7208	64	2011.508365
recovery	0.8327	0.0784	1	314	1144	12	2012.7654
redistribution	0.2998	-0.0408	1	420	1558	14	2011.996795
reduction	0.6702	-0.35	1	896	8452	78	2012.202875
regime	-0.2008	0.4758	2	935	8222	83	2010.768478
region	0.0295	0.0086	3	1237	59604	570	2011.608772
regional climate	0.9743	-0.1283	1	366	1386	12	2013.123404
regional model	0.2558	0.3997	2	384	1350	12	2011.733333
regression	0.498	-0.5813	3	405	1646	17	2011.924945
relationship	0.4968	-0.3301	1	960	9720	88	2011.52721
relative importance	-0.0694	0.0382	4	317	1008	11	2010.879562
relative vorticity	-0.8748	0.757	2	354	1536	16	2008.575342
release	-0.0976	0.4518	2	536	2576	25	2012.712924
renewal	-0.4411	-0.4729	4	580	3508	35	2005.05102
repeat	-0.3882	-0.91	4	516	2846	26	2011.037288
representation	0.6155	0.6191	1	795	7194	66	2013.246886
res	0.4135	-0.1909	1	539	2614	29	2010.48537
research	0.112	-0.0613	3	744	4558	50	2012.25614
reservoir	0.0699	0.0244	3	523	2434	23	2012.909879
residence	-0.5288	-0.2686	3	345	1308	14	2010.135762
residence time	-0.5269	-0.2707	3	345	1308	14	2009.992032
resolution	0.227	0.4954	2	1101	18866	183	2011.918993
response	0.7367	0.0582	1	1091	17760	162	2012.161066
rest	-0.387	0.4634	2	457	1794	18	2011.1893
restratification	-0.55	0.5023	2	503	2986	28	2010.210526
retreat	0.5872	-0.0647	1	458	1926	16	2012.69985
reversal	0.3905	-0.5498	1	457	2200	23	2011.354497
reykjanes ridge	-0.8402	-0.729	4	637	4900	43	2008.530612
richardson number	-0.4281	0.9772	2	358	1364	14	2008.628571
ridge	-0.6937	-0.3856	4	1084	21656	200	2008.953586
river	0.1013	-0.3865	3	497	2326	24	2011.920886
rockall trough	-0.8681	-0.8645	4	461	2524	24	2007.9
role	0.2703	0.0818	1	1172	25338	244	2012.568357
rossby	-0.3044	0.9331	2	804	7212	72	2010.884413
rossby number	-0.6482	0.9915	2	269	984	12	2007.088235
rossby radius	-0.3622	1.0994	2	336	1292	14	2007.104167
rossby waves	-0.0628	0.7903	2	612	3602	33	2011.729614
rotating fluid	-0.485	1.2381	2	290	1438	18	2002.761905
rotation	-0.6007	0.9676	2	653	5526	63	2006.295359
routes	-0.7562	-0.5393	3	314	1162	12	2011.930769
runoff	0.2246	-0.5438	3	571	2896	28	2012.212743
saline water	0.0984	-0.4236	4	705	4392	39	2007.471074
salinification	0.6535	-0.6425	1	424	1852	17	2011.682927
salinity	0.1449	-0.3029	3	1223	50112	476	2009.248247
salinity anomalies	0.6023	-0.5197	1	850	8136	71	2008.269737
salinity changes	0.5575	-0.5224	1	419	1852	17	2010.755814
salinity minimum	-0.9531	-0.6391	4	304	1282	12	2005
salt	-0.267	-0.203	4	941	9942	90	2008.72546
salt flux	-0.2489	0.2668	2	316	1038	11	2007.574468
salt transport	0.5164	-0.4215	1	425	1936	17	2009.054054
sampling	-0.3928	-0.2681	4	385	1350	14	2012.100775
satellite	-0.0304	0.1152	3	801	6992	69	2011.755822
satellite altimeter	-0.5407	0.3243	3	350	1460	14	2008.958333
satellite altimetry	-0.6848	0.0841	3	598	4080	41	2012.138138
satellite data	0.4751	0.0861	3	454	1924	19	2011.686028
satellite observations	0.0334	0.2696	3	465	1990	18	2012.973832
scale	0.0989	0.4101	2	1206	32640	312	2011.804989
scaling	-0.3379	0.9701	2	345	1338	14	2011.411765
scenarios	0.6558	0.3074	1	621	3180	33	2012.882212
science	-0.7006	-0.1851	4	875	8108	81	2005.441336
scotian shelf	0.3985	-0.5226	3	346	1654	16	2008.826087
scotland	-0.5622	-0.764	4	636	4706	40	2008.991304
sea	0.1717	-0.1183	3	1237	115756	1148	2010.929745
sea ice	0.941	0.1757	1	1069	24048	224	2012.341204
sea ice concentration	1.139	0.2356	1	326	1242	11	2014.074
sea ice extent	1.1477	0.001	1	568	3298	26	2013.195775
sea ice model	0.9918	0.4536	1	697	5914	53	2011.770171
sea interaction	0.3006	-0.829	3	415	1690	14	2010.461538
sea level	0.5949	-0.15	1	893	8770	79	2011.153319
sea level pressure	1.0566	-0.3682	1	502	2860	22	2009.567201
sea surface	0.71	0.0787	1	1130	26000	243	2011.29989
sea surface height	0.157	0.3251	3	728	6368	62	2010.567114
sea surface salinity	0.9945	-0.1942	1	447	2120	18	2011.927536
sea surface temperature	1.0237	-0.0713	1	1008	16424	145	2011.542882
sea temperatures	0.7079	-0.1429	1	404	1692	17	2009.267241
sea water	-0.5054	-0.7678	4	1113	27388	253	2008.442735
seamount	-1.0264	-0.1737	4	398	1596	16	2007.652174
season	-0.1948	-0.2102	3	940	9458	91	2012.178114
seasonal cycle	0.0348	0.0325	3	752	5312	48	2011.135957
seasonal variability	-0.3159	-0.3989	3	592	3600	33	2011.582043
seasonal variation	-0.8556	-0.1642	3	491	2712	26	2011.013917
seawater	-0.2971	-0.2315	4	567	2662	26	2011.626116
sections	-0.8099	-0.5237	4	945	13556	135	2007.846599
sediment cores	-0.2834	-0.4863	4	331	1338	11	2012.336207
sediments	-0.5456	-0.0671	4	537	3160	31	2011.206075
sensitivity	0.5721	0.3385	1	951	9202	82	2012.152936
sensitivity experiments	0.5851	0.479	1	445	1928	18	2012.352273
sensors	-0.4537	0.1016	3	364	1336	15	2011.517949
separation	-0.3822	0.5022	2	547	2814	29	2009.887195
series	-0.101	-0.1543	3	1066	16254	157	2010.601012
shallow water	-0.6434	0.6593	2	445	1818	22	2010.653846
shape	-0.366	0.6156	2	592	2850	29	2010.573529
shear	-0.7258	0.6038	2	475	2056	22	2009.478827
shelf	-0.466	0.0649	3	1124	20958	207	2010.587376
shelf edge	-0.7631	-0.0366	3	463	1978	19	2008.781513
shelf slope	-0.544	0.3646	3	590	3450	34	2009.940928
shelf waters	-0.5475	0.3134	2	694	5324	54	2009.09329
shelf-break	-0.6554	0.1963	3	731	5372	53	2009.840909
shelfbreak	-1.0943	0.2277	3	342	1622	15	2011.865385
shelves	0.4735	0.0054	3	635	3598	32	2011.760377
shift	0.5727	-0.3496	1	890	8416	75	2012.333333
ship	-0.3818	-0.4422	4	546	2440	24	2010.712
shipboard	-0.8253	-0.1598	3	332	1170	11	2011.378049
short-term	0.0164	-0.115	4	411	1476	14	2012.055432
signal	-0.0453	-0.617	3	974	11732	114	2011.038817
signatures	-0.6954	0.1875	2	372	1386	13	2011.86758
silicate	-0.7014	-0.7144	4	407	1774	16	2008.463158
sill	-0.9671	0.3662	2	839	10332	104	2008.400778
simulations	0.5398	0.5396	1	1180	36862	355	2012.277903
sink	-0.0714	-0.9894	4	337	1312	12	2013.060748
sinking	-0.3984	0.6273	2	439	1974	19	2010.636364
sites	0.1301	5e-04	2	861	6868	62	2011.507274
size	-0.2106	0.6497	2	782	5052	55	2010.965923
skill	1.1256	0.2137	1	491	2674	25	2013.67325
slope	-0.7835	0.2358	2	1138	29538	289	2010.341082
slope current	-0.4405	-0.3522	3	555	3302	32	2011.257143
small-scale	-0.4825	0.6265	2	539	2480	26	2011.469512
solution	-0.0778	0.8797	2	772	6510	75	2010.22668
source	-0.4036	-0.0275	4	1155	22950	222	2011.544715
source region	-0.1631	0.3677	2	486	2016	18	2011.263158
source waters	-0.7183	-0.5274	4	797	6888	66	2008.57967
south	-0.3326	-0.4444	4	1121	19640	181	2009.816077
south atlantic	-0.3617	-0.7037	4	452	2170	21	2007.451691
south greenland	0.5065	-0.6546	1	383	1468	13	2009.851064
southern	0.5076	0.28	1	669	3988	37	2011.247603
southern hemisphere	0.2717	0.3772	1	405	1546	14	2010.882466
southern ocean	0.6718	0.4193	1	612	3438	33	2011.310743
southwest	-0.6782	-0.1292	3	574	3040	29	2010.224324
space	-0.104	0.3859	2	768	4760	46	2011.281958
spacing	-0.019	0.7288	2	387	1288	12	2010.686441
spatial	0.1952	0.2475	2	393	1304	13	2011.877747
spatial distribution	-0.0772	-0.2385	3	513	2264	23	2012.602028
spatial patterns	0.7666	-0.1687	1	397	1534	14	2012.024523
spatial resolution	-0.4882	0.2844	3	518	2264	22	2012.877034
spatial scales	0.1261	0.41	2	409	1460	14	2012.42723
spatial structure	0.3017	0.0866	3	515	2418	22	2010.597156
spatial variability	0.0702	-0.1873	3	449	1720	15	2011.858628
species	-0.0068	-0.4562	3	276	922	11	2011.629341
spectra	0.3908	0.5706	2	311	1088	11	2010.240566
spectrum	0.889	0.4268	1	426	1992	18	2010.348901
speed	-0.4978	0.5092	2	943	9378	95	2010.795455
spitsbergen	0.4237	-0.832	3	304	1308	14	2012.274752
spread	-0.2876	-0.1919	4	551	2394	22	2013.442623
spreading	-0.8076	-0.1934	4	768	7092	69	2007.435233
spring	-0.4344	-0.3147	3	820	7760	74	2011.445356
spring bloom	-0.2848	-0.3822	3	341	1364	14	2011.73913
ssh	0.4227	0.0858	3	460	2310	21	2010.885714
sst anomalies	1.2595	-0.3115	1	452	2734	24	2010.894292
stability	-0.163	0.7252	2	796	6654	70	2011.601934
stage	-0.2499	0.804	2	548	2692	29	2011.432692
standard	0.4045	-0.1155	1	389	1298	12	2011.405751
standard deviation	0.1652	-0.5891	3	437	1844	17	2011.034783
state	0.4805	0.4542	1	1037	13894	133	2012.176355
stations	-0.6774	-0.4452	4	670	4072	35	2010.728667
statistics	-0.0667	0.5139	2	422	1494	16	2010.724252
steady state	-0.3654	0.7829	2	450	1938	20	2009.695015
steric height	0.4763	-0.0717	3	296	1114	12	2010.7
storage	0.3716	-0.8731	4	413	2008	20	2013.435429
storm	0.3914	-0.2679	1	454	2124	21	2010.368357
strait	-0.5126	-0.1066	3	1174	29540	279	2008.864542
strategies	0.7098	0.5412	1	289	1044	12	2013.49449
stratification	-0.1085	0.6392	2	989	11566	114	2010.765734
stream	-0.0668	-0.0631	3	967	12074	111	2011.208251
strength	0.5498	-0.0229	1	1107	18606	170	2011.147674
strengthening	0.9305	-0.1597	1	453	2170	18	2012.132404
stress	0.0841	0.2431	3	951	11292	100	2010.771906
structure	-0.4642	0.2423	2	1198	28856	291	2010.587788
sub-polar gyre	0.4918	-0.4652	3	384	1398	13	2010.666667
subarctic	-0.608	-0.8945	4	374	1616	16	2012.483254
subduction	0.1823	-0.835	4	372	1620	15	2011.285714
submarine	-0.6178	0.572	2	298	996	13	2012.039088
subpolar	0.3341	-0.769	4	957	13018	113	2011.017241
subpolar atlantic	0.3022	-0.8679	4	669	4704	41	2014.568627
subpolar gyre	0.584	-0.5994	1	1098	22888	200	2011.12782
subpolar mode water	-0.5944	-1.0184	4	410	1930	16	2004.444444
subpolar north atlantic	0.3221	-0.9076	4	626	4178	37	2012.813953
subpolar region	0.672	-0.854	1	428	1986	16	2011.310345
subsurface	0.2302	0.1309	1	879	7182	67	2011.621895
subtropical	-0.4388	-0.8246	4	682	5126	45	2009.910959
subtropical gyre	-0.2797	-0.7687	4	755	6624	58	2006.597826
summer	-0.2304	-0.4371	3	1026	13892	131	2011.747886
supply	-0.2286	-0.5683	3	554	2638	24	2011.339312
support	0.3147	0.5242	2	401	1218	12	2012.160714
surface	0.2993	0.1873	1	1234	73358	701	2011.274886
surface air	1.2705	0.0838	1	493	2780	24	2012.202151
surface air temperature	1.2747	0.0875	1	482	2642	23	2012.177381
surface buoyancy flux	-0.2348	0.8955	2	453	2042	19	2008.031746
surface circulation	0.113	0.0296	3	487	2170	20	2009.780702
surface conditions	0.7514	0.1019	1	378	1382	12	2010.87907
surface cooling	-0.1093	0.6624	2	436	2172	21	2009.911111
surface currents	-0.1951	0.2134	3	526	2446	22	2010.982456
surface density	0.923	0.291	1	402	1636	15	2009.983051
surface drifters	-0.3152	0.0404	3	544	2716	25	2008.78125
surface fluxes	0.9782	0.3057	1	500	2526	23	2010.612022
surface forcing	0.6529	0.6645	1	507	2232	19	2011.835052
surface freshwater	0.5475	0.0291	1	433	1892	17	2011.135593
surface heat fluxes	0.9326	0.0463	1	614	3764	32	2010.370833
surface heat loss	0.2449	0.4208	1	324	1242	11	2012.257143
surface height	0.1414	0.306	3	724	6178	60	2010.910364
surface layer	-0.4714	0.319	2	756	5486	52	2009.563452
surface salinity	0.8125	-0.1109	1	703	5024	44	2009.551351
surface temperature	0.9779	0.0184	1	1047	18046	162	2011.552855
surface waters	-0.1123	-0.4049	4	1004	11194	105	2010.917469
survey	-0.7887	-0.2662	4	822	6648	66	2010.854962
sverdrup	0.323	-0.3777	3	441	1834	16	2006.877778
svinoy	-0.0867	-0.6679	3	306	1404	14	2009.6
synthesis	0.6324	-0.0082	1	466	1900	17	2012.494924
system	0.5038	0.1709	1	1186	28344	263	2012.244703
techniques	-0.3441	0.178	3	650	3170	34	2010.995925
technology	0.1036	0.8647	2	303	988	12	2013.19378
temperature	0.432	-0.0573	1	1227	59774	573	2011.477652
temperature anomalies	1.03	-0.3398	1	602	4308	38	2011.546191
temperature changes	0.7152	-0.157	1	345	1342	14	2012.055092
temperature gradient	0.7764	0.5167	1	327	1264	12	2011
temperature variability	0.8151	-0.4647	1	457	2190	22	2012.481229
temporal	-0.7137	-0.2427	3	369	1394	13	2010.883534
temporal evolution	0.2311	-0.4903	4	525	2596	25	2012.72561
temporal variability	-0.0865	-0.3522	3	722	4454	41	2011.288462
terms	0.0305	0.3496	2	1056	12466	125	2011.105954
thc	1.1042	-0.6606	1	296	1290	13	2006.8
the north	-0.3663	-0.244	4	357	1378	14	1996.914894
the north atlantic	-0.3568	-0.2789	4	329	1208	12	1998.25
theory	-0.4606	0.8658	2	684	5056	62	2009.714706
thermocline	-0.5792	-0.1336	4	746	4970	46	2007.472727
thermohaline	0.1428	-0.4117	4	982	11216	111	2007.343511
thermohaline circulation	0.4154	-0.4108	1	909	10254	99	2007.122047
thermohaline properties	-0.2957	-1.0484	4	377	1578	16	2011.470588
theta	-0.8746	-0.3579	4	621	3672	35	2006.817518
thickness	-0.3086	0.5707	2	902	7806	74	2010.814467
three dimensional	-0.1685	0.8632	2	778	5876	61	2009.329939
tides	-0.398	0.4895	2	320	1160	16	2010.001852
time	0.0914	-0.0153	3	1225	52436	511	2011.191579
time scales	0.5406	-0.1316	1	1118	19608	180	2011.351464
time-lag	0.1445	-0.9692	3	391	1876	18	2011.294737
time-series analysis	-0.0712	-0.6334	3	962	13188	129	2010.95228
timescales	0.4354	-0.3626	1	972	10836	100	2011.525048
timing	0.2867	-0.406	3	483	2096	19	2012.348348
tip	-0.344	-0.5666	3	500	2610	25	2009.34375
tongue	-0.4959	-0.1211	4	432	1770	17	2010.029167
topex/poseidon	-0.5465	0.2349	3	300	1370	14	2003.638554
topography	-0.6313	0.5655	2	968	12986	134	2010.120382
tracer	-0.4778	-0.4477	4	929	11202	110	2009.231405
track	-0.3505	-0.5457	3	511	2574	24	2010.190476
trajectories	-0.8148	0.1327	3	656	4382	46	2011.384117
transect	-0.7927	-0.2112	4	605	3186	32	2011.199708
transfer	0.1257	0.164	2	606	3112	31	2010.678679
transformation	-0.3454	-0.5968	4	800	7900	71	2011.951786
transient	0.1393	-0.2753	4	501	2412	23	2011.104545
transient tracers	-0.5476	-0.8705	4	371	1740	16	2004.338983
transit time	-0.3226	-0.6634	4	444	2332	26	2009.373333
transition	-0.0964	0.354	2	772	5474	53	2011.648928
transport	-0.0686	-0.1724	4	1234	67336	643	2010.537155
transport variability	-0.0882	-0.6129	3	637	4548	43	2010.834783
travel	-0.7842	0.3511	2	344	1154	12	2009.673684
trends	0.3817	-0.6025	3	1053	16096	153	2012.269204
tropics	0.289	-0.5731	4	479	2372	21	2010.699313
trough	-0.8827	-0.559	4	598	3586	34	2010.984962
turbulence	-0.41	1	2	631	4552	53	2009.838323
twentieth century	1.2386	-0.1773	1	452	2186	20	2012.145055
types	-0.7643	0.2784	2	786	5628	55	2011.720352
ulsw	-0.4251	-1.0003	4	341	1606	14	2009.3125
uncertainty	0.2208	-0.3561	4	753	5304	52	2013.221957
undercurrent	-1.0076	-0.4041	4	373	1484	14	2006.193548
unstructured mesh	0.5046	0.9185	2	235	946	13	2015.842105
upper layer	-0.6575	0.2351	2	839	6622	61	2007.07173
upper ocean	0.5209	0.0671	1	962	9876	87	2010.440079
upstream	-0.7846	0.2809	3	528	2738	26	2010.672862
uptake	0.2457	-0.8814	4	388	1770	20	2012.895082
upwelling	-0.5207	-0.1729	4	486	1908	18	2010.661939
values	-0.2704	-0.0211	4	1118	17436	171	2010.746562
variability	0.3967	-0.234	1	1233	74058	706	2011.545737
variance	0.3538	0.3912	2	792	6220	57	2010.046067
variations	0.1985	-0.1881	3	1197	30764	295	2010.901917
vector	-0.6711	0.5036	2	385	1316	13	2010.835404
velocity	-0.7466	0.4022	2	1142	32344	338	2010.066944
velocity field	-0.7854	0.358	2	725	4934	47	2009.17301
velocity profiles	-0.9233	0.5775	2	337	1362	14	2008.385714
velocity structure	-0.9622	0.4163	2	335	1248	14	2007.973684
ventilation	-0.5066	-0.7207	4	704	5594	53	2008.841945
vertical	-0.4978	0.6588	2	433	1716	17	2009.544379
vertical profiles	0.1281	0.7393	2	347	1276	14	2011.336
vertical structure	-0.4821	0.2028	2	610	3104	31	2010.285714
vertical velocity	-0.4077	0.8697	2	466	2402	26	2008.840336
vessel	-0.432	-0.1487	3	316	1098	13	2011.268293
viscosity	-0.3508	1.0306	2	358	1510	20	2008.10119
volume	-0.3619	-0.0359	3	1157	25048	232	2010.936662
volume flux	-0.7925	0.1902	3	666	4676	43	2008.346154
volume transport	-0.495	-0.3035	3	944	11150	99	2009.307692
vortex	-0.602	0.8911	2	509	2962	37	2011.311409
vorticity	-0.7566	0.6607	2	939	13792	148	2008.431221
warm	0.2726	-0.1159	3	807	6078	55	2011.29985
warming	0.8501	-0.4101	1	939	11700	118	2012.978577
water	-0.3448	-0.1317	4	1237	112806	1123	2010.775054
water circulation	-0.5554	-0.6954	4	424	1902	19	2007.634146
water column	-0.6091	0.0655	2	970	11926	113	2010.123234
water density	-0.7673	0.4772	2	466	1928	19	2007.363636
water depth	-0.6608	0.5306	2	497	2238	22	2011
water exchange	-0.0208	-0.8286	3	378	1554	16	2010.149533
water flow	-0.924	0.3303	2	466	2022	21	2010.588745
water formation	0.4398	0.1226	1	1004	13566	122	2008.600998
water level	-0.9705	-0.5153	4	357	1398	13	2011.696429
water mass characteristics	-0.5616	0.052	4	370	1416	12	2006.961538
water mass distribution	-0.8797	-0.6574	4	370	1546	14	2005.72
water mass formation	0.038	-0.4096	4	602	3582	30	2006.777778
water mass properties	-0.5413	-0.0011	4	570	2914	24	2008.93913
water mass structure	-0.7554	-1.0086	4	397	1836	15	2007.787234
water mass transformation	-0.2145	-0.7227	4	674	5284	44	2011.642276
water masses	-0.584	-0.4717	4	1200	42030	394	2009.047927
water properties	-0.5894	-0.4937	4	689	4514	40	2008.879167
water surface	-0.2713	-0.1366	3	593	2896	26	2010.707692
water temperature	0.3549	-0.3005	3	538	2640	25	2010.526448
water transport	-0.6962	-0.4639	4	610	3866	38	2010.117647
wave	-0.2727	0.8219	2	912	10264	112	2010.934812
wave propagation	-0.3707	0.7878	2	295	1006	11	2011.029586
wavelength	-0.632	0.9227	2	336	1258	14	2009.220077
weather	0.3034	0.0499	1	704	4298	39	2012.202602
weather stations	-0.2921	0.007	3	331	1342	12	2012.035461
weddell	0.0392	0.8944	2	414	1838	18	2008.661238
weddell sea	-0.11	0.9165	2	401	1746	17	2008.40797
west greenland	-0.0839	-0.2208	3	621	4026	39	2011.434211
west greenland current	-0.3067	-0.4145	3	432	2002	19	2008.65
west spitsbergen	0.571	-0.895	3	244	998	11	2010.317308
western basin	-0.2229	-0.2125	4	387	1470	12	2004.727273
western boundary	-0.7236	-0.3556	4	1007	19022	173	2006.851441
western boundary currents	-0.8623	-0.4471	4	877	12126	107	2007.713725
wind	0.1666	0.154	3	1141	22718	208	2010.366929
wind field	0.1092	-0.2541	3	349	1252	12	2008.951515
wind forcing	-0.028	0.2248	3	582	2862	28	2008.535545
wind stress	0.1911	0.0627	3	925	10256	89	2008.608177
wind stress curl	0.127	-0.4917	3	616	4074	35	2009.383562
winter	0.0734	-0.3	3	1157	28264	272	2011.016141
winter convection	-0.1132	-0.509	3	636	3982	41	2009.820896
winter north atlantic oscillation	0.7589	-0.5405	3	347	1590	15	2012.553571
wintertime	0.2214	-0.43	3	528	2738	26	2011.622989
woce	-0.7567	-0.8939	4	536	3570	31	2003.781955
work	-0.1806	0.0783	2	879	6520	64	2012.585814
world	-0.1459	-0.5868	4	880	8318	78	2011.293273
world ocean	-0.2271	-0.6331	4	817	7352	68	2007.82598
world ocean circulation experiment	-0.4664	-0.8862	4	514	3090	26	2003.884956
zone	-0.503	-0.1235	4	948	9324	89	2010.917256
