id	x	y	cluster	weight<Links>	weight<Total link strength>	score<Avg year>
1960s	0.0509	0.8581	5	269	964	2007.723464
1970s	0.1837	1.1761	3	151	424	2008.301205
20th century	0.2643	0.646	5	471	2670	2009.625488
ablation	0.1869	0.3227	3	1095	23258	2009.488128
ablation zone	0.0586	-0.3228	6	700	6684	2011.603659
absorption	0.1474	-0.2102	4	221	670	2007.595437
abundance	0.5662	-0.0437	4	284	870	2008.576098
acceleration	0.6472	0.1204	2	945	14710	2010.334658
access	-0.4241	-0.4176	1	541	2776	2011.56924
accumulation	-0.2978	0.5737	3	1085	22634	2008.145056
accumulation rates	-0.2491	0.5882	3	439	2526	2006.241987
accuracy	-0.8885	-0.2042	1	940	12412	2010.08255
acquisition	-0.8701	-0.2656	1	421	1988	2009.628664
activation	-0.5973	-0.4261	6	170	438	2007.091503
activity	0.4864	-0.2299	4	770	5444	2008.699084
adaptation	-0.2034	0.2129	1	178	512	2009.276196
addition	0.1302	0.0275	4	930	9014	2009.285986
adjustment	-0.4404	-0.1529	2	532	3352	2010.059972
administration	-0.9319	-0.1221	1	282	1132	2008.585608
advance	0.5517	-0.1223	5	793	8698	2009.278139
advection	0.4447	0.6284	3	511	2874	2008.192895
aerial	-0.6398	-0.2692	1	163	508	2008.989071
aerial photographs	-0.4742	0.0409	5	362	1852	2008.57197
age	0.5062	0.4677	5	649	5636	2007.797965
agency	-1.1109	-0.0308	1	314	1292	2011.612195
aggregates	-0.6426	-0.2152	1	194	568	2008.541433
agreement	-0.3735	0.1408	1	958	11290	2007.890269
air	-0.0923	0.7653	3	1044	17586	2008.618101
air temperature	-0.2294	0.692	3	733	6580	2010.069914
airborne	-1.017	-0.5463	1	473	2870	2006.453571
aircraft	-0.7138	-0.4615	1	376	1588	2006.227098
al	-0.2498	-0.473	2	424	1720	2007.388849
alaska	0.1791	-0.1126	5	931	12044	2008.146234
alaskan	0.243	0.4473	5	418	1734	2008.305085
albedo	-0.1312	1.0038	3	696	7102	2009.324338
algorithm	-0.7993	-0.2228	1	861	8626	2010.210584
alpine	-0.2433	-0.287	1	534	2732	2009.603145
alps	-0.8742	0.0793	1	469	2556	2009.971568
alternative	-0.3085	-0.5695	6	327	1128	2009.029126
altimeter	-1.0696	-0.3741	1	645	6426	2007.65536
altimetry	-1.0742	-0.0737	1	848	11916	2010.533333
altitude	-0.2047	0.7016	5	674	5726	2007.653347
america	-0.0837	0.4619	5	447	2160	2008.697703
amo	0.3425	1.0513	3	177	552	2014.846667
amoc	0.9062	0.6167	4	154	556	2014.607664
amplification	0.6977	0.9381	3	182	514	2010.670509
amplitude	-0.2704	-0.4166	2	585	3906	2008.158367
amsr-e	-1.119	0.1768	1	152	486	2012.196262
analyses	-0.2425	0.0667	1	735	5294	2009.301682
analysis	-0.28	-0.0307	1	1278	29520	2009.366286
andes	-0.3266	0.7164	5	202	638	2009.818937
angle	-0.4036	-0.3108	1	356	1328	2007.895326
anisotropy	-0.4501	-0.9428	2	182	448	2007.8981
annual	-0.4033	0.7142	3	429	2040	2007.172557
annual cycle	0.3952	0.5193	4	189	582	2007.690078
annual precipitation	0.0551	1.1337	3	189	596	2010.141667
anomaly	0.1991	0.755	3	818	7950	2009.553394
antarctic	-0.2939	0.1037	1	1022	13136	2007.820711
antarctic ice sheet	-0.6638	0.2676	1	252	860	2011.123173
antarctic peninsula	-0.3993	0.0273	1	548	3364	2009.392737
antarctica	-0.3744	-0.3263	1	1032	14222	2007.877974
antenna	-0.8394	-0.3268	1	175	520	2008.064626
ap	-0.9486	0.2564	1	198	598	2010.486364
application	-0.6375	-0.0574	1	961	11706	2010.011511
approach	-0.5034	-0.1186	1	1157	19680	2011.153242
approximation	-0.2301	-0.535	2	417	2016	2008.343624
aquifer	-0.4694	-1.071	6	311	1762	2010.299742
archipelago	-0.2713	0.9453	3	534	3568	2008.970938
architecture	-0.6826	-0.3417	1	221	648	2010.12995
archives	-0.7327	0.1817	1	301	1040	2012.032657
arctic	0.1117	0.5134	3	1163	22420	2009.446222
arctic archipelago	-0.0702	1.1676	3	300	1294	2009.927203
arctic canada	-0.5286	0.6586	5	321	1364	2007.412857
area	-0.2872	0.1919	1	1365	58056	2008.578401
areal extent	0.4709	0.278	5	249	826	2007.510417
arm	0.5543	0.4247	5	168	420	2008.328671
array	0.0131	-0.9072	2	384	1514	2008.688032
arrival	0.742	-0.481	4	256	796	2007.878924
asia	-0.7483	0.7409	1	223	788	2010.858426
aspect	-0.3338	0.0021	1	453	2042	2009.986813
assessment	-0.4351	0.223	1	985	11762	2011.123547
assimilation	-0.4837	0.5694	1	295	1016	2009.247808
association	-0.0922	0.3326	3	268	886	2009.179096
aster	-0.8411	0.3771	1	529	3988	2012.45977
asymmetry	0.8582	0.1056	4	167	420	2008.648336
atlantic	0.7568	0.4963	4	897	11396	2008.590945
atlantic multidecadal oscillation	0.4032	1.0234	3	199	706	2014.897436
atlantic oscillation	0.3718	1.0715	3	430	2842	2010.686288
atlantic water	1.2033	0.014	4	228	804	2009.77451
atlas	-0.9673	-0.4826	1	183	628	2008.567568
atm	-1.0565	-0.6201	1	306	1460	2011.819026
atmosphere	0.0241	0.8234	3	780	7700	2008.501913
atmospheric circulation	0.4293	1.1346	3	331	1610	2010.428462
atmospheric conditions	0.3052	0.5542	3	269	920	2010.137931
atmospheric temperature	0.6663	0.9061	3	126	332	2008.816667
attention	-0.0335	0.3233	5	446	1946	2010.284583
attenuation	0.4062	-0.4586	4	343	1212	2008.16198
austral summer	-0.4783	-0.8561	1	145	396	2008.54097
austria	-1.2099	0.4011	1	158	510	2009.149123
automated	-0.6561	-0.2973	1	233	806	2010.614379
automatic weather stations	-0.2936	0.9478	3	368	1988	2008.647727
autumn	0.4331	0.3335	4	414	1904	2008.811221
availability	0.3178	-0.058	4	564	3040	2009.56451
avalanche	-0.5423	-0.5369	6	348	1228	2009.770642
averaging	-1.193	0.3336	1	160	446	2007.562814
azimuth	-0.7085	-0.5526	1	153	420	2008.074866
background	0.1073	-0.2823	4	510	2400	2009.681872
backscatter	-0.9684	0.1126	1	506	3090	2008.125292
baffin	0.6135	0.583	4	510	2948	2007.975111
balance	-0.1559	0.653	3	1300	51374	2009.168937
bands	-0.6093	0.0101	1	422	1806	2007.694277
barents	0.3468	0.6059	3	352	1418	2008.144333
barrier	0.0934	0.033	6	321	1092	2008.988387
basal	0.3113	-0.8406	2	1009	19616	2008.301104
basal ice	0.0056	-0.6135	2	228	670	2006.615819
baseline	-0.7848	0.0653	1	386	1574	2011.063023
basin	0.3746	0.0426	4	977	11706	2008.451393
bathymetric	0.8377	-0.5375	4	238	824	2008.739414
bathymetry	0.6464	-0.3909	4	559	3702	2009.596934
bay	0.6151	0.154	5	711	4836	2007.629364
bayesian	-0.4249	-1.108	2	180	512	2013.3809
bed	0.3167	-0.9763	2	925	16858	2008.925373
bedrock	0.4373	-0.4996	2	743	6850	2009.117398
behavior	0.2385	-0.5487	2	808	8366	2008.780232
behaviour	0.6498	-0.2137	2	608	4598	2008.035198
benchmark	-0.4452	-0.4963	2	189	542	2012.336996
benefits	-0.1845	0.2749	1	174	488	2011.531274
bering	0.2206	-0.2819	5	284	998	2008.596391
bias	-0.8489	0.3184	1	702	5768	2011.002385
biases	-0.7848	0.5259	1	630	4764	2011.934239
biogeochemistry	1.1584	0.0922	4	181	548	2011.871515
biological productivity	0.9934	0.1323	4	168	496	2009.482673
biomass	0.6364	-0.2575	4	204	602	2008.040883
blocking	0.3012	0.6603	3	271	1016	2012.348901
bloom	1.1237	-0.2019	4	146	488	2008.348716
body	-0.1427	-0.3668	2	610	3432	2007.977291
borehole	0.2074	-0.8763	2	490	3060	2009.415205
boundary	0.0029	0.1941	6	652	4246	2007.239183
boundary conditions	0.3275	0.1831	2	333	1318	2007.871795
bounds	0.5578	0.0446	2	280	962	2008.568627
bp	0.6666	0.5009	5	295	1084	2008.600087
break-up	0.7627	-0.6211	2	186	618	2007.785162
breakup	0.4409	-0.6919	2	206	656	2008.458445
bridge	0.6897	0.1059	5	186	498	2010.550201
brightness temperatures	-1.1025	0.1056	1	244	1228	2009.269231
broadband	0.1819	-0.8729	2	281	1018	2009.503198
budget	0.4236	0.4364	4	750	6262	2008.970525
buffer	-0.1035	0.412	6	253	852	2008.027778
buoyancy	0.9856	-0.6874	4	348	1648	2008.601273
c-band	-1.1542	0.0217	1	271	984	2010.552846
calibration	-0.7407	0.3625	1	513	2806	2009.197434
calving	0.6213	-0.6083	2	1028	19338	2009.761246
camera	-0.174	-0.5776	1	376	1780	2010.289708
camp	-0.5136	-0.3219	6	256	926	2006.971326
campaign	-0.7229	-0.4776	1	412	1936	2008.901876
canada	-0.4697	0.5599	5	759	7298	2008.358354
canadian	-0.3433	0.7848	3	559	3448	2008.213722
canadian arctic	-0.1209	0.9282	3	203	616	2007.764925
canopy	-0.9161	-0.5402	1	227	964	2008.318982
canyon	0.6677	-0.2094	4	156	396	2009.283737
capabilities	-0.726	-0.056	1	307	1038	2010.500666
capacity	-0.1032	-0.7379	6	454	2632	2009.597315
caps	-0.3847	0.701	5	875	10432	2008.309322
capture	0.0763	0.257	4	237	698	2008.679206
carbon	0.6305	0.0933	4	326	1236	2009.564589
care	0.6517	-0.1558	4	211	618	2009.432935
case	-0.2369	-0.0511	1	966	11162	2008.95177
catchment	0.3758	-0.1334	5	680	5848	2010.694125
cause	0.6238	-0.0908	4	534	3208	2008.342905
cavity	0.7445	-0.6282	2	365	1730	2009.333932
cc	-0.4701	-0.2711	1	239	674	2012.604167
cell	-0.3983	-0.1187	2	314	990	2008.211757
century	0.2751	0.7673	3	1026	17984	2010.371507
chain	-0.4154	0.0644	1	277	874	2008.08967
challenges	-0.3891	0.0195	1	642	3890	2013.058999
changes	-0.0597	0.2857	5	1395	86902	2009.682502
channel	0.214	-0.7447	2	786	7970	2008.014353
characteristics	-0.0361	-0.0839	1	960	9296	2008.736404
characterization	-0.6581	-0.3096	1	478	1982	2010.633346
chile	-0.1926	-0.0273	5	285	1010	2009.438087
china	-0.8854	-0.3497	1	133	326	2011.999131
chronology	0.5853	0.2526	5	194	550	2008.614898
circulation	0.8241	0.4207	4	976	15906	2008.948109
circulation model	0.48	0.6554	3	170	540	2008.302789
cirque	0.6302	0.5998	5	168	484	2008.239521
citation	0.4042	-0.2727	2	428	2174	2010.604072
class	-0.1227	-0.3006	2	233	700	2008.629702
classification	-0.7454	0.1686	1	514	2798	2009.286924
cliffs	0.0692	-1.1323	2	145	386	2007.805085
climate	0.1103	0.6727	3	1331	52746	2010.804187
climate change	0.2383	0.5537	3	806	7648	2011.726653
climate data	-0.4831	1.1993	3	150	444	2011.201149
climate model	0.4107	0.7315	3	625	4848	2011.501132
climate model simulations	0.0017	1.2747	3	143	412	2013.512315
climate sensitivity	0.8399	1.0287	3	163	458	2011.210117
climate system	0.4483	0.7772	3	214	650	2010.341853
climate variability	0.5274	0.9682	3	265	970	2011.231434
climatic conditions	0.2726	0.7956	3	390	1626	2010.008439
climatology	-0.1653	0.8314	3	478	2340	2008.664945
closure	0.4785	-0.7074	2	291	1030	2008.433779
cloud	-0.9384	-0.0065	1	851	10418	2007.587105
cloudiness	-0.3153	1.1395	3	195	614	2006.48368
cluster	-0.3455	-0.7437	2	411	1850	2009.267877
cmip5	0.1212	1.2452	3	287	1428	2015.851097
co2	0.6162	0.7966	3	261	1124	2009.235732
coast	0.3354	0.2765	4	924	10090	2007.916968
coastal	0.4244	0.3678	4	440	1924	2008.750196
coastal areas	-0.0074	-0.0624	4	358	1204	2008.556848
coastal regions	0.086	0.6028	3	343	1364	2008.885662
coastal waters	1.3237	0.0282	4	195	676	2008.770914
coastline	0.7901	-0.2535	4	167	442	2009.082534
coefficients	-0.341	-0.229	1	332	1194	2007.85666
coherent	-0.9745	-0.165	1	357	1426	2008.626866
coincide	0.3445	-0.4153	2	241	714	2007.954397
cold	0.4026	-0.4028	2	431	1770	2009.295106
collapse	0.5028	-0.55	2	445	2370	2009.31737
collection	-0.4304	-0.1734	1	476	2146	2009.184687
columbia	0.3645	-0.3831	5	513	3132	2008.284146
column	0.7547	-0.3257	4	532	2976	2007.520529
community	-0.0024	0.4249	3	663	4682	2010.388476
compaction	-0.7674	-0.0539	6	402	2142	2009.714724
comparative analysis	-0.1631	-0.1972	1	147	360	2010.562069
comparison	-0.496	0.1456	1	1091	16246	2007.950757
compilation	-0.8624	-0.0281	1	254	868	2010.398754
complex	0.1031	0.2641	1	625	3790	2008.626599
composition	0.2616	0.4591	3	286	910	2008.609526
compression	0.397	-0.7244	2	195	564	2007.142235
computer	0.2467	-0.1537	4	412	1810	2006.919266
concentrations	0.5828	0.4491	4	764	6366	2008.182298
concept	-0.8001	-0.5629	1	348	1200	2009.039852
conceptual model	0.8126	-0.4658	6	126	348	2009.793413
concerns	0.2025	-0.1731	1	141	342	2011.148773
condition	0.1891	-0.4396	2	519	2806	2008.989432
conductivity	0.0434	-0.4637	6	378	1720	2008.252422
conduit	0.5142	-1.0307	2	460	3044	2009.858566
configuration	0.3581	-0.1841	2	599	3244	2009.544
connectivity	-0.1189	-0.6608	2	239	806	2013.917665
consensus	-0.7034	0.5801	1	156	448	2011.2949
consequences	0.4583	0.0264	4	390	1464	2010.388946
conservation	-0.1441	-0.9349	2	312	1478	2011.195486
consistency	-0.9598	0.1664	1	381	1630	2009.971397
constraints	0.0103	-0.0075	1	590	3418	2009.183622
construction	0.0172	0.1034	1	268	820	2009.416124
contact	0.9614	-0.7164	4	403	2146	2008.053198
content	0.2565	-0.3733	6	737	6026	2008.566458
context	0.118	0.4083	5	579	3252	2011.030192
continent	-0.5054	-0.0314	1	240	778	2008.964696
continental	0.7951	0.0672	4	248	720	2008.05522
continental ice sheets	0.1632	0.3674	1	192	574	2006.972973
continental shelf	0.9781	-0.1347	4	289	1182	2008.661664
contrast	0.4269	-0.0147	5	913	8762	2008.536194
control	0.4332	-0.3169	2	1002	14202	2009.125056
convection	1.0476	0.148	4	311	1244	2007.398389
convergence	0.0536	-0.4212	2	211	588	2008.020145
conversion	-0.8538	0.2243	6	203	686	2007.330144
cooling	0.486	0.4597	5	502	2416	2008.320685
coordinates	-0.5576	-0.5643	1	207	590	2008.750442
copyright	-0.125	0.0128	6	472	2024	2007.992246
core	0.1405	0.4653	3	812	8232	2007.967995
correction	-0.9996	0.2288	1	645	4632	2008.598508
correlation	-0.4395	0.2743	3	976	11414	2008.606178
correlation coefficient	-0.4749	0.5894	3	196	584	2010.154098
correspondence	-0.3219	-0.8227	6	323	1292	2007.499487
costs	-0.3555	-0.1601	1	308	1070	2009.673817
coupling	0.4463	0.237	3	607	4618	2010.327135
covariance	-0.2055	0.5685	4	156	406	2010.7125
cover	-0.3261	0.2878	1	983	11076	2009.332353
coverage	-0.7141	0.045	1	747	6082	2010.04391
cracks	-0.0449	-1.1888	2	253	1112	2008.515571
creek	0.2	-0.3717	2	174	478	2007.130268
creep	0.259	-0.8383	2	162	448	2007.349296
crevasses	0.1488	-0.9892	2	721	7154	2009.779503
criteria	-0.1425	-0.8234	2	222	644	2008.509297
criterion	0.6529	-1.0329	2	290	1490	2008.588571
cross-correlation	-0.859	-0.5366	1	270	1030	2009.341584
crust	0.0612	-0.4496	2	153	440	2007.489929
cryosat-2	-1.1936	-0.0357	1	378	1950	2016.666667
cryosphere	-0.5272	0.0678	1	681	4218	2012.880689
ctd	0.67	-0.4793	4	180	524	2007.653938
current	0.8057	-0.0513	4	759	5918	2008.021581
current climate	0.4231	1.2715	3	199	678	2011.142045
cycle	0.5758	0.0541	4	906	9108	2009.115632
dam	0.7566	-0.7703	2	131	354	2008.134831
damage	0.3352	-0.8383	2	233	802	2009.428672
data	-0.4228	0.0676	1	1386	76250	2008.849817
data assimilation	-0.8339	0.6277	1	161	446	2011.91129
database	-0.3744	0.0622	1	468	2024	2011.009739
dataset	-0.8331	0.0134	1	657	4228	2012.492063
date	-0.1438	0.24	5	767	5696	2008.781013
davis strait	0.9338	0.4879	4	192	614	2008.421525
debris	0.0518	-0.0074	5	487	2430	2007.542321
decadal	-0.5717	0.2161	1	364	1584	2011.563199
decay	0.7272	-0.2004	4	334	1244	2007.653232
decline	0.2359	0.7198	3	491	2650	2009.893655
decomposition	-1.0584	0.3576	1	164	542	2009.869063
deep	0.5196	-0.7057	2	272	906	2007.233692
deep water	1.2006	-0.4985	4	219	792	2006.687816
deficit	0.1701	1.0345	5	241	848	2008.087049
deformation	0.1148	-0.9295	2	593	4180	2007.663668
deglaciation	0.6617	0.4479	5	426	2014	2008.650208
degradation	-0.4355	0.6692	1	221	652	2011.065225
delay	0.5074	0.2141	5	285	984	2008.579495
delineation	-0.7041	0.2817	1	335	1262	2009.939394
delivery	0.7856	-0.3164	4	495	2748	2010.271394
delta	0.2837	0.4074	5	348	1324	2007.83363
dendrochronology	0.6565	0.2229	5	104	332	2009.630058
denmark	0.931	-0.0326	4	174	552	2007.937363
densification	-0.9655	-0.5151	6	394	2248	2010.030928
density	-0.4563	-0.2438	6	924	11168	2008.013051
dependence	-0.2026	-0.1766	2	640	3596	2007.840071
deployment	-0.1061	-0.5207	1	210	564	2010.371901
deposition	0.0331	0.5055	3	310	1220	2008.05739
deposits	0.4136	0.1021	5	304	962	2008.340778
depression	0.345	-0.5686	5	380	1684	2007.650097
depth	0.2007	-0.5915	4	1088	17520	2008.424673
description	-0.0649	-0.0619	2	437	1818	2008.463605
design	-0.3932	-0.1942	1	425	1770	2010.581328
detachment	0.5214	-0.9601	2	230	778	2007.707937
detail	-0.3586	-0.0016	1	610	3496	2008.325282
detection	-0.7405	-0.2202	1	823	7826	2009.603252
detector	-0.729	-0.6739	1	327	1284	2007.972743
determination	-0.8971	-0.4235	1	545	3306	2007.484902
development	-0.24	-0.449	1	844	7580	2008.720806
devon	-0.794	0.5437	5	417	2240	2005.618257
diameter	-0.3731	-0.7672	1	198	534	2007.263065
diatom	1.0575	0.009	4	130	372	2007.788872
difference	-0.6268	0.2858	1	879	8454	2008.353517
differentiation	-0.8716	0.0372	1	131	322	2009.166072
diffusion	0.6256	-0.1811	2	232	686	2007.538498
digital	-0.8195	-0.1303	1	457	2574	2009.777457
digital elevation model	-0.8369	0.0306	1	903	13950	2011.723433
direct	0.1213	-1.0145	4	212	640	2008.210247
direct measurements	0.8749	-0.4611	4	321	1284	2008.273092
discharge	0.7559	-0.0828	4	1111	21860	2009.968547
discovery	0.0475	0.2964	5	144	358	2009.916721
discrepancies	-0.1661	0.0497	6	516	2458	2008.348934
discrimination	-0.767	-0.4637	1	250	740	2008.968
disintegration	0.3519	-0.2374	2	342	1384	2008.787356
disko	0.9043	-0.0887	4	283	1048	2007.823333
dispersal	0.2185	-0.7604	2	250	744	2009.272755
displacement	-0.4964	-0.5976	1	662	4614	2008.077434
dissipation	0.6373	-0.8553	2	212	670	2008.963289
distance	-0.018	-0.5056	1	699	4654	2008.760466
distribution	-0.1225	-0.2092	1	1132	17276	2008.398254
diurnal	-0.4819	-0.479	2	149	420	2006.108434
diurnal cycle	-0.6352	-0.5377	2	105	292	2007.8875
diurnal variation	-0.4805	-0.4521	2	230	808	2006.634006
divergence	-0.1448	-0.6405	4	316	1220	2009.013309
diversity	0.2593	-0.0343	4	212	560	2010.578345
domains	-0.8236	-0.17	1	182	476	2009.822976
dome	-0.2805	0.5089	3	221	696	2008.285893
dominance	0.2001	0.8451	3	263	964	2008.872257
doppler	0.4797	-0.6458	4	149	368	2006.86376
doubling	0.8054	0.3197	4	285	1014	2006.720126
downscaling	-0.509	0.9557	3	284	1184	2012.79878
draft	1.0993	-0.0709	4	116	320	2009.951673
drag	0.4279	-0.7639	2	451	2304	2008.382867
drainage	0.2186	-0.6703	2	1060	22104	2008.81777
drainage basin	-0.324	0.0304	1	356	1386	2007.608434
drawdown	1.2842	-0.11	4	139	400	2009.597015
drift	0.3557	0.0569	4	555	2822	2007.53137
drilling	0.2641	0.1873	5	217	680	2009.19218
drivers	0.4871	0.7013	3	495	2788	2015.214206
duration	-0.4226	0.3114	1	662	4838	2008.532595
dust	-0.0412	0.1017	6	212	644	2009.168189
dye	-0.3058	-0.4744	2	160	446	2004.74
dynamics	0.32	-0.363	2	1281	36982	2010.313072
earth	-0.3508	0.2069	1	915	10558	2010.179198
earthquakes	0.3495	-1.0185	2	276	1420	2009.039593
east	0.1872	-0.1282	4	866	8316	2008.607533
eastern	-0.6559	0.1808	1	274	908	2008.869757
ecmwf	-0.3984	1.1835	3	277	1124	2008.705179
ecology	0.3113	-2e-04	4	202	598	2009.579615
ecosystem	0.7254	-0.2899	4	410	1844	2011.299513
eemian	0.4657	1.0575	5	247	1062	2007.367847
effects	0.2292	0.0516	4	1246	27770	2008.834618
efficiency	-0.191	-0.6765	2	425	2106	2009.198697
effort	-0.079	-0.326	2	419	1758	2009.28
ela	-0.1339	0.8137	5	419	2338	2008.354167
elements	0.1059	-0.4683	2	515	2568	2008.706361
elevation	-0.774	0.0636	1	1236	41252	2009.824954
emergence	0.4264	-0.2564	2	257	798	2009.419162
emissions	-0.1927	0.7911	3	609	4604	2009.691385
empirical	0.3684	0.6759	3	186	532	2009.435484
energy	-0.1157	0.2624	3	948	11358	2008.723489
energy balance	-0.2158	0.6041	3	419	1934	2008.914956
enhanced	-0.0856	-0.4596	1	358	1346	2009.105949
ensemble	0.2812	0.9377	3	396	2166	2012.843972
entrainment	1.0897	-0.4894	4	241	1054	2006.92671
environment	-0.043	-0.2016	1	855	7322	2009.620856
environmental	-0.6822	0.8697	3	239	720	2009.652452
environmental changes	-0.5454	0.3733	1	170	458	2011.631369
environmental conditions	-0.2086	-0.2521	1	163	426	2011.073304
envisat	-1.0811	0.0815	1	351	1622	2011.143695
episode	0.502	-0.5161	6	160	412	2007.181633
epoch	-0.8696	0.423	1	258	812	2008.713287
equilibrium	0.1926	0.6763	3	769	7888	2007.331412
equipment	-0.7099	-0.5177	1	152	438	2009.821326
era-40	-0.4628	1.2093	3	278	1158	2009.710145
era-interim	-0.3476	1.1533	3	366	1824	2015.76381
erosion	0.5346	-0.0632	4	553	2994	2008.588984
error	-0.9203	-0.0819	1	940	13742	2009.089766
ers	-1.2221	-0.1839	1	213	794	2004.297143
ers-1	-1.3253	-0.2983	1	203	740	2000.170455
eruption	-0.2594	0.6315	5	256	966	2008.698131
esa	-1.2261	-0.1435	1	286	1226	2013.197861
establishment	0.3676	-0.926	6	182	564	2009.077273
estimate	-0.6009	-0.0107	1	990	12924	2009.037943
europe	0.1333	0.9481	3	214	662	2009.264767
european	-0.7529	0.5824	1	407	1786	2008.535922
evaluation	-0.634	0.4366	1	639	4572	2010.494567
evaporation	0.1783	1.439	3	218	850	2007.500434
events	0.3357	-0.5754	2	1107	20014	2008.940003
evolution	0.1853	-0.1466	2	1087	19706	2009.317419
excess	0.5119	-0.5603	2	341	1406	2006.587452
exchange	1.0006	-0.2291	4	485	2910	2008.103913
expansion	0.5263	0.181	5	637	4574	2010.313347
expedition	-0.6236	0.1197	1	295	1006	2008.265986
experimental	-0.9119	-0.4885	1	314	1294	2008.538829
experiments	-0.069	0.0993	3	1054	14770	2008.056984
explanation	0.5034	0.0383	4	365	1414	2007.120259
exploration	0.2805	-0.3081	1	200	548	2009.280242
export	1.1241	-0.1572	4	341	1526	2009.527633
exposure	0.3261	0.3322	5	324	1164	2009.120837
expression	-0.5373	-0.7721	6	199	540	2010.221853
extension	0.2554	-0.2685	2	438	1870	2007.564542
extent	-0.1092	0.4511	5	1073	17560	2009.292904
extraction	-0.5223	-0.2751	1	357	1300	2009.332489
extrapolation	-0.6268	0.6294	3	436	2302	2007.606469
extreme	-0.0564	1.0283	3	244	860	2011.052923
face	0.9842	-0.7306	4	439	2496	2010.409917
facies	-0.6637	0.3476	1	338	1214	2005.955224
failure	-0.0475	-0.7102	2	390	1646	2009.185744
fall	0.5997	-0.3112	4	517	2918	2008.13205
fast	0.0869	-0.5258	2	362	1464	2008.050903
fate	0.77	0.0927	4	312	1046	2010.213755
fault	0.1874	-0.8179	2	262	842	2007.03453
feasibility	-0.9353	-0.1364	1	289	1038	2009.413978
features	-0.3585	-0.3357	1	912	8670	2008.398624
feedback	0.5352	0.7641	3	739	7478	2010.893652
fidelity	-0.9027	0.7354	1	179	478	2009.813596
field	-0.1924	-0.0826	1	1199	23456	2008.149599
field data	-0.0473	0.3675	6	383	1566	2008.705882
field measurements	-0.5627	0.1621	5	339	1466	2009.733042
field observations	0.0319	-0.7585	4	405	1682	2009.606725
filter	-0.8936	-0.079	1	450	2170	2008.739821
fiord	0.789	0.0817	5	172	488	2004.774336
firn	-0.554	-0.3025	6	813	10190	2008.438931
fit	-0.0857	0.1116	1	284	882	2009.546259
fjord	0.9737	-0.2093	4	1019	18714	2010.034467
flexure	0.8374	-1.0268	2	226	838	2008.367742
flight	-0.9124	-0.6224	1	347	1588	2007.375
floats	0.7644	-0.7948	2	200	620	2010.247475
flood	0.2074	-0.4194	2	453	2118	2008.873819
flow	0.2681	-0.6243	2	1249	36596	2008.227829
fluctuations	0.3807	0.166	5	819	8330	2007.651355
fluid	0.4309	-0.8707	2	290	1058	2008.294565
flux	0.7655	0.1441	4	1082	18540	2008.597609
focus	-0.0354	0.0701	1	434	1834	2011.577425
footprint	-0.7968	-0.5351	1	442	2344	2010.881764
force	0.4635	-0.7086	2	619	4376	2008.698212
forcing	0.6384	0.4345	3	1083	19338	2009.808603
forecasts	-0.0447	0.6874	3	485	2532	2011.270248
forest	-0.2027	-0.0914	1	243	808	2009.036828
formation	0.2716	-0.252	2	880	8224	2008.321264
foundation	-0.3143	-0.077	1	152	402	2010.923077
fourier	-0.6181	-0.5415	1	205	540	2008.68
fraction	0.418	-0.0779	4	641	3932	2008.456562
fracture	0.162	-0.9644	2	610	4584	2008.190557
fragments	0.2686	-0.4559	1	250	734	2008.17335
framework	0.3874	-0.059	4	600	3604	2011.28923
freeboard	-0.8483	-0.6195	1	247	1034	2012.248588
freeze-up	-0.4385	0.8336	3	213	656	2009.512195
freezing	-0.3238	0.4384	6	389	1618	2008.624187
frequency	-0.3617	-0.4884	1	789	6574	2008.248973
fresh water	1.0476	-0.4653	4	228	816	2007.136691
freshening	1.2707	-0.1269	4	228	840	2009.964444
freshwater	1.0097	-0.0049	4	833	9414	2009.714453
freshwater flux	0.9752	0.3107	4	444	2474	2009.04375
freshwater input	0.916	0.2442	4	175	506	2011.041667
friction	0.214	-0.8956	2	433	2432	2008.164474
front	0.5243	-0.6437	2	1043	16898	2007.825421
frontal	0.7103	0.2218	5	268	1066	2005.919765
function	-0.122	-0.4101	2	737	5506	2008.530959
fusion	-1.015	0.4164	1	165	462	2008.521036
future	0.4428	0.3784	3	890	9436	2011.886201
future climate	0.4631	0.999	3	355	1662	2012.298684
future research	-1.0247	-0.3287	1	184	556	2011.822917
gap	-0.3967	-0.3011	1	606	3492	2011.364048
gas	0.4887	0.8618	3	403	2086	2009.18628
gases	0.871	0.8936	3	173	562	2008.364299
gaussian	-0.7096	-0.3868	1	213	632	2010.20625
gcm	0.2282	1.0911	3	368	2144	2006.636275
general circulation model	0.5084	0.9612	3	324	1534	2008.289072
generation	-0.1429	0.0988	1	621	3504	2009.018917
geologic	-0.0151	0.1978	1	172	504	2006.98234
geology	0.5821	-0.3619	4	213	558	2008.706341
geometry	0.4097	-0.4815	2	979	14420	2008.870779
geomorphology	0.8125	0.0276	5	148	400	2010.528977
geophysical	-0.4163	-0.39	1	245	650	2008.193421
georgia	-0.2665	0.9941	5	101	306	2005.96036
geothermal	0.7243	0.0628	2	206	676	2008.716129
gia	-0.6752	-0.7212	2	142	442	2013.51711
gis	0.2434	0.5812	5	612	3996	2010.110721
glacial	0.4427	-0.1096	5	673	3896	2009.051526
glacial cycle	0.6819	0.8941	5	199	816	2009.396999
glacial erosion	0.8594	0.0097	4	181	580	2008.723464
glacial geomorphology	0.7989	0.4213	5	155	464	2011.759563
glacial ice	0.4017	-1.0234	2	201	680	2008.529052
glacial isostatic adjustment	-0.6145	-0.6391	2	196	806	2012.813889
glacial maximum	0.6352	0.423	5	220	718	2010.369629
glacial meltwater	1.1303	-0.0917	4	278	1146	2010.529412
glacial period	0.9695	0.3944	5	238	804	2008.592528
glacial retreat	0.5306	0.3383	5	253	838	2010.773256
glaciation	0.5177	0.4184	5	319	1092	2007.663006
glacier	0.1815	-0.2192	5	1404	101946	2009.876697
glacier dynamics	0.2861	-0.5595	2	706	5910	2011.973214
glacier ice	-0.3195	-0.1545	1	495	2308	2008.493464
glacier mass balance	-0.3429	0.6687	3	655	5120	2011.534314
glacier retreat	0.5488	0.3508	5	598	4264	2012.934028
glaciology	-0.0769	-0.6884	2	653	4408	2010.770202
global	-0.7445	0.0961	1	682	5312	2010.049364
global climate	-0.4785	0.5302	1	319	1150	2010.399116
global climate models	0.5599	0.9023	3	264	1118	2011.371941
global ocean	0.9057	0.1324	4	133	402	2011.23741
global sea level	-0.4879	0.5571	3	444	2122	2010.078947
global warming	0.136	0.9949	3	150	480	2011.050467
globe	-0.3542	0.5479	1	239	850	2010.753165
gpr	-0.6639	-0.4721	6	478	2986	2011.732203
gps	-0.3894	-0.7196	1	796	7916	2011.397634
grace	-0.6629	0.7229	3	547	5116	2012.93858
gradient	-0.0918	-0.127	6	864	8812	2008.605746
grain	-0.2021	-0.0579	6	314	1256	2008.961122
grain size	-0.5184	-0.3838	6	120	420	2009.675
gravity	-0.4405	0.3556	3	656	5556	2008.659201
greenhouse	0.5015	0.9334	3	420	2378	2010.141546
greenhouse gas emissions	0.4066	0.5714	3	139	430	2013.902597
greenhouse gases	0.734	1.1037	3	131	414	2010.01027
greenland	0.3127	0.0877	4	1380	96670	2008.04131
greenland current	1.16	0.0419	4	265	1068	2007.489676
greenland ice sheet	0.3842	0.1453	4	1209	33924	2012.734975
grid	-0.3591	-0.0544	2	619	4110	2008.514164
gris	0.065	0.7373	3	973	15150	2015.252525
grounding	0.7689	-0.5158	2	417	2112	2010.866795
group	-0.4248	-0.6536	1	256	820	2007.95978
growth	0.4198	-0.2165	4	760	5430	2007.964687
hadcm3	0.4205	0.9844	3	140	414	2009.640523
hand	0.2463	-0.1324	2	310	1062	2008.390663
hazard	-0.0371	-0.2794	1	386	1392	2012.14876
head	0.8558	-0.3481	5	325	1310	2007.610218
heat	0.7889	-0.0082	4	948	13038	2008.894185
heat content	1.0882	0.0543	4	171	610	2011.271523
heat flux	1.1256	-0.2277	4	249	876	2008.44591
heat transport	1.2508	-0.3953	4	218	798	2010.233533
height	-0.2341	-0.217	1	875	8280	2008.844619
hemisphere	0.3939	0.7799	5	471	2438	2009.014397
heterogeneity	-0.2771	0.1453	6	302	1142	2010.395911
high altitude	0.2366	0.9572	5	138	384	2008.589971
high latitudes	-0.1557	0.5581	1	303	982	2008.289567
high spatial resolution	-0.4757	0.2825	1	232	756	2011.610092
high temperatures	0.6126	-0.0291	2	179	518	2007.834793
high-frequency	0.0998	-0.944	2	308	1104	2009.040142
high-precision	-1.2808	-0.5568	1	111	318	2010.400966
high-pressure	0.5521	0.4071	3	275	1072	2009.278161
high-resolution	-0.3638	0.1369	1	978	12076	2010.248214
himalaya	-1.0161	0.2554	1	246	888	2011.091295
historical	-0.1535	0.9345	5	191	536	2009.214912
history	0.4455	0.1373	5	657	4604	2008.523128
holocene	0.6877	0.3922	5	478	2712	2008.578947
homogeneity	-0.651	0.2277	1	174	440	2007.956912
horizon	-0.6248	-0.3343	6	155	450	2008.766626
horizontal resolution	0.0465	0.6698	1	209	602	2008.945455
hornsund	0.4895	-0.5502	4	271	1090	2012.555556
hpa	-0.4413	1.2386	3	244	972	2008.380522
hudson	0.8194	0.3349	5	194	554	2006.643807
humidity	-0.3007	0.8761	3	184	618	2009.347264
hydrographic	1.3792	-0.0678	4	175	582	2007.239554
hydrographic data	1.2902	-0.2071	4	182	600	2005.686747
hydrography	1.081	-0.3188	4	266	1070	2008.160574
hydrological processes	0.0411	-0.3883	6	255	828	2013.13125
hydrology	0.3157	-0.6363	2	831	10100	2010.90501
hypotheses	0.4845	-0.7955	2	165	478	2009.144207
hypothesis	0.8419	-0.1251	2	396	1940	2008.194871
hysteresis	0.1733	0.1518	2	216	614	2008.317895
ice	0.0895	0.0237	2	1413	139028	2008.860178
ice age	0.5151	0.5235	5	520	3432	2008.966337
ice cap	-0.3634	0.5703	5	983	14518	2008.576882
ice cores	0.0426	0.7873	3	511	3002	2007.335439
ice dynamics	-0.2239	-0.4738	2	822	10262	2011.639485
ice edge	0.9156	0.362	4	185	594	2006.195122
ice flow	0.3298	-0.8635	2	755	8210	2009.872945
ice formation	-0.2112	0.8025	6	118	352	2008.512315
ice front	0.7593	-0.8974	2	369	1934	2008.57672
ice loss	0.3299	0.7108	3	566	4252	2014.487889
ice mass	0.0291	-0.5991	2	389	1732	2009.244792
ice motion	-0.36	-1.2229	2	403	2670	2007.140909
ice sheet	0.0801	0.2333	3	1342	61222	2008.394118
ice sheet dynamics	0.2677	-0.469	2	446	2432	2011.219178
ice shelf	0.5666	-0.3609	2	480	2626	2010.121343
ice shelves	0.2503	-0.5343	2	614	4246	2011.562988
ice streams	0.0481	-0.613	2	590	4234	2008.830137
ice surface	-0.6367	-0.5082	1	565	3542	2007.998565
ice thickness	-0.2952	-0.653	5	735	7154	2009.211783
ice velocity	-0.531	-0.8081	2	617	5644	2010.729508
ice volume	-0.1285	0.5788	5	531	3100	2008.747554
icebergs	0.5889	-0.3817	2	887	11094	2008.675271
icefield	-0.4221	0.4083	5	605	4178	2009.770492
iceland	-0.0199	-0.2674	2	581	3686	2008.214375
icesat	-1.1936	0.0017	1	658	7042	2012.139159
identification	-0.5045	-0.0223	1	578	2812	2009.939059
imagery	-0.4387	-0.0735	1	1027	16678	2010.027404
images	-0.7451	-0.036	1	1039	18128	2009.851773
imbalance	-0.0441	0.6802	3	340	1502	2009.882784
impact	0.4248	0.1644	4	1164	20976	2011.1545
implementation	-0.4466	-0.4209	6	444	1812	2012.128733
implications	0.3215	-0.2589	4	865	8238	2008.957655
improvement	-0.6958	0.182	1	584	3412	2010.609009
inception	0.7243	0.6394	5	167	430	2008.76506
incidence	-0.7808	-0.3062	1	160	390	2007.699477
incision	0.5245	-0.7932	2	204	704	2009.59751
inclusion	-0.3917	-0.0591	1	456	1992	2008.715721
incorporation	0.0821	0.4819	6	184	544	2007.639228
index	-0.146	0.7212	3	604	4030	2009.733438
indices	-0.4593	0.4362	1	636	3898	2009.479934
inference	-0.1328	-0.9333	2	154	386	2010.406107
infiltration	-0.4905	-0.5513	6	295	1388	2009.361111
inflow	1.1579	-0.0749	4	358	1718	2008.946292
influence	0.4946	0.011	4	1028	13374	2009.717142
information	-0.4041	-0.165	1	982	11336	2009.67229
infrastructure	-0.0981	-0.0274	1	234	690	2013.719864
initial conditions	0.4282	0.3787	2	191	688	2009.632653
initiation	0.1137	-0.5246	2	408	1742	2008.403696
injection	0.224	-0.585	2	288	968	2008.565722
inland	0.3499	-0.7519	2	700	6104	2008.910801
insar	-1.038	-0.4389	1	424	2414	2011.974684
insight	-0.2184	0.0422	1	456	1866	2011.173112
insolation	0.5502	0.9424	3	303	1224	2009.002281
instability	0.7108	-0.3248	2	439	2248	2008.089958
instrument	-0.9231	-0.2823	1	658	4938	2008.390639
integration	-0.7027	0.3072	1	339	1202	2009.269083
intensity	-0.5577	-0.217	1	527	2986	2008.970237
interactions	0.5392	-0.3142	4	859	8108	2009.581424
interannual	-0.3792	0.6779	3	306	1282	2007.764706
interannual variability	-0.2623	0.866	3	550	3520	2009.34307
interannual variations	-0.2168	0.7794	3	300	1142	2009.136035
intercomparison	-0.3357	0.9902	3	389	2098	2012.078383
interface	0.3754	-0.7505	2	669	4902	2008.784137
interferometer	-0.235	-1.0308	2	193	618	2008.023936
interferometry	-0.8859	-0.5982	1	427	2340	2008.475275
interglacial	0.8259	0.9624	5	171	616	2008.241164
interior	0.3598	-0.0911	4	741	5522	2008.54476
intermediate	1.0321	0.2613	4	175	500	2007.526971
international	-0.6775	0.0902	1	359	1394	2009.154964
interpolation	-0.8917	-0.1541	1	504	3044	2009.545906
interpretation	0.0848	-0.3252	5	567	3172	2007.927664
introduction	0.1184	-0.7155	6	167	438	2009.308432
intrusion	0.7611	-0.4211	4	284	1002	2007.462904
inundation	0.5116	0.1872	5	133	324	2010.050691
inventory	-0.6322	0.6082	1	563	4684	2010.281274
inversion	-0.1939	-0.6364	2	621	4000	2008.510833
ipcc	0.1549	0.7724	3	363	1690	2010.65261
ipy	-1.0252	0.3287	1	170	484	2011.458065
irminger	1.1715	0.2824	4	283	1198	2009.138686
island	-0.172	0.3191	5	901	10098	2007.713057
isotope	0.7993	0.7623	5	136	378	2009.3991
italy	-1.0995	0.6672	1	118	338	2009.02682
jakobshavn	0.1757	-0.8033	2	765	8548	2011.971591
jet	0.6153	-0.1502	4	231	634	2009.493425
john	-0.2374	-0.1515	6	473	2266	2007.984218
kangerlussuaq	0.5172	0.2617	4	421	2468	2009.850515
kara	0.2474	0.7416	3	118	344	2008.534553
key	-0.12	-0.2944	6	393	1818	2010.680262
king	-0.1726	-0.0613	5	347	1430	2008.958735
knowledge	-0.0899	-0.3208	1	829	7274	2011.311559
kongsfjorden	1.0403	-0.3188	4	254	974	2011.806452
l-band	-1.0117	-0.0614	1	251	846	2012.949721
laboratory	0.0514	-0.5808	4	445	1856	2007.465259
laboratory experiments	0.6757	-0.8068	4	144	466	2007.86255
labrador	0.9969	0.2369	4	309	1300	2007.444614
lacustrine	1.1308	-0.391	5	133	358	2007.772586
lag	0.1706	-0.5007	5	339	1338	2008.722821
lagrangian	0.8439	-0.4208	2	150	378	2009.527778
lake	0.1666	-0.5283	2	1015	15452	2008.594336
lake level	0.9074	-0.6892	2	145	416	2008.85623
land	-0.4277	0.2325	1	1063	14998	2009.148895
landforms	0.1715	0.2456	5	160	446	2009.879603
landsat	-0.7004	0.2181	1	741	7068	2010.33532
landscape	0.1261	-0.0171	5	397	1630	2011.306963
landslides	-0.4741	-0.7647	1	119	294	2012.366438
language	0.7505	-0.2307	4	710	5438	2016.599415
large	0.3643	-0.4069	2	468	2136	2008.616924
large-scale	-0.2541	-0.1813	1	258	800	2008.937922
large-scale circulation	1.2959	0.1768	4	176	470	2009.435644
larsen	-0.377	-0.3457	1	274	976	2010.046875
laser	-1.0107	-0.2633	1	835	11096	2009.589474
late summer	0.7802	-0.2622	4	377	1704	2008.352034
latent	0.484	0.4783	3	267	1064	2008.406082
latent heat	0.1967	-0.5171	6	261	920	2008.125475
latitude	-0.012	0.6385	3	445	2008	2007.895631
laurentide	1.0976	0.1392	5	197	598	2007.304817
laurentide ice sheet	1.1173	0.1563	5	180	510	2008.738836
law	0.4147	-0.8583	2	428	2194	2008.30754
layer	0.1931	-0.4146	6	1043	15272	2008.050692
lead	-0.2445	-0.27	1	395	1658	2008.141769
leakage	0.5383	0.2938	4	209	728	2009.618911
length	-0.1506	0.0413	5	859	8206	2007.902115
lenses	-0.3498	-0.4714	6	211	634	2006.774295
levels	0.094	-0.1153	4	710	4408	2008.087057
lgm	0.8083	0.4667	5	184	486	2009.82967
lia	0.4934	0.6148	5	367	2156	2011.530945
lidar	-0.9494	-0.3911	1	609	5134	2009.528468
life	-0.3912	-0.4394	1	222	608	2009.496831
light	-0.0697	-0.1363	1	412	1604	2008.497181
likelihood	0.3891	-0.0367	2	277	974	2010.108475
limit	0.0154	-0.1539	1	764	5826	2008.405998
line	0.1864	-0.1975	2	1031	15424	2008.353935
links	0.3733	0.4934	3	371	1360	2010.597109
liquid water	-0.7104	-0.1839	6	480	2544	2009.581292
list	-0.7354	-0.4951	6	163	420	2010.001938
literature	-0.1107	0.125	5	537	2566	2009.415346
little ice age	0.4838	0.5268	5	392	2136	2009.720812
loading	0.6403	-0.4846	4	235	736	2008.487434
lobe	0.5504	-0.0425	5	174	546	2007.910569
locality	0.0315	-0.7278	1	169	434	2008.559969
location	-0.0745	-0.5405	1	862	7214	2008.984732
long-term	0.5158	0.0152	4	190	544	2009.940375
long-term changes	-0.03	0.1467	6	200	596	2010.047945
long-term trends	-0.4484	0.9731	3	253	908	2010.221667
longwave	-0.0611	1.1363	3	176	524	2009.39418
longwave radiation	-0.1541	1.2525	3	146	440	2010.547368
loss	0.2362	0.5894	3	1232	41052	2009.572836
magnitude	0.3723	0.0151	2	1026	14384	2008.764211
mainland	-0.0654	0.8563	5	132	352	2008.191358
maintenance	0.1581	0.0027	1	216	604	2008.36166
management	-0.0693	0.1417	1	346	1308	2011.487395
map	-0.6382	0.228	1	900	11120	2009.260049
mapping	-0.7086	-0.107	1	766	7046	2009.719953
mar	0.0148	1.1603	3	487	3372	2008.99278
margin	0.4546	-0.1769	5	1135	21486	2007.943292
marine	0.8018	0.1541	4	614	4150	2009.464672
maritime	0.1885	0.6342	5	318	1220	2009.976892
mass	0.0425	0.4768	3	1369	74592	2008.546102
mass balance	-0.3744	0.5997	3	1091	22832	2009.052377
mass loss	0.4631	0.574	3	968	16104	2012.661626
match	-0.6788	-0.0581	1	413	1728	2009.540171
materials	-0.229	-0.6028	2	166	406	2009.392738
matrix	-0.4989	-0.4942	6	180	480	2008.834951
maximum	0.3481	0.3826	5	802	6384	2008.02311
maximum extent	0.2905	0.6111	5	191	600	2008.723077
mean	-0.1949	0.6102	3	947	11354	2008.418412
measurements	-0.4271	-0.2639	1	1317	43750	2008.052338
mechanisms	0.5646	-0.591	2	1027	15496	2009.236736
medieval	0.4666	0.5126	5	157	442	2010.704545
melt	0.396	0.1862	4	1349	60948	2009.845955
meltwater	0.6096	-0.2926	4	1199	32120	2009.245847
mesh	0.6929	-0.1663	2	139	374	2009.013699
mesoscale	-0.2083	1.0034	3	163	500	2008.07772
metamorphism	-0.6741	-0.0368	6	191	638	2006.659204
meteorological	-0.275	0.6447	3	424	1888	2007.852068
meteorological conditions	-0.4732	0.1833	1	274	934	2009.163205
meteorological data	-0.1347	1.043	5	266	1014	2009.253165
meteorological stations	-0.1044	1.2369	3	210	668	2012.078431
method	-0.6118	-0.2047	1	1200	27358	2009.830294
methodology	-0.722	-0.116	1	633	3920	2011.295783
metrics	-0.7547	0.507	1	173	512	2014.812392
mg	0.8393	0.0448	4	148	376	2007.101832
microwave	-0.9181	0.3287	1	599	4830	2008.54041
mid-1990s	0.8976	0.8206	3	330	1514	2010.862559
migration	0.0997	-0.704	6	416	2058	2008.7381
millennium	0.7056	0.7967	3	212	624	2010.497959
minimum	0.4064	0.3379	4	353	1356	2007.387903
mining	-0.3461	-0.876	1	124	316	2010.723278
mismatch	-0.276	0.0569	2	148	390	2011.443769
mission	-0.9371	-0.3253	1	735	7476	2010.545273
mitigation	0.0673	0.5614	1	166	456	2013.45799
mixing	0.9883	-0.6071	4	333	1444	2008.011628
mixture	0.9556	-0.466	4	262	1002	2008.223491
mobility	-0.4325	0.0445	1	188	450	2009.179399
mode	-0.0253	-0.1759	1	746	5338	2009.290859
model	0.1187	0.1655	3	1395	83698	2009.337703
model performance	-0.2569	0.215	6	243	832	2012.341463
model simulations	0.3076	0.5017	4	373	1528	2010.372611
modeling	0.2096	0.0971	2	1141	21278	2009.934739
moderate resolution imaging spectroradiometer	-0.6086	0.8018	3	407	2226	2013.266272
modern	0.0944	0.8315	3	177	468	2009.175637
modification	0.2284	0.3365	3	229	706	2007.905808
modis	-0.4767	0.4545	1	633	5422	2013.329356
modulation	0.7922	-0.6433	2	126	312	2009.339816
module	-0.1656	0.5223	1	248	734	2011.313869
moisture	-0.4529	0.8231	3	398	1768	2009.760344
moment	0.091	-0.8761	2	195	592	2008.200787
monitoring	-0.555	-0.0713	1	916	9314	2010.807096
monte carlo	-0.4773	-0.2949	1	343	1350	2009.492891
moorings	1.3459	-0.2675	4	213	830	2010.383104
moraines	0.5486	-0.0081	5	452	2586	2008.685455
morphology	-0.0172	-0.6254	2	510	2854	2008.65515
mosaic	-0.9594	-0.37	1	197	604	2008.656347
motion	-0.156	-0.8745	2	877	12046	2007.241081
mountain glaciers	-0.3014	0.4883	1	580	3942	2012.288372
mountains	-0.4667	0.3369	1	830	8556	2008.872376
mouth	1.2053	-0.1978	4	326	1368	2008.46224
movement	-0.2067	-0.428	1	614	3154	2008.271565
ms	0.2633	-0.2126	4	162	390	2008.166667
mt	-0.7635	0.6	5	185	594	2007.98715
multibeam	-0.0833	-0.8352	4	271	1036	2011.18123
multivariate	-0.8414	0.0676	1	121	294	2009.5132
nao	0.4309	0.9904	3	332	1726	2010.32948
nasa	-0.8738	-0.0328	1	678	5772	2008.399776
national	-0.394	0.1423	1	622	3774	2008.772338
national park	0.5762	0.3151	5	228	700	2009.008333
nature	0.008	-0.4874	2	582	3020	2008.617072
navigation	-0.7379	-0.2596	1	270	914	2012.838636
ncep-ncar	-0.4385	1.1119	3	175	482	2007.715847
near-surface	-0.5128	0.6013	3	398	1784	2010.043197
negative correlation	-0.7442	0.5555	3	149	398	2009.317808
negative feedback	0.3996	0.9997	3	196	604	2009.88961
neoglacial	0.5658	0.2184	5	140	384	2008.657258
net	-0.0269	0.8568	3	259	904	2007.445437
network	-0.0245	-0.5851	2	842	8328	2010.903467
new data	0.172	-0.0679	5	235	744	2009.342942
noaa	-0.7888	0.8946	3	174	530	2007.517241
noise	-0.5099	-0.5958	1	533	2958	2009.477697
nonlinear	0.2413	-0.6703	4	178	516	2009.752443
nordic	0.2922	0.6542	5	170	446	2009.580058
north	0.3603	0.6293	3	1006	13642	2008.467015
north atlantic	0.9575	0.1845	4	153	446	2005.722841
north atlantic oscillation	0.4191	0.8792	3	181	644	2011.363296
northern	0.3107	0.6514	5	643	4120	2008.895353
northwest	0.0499	-0.042	4	421	1982	2007.741751
norway	-0.188	0.378	5	448	2096	2008.07857
norwegian	-0.1346	0.0691	5	266	838	2006.948859
novaya	-0.5958	1.1824	3	231	982	2008
novaya zemlya	-0.5955	1.1581	3	217	912	2007.833828
novel	-0.5799	-0.4277	1	402	1694	2011.739247
numerical	0.173	-0.7509	2	312	1084	2008.275796
numerical experiments	0.686	0.0981	2	184	582	2008.379421
numerical model	0.6124	-0.6392	2	555	3160	2009.402024
numerical simulations	0.3501	-0.5097	2	335	1218	2010.703281
nunavut	-0.679	0.5815	5	442	2682	2010.865177
nutrients	1.0156	-0.1065	4	250	946	2008.853671
nuuk	0.6555	0.3989	5	155	426	2010.293478
o-18	0.6509	0.7777	5	145	432	2010.996841
objective	-0.5174	0.1275	1	354	1258	2010.084737
observational data	0.2556	0.528	4	207	638	2009.774451
observations	0.0843	-0.1877	2	1373	53916	2008.908539
occurrence	0.1041	0.1413	3	578	3208	2008.878622
ocean	0.788	0.0119	4	1117	21740	2009.205801
ocean circulation	1.045	0.2264	4	400	1884	2010.079327
ocean currents	0.8546	-0.0641	4	232	804	2009.711055
ocean model	0.9156	0.3395	4	218	682	2009.497065
ocean temperature	0.8787	0.573	3	464	3132	2012.016216
oceanography	1.0362	-0.4053	4	213	620	2008.652819
offset	-1.0329	-0.0092	1	414	1974	2008.77455
offshore	0.4854	0.1344	4	203	650	2009.436948
oil	-0.3352	0.3101	1	170	422	2008.786318
onset	-0.2588	0.0116	1	729	5722	2008.982999
open water	-0.0823	0.6647	3	199	590	2007.546044
opening	0.0797	-0.8196	2	295	1244	2008.074957
operation	-0.5461	-0.1533	1	657	4088	2010.347293
optical	-1.2148	-0.1468	1	227	770	2008.535777
optimization	-0.5665	-0.1418	1	314	1092	2011.222714
optimum	0.5782	0.7263	5	180	564	2008.096154
orbit	-1.2044	-0.253	1	275	1072	2008.524284
order	-0.1045	-0.176	1	1005	13084	2008.447395
orientation	-0.4838	-0.7562	1	328	1242	2007.578043
origin	0.431	-0.1031	4	602	3292	2007.989853
orography	0.5644	1.0534	3	122	366	2007.740196
oscillation	0.3018	0.7353	3	699	5782	2009.592581
outcomes	-0.1659	-0.9161	2	117	280	2011.660682
outflow	0.8678	-0.3744	4	347	1364	2007.944625
outlet glaciers	0.5982	-0.362	2	980	16318	2010.911765
outlets	0.7008	0.1365	2	464	2624	2009.669725
outline	-0.617	-0.2703	1	127	330	2007.519774
overturning	0.8142	0.0374	4	261	970	2011.454405
overview	-0.8084	-0.1597	1	301	1134	2009.462544
pacific	0.3779	0.3402	5	150	404	2009.069612
pack	-0.2039	0.0853	6	256	772	2006.469572
paleoclimate	0.4659	0.7587	5	137	352	2010.143169
panel	-0.0834	0.8198	3	324	1482	2010.594747
parallel	0.1793	-0.0937	2	201	568	2007.545553
parameterisation	0.3679	0.7035	5	215	734	2010.25
parameterization	0.5702	0.1758	4	680	5842	2009.170118
parameters	-0.0998	-0.005	1	1114	15836	2008.858581
parametrization	0.2226	-0.8227	2	196	618	2009.708791
part	0.1263	0.1363	5	1186	20678	2007.996794
particles	0.9111	-0.2955	4	287	942	2007.800157
particulate	1.1289	-0.1616	4	131	394	2008.000476
partitioning	0.5508	1.162	5	228	884	2008.418708
passive	-0.8036	0.0931	1	136	382	2008.259406
passive microwave	-1.0654	0.4391	1	254	1006	2010.888158
past	0.0846	0.5177	5	594	3470	2009.286247
past century	0.4595	0.7158	3	274	950	2010.043269
patagonia	0.0515	0.1493	5	492	2832	2011.131166
patagonian	-0.6216	0.6319	5	314	1484	2010.109445
patches	-0.1531	-0.8543	2	253	724	2008.056469
pathways	0.7252	0.1256	4	600	4034	2011.336845
patterns	-0.0076	0.2729	3	1168	22862	2008.797625
penetration	-0.3024	-0.1982	1	508	2546	2007.556604
peninsula	-0.3245	0.1315	1	614	3994	2008.446514
percolation	-0.5025	-0.0879	6	641	5918	2008.430108
performance	-0.814	-0.039	1	705	5806	2010.724359
perimeter	0.6895	0.8661	4	158	484	2008.333333
period	-0.0819	0.5574	3	1288	40746	2008.42654
periodicity	0.5076	-0.6029	4	216	622	2007.922674
periphery	0.8712	-0.0208	4	297	998	2008.523952
permafrost	-0.3009	0.1866	1	288	876	2011.237578
persistence	-0.1626	0.2369	3	365	1328	2010.336061
perspective	-0.1658	0.7126	3	380	1470	2010.824219
perturbations	0.6782	-0.3773	2	610	4530	2008.294041
phase	0.0243	0.0945	3	822	7288	2008.459023
phenomena	0.0735	-0.1794	1	264	734	2008.558488
photogrammetry	-0.844	-0.3258	1	413	2060	2012.265537
photographs	-0.2042	0.0916	5	462	2860	2008.533026
photography	-0.6271	-0.1192	1	439	2144	2009.470588
physical	-0.5615	-0.4561	1	183	502	2007.715556
physical processes	-0.389	-0.0719	1	300	1086	2008.985554
physics	-0.1639	0.3069	1	458	2244	2009.297674
phytoplankton	1.0519	-0.1386	4	270	1204	2007.964951
pine	-0.624	-0.6931	1	172	456	2008.693681
pits	-0.6676	-0.091	6	364	1696	2007.852751
place	0.2076	-0.0557	6	505	2360	2007.525068
planet	-0.7555	-0.6129	1	184	504	2010.483081
planning	-0.4658	0.5153	5	176	458	2012.670807
plastic	0.0841	-0.9823	2	174	484	2009.864307
plateau	-0.152	0.173	5	327	1196	2009.592112
platform	-0.2173	-0.0018	1	280	830	2009.532067
pleistocene	0.5125	0.2464	5	165	416	2008.069475
plume	0.9778	-0.4021	4	605	5212	2008.341339
polar	-0.3142	0.3444	1	615	3374	2007.443747
polar ice sheets	-0.3629	0.1017	1	420	1742	2008.898374
polar regions	-0.5759	0.357	1	430	1874	2009.410444
polarization	-0.7792	-0.3329	1	307	1110	2008.778116
pole	-0.5352	0.0681	1	282	792	2006.940757
policy	-0.1466	0.3039	1	177	528	2012.234091
ponds	-0.7593	-0.651	1	174	462	2009.15182
population	0.0741	0.1658	1	431	1654	2008.672858
pore	-0.0985	-0.7537	6	360	1906	2009.423041
position	0.6111	-0.2417	5	830	9634	2008.392256
positioning	-0.5902	-0.8353	1	544	3760	2010.020305
positive feedback	0.9097	0.7874	3	205	756	2009.79703
potential	-0.1728	-0.3785	1	830	7146	2010.240353
potential impact	0.9323	0.3447	4	238	772	2010.782051
power	-0.2395	-0.6892	1	540	2724	2009.270091
practice	-0.7345	-0.0777	1	160	410	2011.243151
precipitation	0.04	0.9768	3	937	14066	2009.731557
precision	-0.8358	-0.3649	1	626	4136	2008.835605
predictions	0.2807	-0.0708	2	746	6604	2009.897678
preparation	-0.7953	-0.6553	1	162	476	2008.197154
present	-0.1622	0.3938	1	521	2314	2007.990715
present day	0.3973	1.1191	5	258	1102	2009.056396
preservation	-0.621	0.0484	1	128	310	2009
pressure	0.3544	-0.716	2	879	11734	2008.310217
prevalence	0.7494	-0.1974	4	170	424	2009.527397
primary production	1.1027	-0.1364	4	201	696	2008.93764
principle	-0.4383	-0.5663	1	271	836	2008.446296
probability	0.1086	-0.004	2	308	1070	2009.789859
probe	-0.2696	-0.6284	6	226	690	2007.984576
procedures	-1.0704	-0.0174	1	245	814	2007.300565
processes	0.0122	-0.2971	2	1286	33544	2009.595773
production	0.451	-0.201	4	809	7808	2008.41289
productivity	0.8674	-0.0848	4	369	1606	2009.327254
profiles	-0.4043	-0.422	6	915	10554	2007.935203
programme	-0.3993	0.3381	3	314	1142	2007.667702
progress	-0.3129	-0.3343	6	475	2432	2009.283491
project	-0.5003	0.455	3	677	4998	2009.951874
projection	0.2022	0.7312	3	849	10872	2012.897475
propagation	0.1624	-1.0056	2	547	3410	2008.888573
properties	0.1162	-0.5026	4	950	9188	2009.393254
proportion	0.6368	0.0341	2	463	2300	2007.916222
prospects	-0.2784	0.5759	1	255	742	2010.176471
protection	-0.0614	0.0463	1	195	524	2009.520692
prototype	-0.8825	-0.5046	1	147	396	2008.616505
proximity	0.7817	-0.0392	4	386	1684	2009.550413
proxy	0.4824	0.5638	5	556	3092	2011.318436
pulses	-0.1495	-0.835	1	341	1460	2008.041077
quality	-0.9213	-0.1184	1	573	3662	2010.189742
quantification	-0.082	-0.1542	1	460	2074	2011.260355
quaternary	0.9607	0.0967	5	220	648	2007.507274
radar	-0.768	-0.3968	1	1092	23854	2008.748589
radar data	-0.628	-0.7418	6	405	2008	2008.661184
radar measurements	-0.4755	-0.9292	6	277	1058	2007.793548
radiation	0.0227	0.7627	3	705	6442	2008.357553
radio	-0.5461	-0.3515	1	237	744	2007.738883
radiocarbon	0.7335	0.2653	5	152	566	2008.360863
radiometer	-1.0182	0.3053	1	497	3076	2007.88206
rain	0.1307	-0.0764	2	374	1586	2008.573092
rainfall	0.5576	0.6682	3	311	1196	2010.725018
range	-0.3123	-0.0619	1	1112	16748	2008.574661
rapid	0.8495	-0.0105	5	569	3692	2009.260784
rapid changes	0.1301	-0.7299	4	375	1370	2010.078616
rates	0.2861	0.056	2	1255	33842	2007.943562
ratio	-0.3897	-0.0873	1	767	6460	2007.736208
rayleigh	-0.024	-1.078	2	155	522	2008.25
rcp	0.3215	1.0639	3	287	1370	2016.117021
rcp4.5	0.2453	0.7118	3	207	644	2016.133333
rcp8.5	0.1647	0.9819	3	272	1188	2016.570342
re-analysis	-0.3611	1.1429	3	272	1012	2010.498127
reach	-0.2929	-0.5216	6	238	700	2009.485915
reaction	-0.7561	-0.6939	1	170	506	2006.276225
readvance	0.725	0.2723	5	149	414	2006.308756
reanalyses	-0.2163	1.1013	3	239	888	2012.894094
reanalysis	-0.0752	0.9667	3	713	6356	2012.692568
reanalysis data	-0.0041	1.0792	3	373	1612	2012.770178
reason	-0.1535	-0.5582	1	243	782	2009.101523
receiver	-0.8304	-0.5095	1	193	658	2009.632967
recent	0.2483	0.3145	3	825	7908	2008.930233
recession	0.2208	0.4714	5	504	3096	2008.987013
recharge	0.369	-0.9588	2	174	550	2010.934109
recognition	0.0728	-0.6549	2	166	440	2008.848394
recommendations	-1.0317	-0.1236	1	239	796	2011.232852
reconstruction	0.4402	0.5601	5	720	5390	2009.991292
record	0.2155	0.3053	5	1036	14214	2008.636847
recovery	-0.6663	0.4794	3	570	4268	2009.497477
redistribution	-0.1834	-0.4458	2	295	1032	2009.02246
reduction	0.0661	0.529	5	865	8408	2009.195696
reflection	-0.7407	-0.4179	1	726	5998	2008.516981
reflectors	-0.7673	-0.6629	6	203	630	2007.029197
refreezing	-0.1458	0.6654	6	572	4890	2010.593407
regime	0.1877	-0.2111	2	808	6738	2008.761852
region	-0.2001	0.2663	3	1334	46096	2009.213913
regional climate	0.2403	0.9376	3	479	2456	2011.116505
regional climate model	0.0292	1.1204	3	658	6760	2012.050473
regional differences	-0.6457	0.5414	1	225	656	2009.450602
regional scale	-0.1659	0.4494	5	290	998	2010.146771
regression	-0.3046	0.7024	3	431	1984	2009.585498
relationship	0.0509	0.0269	2	993	12118	2008.880832
relative contributions	-0.4422	0.5172	3	169	480	2009.370909
relative importance	0.3958	0.7017	3	344	1388	2008.995506
release	0.5073	-0.2955	4	580	3250	2009.408827
reliability	-0.8193	0.1116	1	377	1436	2010.529737
relief	-0.7881	-0.3125	1	290	1020	2008.031686
remote	-0.9187	0.1135	1	714	5730	2010.867397
remote sensing	-0.779	-0.0726	1	867	9846	2011.422546
removal	0.5445	-0.1883	4	422	1598	2008.282275
renewal	1.2768	-0.2052	4	203	708	2005.578125
repeat	-0.9708	-0.2359	1	646	5388	2008.892922
representation	0.0536	0.6839	3	623	4244	2010.830294
requirements	-0.5072	-0.3276	1	526	2486	2008.486324
res	0.1648	-0.3399	2	517	2798	2009.597305
research	-0.4867	0.2086	1	919	9272	2010.476977
reservoir	-0.1328	-0.5631	2	273	946	2009.794696
residues	-0.9353	-0.4014	1	245	780	2007.610135
resistance	0.4751	-1.0592	2	310	1300	2009.811343
resolution	-0.5852	0.304	1	1144	22520	2009.55055
resonance	0.0691	-0.9118	2	146	412	2008.954678
resources	-0.2485	0.3673	1	558	2936	2010.858496
respect	-0.4456	0.398	1	696	4330	2008.283557
response	0.4663	0.1071	2	1210	28272	2009.573466
rest	-0.346	0.3063	2	309	1130	2007.845899
retention	0.0747	0.2931	6	434	2678	2008.612195
retreat	0.6974	0.1819	5	1089	25182	2010.543237
retrieval	-0.8947	-0.2617	1	543	3276	2010.435006
retrospective	-0.3426	1.2033	3	221	768	2012.772152
reveals	0.0257	0.0851	2	663	4044	2010.570102
reversal	0.7121	-0.7205	2	134	328	2008.011494
review	-0.3151	-0.0584	1	490	2506	2009.601815
rheology	0.3472	-0.9946	2	222	684	2008.298507
ridge	0.0505	0.4557	5	398	1582	2007.505288
rift	-0.206	-0.8059	1	126	340	2007.002678
risk	0.1615	0.2316	1	348	1262	2011.114812
river	0.443	0.0936	4	743	6132	2009.320924
river discharge	0.7752	0.3905	4	166	566	2010.513854
river runoff	0.9551	0.5215	4	165	442	2009.804348
rms	-0.9382	0.0704	1	203	568	2007.503049
robustness	-0.38	-0.5417	2	189	512	2012.541485
rocks	0.1124	-0.4365	1	505	2316	2007.751648
rocky	-0.0386	0.3677	5	147	428	2007.267352
role	0.567	0.0919	4	1065	15756	2010.178923
root	-1.0162	0.1312	1	305	1108	2009.331514
ross	0.1589	0.1018	5	243	804	2008.076698
rotation	0.3093	-0.8093	2	145	406	2006.700205
roughness	-0.3237	-0.6702	1	452	2278	2008.317614
routes	0.5416	-0.6018	2	386	2098	2010.541845
royal	-0.0983	0.4906	3	161	410	2007.324771
run-off	0.3107	0.0797	6	403	1742	2009.101449
runoff	0.639	0.3472	4	1072	20278	2010.241084
russia	-0.4359	0.9451	5	170	542	2008.97832
russian	-0.7386	0.948	3	248	1026	2009.19962
safety	0.0963	-0.1911	1	179	544	2012.662963
salinity	1.045	-0.2423	4	496	3106	2008.2244
salt	0.4567	-0.4472	4	220	674	2007.657298
sample	-0.6149	0.2213	1	529	2920	2008.715721
sar	-1.0406	-0.0945	1	617	4714	2008.860617
satellite	-0.8126	0.1095	1	1148	26690	2009.46691
satellite altimetry	-1.2981	0.1204	1	275	1152	2011.147826
satellite data	-0.7936	0.5658	1	489	2704	2009.788853
satellite imagery	-0.2831	0.2271	5	647	5012	2010.11368
satellite images	-0.4149	-0.2166	1	487	2622	2010.376963
satellite measurements	-0.9497	-0.4701	6	172	472	2009.345515
satellite observations	0.026	-0.1204	4	436	1848	2011.156545
saturation	-1.2196	-0.2415	1	174	516	2008.751023
scale	-0.0802	-0.05	1	1104	16990	2009.692551
scanning	-0.9019	0.1253	1	471	2534	2009.812339
scattering	-0.4539	-0.3448	6	239	736	2007.015889
scatterometer	-0.8499	0.3698	1	424	2550	2008.734266
scenarios	0.4117	0.6754	3	872	10874	2011.166554
science	-0.3348	-0.1445	1	560	2994	2002.851791
se	0.7352	0.3784	4	311	1116	2008.4
sea	0.3525	0.2565	4	1304	38832	2008.689398
sea ice	0.3042	0.1267	4	862	7648	2010.083703
sea ice extent	0.2475	0.8786	3	233	752	2011.431635
sea level	0.2513	0.3402	5	893	10924	2008.698807
sea level rise	0.1147	0.493	3	1030	16386	2011.57856
sea surface	-0.0222	-0.4516	4	249	754	2008.069565
sea surface temperature	0.6312	0.9676	3	362	1830	2009.815317
sea water	1.0722	0.166	4	131	342	2006.457718
search	-0.3834	-0.6184	1	234	720	2009.995035
season	0.0755	0.0291	6	1152	23926	2009.082749
seasonal changes	0.598	-0.5045	2	398	1714	2008.582435
seasonal cycle	0.216	0.6402	3	378	1734	2008.792717
seasonal evolution	0.7934	-0.6019	2	276	1156	2009.282723
seasonal variability	1.0769	-0.1865	4	298	1156	2009.932458
seasonal variation	0.2664	-0.7293	2	484	2802	2007.929683
seawater	0.9821	-0.5375	4	244	864	2009.025287
sections	0.4228	-0.5986	4	425	2112	2007.337998
sediment cores	0.9794	0.3939	5	142	382	2009.210033
sediment transport	0.6466	-0.1939	4	119	356	2009.273616
sediments	0.6977	0.047	5	789	6968	2008.031847
segments	-0.4362	-0.3946	1	361	1216	2008.049369
seismic	0.0687	-1.0088	2	424	2462	2008.590452
selection	-0.6217	0.3096	1	242	698	2009.482489
sensing	-0.7401	-0.0023	1	765	6320	2011.019623
sensitivity	0.194	0.4789	3	1066	15912	2009.595052
sensitivity analysis	-0.6481	0.0462	1	163	424	2010.599156
sensitivity experiments	0.5931	0.9782	3	232	872	2009.214286
sensors	-0.8272	-0.1819	1	865	9408	2009.759019
separation	-0.0455	-0.5886	6	370	1400	2007.566611
sequence	0.1465	-0.3146	5	429	1640	2008.54367
series	-0.2569	0.3807	3	1100	16950	2008.676664
shallow water	1.0314	-0.6633	4	162	432	2007.041667
shape	-0.0999	-0.2615	1	603	3434	2008.770625
shear	0.1998	-1.0774	2	316	1394	2007.066225
shelf	0.6949	-0.2506	4	860	8570	2008.672172
shelves	0.2498	-0.4409	2	622	4408	2009.828045
shetland	-0.2632	-0.2308	5	250	850	2008.115064
shift	0.4848	0.3863	4	648	3958	2010.334777
ship	0.6704	-0.2812	4	224	668	2010.548666
shore	0.5618	-0.0574	4	149	360	2007.399663
short-term	0.2674	-1.2528	2	183	618	2008.362637
shortwave	-0.1818	1.2015	3	275	1196	2010.126492
shortwave radiation	0.1123	1.1809	3	249	1124	2009.857143
shrinkage	-0.2102	0.6617	5	267	1010	2011.221649
signal	-0.391	-0.5213	1	939	10114	2009.224031
significance	-0.0671	0.191	3	440	1914	2008.013281
sill	1.1846	-0.3954	4	409	2310	2007.892994
similarity	-0.6947	0.0829	1	268	790	2009.020248
simulations	0.3565	0.4123	3	1155	21452	2010.182554
sink	0.7337	-0.1349	4	175	486	2008.9164
sites	-0.1948	-0.102	6	990	12396	2008.514265
size	-0.0145	-0.1862	1	965	11250	2008.248059
size distribution	0.2911	-0.2996	1	177	508	2007.239521
skill	-0.2458	0.6601	1	205	596	2012.574869
sliding	0.1081	-0.8474	2	600	4458	2008.471196
slip	0.1762	-1.0105	2	326	1292	2008.519403
slope	-0.2563	-0.4203	1	909	9810	2008.522006
smb	-0.0244	1.2132	3	683	8548	2014.035354
snow	-0.6528	0.226	6	1061	17802	2008.843053
snow accumulation	-0.5661	0.8042	3	463	2744	2008.890244
snow depth	-1.113	-0.2084	1	248	994	2011.340979
snow surface	-0.7188	-0.384	6	273	1018	2008.346535
snow/ice	-0.6916	0.5913	1	382	1578	2010.232432
snowfall	-0.2923	0.7998	3	538	3668	2010.160714
snowmelt	-0.7938	0.2701	1	550	3728	2009.443804
snowpack	-0.7171	-0.0111	6	660	5400	2009.730081
society	-0.5073	0.3482	1	445	1756	2008.419795
software	-0.5138	-0.3139	1	462	1980	2011.491499
soil	-0.0604	0.5538	3	246	756	2010.0138
solar	0.529	0.8965	3	186	622	2008.730461
solar radiation	0.2168	0.7735	3	382	1824	2009.055833
solution	-0.2846	-0.3007	2	695	4864	2008.161376
sound	0.0673	-0.5032	4	689	4572	2007.411115
sounder	-0.665	-0.5186	1	233	730	2008.856481
source	0.2425	-0.2138	4	1111	15432	2008.933035
south	-0.0771	0.4225	5	723	5768	2007.747219
southern	-0.223	0.3011	5	592	3690	2009.223665
southern ocean	0.4006	0.2468	4	209	626	2009.57408
southwest	0.761	0.2757	4	538	3256	2008.084584
space	-0.7024	-0.1937	1	818	7584	2009.666286
spacing	-0.3716	-0.4597	1	476	2068	2008.075342
span	-0.8039	0.0351	1	298	1092	2008.666667
sparse	0.1555	0.6321	3	243	798	2009.608974
spatial	-0.4833	-0.3539	1	669	4478	2009.53617
spatial distribution	-0.3433	0.1557	6	551	2824	2010.361231
spatial extent	-0.7647	-0.1119	1	281	992	2011.278351
spatial patterns	-0.1273	0.4712	3	534	3060	2010.619556
spatial resolution	-0.9284	0.3031	1	516	2886	2010.654237
spatial scales	-0.3401	-0.9248	2	189	530	2009.793421
spatial variability	-0.2616	0.4128	6	405	1844	2009.941935
spatial variation	0.7437	0.41	5	334	1378	2009.989535
spectra	-0.1876	-0.7243	1	216	618	2007.31392
spectroradiometer	-0.6215	0.7539	3	472	3076	2012.221622
spectrum	-0.2946	-0.7711	1	263	774	2007.745108
speed	0.3106	-0.5928	2	844	9740	2008.86489
spitsbergen	0.2527	0.0817	5	553	3938	2008.405823
spots	-0.1992	-0.6089	2	364	1464	2009.61157
spread	0.587	0.3622	3	408	1944	2008.634921
spring	0.3427	-0.4235	4	719	5618	2008.097068
ssm/i	-0.991	0.1771	1	397	2216	2004.868805
sst	0.7029	0.7891	3	223	846	2010.05105
st	-0.9469	0.3892	1	190	512	2007.705882
stability	0.5324	-0.1821	2	807	6816	2009.500887
stage	0.3872	-0.2091	5	444	1898	2008.259718
standard	-0.8747	0.1913	1	359	1474	2008.650912
standard deviation	-0.9704	0.2332	1	478	2514	2009.368356
state	0.2532	-0.0947	2	876	9580	2009.742678
stations	-0.2582	0.6854	3	733	6570	2007.983598
statistics	-0.7708	-0.2662	1	396	1620	2009.312095
status	-0.6425	0.3765	1	264	874	2009.341864
steady state	0.381	-0.6744	2	337	1354	2007.005666
steps	-0.9117	-0.0502	1	366	1342	2009.019451
stokes	0.4948	-0.9004	2	263	928	2011.404908
storage	0.0551	-0.612	6	691	5836	2010.328125
store	0.4907	-0.9581	2	357	1650	2011.108911
storm	0.5316	-0.1088	4	214	556	2008.742366
strain	0.111	-0.936	2	594	3986	2009.297418
strait	0.9333	0.1715	4	476	2342	2007.897357
strategies	-0.3682	-0.2407	1	484	2110	2010.305877
stratification	1.1521	-0.2546	4	418	2468	2009.44012
stratigraphy	-0.5538	-0.6117	6	352	1630	2007.119691
stream	0.1856	-0.4537	2	858	9012	2008.836139
strength	0.356	-0.3075	2	545	3068	2009.266467
stress	0.459	-0.9034	2	736	7772	2009.003348
structure	-0.0476	-0.5685	6	906	8926	2008.655706
style	0.5541	-1.0356	2	272	1040	2007.719298
subglacial	0.4952	-0.9224	2	562	4296	2010.191824
subglacial lakes	0.0345	-0.7906	2	322	1298	2011.781915
sublimation	-0.1124	1.184	3	300	1276	2008.473461
submarine	1.1098	-0.4568	4	661	7462	2009.071134
subsidence	-0.0902	-0.4057	2	252	802	2007.462963
substrate	0.4543	-0.9774	2	186	542	2008.452754
subsurface	0.5223	-0.3773	4	744	5626	2009.927347
summer	0.2323	0.3011	3	1256	35916	2008.716639
summer season	-0.3694	0.675	1	235	756	2009.599483
summer temperatures	-0.1097	0.8825	3	418	2086	2008.977369
summertime	0.4332	0.4435	3	221	686	2009.23617
summit	-0.4955	0.3955	3	507	2812	2006.845519
sun	0.224	0.0438	1	191	474	2007.758571
supply	0.8456	-0.2579	4	524	2896	2008.462921
support	0.1543	-0.1088	1	610	3190	2009.291409
surface	-0.1108	0.0568	3	1403	98884	2008.863385
surface air temperature	-0.0429	0.9424	3	325	1260	2011.034003
surface albedo	0.0792	1.0833	3	423	2434	2009.227533
surface area	-0.2758	-0.1863	5	286	1034	2007.638484
surface conditions	0.2914	0.8913	3	218	650	2009.117284
surface elevation	-0.8064	0.2483	1	752	7716	2009.676871
surface energy balance	-0.0306	0.9237	3	351	1858	2009.363265
surface layer	1.0006	-0.3198	4	326	1460	2007.284439
surface mass balance	-0.036	0.9906	3	942	16558	2012.738255
surface roughness	-0.7926	-0.7763	1	209	704	2008.125581
surface temperature	-0.2651	0.9507	3	460	2596	2009.023148
surface topography	-0.6157	-0.2555	1	423	1894	2008.064103
surface waters	0.8833	-0.2929	4	381	1578	2008.120883
surge	0.2341	0.1186	5	621	4348	2008.136111
survey	-0.2999	-0.3735	1	1000	13528	2009.037248
svalbard	-0.0316	-0.0059	6	974	14162	2009.557134
swe	-0.6252	-0.0628	6	209	624	2013
sweden	-0.4697	0.1634	2	132	340	2007.514793
switch	1.2583	-0.241	4	136	368	2009.291908
switzerland	-0.4635	-0.7231	2	333	1272	2008.778646
synthesis	-0.4234	-0.8772	2	226	652	2009.662722
synthetic	-1.0117	-0.3158	1	284	1030	2009.089404
synthetic aperture radar	-1.0843	-0.128	1	454	2592	2009.032432
system	0.0328	-0.2976	2	1304	35128	2009.608581
system models	0.0608	0.7943	3	275	1198	2015.404444
table	-0.727	-0.8627	6	213	732	2008.675978
techniques	-0.7043	-0.3002	1	1012	13498	2007.972333
technology	-0.7378	-0.3165	1	473	2370	2011.429895
temperate	0.5265	-0.5406	2	551	3796	2008.513385
temperature	0.2029	0.5089	3	1327	47602	2008.94464
temperature changes	0.5996	0.5984	3	231	756	2008.59375
temperature data	0.0817	0.4283	3	237	682	2008.432653
temperature increase	0.2138	1.2519	3	150	464	2009.516234
temperature measurements	-0.276	-0.5074	6	192	578	2007.553459
temperature profiles	0.913	-0.635	2	187	650	2006.951852
temperature variability	0.3513	0.825	5	175	532	2011.231959
template	-0.6975	-0.1121	1	224	658	2010.42236
temporal	-0.3641	-0.5146	2	303	970	2008.152526
temporal changes	-0.8643	-0.2095	1	269	946	2009.507895
temporal distribution	-0.5096	-0.5108	6	178	512	2008.315315
temporal evolution	-0.5446	-0.0144	6	336	1300	2010.339109
temporal patterns	0.6274	0.5131	4	175	512	2009.576433
temporal resolution	-0.767	-0.3053	1	416	1814	2010.931953
temporal variability	-0.5056	0.7051	3	473	2524	2009.54638
temporal variations	-0.3774	0.4367	3	400	1778	2008.891602
term	-0.0148	0.0083	4	578	3126	2008.827225
terminus	0.6459	-0.7322	2	947	16116	2010.435852
terms	-0.285	-0.0508	1	731	4832	2008.49203
terra	-0.5792	0.6053	1	235	774	2006.634218
terrain	-0.8786	-0.0524	1	663	4860	2009.112619
terrestrial	-0.4602	-0.0349	1	300	1040	2008.824144
texture	-0.4091	-0.015	1	225	642	2007.458888
thaw	0.1313	-0.4504	2	164	430	2011.976068
theory	0.3443	-0.6794	2	535	3148	2008.181946
thermal	-0.5291	0.2145	1	512	2742	2009.266307
thermal regime	-0.0331	-0.171	6	199	594	2010.067485
thermodynamics	0.203	0.4367	3	275	886	2008.389098
thermohaline circulation	0.9794	0.7431	4	132	398	2004.768987
thickness	-0.1441	-0.6257	2	1049	17732	2008.754418
thinning	0.27	0.1436	5	835	11692	2009.590299
threat	0.4798	-0.2461	4	156	390	2012.027911
threshold	-0.7013	0.058	1	623	4302	2010.539227
tidal	0.9762	-0.5697	4	212	736	2007.14959
tidal currents	0.8176	-0.529	4	169	458	2007.42487
tides	0.6941	-0.882	4	344	1838	2008.175266
tidewater	0.8943	-0.3435	4	982	17558	2010.934831
tidewater glaciers	0.9235	-0.3972	4	820	9914	2012.511962
till	0.3953	-0.8728	2	297	1160	2006.793544
time	-2e-04	0.0127	5	1363	48060	2008.831798
time scales	0.6869	-0.3299	2	464	2484	2008.537809
time series	-0.6047	0.477	3	786	7438	2009.734317
timescales	0.6385	-0.1067	2	773	7002	2010.244177
tip	-0.3449	-0.7096	2	199	608	2008.028302
tm	-0.5173	0.5135	1	232	852	2007.895425
tongue	0.6721	-0.5702	2	651	5430	2008.374502
tools	-0.7011	-0.0802	1	486	2436	2011.918196
topographic	-1.017	-0.5628	1	470	2890	2009.511628
topography	-0.3177	-0.2994	1	1049	16494	2008.703566
total number	0.0367	-0.1239	2	135	328	2008.215054
trace	-0.1394	-1.0751	2	157	400	2007.662102
tracer	0.3921	-0.4264	4	310	1204	2007.33904
tracing	-0.6466	-0.1623	1	167	466	2009.75
track	-0.8483	-0.2425	1	706	6000	2008.851477
trajectories	0.1933	-0.3211	1	318	1114	2008.784052
transect	-0.0588	-0.4535	6	543	3208	2007.990277
transfer	-3e-04	-0.6823	2	566	3452	2008.40464
transformation	-0.5806	-0.2326	1	322	1144	2009.214985
transient	-0.0347	-0.0771	2	462	2214	2009.22961
transition	-0.0268	-0.5363	6	707	5246	2009.289721
transmission	-0.1471	-0.7138	1	283	940	2008.441938
transport	0.7931	-0.2661	4	754	6696	2008.638472
travel	-0.4739	-0.674	6	267	916	2008.209898
traverse	-0.7893	-0.3817	6	208	812	2007.585366
treatment	0.5514	-0.0877	2	324	1270	2008.987517
tree rings	0.6471	0.3025	5	116	376	2009.350829
trees	0.3308	0.2915	5	202	582	2009.293127
trends	-0.233	0.7626	3	1053	19290	2009.691924
tributaries	0.0317	-0.2133	5	310	1036	2008.939024
trigger	0.9152	-0.6585	4	336	1580	2010.216495
trough	0.8152	-0.4576	4	449	2560	2008.165586
tsunami	-0.0726	-0.9267	1	130	358	2011.230769
tundra	0.1795	0.6445	3	217	662	2009.070476
turbidity	0.4931	-0.2638	4	313	1050	2006.591633
turnover	-0.0041	0.8719	5	209	622	2008.839506
twentieth century	0.3359	0.9059	3	276	1166	2010.49537
types	-0.2211	-0.2662	1	677	4112	2008.677962
uncertainty	-0.207	0.4423	3	1048	16522	2011.023214
underwater	0.4411	-1.0741	2	114	314	2009.522911
university	-0.0877	0.0128	5	347	1214	2007.852518
uplift	-0.1991	-1.0067	2	390	2292	2006.856502
upstream	0.2053	-1.0269	2	453	2526	2008.743219
upwelling	1.1357	-0.2528	4	212	828	2008.768927
usa	0.2824	-0.3188	5	615	3970	2008.230569
utilization	-0.4862	-0.056	1	361	1358	2009.166837
validation	-0.8841	0.1649	1	712	5728	2010.014759
valley	-0.3083	-0.2074	5	656	5016	2008.373746
values	-0.1295	0.1851	1	1142	19120	2008.134938
variability	0.1035	0.4322	3	1254	33324	2009.910572
variance	-0.5848	0.5886	3	307	1158	2008.262238
variations	-0.0361	0.1369	2	1215	29214	2008.23722
vatnajokull	0.0107	-0.8999	2	214	846	2008.010256
vector	-0.7929	-0.1407	1	339	1180	2009.067811
vegetation	-0.6867	-0.2418	1	468	2356	2009.373552
vehicles	-0.2665	-0.4758	1	145	384	2011.334764
velocity	-0.0508	-0.6729	2	1214	33960	2008.229763
velocity field	-0.8225	-0.164	1	152	438	2007.679739
verification	-0.2313	-0.3891	6	312	970	2010.208038
vertical	-0.1141	-0.9073	2	294	1086	2006.365209
vertical profiles	-0.5795	-0.2598	6	183	522	2007.685761
vertical structure	0.4776	-0.5842	4	164	462	2008.841667
video	0.133	-0.8269	2	203	596	2009.312925
viscosity	0.3354	-0.7622	2	310	1220	2007.238586
volcano	-0.0282	-0.1939	2	219	606	2009.385534
volume	-0.0486	0.2475	5	1193	28680	2008.390878
vulnerability	0.8404	0.2727	5	245	874	2012.434676
wales	-0.7132	1.0751	3	156	502	2007.219585
walls	0.7298	-0.4741	5	281	946	2008.015949
warm period	0.5445	0.9469	3	196	626	2009.606838
warming	0.565	0.5442	3	1154	22408	2011.01791
washington	0.2317	0.0018	5	137	344	2005.96393
water	0.4001	-0.3372	4	1364	56074	2008.522927
water column	1.137	-0.3375	4	221	786	2007.355227
water content	-0.3591	-0.7147	6	257	916	2008.305668
water depth	0.8087	-0.8086	5	287	1286	2007.9
water flow	-0.0576	-0.7533	6	342	1382	2008.849765
water level	-0.3793	-0.8903	2	205	614	2008.961538
water masses	1.1514	-0.3472	4	284	1286	2008.184401
water properties	0.3631	-0.6561	4	175	520	2009.563291
water resources	-0.7799	0.395	1	268	944	2013.543269
water table	-0.705	-1.0409	6	139	432	2007.419689
water temperature	0.7711	-0.7471	4	243	872	2008.738971
watersheds	0.2583	0.4768	4	186	506	2010.799687
wave	0.1864	-0.7128	2	716	5146	2008.774981
waveform	-0.6367	-0.7157	1	490	3082	2009.117166
wavelength	-0.869	-0.3244	1	189	490	2006.776718
wavelet	-1.0284	-0.3653	1	185	560	2011.090379
weather	-0.1545	0.6326	3	849	9242	2009.837145
weight	-0.2186	-0.8675	2	198	554	2006.661831
west greenland	0.4944	-0.3764	2	148	406	2004.037736
wetness	-0.9549	-0.0988	1	232	758	2010.75
white	-0.5783	0.7048	5	191	600	2007.871587
wind	0.523	0.2793	4	756	6174	2008.553573
window	-0.7525	-0.6807	1	206	556	2010.073654
winter	0.2624	0.1063	4	1094	17964	2008.309773
winter precipitation	-0.0744	0.9746	5	195	660	2010.462094
winter season	-0.3872	-0.2232	6	279	864	2009.407595
wintertime	0.3507	-0.9437	6	262	942	2009.628342
work	-0.1835	0.0464	5	761	5614	2010.485608
world	0.1025	0.3087	1	724	5524	2009.680768
worldwide	-0.8043	0.1479	1	208	628	2011.221441
yield	0.0413	-0.6142	2	332	1324	2007.793478
young	1.0983	-0.2051	4	185	598	2008.610592
yukon	-0.8185	-0.0974	1	275	952	2008.592034
zemlya	-0.6518	1.112	3	276	1338	2007.96
zone	-0.0065	-0.153	6	1112	19052	2007.966537
