id	x	y	cluster	weight<Links>	weight<Total link strength>	weight<Keyword count>	score<Avg year>
16s rdna	0.5285	0.1226	2	647	3172	35	2013.518519
16s ribosomal rna	0.5777	-0.1777	5	520	2134	25	2013.3125
16s rrna gene	0.2281	-0.2478	4	1419	38872	426	2014.413989
16s rrna gene libraries	0.3935	-0.3358	4	532	2502	26	2012.451613
18s rdna	1.1555	0.2435	3	502	2430	32	2012.340426
18s rrna gene	0.9233	-0.1295	3	912	7292	78	2014.232558
454 pyrosequencing	1.1189	-0.3146	3	455	2102	22	2014.892857
aap	0.8729	-0.4741	3	292	1056	12	2014.214286
ablation	-1.0116	0.4093	1	610	3852	44	2012.339583
ablation zone	-1.1283	0.2269	1	305	1172	12	2013.621849
absorption	-0.3401	0.9729	2	308	976	12	2011.930081
abundance	-0.024	-0.4975	3	1444	42852	468	2012.159769
access	-0.0894	0.3179	5	476	1670	19	2013.769679
acclimation	0.0238	1.1137	2	301	976	12	2013.38
accumulation	-0.66	0.4622	1	812	4702	53	2011.1675
accuracy	0.3282	0.1882	5	373	1256	15	2012.031588
acidobacteria	-0.5424	-0.7708	4	841	7430	76	2015.141176
acids	-0.3796	0.4359	1	711	3866	46	2009.964637
acquisition	-0.1103	0.5116	1	355	1112	14	2012.112069
actinobacteria	-0.4113	-0.407	4	1170	16092	170	2015.243094
active layer	-0.8834	-0.6899	4	588	3186	33	2012.332634
active layer soils	-1.0601	-0.7543	4	285	1052	11	2014.593407
activity	-0.5506	-0.0748	1	1360	24290	269	2011.741747
adaptation	0.1139	0.8197	2	978	7076	86	2013.458029
addition	0.0399	-0.1341	6	1296	14674	165	2012.072879
advance	0.0428	0.2144	5	530	2208	26	2012.223684
aerobic	0.3547	-0.565	3	348	1212	14	2012.965517
aerobic anoxygenic phototrophic bacteria	0.9185	-0.4754	3	258	902	11	2015.090909
aerosol	-0.5095	0.3488	1	442	1730	20	2011.217627
africa	0.4607	0.2152	5	316	884	11	2009.943515
age	-0.7056	0.2026	4	645	3088	36	2010.368729
aggregates	0.1501	0.396	1	429	1524	18	2009.96124
agreement	0.529	0.3961	2	352	1022	12	2010.554303
air	-0.4032	0.6387	1	757	4448	52	2011.976061
air temperature	-0.7777	0.5386	1	418	1562	17	2012.218924
alaska	-0.5214	-0.4251	1	728	3894	44	2010.597746
alaskan	-0.9076	0.0048	1	320	1032	12	2011.071579
albedo	-0.9144	0.6671	1	530	3510	41	2012.060567
algae	0.0588	0.935	2	1189	15868	207	2012.039501
algal biomass	-0.6823	0.604	1	237	874	11	2011.310345
algal blooms	-0.3761	0.6195	1	433	1786	20	2013.245902
algal communities	-0.7355	0.7403	1	389	1716	19	2013.40625
algal growth	-0.7429	0.8855	1	245	866	11	2010.608696
alpha	-0.2201	-0.5874	4	582	2650	27	2010.514493
alpha diversity	-0.2143	-0.7602	4	723	4152	41	2016.723404
alphaproteobacteria	0.4968	-0.815	3	911	7646	82	2014.602273
alpine	-0.6302	0.5764	2	879	6312	69	2012.280161
alpine environments	-0.6256	0.5456	1	357	1110	11	2010.582418
alpine glaciers	-0.7743	0.6633	1	401	1458	17	2012.819277
alpine regions	-0.0977	0.9331	2	419	1528	17	2012.662791
alpine soils	-0.9705	-0.19	4	300	1104	11	2014.296296
alps	-0.3392	0.9141	2	551	2446	28	2011.372549
altitude	-0.4828	0.4594	4	625	2894	33	2011.218807
alveolata	1.1168	-0.4471	3	291	984	12	2014.769231
alveolates	1.2371	-0.3636	3	295	1032	12	2012.615385
america	0.2725	0.8758	2	285	856	11	2011.440252
amino acids	-0.1292	0.2389	1	658	3188	38	2012.884393
ammonia	-0.2963	-1.0993	6	614	4006	44	2012.816092
ammonia monooxygenase	0.0018	-1.3007	6	365	1770	19	2013.105263
ammonia oxidation	-0.3216	-1.1165	6	535	3228	36	2014.916667
ammonia oxidizers	-0.4817	-1.1027	6	363	1542	16	2016.176471
ammonia-oxidizing archaea	-0.442	-1.0184	6	328	1186	12	2013.538462
ammonium	-0.3159	-0.9219	6	772	5004	53	2011.212264
amoa	-0.239	-1.1805	6	566	3512	37	2014
amoa gene	-0.1329	-1.2374	6	344	1564	17	2013.352941
amplicon	0.2457	-0.4574	5	870	5328	60	2016.631579
amplicon sequencing	0.1617	-0.3041	5	587	2570	27	2017.052632
amplification	0.5252	0.0189	5	552	2338	27	2013.330357
amundsen	0.7848	-0.817	3	371	1392	13	2012.553846
anaerobic	-0.3298	-0.3949	6	336	1076	12	2012.16
analog	-0.261	0.6305	5	317	992	11	2012.234043
analysis	0.2732	0.0448	2	1459	57672	662	2011.656462
anammox	-0.218	-0.9398	6	315	1316	16	2013.181818
ancient	-0.4027	0.3435	5	292	902	11	2012.618557
animals	0.0873	0.3115	5	611	3084	38	2012.281022
annual cycle	0.701	-0.4642	3	359	1168	11	2009.189944
anoxic	0.0883	-0.623	6	362	1162	12	2011.109091
anoxygenic phototrophic bacteria	0.8886	-0.465	3	283	1050	13	2014.461538
antarctic	0.3292	0.3863	2	1400	34492	390	2010.797819
antarctic dry valley	-0.9702	0.3415	4	349	1172	12	2011.142857
antarctic dry valleys	-0.9734	-0.0013	4	277	1014	11	2012.647059
antarctic ecosystems	-0.0477	0.1844	5	454	1806	18	2012.855072
antarctic environments	-0.075	0.6699	5	435	1584	16	2011.771084
antarctic habitat	0.5261	0.6113	2	333	1010	11	2012.32
antarctic ice	-0.3527	0.5117	1	536	2412	29	2012.455772
antarctic ice sheet	-0.7441	0.5294	1	286	1036	12	2012.616541
antarctic lakes	0.7757	0.3788	2	620	2916	30	2011.024096
antarctic marine	0.9732	-0.5164	3	330	1192	11	2010.642105
antarctic peninsula	0.6219	-0.0808	3	836	5742	58	2011.82716
antarctic region	0.6195	0.3251	2	362	1246	13	2012.628099
antarctic soil	-0.5908	-8e-04	4	706	4734	48	2012.495868
antarctica	0.212	0.5165	2	1378	31850	363	2011.220175
aoa	-0.4952	-1.0092	6	460	2274	25	2015.285714
aob	-0.5426	-1.095	6	321	1242	13	2015.846154
application	0.0256	0.4543	5	770	4306	54	2012.361823
approach	0.3137	0.298	5	1329	18536	211	2013.011682
aquatic	0.2942	0.3801	2	391	1210	12	2012.291667
aquatic ecosystems	0.1452	0.4841	2	648	2842	30	2013.963964
aquatic environments	-0.0457	0.09	6	402	1340	15	2012.515152
archaea	-0.1249	-0.7598	6	1172	12834	139	2013.73913
archaeal communities	-0.1051	-1.1768	4	616	3588	38	2014.78
archaeal diversity	0.0446	-1.154	4	418	1832	20	2015.45
archipelago	0.2514	0.7157	2	428	1524	16	2011.082609
arctic	0.2334	-0.0665	3	1437	44454	516	2012.189504
arctic antarctic	0.4285	0.6348	2	816	4458	49	2012.938182
arctic climate	-0.4316	-0.5757	6	298	932	11	2013.150824
arctic communities	0.4604	-0.6693	3	427	1618	16	2015.3125
arctic ecosystems	-0.3944	-0.6166	6	548	2234	23	2014.429967
arctic environments	-0.2652	-0.2533	6	395	1252	14	2012.708108
arctic fjord	0.6808	-0.8249	3	329	1374	15	2013.583333
arctic glaciers	-1.1056	0.0499	1	583	3246	36	2012.371134
arctic ice	-0.1441	0.5551	2	311	918	11	2013.034188
arctic lakes	-0.2224	-0.6539	6	372	1514	17	2013.72807
arctic marine	0.9776	-0.6665	3	554	2954	30	2013.75576
arctic ocean	0.8772	-0.6898	3	922	9216	101	2010.893127
arctic regions	-0.3158	-0.6326	4	671	3316	33	2013.278834
arctic sea ice	0.9952	-0.3367	3	403	1742	18	2014.367364
arctic seas	1.0618	-0.3711	3	525	2746	28	2014.010669
arctic snow	-0.2268	0.9143	2	318	1072	12	2013.477778
arctic soils	-0.8794	-0.5524	4	632	3866	43	2013.785276
arctic svalbard	-0.0141	0.5966	2	478	1768	19	2012.8125
arctic tundra	-0.4045	-0.6363	4	538	2570	27	2013.816872
arctic waters	0.8474	-0.7518	3	490	2200	22	2011.466431
arctic winter	0.4545	-0.4973	3	344	1232	13	2011.690678
area	0.0377	0.1619	1	1341	19920	223	2011.37466
arisa	0.9009	-0.213	3	381	1546	18	2013.37931
array	-0.2317	0.1177	5	410	1314	15	2011.101235
ascomycota	-0.9677	-0.4694	4	353	1324	14	2014.52381
aspect	-0.9128	0.1298	4	326	962	11	2011.749104
assemblages	0.3888	-0.1666	3	1213	13378	144	2012.247588
assembly	-0.584	-0.3508	4	558	2542	30	2013.708333
assessment	0.37	0.3456	5	731	3594	42	2013.024899
assimilation	-0.2651	-0.1629	1	490	1850	20	2012.629787
association	0.1957	-0.0255	2	770	3614	41	2011.081886
astrobiology	-0.374	0.8044	5	287	934	14	2013.684211
atlantic	0.8464	-0.6653	3	810	6200	65	2010.236737
atlantic ocean	0.878	-0.6255	3	434	1744	18	2009.615463
atlantic water	0.9768	-0.8744	3	350	1436	14	2010.080056
atmosphere	-0.6927	0.2593	1	772	4764	56	2011.581199
attention	-0.2016	0.2475	1	801	4114	46	2012.917808
austral summer	0.8027	-0.24	3	563	2420	24	2012.0726
autotrophs	-0.0333	0.7258	2	348	1056	12	2014.043478
autumn	0.8882	-0.5856	3	420	1716	18	2011.726708
availability	-0.1554	-0.2711	1	1126	9982	99	2012.908905
bacteria	-0.11	-0.2713	4	1439	45514	519	2012.900394
bacterial	-0.0733	-0.6773	4	1291	21440	232	2014.217252
bacterial abundance	-0.437	-0.5538	1	564	2628	27	2013.95122
bacterial assemblages	0.5763	-0.6139	3	481	2110	21	2014.4
bacterial biogeography	0.4721	-0.3921	3	311	1038	11	2014.75
bacterial cells	-0.2844	0.5127	1	364	1180	15	2013.75
bacterial communities	-0.1148	-0.7155	4	1365	33638	361	2014.916667
bacterial community composition	-0.2369	-0.9404	4	865	7028	72	2015.4
bacterial community structure	-0.2145	-0.8779	4	897	7390	74	2015.430233
bacterial composition	0.3192	-0.9282	3	443	1762	19	2015.052632
bacterial diversity	-0.2182	-0.7337	4	1080	12380	130	2014.6875
bacterial genera	0.1083	-0.5933	4	354	1206	13	2015.866667
bacterial isolates	-0.3131	0.2173	4	383	1432	15	2012.37931
bacterial production	-0.5447	-0.3771	1	494	2124	22	2012.678571
bacterial species	-0.306	-0.2552	4	376	1340	15	2010.277778
bacterial strains	-0.4053	0.1315	4	289	1012	11	2011.666667
bacterioplankton	0.6808	-0.8173	3	740	5574	59	2014.277108
bacterioplankton community	0.6068	-1.0286	3	461	2264	23	2015.576923
bacterium	0.3588	0.7375	2	432	1694	26	2013.137405
bacteroidetes	-0.0016	-0.6835	4	1177	15324	161	2015.424419
balance	-0.9235	-0.0499	1	559	2644	29	2011.539286
baltic	0.3557	-0.5316	3	287	836	11	2011.08982
baltic sea	0.3342	-0.4978	3	302	892	12	2011.529412
bands	0.4979	-0.2233	3	376	1294	14	2010.501538
bare ice	-1.0681	0.5564	1	288	1356	16	2014.596491
barrier	0.3244	-0.0225	3	378	1246	16	2010.248366
basal	-0.3904	0.6199	1	545	2076	25	2012.568254
baseline	0.5212	-0.5655	3	418	1460	15	2012.74934
basidiomycota	-0.9369	-0.3544	4	313	1152	12	2014.883117
basin	0.525	-0.7636	3	779	4710	47	2010.09645
bay	0.6465	-0.3708	3	801	4808	51	2010.11814
beaufort	1.0183	-0.7774	3	489	2620	26	2010.621769
beaufort sea	1.0328	-0.7808	3	509	2752	27	2010.009921
bedrock	-0.9517	0.1489	1	291	1016	11	2011.093588
belonging	0.5379	0.1882	2	392	1336	16	2014.117647
benthic	0.5065	0.0711	2	353	1148	12	2011.160714
bering	0.6016	-1.0204	3	381	1514	18	2009.747987
bering sea	0.6613	-0.9897	3	354	1288	15	2009.417822
beta	-0.1731	-0.4639	4	676	3624	38	2009.417219
beta-diversity	-0.0436	-0.6882	4	676	3772	41	2016.131148
betaproteobacteria	0.0508	-0.6183	3	740	4360	49	2014.928571
bias	0.554	0.1322	5	318	1034	13	2013.065051
biodegradation	-0.7432	0.2478	1	346	1196	14	2014.342466
biodiversity	0.3818	0.1738	5	1206	13148	145	2013.864286
biofilm	0.1613	0.7778	2	583	2336	28	2014.671642
biogeochemical cycles	-0.0918	-0.6086	3	839	5188	54	2013.854651
biogeochemical processes	-0.6274	-0.4311	1	689	3150	32	2013.733333
biogeochemistry	-0.7161	0.0412	1	671	3488	40	2014.025316
biogeographic patterns	0.7343	-0.52	3	565	2852	30	2014.72549
biogeography	0.6693	-0.1291	3	1081	9908	113	2012.833333
bioinformatics	0.8035	0.2129	5	270	836	12	2015.727273
biolog	-0.8316	-0.1226	4	351	1260	13	2014.615385
biological	-0.5182	0.6072	1	408	1494	18	2012.548387
biological activity	-0.8953	0.3853	1	353	1164	13	2012.109091
biological processes	-0.8356	0.2112	1	332	1064	13	2011.762963
biological soil crusts	-0.2589	0.8873	2	460	2112	24	2015.423077
biology	0.1457	0.7628	5	370	1280	20	2011.284153
biomarker	-0.3803	0.0622	1	426	1396	16	2012.628169
biomass	-0.1613	0.0133	1	1195	13078	140	2012.021332
biomes	0.0649	-0.0537	5	688	3414	41	2013.216867
biosphere	0.5595	0.229	5	660	3342	38	2012.234848
biosynthesis	0.354	0.5212	2	344	1146	13	2012.25
biota	0.2744	0.3012	5	558	2362	28	2010.887755
birds	-0.0674	0.3243	5	437	1646	21	2010.570776
bloom	0.5082	-0.0062	3	923	7910	84	2012.055462
body	0.0326	0.8354	2	664	2950	35	2011.227462
boundary	0.6713	-0.3077	3	343	1022	12	2008.420868
bp	0.2467	0.2955	2	509	1800	21	2012.006369
brine	0.0723	0.3913	1	297	872	11	2008.817204
budget	-0.5629	-0.6529	1	412	1546	18	2011.153068
byers	0.9203	0.2521	2	311	1218	11	2014.777778
byers peninsula	0.9205	0.2504	2	311	1218	11	2014.588235
c-13	-0.7576	-0.4837	1	387	1388	13	2013.180371
c/n ratio	-0.9577	-0.394	4	352	1184	12	2011.188679
ca	-0.4295	0.4059	2	362	1098	13	2010.753333
canada	-0.0603	-0.3495	3	845	5426	59	2011.058788
canadian	0.8077	-0.3656	3	631	2994	32	2010.480463
canadian arctic	0.7719	-0.3486	3	603	2766	30	2012.163636
canonical	0.6442	-1.1305	3	331	1266	13	2012.515152
canonical correspondence analysis	0.7174	-1.1292	3	307	1132	12	2013.030303
capabilities	-0.2636	0.4048	4	478	1844	22	2013
capacity	-0.3652	0.5759	2	782	4076	48	2013.094099
carbohydrates	-0.2604	0.4576	1	520	2016	22	2011.868852
carbon	-0.6458	-0.2312	1	1403	33438	355	2013.107259
carbon content	-0.6675	-0.1711	4	482	1866	18	2012.688
carbon cycle	-0.7781	-0.1441	1	566	2316	24	2014.082353
carbon cycling	-0.7353	-0.2082	1	600	2810	31	2014.143411
carbon fixation	-0.3375	-0.2492	1	588	2672	29	2013.907692
carbon flux	-0.5795	-0.0255	1	342	1158	13	2012.72381
carbon source	-0.6612	0.3425	1	546	2148	25	2012.515152
carbonate	-0.4686	0.5923	1	316	954	12	2011.940552
card-fish	0.4121	-0.8865	3	345	1166	12	2014.2
carotenoids	0.1378	1.0027	2	461	1794	21	2012.688889
case	-0.2014	0.3927	1	668	3056	37	2010.847835
catchment	-0.6611	-0.0279	1	559	2398	25	2013.188825
cell	0.1427	0.615	2	1370	24568	297	2011.359784
cell counts	0.1254	-0.1323	3	357	1152	13	2012.75
cell numbers	-0.3893	-0.0445	1	555	2274	23	2011.044444
cell wall	0.1322	1.2221	2	425	1962	25	2010.824561
century	0.0135	-0.4944	3	372	1196	13	2012.205869
cercozoa	1.0209	0.0041	3	350	1214	12	2013
ch4	-1.0242	-0.5446	1	355	1370	14	2014.017857
chain	0.1861	-0.3362	6	693	3324	36	2011.096866
challenges	-0.1042	0.4485	5	522	2096	26	2014.48237
changes	-0.0974	-0.2643	4	1427	40104	431	2012.206219
channel	-0.5074	-0.1297	1	348	1130	12	2009.903036
characteristics	-0.1036	0.2488	1	1226	11644	127	2010.936545
characterization	0.3164	0.5425	2	939	6140	75	2012.72969
chemical	-0.603	0.4393	1	935	6446	71	2011.607029
chemical characteristics	-0.5037	-0.2895	1	341	1090	12	2011.75641
chemical composition	-0.4364	0.7993	1	412	1318	13	2012.512915
chemical parameters	-0.4376	-0.5355	4	417	1560	17	2012.333333
chemical properties	-0.7423	0.0735	4	367	1252	13	2011.438017
chemistry	-0.5748	0.2985	1	660	3304	37	2012.465976
chile	-0.1776	-0.4341	4	291	892	11	2012.697531
china	-0.2529	-0.7252	4	672	3854	44	2013.948798
china sea	0.531	-1.0708	3	295	1100	12	2013.311594
chlamydomonas	0.0487	1.102	2	410	1618	20	2009.166667
chlorella	0.7818	1.2143	2	198	710	11	2013.611111
chloroflexi	-0.1358	-0.7995	4	723	4896	50	2015.741379
chloromonas	0.105	1.1704	2	428	2114	30	2009.1
chlorophyceae	0.4523	1.1684	2	414	1920	25	2009.758621
chlorophyll	0.5617	0.0402	3	942	6774	69	2011.700197
chlorophyll fluorescence	0.2546	0.931	2	384	1422	16	2012.411765
chlorophyll maximum	0.6811	-0.96	3	338	1272	12	2012.953488
chlorophyta	0.6406	0.9133	2	637	3782	52	2011.016393
chlorophytes	0.9038	0.1675	3	396	1380	15	2012.92
chloroplast	0.3781	1.0646	2	523	2440	30	2011.481481
chromatography	0.7102	0.5703	2	510	2080	22	2010.861702
chronosequence	-1.1985	-0.089	4	434	2238	25	2013.863636
chukchi	0.5942	-1.1244	3	378	1738	19	2012.695271
chukchi sea	0.5542	-1.0886	3	284	1064	12	2012.877751
ciliate	0.9023	-0.0843	3	603	3190	33	2013.857143
circulation	0.2543	-0.4172	3	404	1386	15	2010.44219
class	0.4989	-0.1893	3	760	4160	47	2011.519757
classification	0.6474	0.6125	2	397	1372	18	2011.561043
climate	-0.229	-0.2604	4	1297	17902	185	2012.847305
climate change	-0.1403	-0.3261	4	1175	12164	124	2013.106897
climate warming	-0.8184	-0.3194	6	405	1500	16	2013.628339
climatic conditions	-0.0791	0.6742	2	413	1468	17	2011.992424
clone libraries	0.8281	-0.255	3	991	9290	102	2011.256198
clones	0.8006	-0.219	3	1096	11904	134	2011.167665
cloning	0.5481	-0.034	3	340	1102	12	2010.05
cloud	-0.4309	0.7984	1	263	876	12	2010.976891
cluster	0.5222	-0.2417	3	974	7224	83	2011.949896
cluster analysis	0.4185	-0.9424	3	362	1118	11	2012.636905
clustering	0.433	-0.3806	5	584	2660	31	2012.80292
co	-0.6313	0.4639	1	322	1016	12	2011.599291
co-occurrence	0.129	-0.6999	3	474	1858	20	2013.191176
co2	-0.7269	-0.1366	1	774	4104	43	2013.165022
co2 fixation	-0.4371	0.0871	1	352	1116	11	2015.538462
coast	0.4803	-0.2511	3	773	3806	41	2010.134684
coastal	0.4335	-0.6649	3	706	3760	40	2010.739865
coastal marine	0.514	-0.6491	3	359	1188	12	2012.349206
coastal waters	0.6905	-0.6547	3	630	3342	37	2011.971338
cold	-0.2829	0.3736	2	603	2818	32	2011.824903
cold adaptation	-0.0973	0.6	2	370	1298	15	2014.391304
cold environments	-0.2484	0.6293	2	679	3538	42	2013.16
cold temperatures	0.3721	0.158	3	321	922	11	2013.184874
collection	0.5825	0.5352	2	622	2738	34	2011.129412
colonies	0.1164	0.583	2	592	2676	32	2010.888235
colonization	-0.4289	0.6051	2	736	3752	41	2010.8
column	0.5321	-0.7216	3	959	8048	81	2010.224159
community	-0.0026	-0.2914	4	1457	96402	1077	2013.620087
community analysis	0.3265	-0.4081	5	375	1236	14	2015
community assembly	-0.566	-0.5073	4	558	2650	31	2016.463415
community changes	0.2378	-0.6521	3	428	1520	16	2014.790323
community composition	0.0206	-0.7712	4	1315	23988	247	2014.941973
community diversity	0.0039	-0.9344	4	569	2646	26	2014.813953
community dynamics	-0.2453	-0.7051	4	400	1392	13	2015.230769
community ecology	0.4567	0.081	5	313	922	11	2014.384615
community shifts	-0.0131	-1.0438	3	379	1336	14	2014.647059
community structure	-0.1558	-0.6595	4	1355	26896	277	2013.563433
comparative	-0.1352	0.0924	4	417	1430	16	2012.967391
comparison	0.3581	0.4043	2	1162	10568	122	2010.70057
competition	-0.2129	-0.8233	4	342	1172	14	2011.637209
complex	0.1967	0.0471	5	775	3744	43	2011.908387
composition	0.1112	-0.4302	3	1448	44544	475	2012.45256
compounds	-0.2783	0.6532	2	800	4900	58	2012.161238
concentrations	-0.2232	-0.2241	1	1349	22358	250	2011.643222
concept	0.5786	0.4954	2	358	1150	13	2011.306773
conductivity	-0.4389	0.1522	4	660	3218	33	2011.544304
connectivity	0.0588	-0.555	3	503	1880	21	2015.170984
consequences	0.1101	-0.266	1	568	2336	25	2012.275862
conservation	0.3805	0.2737	5	394	1308	17	2011.717256
constraints	0.1376	-0.0159	2	581	2170	23	2011.060453
consumption	-0.7601	-0.3592	6	390	1316	15	2011.012232
contact	-0.5999	0.1987	1	374	1154	13	2011.307692
contaminants	-0.5209	0.3474	1	455	1912	21	2011.424242
contamination	-0.2781	0.4557	5	394	1430	17	2011.920245
content	-0.6761	-0.1212	4	1180	13420	144	2011.761593
continent	0.2236	0.486	5	570	2654	31	2011.202884
continental	0.6987	-0.3221	3	410	1348	15	2010.243993
continental shelf	0.5671	-0.8493	3	406	1510	15	2010.424501
contrast	0.2406	-0.0447	3	1203	11688	130	2011.509677
control	-0.4929	-0.1347	1	1045	8070	87	2012.474255
copy number	-0.5035	-0.6268	4	364	1228	13	2015.611111
core	-0.2734	0.0411	1	1053	9532	111	2010.446523
correlation	-0.2502	-0.4533	4	1124	10532	113	2011.333794
correspondence	0.7083	-1.0473	3	376	1446	16	2010.493023
correspondence analysis	0.7158	-1.1311	3	307	1132	12	2011.431373
cosmopolitan	0.7046	0.5505	2	446	1458	18	2012.333333
counts	-0.155	0.1302	1	616	2902	32	2011.546099
coupling	0.2716	-0.7801	3	400	1252	12	2011.935532
cover	-0.3105	-0.4198	1	855	5304	54	2011.664763
coverage	0.2439	-0.3402	5	653	3010	32	2012.329283
crenarchaeota	0.3617	-1.0342	3	437	2104	23	2012.290323
cruise	0.9547	-0.5817	3	334	1146	12	2008.733524
crust	-0.5277	0.6981	1	465	1814	21	2010.24359
cryoconite	-0.8184	0.4829	1	941	9318	115	2014.048
cryoconite holes	-0.8709	0.417	1	870	7742	91	2014.041667
cryosphere	-0.4132	0.6236	1	628	3070	38	2014.539877
cultivation	0.2534	0.7033	2	646	3262	39	2014.139241
culturable bacteria	-0.7952	0.3014	4	258	884	11	2013.928571
culture	0.3226	0.773	2	1002	7954	101	2011.379653
culture-dependent	0.1049	0.1467	4	363	1216	14	2014.666667
culture-independent	0.0699	0.1867	4	600	2736	31	2013.023256
current	0.8378	-0.4074	3	590	2928	32	2008.757215
cyanobacteria	0.2423	0.6187	2	1346	25252	295	2013.32964
cyanobacterial	0.4319	0.8446	2	612	3548	43	2012.833333
cyanobacterial diversity	0.5581	0.7104	2	377	1498	18	2012.722222
cyanobacterial mats	0.4574	0.8943	2	424	1828	21	2009.807692
cyanobacterium	0.6076	0.8558	2	468	1882	25	2012.864865
cycle	-0.2138	-0.1389	1	1320	17458	190	2011.47296
cycling	-0.5526	-0.4596	1	1180	13924	147	2014.035763
cytometry	0.3896	-0.3983	3	528	2202	24	2013.97619
damage	-0.0669	1.1094	2	356	1390	19	2013.018116
dark	-0.0193	0.2258	1	741	3746	40	2011.352113
data	0.1699	0.0951	5	1437	32352	376	2011.015066
data set	0.6092	0.0113	5	364	1192	13	2010.433246
data sets	0.7087	0.175	5	387	1384	17	2011.63144
database	0.5956	0.3763	5	707	3774	49	2012.403509
dataset	0.6568	-0.0378	5	529	1986	25	2012.68054
date	0.1552	0.11	5	827	4256	47	2012.087051
debris	-1.0368	0.4872	1	539	2904	34	2009.221983
decline	-0.0495	-0.3603	3	364	1188	13	2013.254217
decomposition	-0.9178	-0.4189	4	487	2192	26	2012.585736
deep	0.1474	-0.7431	3	529	2264	24	2008.172697
deep sea	0.7207	-0.6223	3	535	2636	28	2010.4
deep water	0.7543	-0.8151	3	585	3090	30	2008.094223
deglaciation	-1.0326	-0.0602	4	361	1392	16	2010.986813
degradation	-0.4359	-0.312	1	883	5980	64	2013.464824
deltaproteobacteria	0.4609	-0.9904	3	489	2182	20	2014.825
denaturing gradient gel electrophoresis	0.9163	-0.1481	3	337	1202	13	2010.875
denitrification	-0.5987	-0.8989	6	606	3450	40	2011.339806
denitrifiers	-0.8042	-0.9249	6	346	1342	16	2015.5625
density	-0.5917	0.2492	1	659	3312	39	2009.879211
dependence	-0.7834	0.1135	1	357	1092	12	2010.591411
depletion	-0.7065	-0.4395	1	386	1200	13	2011.778068
deposition	-0.4783	-0.1559	1	775	4344	46	2012.094256
deposits	-0.7245	0.1123	1	458	1744	19	2011.200561
depth	0.1449	-0.6658	3	1213	13740	145	2010.672402
description	0.4948	0.8827	2	606	2784	36	2009.996622
desert	-0.6015	0.3281	4	930	7738	89	2011.209622
desert ecosystems	-0.802	-0.1405	4	304	1072	11	2015.875
desert soils	-0.7102	0.4637	4	361	1258	15	2013.15
desiccation	0.0457	1.2056	2	457	2078	26	2011.916667
design	0.0235	0.0955	5	352	1062	12	2013.015625
detail	0.4139	0.6405	2	341	1014	12	2011.078886
detection	0.1079	0.4423	5	845	4938	60	2012.417625
development	-0.5381	0.2656	1	1046	8096	91	2011.773084
dgge	0.6183	-0.4997	3	693	3926	40	2011.877551
diameter	0.529	0.4198	2	404	1414	17	2010.091346
diatom	0.8779	-0.2059	3	894	7126	78	2012.261803
diazotrophs	0.5066	-0.523	6	348	1286	14	2014.684211
difference	-0.0999	-0.0226	4	781	3864	47	2011.163032
differentiation	0.2964	-0.299	4	602	2456	26	2012.476471
dinoflagellate	1.1176	-0.2977	3	593	3518	37	2012.671642
discharge	-0.4675	-0.4927	1	478	1834	20	2012.354474
discovery	0.3715	0.2753	5	530	2158	28	2012.116822
dispersal	0.4212	0.2741	2	870	6156	73	2011.394973
dispersal limitation	0.2021	-0.8049	4	322	1128	12	2014.6
dissimilarity	0.0529	-0.8123	4	329	1010	11	2012.612903
dissolved	-0.9202	0.1757	1	372	1402	15	2012.616949
dissolved organic	-0.8687	0.0239	1	406	1588	16	2013.264026
distance	0.1177	-0.285	4	927	6526	71	2011.010448
distribution	0.3771	-0.2128	3	1410	30064	335	2010.907306
distribution patterns	0.3951	-0.6075	3	710	3914	42	2010.866972
disturbance	-0.5933	-0.2113	4	634	2964	33	2011.750678
divergence	0.7442	0.3021	2	447	1576	18	2010.679372
diversity	0.2049	-0.2448	4	1449	61444	691	2013.553494
diversity index	-0.1905	-0.2123	4	342	1152	13	2012.125
diversity indices	-0.2203	-0.7903	4	449	1672	16	2015.866667
diversity patterns	0.2253	-0.5117	4	521	2330	25	2014.5
division	0.2957	0.7443	2	398	1430	18	2010.926829
dna	0.3803	0.073	5	1245	14308	170	2012.62578
dna sequencing	-0.0812	-0.2467	4	445	1590	17	2013.060606
doc	-0.8198	0.002	1	536	2420	25	2012.69379
dom	-0.7522	-0.0986	1	353	1406	14	2013.596491
domains	0.5039	0.0195	5	305	940	13	2011.565217
dominance	0.1465	-0.443	3	925	5722	58	2012.29375
dormancy	-0.3156	0.6607	2	334	1106	13	2013.033333
draft genome	-0.0548	0.4949	2	195	660	11	2014.625
drainage	-0.7865	-0.0957	1	454	1726	18	2012.254459
drilling	-0.2913	0.4261	5	288	1018	12	2011.883459
drivers	-0.1495	-0.5966	4	866	5626	58	2015.864011
dronning maud land	0.1301	0.2381	4	311	1080	12	2012.364583
dry valleys	-0.6764	0.4029	4	862	7270	80	2011.870229
dry weight	-0.7049	0.4765	1	373	1302	15	2008.660377
duration	-0.6332	0.5922	1	406	1380	14	2012.189258
dust	-0.8145	0.3744	1	533	2510	29	2012.455882
dynamics	-0.0935	-0.3988	1	1152	11930	128	2012.382241
earth	-0.3471	0.4623	1	1095	9798	115	2012.416212
east	0.4541	-0.1801	3	883	5562	60	2011.088561
east antarctica	0.1885	0.3856	4	626	2996	32	2012.024096
eastern	0.1655	0.0611	4	422	1472	18	2011.347648
ecological role	0.6773	-0.1725	3	354	1156	14	2012.583333
ecology	0.1719	0.4768	2	1235	14112	165	2012.514768
ecology glacier	-0.2282	0.6038	2	299	1076	11	2014.823529
ecosystem	-0.2461	-0.0284	4	1439	42494	468	2013.530062
ecosystem function	-0.3796	-0.3603	4	470	1742	19	2013.98
ecosystem processes	-0.6856	-0.1595	4	427	1442	16	2013.946903
ecotypes	0.75	-0.5355	3	507	2168	23	2013.020408
effects	-0.2845	-0.2577	4	1347	21566	238	2011.624055
efficiency	-0.0096	0.5515	1	499	1744	21	2012.80663
effort	0.5116	0.2682	5	271	818	12	2012.512579
electron	0.0436	1.085	2	608	3270	41	2011.572917
electron microscopy	0.1421	1.1601	2	526	2560	32	2011.367742
electrophoresis	0.6917	-0.1474	3	751	4674	49	2010.931507
elements	-0.072	0.361	2	766	3880	42	2011.89258
elevation	-0.7453	0.3154	4	606	2798	29	2012.227186
ellesmere island	0.7163	0.1948	2	369	1262	13	2009.714286
emissions	-0.8241	-0.5039	6	559	2902	35	2013.550741
endemism	0.8238	0.2161	3	487	1998	24	2011.808219
endolithic	0.0169	0.9806	2	286	944	11	2013.571429
energy	-0.1521	0.1384	1	921	6400	71	2011.753532
energy source	-0.5147	0.1162	1	375	1350	15	2012.242718
enrichment	-0.6456	-0.0226	1	698	3130	33	2011.973485
environment	-0.203	0.1669	1	1456	48400	554	2012.515563
environmental	0.475	-0.0674	3	713	3354	36	2010.845217
environmental changes	0.2582	-0.3875	3	670	3466	38	2013.895683
environmental conditions	0.2343	0.2085	2	1170	10116	113	2013.912338
environmental drivers	0.3037	-0.9276	3	376	1360	14	2016.219178
environmental factors	0.0456	-0.7501	4	910	7018	74	2013.842444
environmental gradients	0.2275	-0.3915	4	602	2780	28	2013.88
environmental heterogeneity	1e-04	-0.8884	4	362	1212	12	2014.904762
environmental parameters	0.4157	-0.6179	3	595	2828	29	2012.892157
environmental samples	0.7174	0.3931	5	464	1750	22	2012.843137
environmental variables	-0.05	-0.9257	4	679	3592	36	2012.972376
enzyme	-0.5238	0.0011	4	805	4610	51	2013.452991
enzyme activity	-0.9355	-0.3288	4	437	1780	17	2014.026316
epifluorescence microscopy	-0.1422	0.3155	1	432	1640	17	2011.85
establishment	-0.355	0.4424	2	427	1492	18	2011.445578
estuarine	0.9581	-0.4703	3	350	1114	11	2010.194444
estuary	0.3467	-0.6305	3	320	970	11	2010.621212
eukarya	0.3176	-0.0586	5	434	1518	17	2013.1
eukaryotes	0.844	-0.0714	3	962	7722	87	2014.081633
eukaryotic community	0.8721	-0.3305	3	342	1198	12	2015.666667
eukaryotic diversity	1.0182	-0.5426	3	318	1038	12	2013.857143
euphotic zone	0.7854	-0.9488	3	448	1968	19	2011.97
europe	0.5397	0.5989	2	410	1348	17	2011.79689
european	-0.2171	0.9364	2	315	1024	13	2011.362949
euryarchaeota	0.0414	-1.0686	3	622	3282	34	2015.6
evaluation	0.6061	0.4395	5	568	2348	28	2013.100503
evenness	-0.3466	-0.8824	4	455	1832	20	2014.135135
events	-0.1963	0.1848	1	833	4708	52	2012.030986
evolution	0.1217	0.4981	2	735	3828	48	2012.05694
evolutionary history	0.6655	0.6469	2	271	840	11	2013.08
exchange	-0.2244	0.0441	1	438	1544	17	2010.706601
expedition	0.6666	0.1276	3	450	1568	18	2010.922432
experiments	-0.3126	0.1774	1	1154	10150	120	2011.075205
exploration	-0.1172	0.4729	5	362	1254	15	2011.678466
export	-0.5655	-0.422	1	544	2726	29	2011.295396
exposure	-0.4485	0.7019	2	641	2922	33	2012.977505
expression	0.6395	0.3448	2	452	1704	21	2012.171315
extent	-0.0095	0.0273	1	908	5712	65	2011.835219
extracts	0.1025	0.65	2	320	976	12	2011.888889
extreme	0.0854	0.198	2	463	1806	21	2013.461538
extreme conditions	0.0505	1.0027	2	366	1152	12	2013.919355
extreme environmental conditions	-0.3777	0.7715	2	361	1190	12	2014.387097
extreme environments	0.1468	0.5988	2	766	4074	46	2013.673913
extremophiles	0.0242	0.7778	2	466	1718	19	2014.535714
fall	0.4091	-0.1686	3	405	1380	17	2011.228402
family	0.5154	0.471	2	759	4472	55	2012.315615
fate	-0.7768	-0.4034	1	463	1752	18	2012.348684
fatty acids	-0.2617	0.8275	2	587	2728	32	2009.789855
fauna	0.0498	0.3233	1	316	992	11	2011.230769
fe	-0.4826	0.468	1	439	1558	16	2012.054167
features	0.5087	0.1837	2	1011	6902	77	2010.384646
feedback	-1.0665	-0.1901	1	569	2842	31	2013.003957
fertilization	-0.7411	-0.7142	6	307	974	11	2013.147368
field	-0.2515	0.6846	2	1106	9762	119	2010.533445
filamentous cyanobacteria	0.3155	0.7013	2	369	1194	13	2014.642857
filaments	0.1732	1.0156	2	381	1238	15	2009.982759
filter	0.1359	-0.0778	4	422	1428	16	2011.920139
filtering	-0.2881	-0.836	4	340	1184	13	2012.893617
fingerprints	0.5328	-0.507	3	666	3352	35	2013.054726
firmicutes	-0.4626	-0.2021	4	944	8286	89	2015.103093
fish	0.742	-0.7487	3	452	1908	22	2010.064516
fixation	-0.4797	-0.177	1	945	7202	80	2013.7
fjord	0.6674	-0.6341	3	608	3286	35	2013.427767
flagellates	0.8184	2e-04	3	536	2274	25	2010.584906
flavobacteria	0.469	-0.7515	3	582	2818	27	2014.407407
flavobacterium	0.561	-0.172	5	382	1336	14	2013
flora	0.3846	0.8838	2	341	1180	16	2011.036036
flow	-0.1096	-0.1734	1	665	3032	33	2010.017411
flow cytometry	0.4487	-0.4057	3	540	2294	25	2014.159091
fluctuations	-0.2392	0.5389	2	589	2532	28	2009.816514
fluorescence	0.2649	0.2763	2	934	6222	72	2012.243386
flux	-0.6162	-0.314	1	854	5726	63	2010.974387
focus	0.274	-0.3401	5	346	1046	13	2012.93921
food	0.6581	-0.1038	3	957	7630	80	2012.031915
food web	0.5957	-0.1636	3	868	6144	61	2013.363874
force	-0.0149	0.0232	4	533	2156	23	2011.140909
forefield	-1.1527	-0.048	4	363	1460	15	2013.028571
foreland	-1.1276	-0.369	4	284	1174	13	2012
forest	-0.3714	-0.3017	4	331	1152	14	2011.961222
formation	-0.3358	0.5844	2	1014	7512	85	2010.511811
fraction	0.2153	-0.4493	3	1053	8300	92	2011.553026
fragments	-0.1141	-0.5127	4	785	4778	52	2010.917127
fram strait	1.0092	-0.7151	3	294	1038	11	2009.019324
framework	0.2432	0.0513	5	544	2240	26	2013.208431
freeze-thaw	-0.3663	0.9425	2	379	1260	15	2012.06015
freezing	-0.1548	0.9087	2	505	2106	25	2009.881557
frequency	-0.1765	0.2218	5	466	1616	19	2011.174374
fresh water	0.6284	0.3465	2	335	1026	13	2007.859316
freshwater	0.6643	0.2695	2	1118	10436	117	2011.825688
freshwater ecosystems	0.5605	0.3799	2	371	1364	14	2013.857143
freshwater habitats	0.8442	0.5469	2	297	936	13	2013.5
freshwater lakes	0.9113	0.1196	3	394	1316	15	2013.1875
front	0.7384	-0.2465	3	479	1830	19	2009.508357
function	-0.2214	-0.1498	4	1104	9504	105	2010.972155
functional diversity	-0.4528	-0.1644	4	477	1898	23	2015.244444
functional genes	-0.4545	-0.6304	6	686	3802	41	2015.784314
functional groups	0.1658	-0.8255	3	362	1088	11	2013.383178
fungal	-0.6688	-0.4977	4	509	2058	22	2013.112583
fungal communities	-0.79	-0.5607	4	594	3160	34	2015.044776
fungal diversity	-0.8236	-0.5374	4	371	1354	13	2013.923077
fungi	-0.3594	-0.0557	4	1018	7996	89	2011.838649
future	0.2901	0.2306	2	664	3042	37	2013.712684
future studies	0.2586	-0.0743	5	327	962	12	2014.320388
gamma-proteobacteria	0.342	-0.7164	4	352	1212	14	2013.85
gammaproteobacteria	0.4187	-0.8321	3	1020	10026	102	2014.717742
gap	-0.3478	0.0107	5	459	1616	19	2012.915572
gas	-0.7839	-0.5177	6	654	3680	40	2012.319686
gases	-0.9698	-0.1757	1	437	1604	18	2012.066763
gc	-0.0309	0.4067	2	311	912	12	2009.583333
gel	0.6924	-0.2418	3	720	4356	46	2010.823529
gel electrophoresis	0.6884	-0.1731	3	737	4530	47	2011.217391
gemmatimonadetes	-0.3668	-0.646	4	528	2536	26	2015.857143
genbank	0.721	0.6207	2	389	1346	17	2013.138889
gene	0.3061	-0.1813	5	1447	57324	645	2014.058192
gene copies	-0.094	-0.6767	3	332	1010	11	2014.5
gene diversity	0.4401	-0.1939	5	455	1594	18	2013.96
gene sequence	0.5408	0.6927	2	585	2766	34	2012.678571
gene sequencing	0.1648	-0.1615	1	520	2154	23	2015.241379
genera	0.4661	0.4032	2	1147	11696	140	2012.72679
generalists	0.737	-0.4361	3	310	980	11	2014.914286
generation	0.1062	-0.1901	5	742	3738	42	2012.050847
genetic diversity	0.9911	0.3484	2	377	1334	17	2011.011494
genome	0.1923	0.2075	2	816	5518	70	2015.25641
genomics	0.0139	0.3165	2	502	1962	23	2016.1
genotypes	0.7576	0.3109	2	437	1464	17	2011.280702
genus	0.5969	0.7586	2	1072	11214	140	2012.443439
geochemistry	-0.6721	-0.5834	1	564	2698	28	2011.778947
geographic distance	0.7894	-0.3305	3	460	1844	20	2014.2
geographical distribution	1.0411	0.2694	2	344	1144	14	2010.97561
glacial	-0.6708	-0.0392	1	443	1756	19	2011.612378
glacial environments	-1.0616	0.2123	1	373	1336	15	2012.285714
glacial ice	-0.4684	0.5001	1	628	3028	34	2010.732394
glacial meltwater	-0.1986	-0.5645	1	508	2370	25	2014.267176
glacier	-0.7625	0.3445	1	1309	27568	325	2012.551157
glacier forefield	-1.1231	0.0091	4	397	1652	18	2011.705882
glacier foreland	-1.1292	-0.2505	4	280	1094	12	2011.885714
glacier ice	-0.7559	0.3279	1	582	2738	32	2011.885196
glacier retreat	-0.9922	-0.1106	4	417	1706	18	2014.020513
global	0.1681	-0.4065	3	663	2856	30	2012.401509
global biogeochemical cycles	-0.6234	-0.4942	1	418	1522	15	2013.441176
global climate	-0.1179	-0.5428	1	470	1716	17	2012.960148
global distribution	0.9326	-0.0615	3	456	1588	17	2012.866667
global ocean	0.673	-0.7555	3	380	1398	16	2012.454839
global scale	0.3456	-0.1459	5	344	1102	14	2012.819495
globe	-0.1937	0.6665	2	362	1186	13	2012.275862
gradient	-0.0012	-0.463	4	1245	16104	169	2011.354256
grain	-0.3166	0.4063	1	517	1936	23	2011.304833
green algae	0.1616	1.0194	2	815	5664	71	2013.282353
greenhouse	-0.8443	-0.7799	6	506	2588	29	2012.619866
greenhouse gas	-0.8361	-0.8477	6	439	2114	23	2013.545016
greenland	-0.7559	0.1629	1	1011	9724	113	2011.434214
greenland ice	-1.0057	0.2173	1	751	5740	64	2013.011636
greenland ice sheet	-1.0955	0.2269	1	669	5030	56	2013.335324
gris	-1.108	0.0612	1	460	2320	24	2015.391489
group	0.6522	-0.1142	3	1220	14290	167	2011.722362
group ii	0.804	-0.7593	3	323	1010	11	2012.947368
growth	-0.2709	0.4624	1	1254	14308	165	2011.406319
growth conditions	0.1021	0.737	2	296	900	11	2011.75
growth rate	-0.4169	0.4625	1	460	1794	20	2010.818356
gut	0.8112	0.4355	5	294	1138	16	2009.169811
habitat	0.0222	0.6153	2	1397	26496	310	2012.561584
habitat types	-0.4393	0.263	4	368	1286	12	2012.66
halocline	0.9412	-0.838	3	338	1264	12	2008.752727
hand	0.4313	0.4347	2	417	1312	14	2010.96875
haptophytes	0.9821	-0.2175	3	362	1282	12	2013.092308
harsh environment	-0.2261	0.8074	2	385	1252	13	2013.466667
health	0.3165	0.567	5	432	1962	28	2014.798851
heat	-0.6671	0.2486	1	346	1060	12	2011.129975
hemisphere	0.368	-0.0979	5	415	1380	16	2010.968158
heterogeneity	-0.1488	-0.468	4	717	3576	38	2014.002481
heterotrophic bacteria	-0.0946	0.4605	2	491	1938	22	2013.697674
heterotrophs	0.1558	-0.2764	3	672	3046	31	2013.366667
high abundance	0.3171	-0.4944	3	547	2080	20	2012.462687
high altitude	-0.425	0.2104	4	530	2036	24	2012.481308
high arctic	-0.3094	0.3171	2	992	7558	84	2013.319239
high arctic glacier	-1.2684	-0.0897	4	290	1066	12	2012.555556
high latitudes	0.4279	-0.2983	3	691	3248	36	2011.932029
high light	-0.1661	1.1119	2	364	1336	16	2012.208333
high performance	0.9449	0.3974	2	385	1386	13	2013.72
high temperatures	-0.3282	-0.0939	1	309	974	11	2011.761364
high-performance liquid chromatography	0.9443	0.3983	2	385	1386	13	2013.35
high-resolution	-0.2915	0.1746	1	538	2160	26	2012.264879
high-throughput	0.6654	-0.3144	3	636	3044	33	2016.133333
high-throughput sequencing	0.3765	-0.4299	4	654	3384	36	2016.918367
hills	-0.0689	0.4691	4	326	1082	12	2010.710843
himalaya	-0.5774	0.6284	4	312	944	12	2012.563107
history	0.2802	0.4823	2	651	2826	33	2011.001969
hole	-0.7865	0.4282	1	534	2556	29	2010.693467
host	0.4872	0.1585	5	711	3958	49	2013.124
hotspot	0.1945	-0.379	4	504	1978	18	2015.44586
hplc	1.1338	-0.0509	3	322	1242	12	2011.786885
human activities	-0.375	0.1763	4	397	1298	13	2013.345725
humidity	-0.0845	1.069	2	309	962	11	2011.561033
hybridization	0.6519	-0.6037	3	586	2800	32	2011.061538
hydrocarbons	-0.6668	0.4871	1	351	988	11	2010.627692
hydrogen	-0.5931	-0.2224	1	321	1096	12	2011.895706
hydrology	-0.8953	-0.1618	1	406	1548	17	2013.474126
hypoliths	-0.5956	0.673	4	356	1640	20	2013.1
hypotheses	-0.0737	-0.4827	4	563	2224	22	2011.496
hypothesis	0.1792	-0.0423	5	899	5206	58	2011.082126
ice	-0.2633	0.2595	1	1403	36010	416	2011.721291
ice algae	-0.6773	0.5998	1	401	1786	21	2013.987179
ice communities	0.2769	0.1589	3	384	1336	15	2013.16
ice cores	-0.5383	0.3234	1	663	4142	50	2010.322795
ice layers	-0.7631	0.1202	1	320	1124	11	2011.030928
ice melt	-0.2642	-0.3193	1	384	1340	14	2012.747368
ice sheet	-1.0027	0.3274	1	857	8548	97	2012.194459
ice shelf	0.6358	0.3562	2	497	2082	22	2011.573026
ice surface	-0.8846	0.3633	1	799	5962	66	2011.816258
ice zone	0.0556	-0.7493	3	321	1098	11	2011.325359
ice-cover	0.4557	-0.4568	3	590	2740	27	2011.210019
ice-free	0.1794	-0.1271	4	749	4280	41	2013.322981
iceland	-0.3378	0.0901	6	304	922	13	2009.361905
identification	0.5998	0.4983	2	942	6058	72	2011.944837
identity	0.7642	0.3019	2	716	3850	42	2013.229508
illumina	0.0384	-0.6408	4	859	5420	57	2016.958904
illumina miseq	-0.0693	-0.5507	4	567	2506	26	2017.233333
illumina sequencing	-0.2702	-0.914	4	340	1190	12	2016.8
images	-0.5615	0.6788	1	349	1234	15	2011.32506
impact	-0.221	-0.2364	1	1271	14664	159	2013.206627
implications	-0.5056	0.3406	1	892	5350	66	2011.871583
impurities	-0.9397	0.5638	1	274	1046	12	2013.117647
in-situ	0.3457	-0.7388	3	306	926	11	2013.712
incorporation	-0.107	-0.018	1	497	1950	22	2011.174419
incubation	-0.6313	-0.2514	1	905	6202	69	2012.64375
index	-0.1422	-0.1412	4	566	2492	28	2011.380952
indices	0.0876	-0.5805	4	894	5476	60	2012.102711
individuals	0.1513	0.5087	5	349	1132	16	2011.172646
influence	-0.092	-0.4364	4	1120	9856	105	2011.779275
information	0.4246	0.202	5	1082	8694	108	2011.767792
inland	0.1721	0.2392	4	643	3010	30	2012.551282
inorganic carbon	-0.4295	-0.0852	1	453	1626	16	2012.45614
inorganic nitrogen	-0.9602	-0.3076	1	332	1172	13	2010.986301
insight	0.4053	-0.1546	5	624	2546	30	2012.936061
integrity	0.1989	0.736	2	337	992	11	2012.383562
intensity	-0.0969	0.1764	1	519	1898	20	2011.663823
interactions	-0.363	-0.2839	1	1057	8604	96	2011.626733
interface	-0.3567	0.1627	1	478	1714	19	2010.689655
intergenic spacer	0.9702	0.0975	3	432	1764	20	2013.545455
interior	-0.0523	-0.0656	6	314	902	11	2010.221733
international	0.81	0.3525	2	372	1226	14	2009.59081
interpretation	-0.0431	0.2429	5	299	888	11	2010.411609
invertebrates	-0.2764	0.3648	1	283	908	11	2011.049793
ion	-0.6334	0.3707	1	680	3270	36	2012.411616
iron	-0.1752	-0.1593	1	545	2272	25	2012.176678
irradiance	0.3334	0.793	2	611	2866	33	2010.337793
irradiation	0.0139	1.1611	2	359	1332	16	2012.117647
island	0.4956	0.3787	2	1249	15440	169	2009.956692
isolate	0.234	0.7301	2	1012	8454	104	2011.588083
isolation	0.2112	0.4997	2	734	3562	43	2010.695946
isotope	-0.5329	-0.3338	1	568	2570	29	2011.966793
its2	0.9249	1.0971	2	228	910	12	2014.888889
james	0.8908	1.223	2	231	920	11	2010.292308
james ross	0.8834	1.2286	2	232	936	12	2012.0625
james ross island	0.8848	1.2282	2	232	936	12	2011.8
japan	0.1503	0.4076	2	289	854	11	2010.171958
key	-0.5409	-0.1289	6	362	1026	12	2013.075472
king	0.346	0.4965	2	684	3974	42	2013.07113
king george island	0.3076	0.4473	2	677	3870	41	2013.25641
knowledge	-0.0646	-0.1403	5	1201	11122	122	2012.895394
kongsfjorden	0.4801	-0.8984	3	494	2444	25	2014.727273
laboratory	-0.4552	0.4681	1	820	4680	54	2010.526248
laboratory experiments	-0.6721	0.5038	1	398	1264	15	2009.102804
lake	0.4037	0.2196	2	1208	15114	169	2012.017794
lake sediments	-0.4085	-0.4428	6	371	1430	16	2012.512658
lake water	0.624	0.0969	2	348	1170	13	2011.325444
land	-0.1874	0.3981	4	941	6254	67	2012.42268
landscape	-0.6688	-0.1317	4	679	3824	40	2013.677302
large-scale	0.3052	-0.566	3	424	1396	14	2011.165527
late summer	0.94	-0.4039	3	369	1370	14	2011.54902
latitude	0.4606	-0.559	3	741	3920	44	2011.054819
latitudinal gradient	0.3596	-0.3226	4	483	1984	22	2012.966942
layer	-0.0194	-0.6381	3	1209	14268	152	2010.321275
lead	0.4668	-0.5021	3	345	1026	11	2010.716069
length	0.0155	-0.4546	4	882	5646	61	2010.5328
leptolyngbya	0.5069	0.8441	2	517	2430	28	2013.933333
levels	-0.0435	0.1452	1	1230	12782	140	2011.25209
library	0.725	-0.0149	5	507	2362	27	2011.807018
lichens	-0.0903	0.8027	2	490	1944	23	2010.846457
life	-0.2188	0.6541	2	1132	11052	131	2011.876747
life cycle	0.3047	1.0782	2	380	1342	17	2011.540698
lifestyle	0.336	-0.4377	5	470	1762	20	2013.527778
light	0.2476	0.7455	2	1010	7800	87	2011.753582
light availability	0.5717	-0.4168	3	334	1132	11	2014.646154
light conditions	0.3039	1.0382	2	334	1134	13	2012.46
light microscopy	0.462	1.0355	2	407	1504	18	2013.75
limit	0.3003	0.3726	2	689	3200	36	2010.544865
limitations	-0.3753	-0.0156	1	892	5052	54	2012.614846
line	-0.5775	0.0954	1	335	984	11	2011.363128
lineages	0.6632	0.3717	2	981	7800	94	2013.392045
links	-0.2634	-0.0875	1	399	1246	13	2012.592814
lipids	-0.4433	0.7809	2	358	1144	12	2011.738351
liquid water	-0.4916	0.8154	1	471	1852	20	2011.138528
literature	-0.0158	0.8387	2	405	1424	19	2011.726524
living	0.1716	0.7857	2	505	1874	24	2011.447853
livingston island	0.7434	0.4924	2	356	1414	14	2012
location	-0.0821	-0.2805	4	792	3996	45	2010.881081
long range	-0.3996	0.5091	1	276	878	11	2013.038627
long-term	-0.4479	0.0806	1	811	4404	50	2012.366366
loss	-0.1919	-0.052	1	790	4196	48	2013.251087
low temperatures	0.0426	0.8078	2	865	5674	70	2011.076759
magnitude	-0.8286	0.0018	1	732	3900	41	2011.364091
maintenance	-0.6191	0.3347	1	398	1376	14	2010.394191
margin	-0.9275	-0.0564	1	561	2582	28	2010.972504
marine	0.6817	-0.4561	3	1294	22502	253	2012.020366
marine bacteria	0.8566	-0.6138	3	372	1346	16	2012.6
marine bacterioplankton	0.7992	-0.991	3	257	924	11	2014.636364
marine communities	0.5998	-0.7483	3	372	1280	12	2014.2
marine ecosystems	0.7166	-0.5849	3	738	4346	46	2013.642259
marine environment	0.5268	-0.6308	3	782	4588	49	2012.287625
marine habitats	0.8083	0.0645	3	351	1154	13	2013.294118
marine sediments	0.2074	-0.7583	3	553	2714	32	2011.473418
marine systems	0.6728	-0.5972	3	359	1118	12	2014.228916
marine waters	0.8302	-0.5296	3	352	1232	13	2011.891566
maritime	0.478	0.5393	2	813	5670	59	2011.981865
maritime antarctic	0.306	0.1398	2	557	2756	27	2010.549618
maritime antarctica	0.6644	0.5512	2	691	4248	43	2014.090909
markers	0.4964	0.1788	2	785	4514	51	2013.021898
mars	-0.4074	0.5726	5	451	1710	22	2011.096154
mass	0.2249	-0.1893	3	1168	12126	129	2010.941993
mass balance	-0.973	0.2463	1	388	1538	16	2012.104996
mass spectrometry	-0.0943	0.8645	2	442	1804	22	2012.604502
mat	0.4377	0.8384	2	675	3776	43	2010.666667
materials	-0.2143	0.1678	1	467	1614	19	2011.458333
matrix	-0.0089	0.696	2	386	1362	16	2011.695341
mats	0.4692	0.8543	2	832	6282	69	2011.689441
maud	0.1357	0.2552	4	344	1282	14	2010.953333
maximum	0.3585	0.0524	3	582	2444	26	2010.287843
mcmurdo	-0.5659	0.5025	4	800	5746	62	2012.070652
mcmurdo dry	-0.7787	0.372	4	759	5436	58	2012.629213
mcmurdo dry valleys	-0.7775	0.3758	4	759	5436	58	2012.629213
mean	-0.8811	0.3305	1	438	1680	19	2010.953636
measurements	-0.4044	0.1007	1	1099	8834	100	2010.932763
mechanisms	-0.1557	0.2015	2	1071	8228	92	2011.610479
media	0.0677	0.4653	2	397	1388	17	2012.027933
mediterranean	0.7055	-0.5263	3	396	1334	15	2009.594488
melt	-0.7902	0.2748	1	919	8132	88	2013.146853
melt season	-0.9031	0.3938	1	575	3198	33	2013.926984
melt-water	-0.2863	0.3165	1	335	1042	11	2011.098684
melting	-0.621	0.3697	1	821	5360	54	2012.110283
meltwater	-0.5171	0.1687	1	1007	8630	94	2012.781925
membrane	0.1008	0.7703	2	574	2376	28	2012.060241
mesopelagic	0.7096	-0.9804	3	419	1776	17	2013.454545
metabarcoding	0.8892	0.0783	3	332	1064	12	2016.8
metabolic activity	-0.39	0.0373	1	578	2456	27	2011.888889
metabolic pathways	-0.0909	0.2997	5	353	1236	13	2014.617647
metabolic potential	-0.4269	-0.4125	1	407	1494	15	2015.565217
metabolism	-0.2749	0.222	1	1028	8504	95	2013.696486
metabolites	0.1365	0.9251	2	499	2066	25	2014.232
metagenomic analysis	0.1901	0.1865	2	404	1446	17	2016
metagenomics	0.0947	-0.0947	5	996	9118	109	2015.813433
metals	-0.5638	0.108	1	490	1856	20	2012.223108
metatranscriptomics	0.7894	-0.1913	5	320	1090	13	2017.125
metazoan	0.5026	0.5621	2	379	1262	14	2013.666667
methane	-0.8233	-0.513	1	559	2826	31	2013.074286
methanogenesis	-1.0382	-0.2594	1	364	1438	15	2013.934579
methanogens	-0.8614	-0.4665	1	331	1176	14	2013.962264
method	0.4572	0.3182	5	1221	13874	170	2012.144788
methodology	0.1045	0.6218	2	391	1252	14	2012.912525
mg	0.0518	0.295	1	507	1954	23	2010.971279
microalgae	0.1154	0.9761	2	728	4082	46	2011.67033
microarray	-0.1211	-0.2801	5	443	1826	21	2011.666667
microbes	-0.2823	0.0663	1	1218	13100	153	2014.433213
microbial	-0.4039	-0.1727	4	1372	24446	263	2014.133333
microbial abundance	-0.791	-0.3453	1	599	3000	29	2014.578947
microbial activity	-0.988	0.0693	1	840	5500	58	2013.911565
microbial assemblages	-0.6066	-0.0086	1	656	3300	34	2014.871795
microbial biodiversity	0.5306	-0.1173	5	466	1866	20	2012.181818
microbial biogeography	0.5335	-0.423	3	398	1512	17	2014.578947
microbial biomass	-0.9697	-0.0462	4	449	1676	16	2012.267857
microbial communities	-0.4	-0.2909	4	1431	46706	505	2014.731973
microbial community composition	-0.6399	-0.5946	4	827	5372	52	2015.346154
microbial community structure	-0.4717	-0.6617	4	965	7848	75	2014.639175
microbial composition	0.0232	-0.7358	5	370	1274	14	2016.954545
microbial diversity	-0.0632	-0.3362	4	1188	13824	151	2015.01676
microbial ecology	-0.137	-0.1806	5	899	5926	68	2014.215909
microbial eukaryotes	0.9432	-0.2369	3	690	3964	45	2014.543478
microbial food web	0.8668	-0.1713	3	371	1392	13	2013.307692
microbial growth	-1.0049	0.4737	1	337	1178	12	2012.347826
microbial habitats	-0.6968	0.5904	1	422	1410	14	2013.294118
microbial life	-0.5814	0.5875	1	632	2988	32	2014.185185
microbial mats	0.542	0.7332	2	737	4770	50	2012.786517
microbial populations	-0.384	0.1911	5	522	2074	22	2012.818182
microbial processes	-1.016	-0.2357	1	411	1568	16	2014.319149
microbial structure	-0.6069	-0.3466	5	366	1436	14	2015.333333
microbial succession	-1.1318	-0.1928	4	285	1052	11	2014.692308
microbiology	-0.4128	0.3954	5	604	2546	31	2014.703704
microbiome	-0.0292	-0.0495	5	879	6138	71	2017.011236
microbiota	0.0749	0.2672	5	788	4398	52	2014.975
microcoleus	0.6657	1.0289	2	323	1232	15	2013.9375
microcosm	-0.9081	-0.2591	1	575	2598	28	2013.482143
microcystin	0.5193	0.9757	2	236	994	15	2013.875
microenvironments	-0.0022	0.9105	2	317	956	11	2010.09375
microhabitats	0.2746	0.7161	2	363	1182	13	2010.595745
micromonas	1.0807	-0.3843	3	505	2478	27	2014.074074
microorganisms	-0.276	0.1383	1	1353	22016	251	2013.878151
microscopy	0.2751	0.8343	2	997	7954	90	2012.438017
miers valley	-0.8176	0.3881	4	284	1082	12	2012.071429
mineral soils	-0.9751	-0.3429	4	498	2208	21	2012.409396
mineralization	-0.7404	0.0959	1	426	1384	15	2012.943299
minerals	-0.9201	-0.0779	4	635	3388	37	2012.390313
minimum	0.3859	-0.9873	3	338	1174	12	2009.779051
miseq	0.0259	-0.565	4	567	2574	27	2017.46875
mixing	0.5559	-0.6509	3	532	2228	22	2009.902919
mixture	-0.2166	0.3254	1	485	1716	19	2010.906921
model	-0.5574	0.0573	1	1119	9848	116	2011.651901
modeling	-0.834	0.1217	1	471	1834	22	2012.080047
moisture	-0.8648	-0.441	4	731	5014	51	2012.602086
moisture content	-0.8024	-0.573	4	299	1010	11	2012.463768
molecular	0.6739	0.489	2	790	4422	52	2012.319372
molecular diversity	0.8373	0.4188	2	371	1134	13	2014.052632
molecular methods	0.5977	0.5181	2	506	1950	23	2013.15
molecular phylogeny	0.6981	1.1396	2	276	1076	15	2011.521739
molecular techniques	0.7982	0.224	5	419	1448	16	2012.962963
molecular weight	-0.4962	0.194	1	310	936	11	2011.919355
molecules	-0.4215	0.1682	1	441	1488	18	2011.769231
monitoring	0.3465	0.0898	5	618	2534	27	2012.828676
monooxygenase	-0.0989	-1.2462	6	374	1764	19	2013.285714
moraines	-0.9484	0.3262	4	350	1244	15	2010.095
morphology	0.613	1.0435	2	760	5706	73	2011.797508
morphospecies	0.812	1.0258	2	259	914	12	2010.642857
morphotypes	0.699	0.9497	2	426	1890	22	2012.180328
moss	-0.2964	0.5329	2	631	2822	32	2010.479651
mountain glaciers	-0.9584	0.4014	1	334	1168	14	2013.183099
mountains	-0.3175	0.4845	4	936	6670	79	2011.617276
movement	-0.552	0.1165	1	326	1010	11	2009.813333
mt	-0.0827	0.7261	2	362	1190	13	2009.927928
multivariate	-0.2433	-0.6331	4	604	2784	28	2013.099057
multivariate analysis	-0.5154	-0.6332	4	457	1820	18	2012.59322
n-2	-0.0249	-0.8056	6	303	1106	14	2010.577778
n-cycling	-0.6967	-0.8175	6	368	1306	13	2013.592593
n2o	-0.8352	-0.8696	6	306	1260	16	2013.738462
national	0.3416	0.6363	2	327	994	13	2010.195652
nature	-0.0905	0.3697	2	654	2790	33	2010.788145
near-surface	-0.4409	-0.1843	1	400	1324	14	2011.177419
network	-0.1126	-0.5039	4	799	4326	48	2012.964962
network analysis	0.1922	-0.8025	3	485	1922	20	2014.358974
new species	0.6496	1.1644	2	396	1792	25	2011.213873
next generation	0.7069	-0.096	5	504	2090	24	2015.559322
next-generation sequencing	0.7806	-0.07	5	638	3098	34	2015.942308
ngs	0.4344	0.2874	5	382	1278	13	2015.695652
niche	-0.0244	-0.2887	4	954	6816	78	2014.209184
nifh	-0.0345	-0.7337	6	314	1086	12	2013.307692
nitrate	-0.1736	-0.713	6	687	3374	38	2010.126471
nitrification	-0.4256	-0.9298	6	721	4904	53	2012.634409
nitrogen	-0.6375	-0.4303	6	1252	17384	186	2012.807923
nitrogen cycle	-0.4638	-0.9106	6	558	2894	31	2014.719298
nitrogen cycling	-0.738	-0.7373	6	502	2212	24	2014.64
nitrogen fixation	-0.7455	-0.156	6	641	3338	36	2013.87037
nitrous oxide	-0.7949	-0.9668	6	324	1310	15	2015.636364
no3-	-0.7634	0.0182	1	424	1400	16	2011.56
north	0.6495	-0.5672	3	951	7054	76	2010.374238
north atlantic	0.7246	-0.7694	3	391	1450	15	2010.017846
north sea	0.5471	-0.8519	3	285	974	12	2009.958333
northern	0.0561	-0.1745	5	702	3148	34	2011.106605
northern hemisphere	0.0397	-0.1645	5	372	1200	13	2010.714878
northwest	0.0601	-0.5223	3	384	1202	13	2011.701835
norway	-0.3905	0.3059	1	591	2532	29	2011.264414
norwegian	0.8785	-0.4702	3	327	1046	11	2008.200426
nostoc	0.3155	0.8923	2	482	2096	28	2013.258065
novel	0.5512	0.3714	2	535	2130	28	2013.967568
nutrient availability	-0.2096	-0.1119	1	598	2466	21	2013.783582
nutrient concentrations	-0.064	-0.2426	1	501	2024	21	2011.871795
nutrients	-0.3942	-0.2214	1	1267	16956	174	2011.870968
oasis	-0.1585	0.0964	4	316	976	11	2012.446809
objective	0.4174	-0.6858	3	304	1042	11	2011.917647
observations	0.0309	0.3577	1	1026	7464	88	2011.448164
occurrence	0.6016	0.0709	3	948	5736	66	2011.803551
ocean	0.7224	-0.6421	3	1222	23548	266	2010.965167
ocean surface	0.5623	-0.8008	3	361	1284	13	2011.97351
offshore	0.8559	-0.8969	3	334	1240	13	2009.651466
onset	-0.1756	0.3761	1	351	1058	13	2011.400894
open ocean	0.5546	-0.6947	3	388	1366	15	2011.015873
operational	0.3711	-0.4901	3	375	1220	13	2011.326733
operational taxonomic unit	0.2288	-0.8575	3	404	1388	15	2014.521739
order	0.0431	-0.0525	1	1196	11136	123	2010.598046
ordination	0.3694	-0.6114	3	383	1252	12	2011.275362
organic	-0.7939	-0.2112	1	626	2866	30	2013.072464
organic c	-1.0011	-0.2204	1	365	1188	12	2011.8625
organic carbon	-0.736	-0.3433	1	1196	14628	150	2012.96863
organic compounds	-0.6456	0.6884	1	323	1044	12	2012.030075
organic material	-0.4561	-0.2542	1	367	1092	12	2010.225
organic matter	-0.6179	-0.4007	1	1198	14518	149	2012.485771
organic matter content	-0.9872	-0.5919	4	321	1066	11	2012.285714
organic nitrogen	-0.961	-0.4284	1	387	1298	12	2011.771739
organisms	0.2418	0.41	2	1239	12808	149	2012.67134
origin	-0.085	0.3958	1	984	6580	76	2010.187679
oscillatoriales	0.5042	0.9026	2	488	2172	24	2011.5
otu richness	-0.1544	-0.831	4	357	1104	11	2016
otus	0.2972	-0.6419	3	1165	13164	149	2015.528205
overlap	0.7605	0.1952	5	458	1680	19	2012.007874
oxidation	-0.4271	-0.7702	6	814	6534	74	2011.836614
oxidation rates	-0.5306	-1.0295	6	279	1026	11	2014.029412
oxide	-0.7723	-0.9123	6	337	1354	16	2014.103448
oxygen	-0.0579	-0.169	6	807	4618	50	2009.83871
pacific	0.7616	-0.7462	3	745	4896	54	2010.950879
pacific ocean	0.5422	-0.7823	3	398	1516	19	2010.089431
par	-0.1515	1.0794	2	349	1228	16	2013.039216
parallel	0.2609	-0.0126	2	326	978	11	2010.6875
parameters	-0.1789	-0.279	4	1127	10138	106	2010.962104
parasites	1.036	0.03	3	362	1346	16	2012.636364
part	0.1329	0.3432	2	1090	8218	95	2010.410034
particles	-0.3926	0.289	1	883	5984	69	2011.108822
particulate	-0.2036	-0.5378	1	604	2566	26	2012
particulate matter	-0.1359	-0.6489	1	378	1316	14	2012.141264
particulate organic	0.0836	-0.6497	1	483	1992	20	2012.208791
particulate organic carbon	-0.015	-0.5246	1	329	1126	11	2012.516854
partitioning	0.3188	-0.7489	3	436	1584	17	2012.216749
past	-0.6707	0.2239	1	397	1232	13	2012.316703
patches	-6e-04	0.6217	2	375	1194	14	2011.337979
pathogens	0.6223	0.3113	5	274	790	11	2014.164835
pathways	-0.2544	-0.038	1	820	5292	61	2013.213274
patterns	0.2654	-0.5295	3	1358	24276	264	2011.236066
pcr	0.2157	-0.503	6	1010	8218	93	2012.768293
pelagic	0.7051	-0.7381	3	522	2262	21	2011.982143
penetration	-0.2532	-0.3985	1	297	940	11	2009.4875
penguins	0.3986	0.2056	5	326	1212	14	2011.289157
peninsula	0.6484	0.0591	2	966	8254	84	2011.596904
performance	0.3812	0.7193	2	545	2214	27	2013.489921
period	-0.0253	0.0683	1	988	7460	81	2011.210316
permafrost	-0.7395	-0.2995	4	1027	10386	119	2012.799678
permafrost soils	-0.9191	-0.2489	4	558	2720	31	2014.196203
permafrost thaw	-0.8196	-0.8579	4	444	2072	21	2014.917369
persistence	0.1458	0.0234	3	295	824	11	2012.073254
perspective	-0.0194	0.2547	5	477	1676	19	2012.901235
perturbations	-0.0746	-0.5349	4	407	1412	15	2010.583086
ph	-0.6374	-0.3924	4	1075	11444	125	2013.361345
phaeocystis	0.8616	-0.7157	3	453	1874	18	2013.745455
phase	-0.1572	0.5157	1	318	886	11	2011.300144
phenotypic	0.4561	0.9221	2	402	1654	21	2013.529412
phormidium	0.6715	0.8909	2	462	2170	26	2011.413793
phosphate	0.1526	-0.3869	3	553	2196	23	2010.048128
phosphorus	-0.789	-0.0785	1	631	3064	30	2012.723926
photoautotrophs	-0.2635	0.8194	2	413	1402	16	2012.833333
photosynthesis	-0.2108	0.8346	2	801	4940	56	2012.442424
photosynthetic	0.4428	0.5721	2	338	1014	13	2011.542857
phototrophic bacteria	0.8295	-0.4657	3	316	1216	15	2014.25
phyla	1e-04	-0.5019	4	1124	12620	138	2015.469512
phylogenetic	0.757	0.596	2	833	5444	66	2012.713235
phylogenetic analyses	0.8709	0.7559	2	340	1254	17	2012.447368
phylogenetic analysis	0.7966	0.5102	2	597	2670	33	2012.784615
phylogenetic diversity	0.004	-0.4046	4	686	3382	37	2014.238095
phylogenetic groups	0.712	-0.245	3	389	1214	15	2012.117647
phylogenetic relationships	0.8222	0.9183	2	351	1268	15	2011.2
phylogeny	0.8317	0.7631	2	729	4866	64	2012.637037
phylogeography	0.783	0.2789	5	297	916	12	2012.5
phylotype	0.5719	0.0074	3	560	2324	28	2013.815789
physicochemical properties	-0.9815	-0.208	4	338	1108	12	2015.151515
physiology	0.1326	0.738	2	592	2478	29	2013.727273
phytoplankton	0.7797	-0.5622	3	981	10410	108	2012.529026
phytoplankton biomass	0.7584	-0.6987	3	326	1170	11	2013.33125
phytoplankton bloom	0.4957	-0.8397	3	532	2924	27	2012.516129
phytoplankton community	0.8117	-0.5159	3	424	1614	17	2014.607595
picocyanobacteria	1.0159	-0.426	3	313	1144	14	2012.5
picoeukaryotes	1.131	-0.3898	3	483	2504	30	2014.205882
picophytoplankton	1.1943	-0.3545	3	357	1446	18	2012.657143
picoplankton	1.1009	-0.1607	3	424	1790	21	2011.970588
pigments	0.4725	0.5017	2	885	6052	63	2012.420814
pioneer	-0.86	0.2714	4	321	1124	12	2012.114286
pipeline	0.7452	0.0804	5	302	1114	12	2012.5
place	-0.0506	0.4712	2	640	2668	30	2009.958042
planctomycetes	0.0838	-0.5146	4	578	2764	28	2015.2
planet	-0.5304	0.5468	1	487	1906	22	2012.158537
plankton	0.9742	-0.3689	3	695	3854	43	2010.853821
plankton communities	0.8808	-0.4236	3	452	1628	17	2013.029412
plant	-0.622	0.0754	4	1042	10046	115	2012.538334
plant communities	-0.9625	-0.4495	4	411	1764	18	2013.503125
plant species	-0.7167	-0.5261	4	310	1238	14	2013.049822
plasticity	0.6262	0.6948	2	411	1448	16	2014.345794
plate	0.1477	0.6467	2	404	1406	15	2010.542683
plateau	-0.7601	-0.2406	4	633	3388	36	2012.169659
platform	0.5495	-0.237	4	343	1186	13	2013.075269
polar	0.3262	0.1338	2	991	7364	82	2011.082686
polar desert	-0.7648	0.0824	4	544	2680	28	2011.409836
polar environments	0.0752	0.5029	2	512	2040	23	2013.657534
polar ice	-0.718	0.1641	1	302	964	11	2010.186047
polar oceans	0.9286	-0.496	3	431	1594	17	2011.867925
polar regions	0.361	0.6847	2	931	6432	74	2011.606775
polaribacter	0.3991	-1.0018	3	384	1902	20	2015.227273
polaromonas	0.2195	0.0785	5	400	1338	14	2016.625
pole	0.7079	-0.2694	3	385	1376	16	2010.226221
pollutants	-0.5995	0.4773	1	315	1050	13	2012.312139
pollution	-0.6163	0.4113	1	320	968	11	2012.161202
polymerase chain reaction	0.2082	-0.6141	6	544	2354	25	2012.270833
polymorphism	0.0244	-0.7928	4	675	3930	41	2011.742574
polyphasic approach	0.7545	0.9595	2	420	1870	23	2015.043478
polysaccharides	-0.1325	0.0382	1	347	1150	14	2011.531915
ponds	0.4743	0.2776	2	789	4874	50	2013.328622
pools	-0.758	0.2761	1	506	2092	25	2013.203252
population	0.3358	0.0072	3	1253	14390	167	2011.362024
pore	-0.6636	0.0511	1	369	1186	13	2011.924837
position	0.7164	0.8118	2	434	1656	22	2010.689373
potential	-0.4674	-0.0421	1	1190	11922	135	2012.784435
power	-0.4384	0.2982	4	372	1194	14	2011.834034
prasinophytes	1.1577	-0.3099	3	321	1146	12	2013.851852
precipitation	-0.5631	0.4334	1	575	2564	27	2012.247478
prediction	-0.2756	-0.2902	5	657	3056	34	2012.073267
preference	0.0534	0.5068	2	443	1464	16	2012.214286
present	-0.3809	0.2858	1	657	3056	34	2011.176606
preservation	-0.0256	0.4564	5	327	948	11	2011.649533
pressure	-0.1069	0.2968	2	538	2058	22	2010.477108
prevalence	0.0544	-0.2359	5	576	2238	23	2013.013245
primary producers	0.5249	0.4761	2	795	4236	46	2014.795455
primary production	-0.029	-0.3437	1	806	5014	54	2012.113402
primary productivity	-0.5352	-0.2038	1	556	2256	23	2013.138889
primers	0.8711	-0.1395	5	644	3444	42	2012.84
principal components	-0.5872	0.1445	1	333	1048	11	2010.402597
probe	0.6164	-0.288	3	437	1544	19	2009.777027
processes	-0.5716	-0.1271	1	1382	26838	299	2011.967406
processing	0.0715	-0.0761	5	414	1440	17	2012.577495
prochlorococcus	0.8921	-0.4523	3	356	1260	13	2011.166667
production	-0.4167	-0.1398	1	1291	17340	195	2011.637878
production rates	-0.5216	-0.7737	6	285	916	11	2011.385714
productivity	-0.3999	-0.2681	1	985	7146	73	2012.484007
profiles	-0.1584	-0.0345	4	988	7448	79	2010.526606
progress	-0.2387	-0.2251	4	301	872	12	2012.411765
project	0.2672	0.1815	5	492	1856	25	2012.453668
prokaryotes	0.4001	-0.4841	3	893	6124	65	2014.673913
prokaryotic communities	0.2346	-0.4585	3	718	3732	37	2014.810811
properties	-0.4426	-0.3632	4	1105	9574	106	2011.071907
proportion	-0.0328	-0.2027	4	1009	6912	75	2011.055556
protein	0.1533	0.3037	2	819	4814	61	2012.85274
proteobacteria	-0.2468	-0.4378	4	1217	17192	185	2015.056701
proteorhodopsin	0.7251	0.212	2	305	1068	16	2014.375
protist communities	1.1895	-0.2534	3	328	1248	13	2014.142857
protists	1.0518	-0.1535	3	805	5744	61	2013.694444
protocol	0.1947	0.2878	5	382	1300	18	2014.140541
proton	0.772	0.1242	2	260	832	12	2013.413793
protozoa	0.6394	0.2599	2	307	972	11	2011
proximity	0.7944	0.0191	3	442	1544	16	2011.075099
proxy	-0.3866	0.1352	1	593	2292	25	2013.127907
pseudomonas	-0.5313	0.0884	1	463	1978	24	2013.961905
psychrophilic	-0.1112	0.8714	2	661	3248	42	2012.121495
pyrosequencing	0.211	-0.7294	4	1046	9858	107	2013.912698
qpcr	-0.4834	-0.7516	6	548	2534	26	2015.02439
quality	-0.1792	-0.51	5	590	2398	25	2012.741898
quantification	-0.2731	-0.1312	1	522	1964	25	2013.40625
quantitative pcr	0.0708	-0.7987	6	363	1202	12	2013.809524
quantitative polymerase chain reaction	-0.2477	-0.9337	6	337	1102	11	2014.235294
quantum yield	0.2136	1.2172	2	303	1204	13	2013.382979
quartz	-0.7956	0.5772	4	277	1000	14	2010.21875
radiation	-0.2974	0.7148	2	863	5354	61	2011.331925
rain	-0.646	0.5944	1	344	1066	12	2011.945455
range	-0.1497	0.2855	1	1269	13904	165	2011.410547
rare	0.8648	-0.2553	5	339	1246	15	2011.193548
rare biosphere	0.838	-0.1433	5	418	1736	20	2014.142857
rates	-0.6361	-0.1624	1	1209	14842	167	2011.494306
ratio	-0.5401	-0.3291	1	996	7444	83	2010.925387
rbcl	0.5718	1.1885	2	279	1078	13	2014.444444
rda	-0.5898	-0.6004	4	313	1100	11	2014.882353
rdna	0.932	0.4612	2	872	6276	79	2012.367232
rdna sequences	0.9644	0.6631	2	435	1872	27	2011.404762
reaction	-0.1522	-0.2632	6	870	5282	62	2010.924119
real-time	0.0418	-0.4629	5	329	1022	12	2012.398907
recent	0.1898	0.3057	5	635	2856	34	2011.804991
reconstruction	0.454	0.4461	2	466	1784	22	2012.728025
record	0.0074	0.3187	1	620	2778	31	2011.508365
recovery	0.0038	0.7629	2	535	2056	24	2012.7654
red snow	-0.0302	1.1346	2	359	1526	19	2009.789474
reduction	-0.5005	-0.0711	1	816	4808	56	2012.202875
redundancy	-0.4763	-0.7374	4	584	2830	29	2014.797101
redundancy analysis	-0.6038	-0.9647	4	419	1924	20	2014.837838
regime	0.3859	0.3494	2	705	3354	35	2010.768478
region	0.3559	0.0368	2	1446	38072	430	2011.608772
regression	-0.0034	-0.6385	3	409	1414	15	2011.924945
relationship	0.3133	0.042	2	1250	14280	157	2011.52721
relative abundance	-0.0135	-0.7791	4	1125	11726	123	2013.82
relative importance	-0.2571	-0.6772	4	334	1030	11	2010.879562
relatives	0.3456	0.8999	2	392	1294	16	2012.682927
release	-0.7705	-0.0601	1	618	2562	30	2012.712924
removal	-0.3544	-0.1078	1	506	1868	23	2011.470833
requirements	-0.0266	0.5755	2	439	1482	16	2011.322368
research	0.1183	0.3513	5	1084	9348	116	2012.25614
reservoir	-0.2508	-0.106	6	638	2650	30	2012.909879
residence	-0.4731	-0.3778	1	399	1408	15	2010.135762
residence time	-0.5005	-0.271	1	351	1118	12	2009.992032
resilience	0.0648	0.4084	2	321	980	11	2014.867816
resistance	-0.2006	0.8043	2	556	2478	31	2013.068966
resolution	-0.1154	0.0818	5	671	3056	34	2011.918993
resources	-0.1676	-0.2187	5	682	3234	39	2013.251701
respiration	-0.9613	0.0112	1	744	4330	47	2013.448352
response	-0.4382	-0.1791	4	1193	12252	131	2012.161066
restriction fragment length polymorphism	-0.2067	-0.8624	4	554	2866	29	2011.945946
retention	-0.6455	0.1313	1	331	994	12	2011.192053
retreat	-0.8801	-0.1059	4	654	3396	35	2012.69985
rhodobacteraceae	0.3227	-0.8387	3	363	1260	13	2015.230769
ribosomal	0.9826	0.0975	3	450	1752	20	2012.735294
ribosomal dna	0.9432	0.2908	2	402	1492	18	2011.052632
ribosomal rna	0.7208	-0.13	5	759	4360	50	2012.308824
richness	0.1111	-0.7273	4	1074	10594	111	2013.813953
ridge	0.33	-0.25	3	449	1656	18	2008.953586
risk	-0.1919	0.6169	5	364	1060	12	2014.229167
river	-0.0163	-0.5564	1	828	5296	60	2011.920886
rna	0.662	-0.2231	5	955	7132	82	2012.641379
rocks	-0.4164	0.669	2	889	6690	80	2010.835085
role	-0.0911	-0.093	1	1401	24174	270	2012.568357
rondane	0.5351	0.3268	4	267	1016	11	2010.277778
root	-0.9244	-0.4858	4	277	936	11	2012.083538
roseobacter	0.6718	-0.5688	3	310	1004	11	2014.818182
ross	0.9266	0.7181	2	511	2406	28	2011.009202
ross island	0.755	1.1191	2	323	1292	16	2009.922078
ross sea	1.0861	-0.1402	3	339	1264	14	2010.810256
rotifers	-0.1668	0.6263	1	385	1352	15	2011.956522
rrna	0.4487	-0.1999	3	1418	35154	379	2013.889558
runoff	-0.6896	-0.1035	1	549	2558	28	2012.212743
salinity	0.6021	-0.4365	3	1065	10052	106	2009.248247
salt	-0.2566	0.5506	2	453	1624	18	2008.72546
sample	0.4956	0.1563	5	1118	9534	109	2011.599617
sampling	0.1871	0.0029	5	984	6276	71	2012.100775
sand	-0.3704	-0.4036	4	353	1214	15	2010.211726
sar11	0.5315	-0.9004	3	587	3312	35	2014.694444
scale	-0.3148	-0.3232	4	1089	9980	112	2011.804989
scaling	0.1582	-0.7729	3	340	1008	11	2011.411765
scenarios	-0.2356	-0.0593	1	383	1128	12	2012.882212
science	0.0693	0.6841	2	333	922	14	2005.441336
sea	0.7124	-0.4974	3	1290	24252	275	2010.929745
sea ice	0.7843	-0.4333	3	961	8978	100	2012.341204
sea water	0.9178	-0.3785	3	365	1188	13	2008.442735
seafloor	0.2922	-0.8277	3	413	1624	16	2012.700565
season	-0.0038	-0.1137	1	1207	13964	152	2012.178114
seasonal changes	0.0326	-0.8803	3	398	1414	13	2012.145349
seasonal dynamics	0.3733	-0.3075	3	420	1490	14	2013.85
seasonal variation	0.2035	-0.3745	3	478	2034	20	2011.013917
seawater	0.6953	-0.4563	3	883	6588	72	2011.626116
secondary metabolites	0.4422	0.9115	2	263	864	11	2013.616667
secondary structure	0.8897	1.1174	2	273	1384	19	2014.347826
sediments	-0.2741	-0.3073	1	1253	18434	212	2011.206075
selection	0.097	-0.5725	4	737	4186	48	2012.335938
sensitivity	-0.4367	-0.2644	4	593	2470	29	2012.152936
separation	0.3448	0.3502	2	486	1660	21	2009.887195
sequence	0.6703	0.0945	2	1407	34994	410	2012.290017
sequence analysis	0.539	0.3718	2	536	2210	27	2011.648148
sequencing	0.2451	-0.3569	5	1351	23628	257	2015.158311
series	0.098	-0.2786	3	586	2516	27	2010.601012
service	-0.0836	0.1523	5	358	1210	15	2013.140288
shape	0.3582	0.5951	2	443	1542	19	2010.573529
sheaths	0.4541	1.1049	2	336	1110	15	2012
shelf	0.6075	-0.5482	3	811	5434	56	2010.587376
shetland	0.8233	0.579	2	573	2842	28	2012.25
shetland islands	0.8853	0.6278	2	493	2254	23	2012.868613
shift	-0.2562	-0.6938	4	1126	11132	116	2012.333333
short-term	-0.4134	-0.3034	6	432	1548	16	2012.055432
signal	0.2619	0.244	2	544	1892	22	2011.038817
signatures	0.1642	0.3437	5	524	1836	21	2011.86758
significance	-0.2263	0.0093	1	617	2472	27	2011.019928
silicate	0.0513	-0.2713	3	316	1044	13	2008.463158
similarity	0.7196	0.1072	2	1008	7960	88	2011.516971
single-cell	0.3586	0.268	2	436	1632	19	2013.741935
sites	-0.0038	-0.0281	4	1394	26638	299	2011.507274
size	0.461	0.0097	3	1073	8454	100	2010.965923
slope	-0.5058	-0.4094	4	586	2568	26	2010.341082
small subunit	0.7051	0.2888	5	704	3668	40	2011.226415
small-scale	-0.7367	-0.5748	4	340	1108	11	2011.469512
snow	-0.3079	0.8473	2	1097	11776	137	2012.043528
snow algae	-0.0327	1.1217	2	610	4376	59	2009.186441
snow samples	-0.1027	0.7339	2	510	2028	22	2012.883333
snow surface	-0.349	0.8381	1	590	2696	29	2011.761905
snow/ice	-0.4424	0.8976	1	558	2804	33	2012.216867
snowmelt	-0.9026	0.1577	1	457	1838	19	2012.207317
snowpack	-0.7244	0.3653	1	585	2730	29	2013.287234
soil	-0.68	-0.0658	4	1337	37850	427	2012.887856
soil bacteria	-0.8143	-0.6252	4	553	2902	32	2014.974359
soil bacterial communities	-0.7643	-0.7903	4	610	4254	46	2015.142857
soil bacterial diversity	-0.3254	-0.8463	4	283	1074	12	2015.416667
soil c	-0.9248	-0.6575	4	336	1186	11	2013.963303
soil carbon	-1.0636	-0.4889	4	556	3126	31	2014.460993
soil communities	-0.8934	-0.435	4	911	9940	105	2014.835714
soil crusts	-0.2417	0.8927	2	463	2196	25	2015.407407
soil development	-1.1396	-0.0266	4	369	1476	16	2012.142857
soil diversity	-0.6964	-0.5439	4	393	1774	20	2014.793103
soil ecosystems	-1.0244	-0.4193	4	554	2734	26	2014
soil environment	-0.8672	-0.2191	4	464	2090	22	2012.607843
soil microbes	-1.0317	-0.5141	4	302	1032	11	2016.157895
soil microbial communities	-0.9999	-0.5324	4	673	4618	46	2014.5
soil microbiome	-0.9727	-0.3185	4	343	1334	14	2017.111111
soil moisture	-0.9325	-0.6351	4	493	2654	27	2013.428315
soil organic carbon	-1.0428	-0.6078	4	389	1602	16	2014.684426
soil organic matter	-1.0755	-0.3715	4	440	1954	19	2014.61236
soil parameters	-0.5544	-0.4912	4	354	1306	13	2015.09375
soil ph	-0.7871	-0.7743	4	482	2656	28	2013.036585
soil properties	-0.9931	-0.4439	4	537	2964	30	2014.284153
soil surface	-0.8244	0.3255	4	428	1744	21	2012.076577
soil temperature	-1.1348	-0.417	4	404	1640	16	2013.124498
soil water	-0.9264	-0.0186	4	461	1796	17	2012.424242
solar radiation	-0.6577	0.5528	1	466	1726	19	2011.997753
solutes	-0.7247	-0.0118	1	357	1284	14	2011.511628
solution	-0.1522	0.8231	1	334	1040	16	2010.22668
source	-0.5705	0.1104	1	1316	19866	225	2011.544715
source waters	-0.6689	0.0487	1	383	1306	12	2008.57967
south	0.7719	0.0401	2	957	7548	81	2009.816077
south shetland	0.8287	0.6439	2	528	2450	25	2012.612903
south shetland islands	0.8841	0.6294	2	493	2254	23	2012.921429
southern	0.6554	-0.2981	3	834	5134	55	2011.247603
southern ocean	0.7855	-0.5738	3	709	4470	49	2011.310743
sp nov.	0.7392	1.1703	2	333	1554	22	2011.009804
space	0.1604	0.4824	5	492	1630	19	2011.281958
spatial	0.109	-0.8706	3	529	2276	27	2011.877747
spatial distribution	0.2419	-0.3629	3	577	2270	26	2012.602028
spatial patterns	-0.45	-0.5018	4	395	1326	15	2012.024523
spatial scales	-0.308	-0.7212	4	652	3308	35	2012.42723
spatial variability	-0.2601	-0.7069	1	371	1288	13	2011.858628
spatial variation	-0.0646	-0.7856	3	388	1364	16	2011.835735
specialists	0.6422	-0.6355	3	316	1068	12	2013.780488
species	0.4269	0.543	2	1404	31372	387	2011.629341
species composition	0.6646	0.2191	2	560	2386	28	2011.337662
species diversity	0.4489	0.325	4	452	1730	22	2011.076923
species richness	-0.1988	-0.1193	4	571	2772	29	2013.089796
specificity	0.726	0.3762	5	272	796	11	2012.857143
specimens	0.7451	0.9413	2	286	924	13	2012.251232
spectrometry	-0.1112	0.8246	2	470	1870	23	2012.332298
spectroscopy	-0.3067	0.7442	2	351	1122	14	2012.548387
spectrum	-0.0311	0.2339	2	312	902	11	2010.348901
sphingomonas	-0.1927	-0.4577	4	294	974	12	2014.6
spitsbergen	0.4325	0.3196	2	673	3526	39	2012.274752
spores	0.2227	0.8129	2	269	798	13	2009.393258
spots	-0.4113	0.2492	1	441	1416	15	2012.598985
spring	0.5411	-0.3562	3	1003	8100	87	2011.445356
spring bloom	0.9161	-0.5332	3	338	1284	12	2011.73913
ssu	0.7349	0.3282	5	651	3322	39	2012.5
ssu rrna	0.5329	-0.093	5	602	2780	28	2013.9
ssu rrna gene	0.4921	0.0308	5	479	1856	19	2013.52381
stability	-0.0932	0.2121	2	573	2346	28	2011.601934
stable isotopes	-0.3254	-0.5259	1	533	2150	24	2012.393939
stage	-0.3004	0.4735	2	830	5074	58	2011.432692
state	0.0385	0.642	2	716	3270	42	2012.176355
stations	0.7418	-0.7562	3	774	5102	55	2010.728667
status	0.749	0.1797	2	484	1782	20	2011.737569
storage	-0.8558	0.392	1	440	1796	22	2013.435429
strain	0.4953	0.9151	2	1049	11556	157	2011.527632
strait	0.8574	-0.8803	3	437	1782	19	2008.864542
stramenopiles	1.099	-0.1818	3	597	3110	35	2012.918919
strategies	-0.0167	0.6368	2	958	6400	74	2013.49449
stratification	0.6041	-0.8095	3	528	2454	23	2010.765734
stream	-0.4282	0.4352	1	854	5546	58	2011.208251
streptophyta	0.1502	1.1969	2	384	1526	18	2014.833333
stress	-0.0731	0.9019	2	796	5258	62	2010.771906
structure	0	-0.1942	4	1436	41096	445	2010.587788
subglacial	-0.889	0.2533	1	496	2302	25	2013.2
subglacial ecosystem	-0.9913	0.3478	1	307	1110	12	2013.692308
subglacial environment	-1.0663	0.109	1	462	2278	25	2014.25641
subglacial lakes	-0.5795	0.5543	1	350	1172	13	2011.664032
subglacial sediments	-1.0574	0.1896	1	370	1442	15	2014.283019
substrate	-0.5153	-0.0277	1	943	6596	73	2012.694517
subsurface	-0.108	-0.2062	1	723	3710	39	2011.621895
subzero	-0.6062	0.8231	1	265	886	11	2010.16129
subzero temperatures	-0.681	0.7775	1	288	950	12	2010.4375
succession	-0.3226	-0.5153	4	836	5930	67	2012.128814
sulfate	-0.8229	-0.2605	1	366	1234	13	2010.319209
sulfur	-0.1768	-0.4024	5	473	1944	22	2010.858065
summer	0.5366	-0.2611	3	1287	19342	206	2011.747886
sunlight	-0.2282	0.2392	1	359	1176	11	2013.547619
supply	-0.5971	-0.1206	1	491	1874	21	2011.339312
support	-0.0993	0.4698	2	681	3148	37	2012.160714
supraglacial	-0.9602	0.4089	1	459	1852	20	2015.014925
supraglacial environments	-0.9224	0.4964	1	379	1492	18	2014.75
surface	-0.2197	-0.0616	1	1438	41820	465	2011.274886
surface albedo	-0.9871	0.5904	1	351	1550	17	2012.661808
surface layer	0.5407	-0.9643	3	369	1300	15	2009.563452
surface samples	0.6584	-0.4747	3	361	1196	13	2011.078947
surface sediments	0.2513	-1.0932	3	429	1942	18	2010.917355
surface waters	0.5745	-0.8128	3	1009	9938	101	2010.917469
survey	0.4341	-0.048	3	1041	7956	86	2010.854962
survival	-0.1166	0.8349	2	733	4324	54	2011.249489
svalbard	-0.3476	0.4132	1	1157	12998	149	2012.982836
svalbard archipelago	0.4729	0.6348	2	312	1030	11	2013.761905
svalbard glacier	-1.1108	0.4016	1	334	1352	15	2012.706897
sweden	-0.2946	-0.5154	4	311	952	11	2011.298755
synechococcus	0.9629	-0.2497	3	435	1760	20	2013.44
synthesis	-0.0157	0.3935	2	543	2006	23	2012.494924
system	-0.0253	-0.2142	1	1183	11680	127	2012.244703
systematics	0.7833	0.9348	2	253	840	11	2010.729167
t-rflp	-0.4143	-0.8411	4	547	2908	30	2013.184211
tags	0.6013	-0.7771	3	543	2422	25	2012.32
tardigrades	-0.1408	0.6173	1	364	1298	14	2012.777778
taxon	0.7877	0.2377	2	658	2928	34	2012.46
taxonomic	0.2095	-0.1325	5	683	3138	34	2014.826087
taxonomic composition	0.2164	-0.0104	4	524	1998	22	2013.044776
taxonomic diversity	-0.097	0.2387	4	407	1366	15	2014.884615
taxonomic groups	0.7302	0.031	5	519	2040	21	2013.491228
taxonomy	0.6444	0.9456	2	563	2844	38	2011.779141
taylor	-0.8649	0.2085	4	352	1362	14	2009.402597
taylor valley	-0.833	0.1882	4	290	1022	11	2011.833333
techniques	0.1667	0.3828	5	1104	9296	108	2010.995925
technology	0.5385	0.0042	5	680	3656	47	2013.19378
tem	0.1882	1.1772	2	281	934	11	2009.391304
temperate	0.3889	0.0306	2	832	4728	55	2011.666667
temperate regions	0.5186	0.692	2	352	1256	15	2011.4875
temperature	-0.0522	0.1268	2	1410	29074	327	2011.477652
temporal variations	0.1182	-0.465	3	340	1076	13	2011.722063
terminal restriction fragment	-0.3591	-0.8793	4	524	2708	28	2012.529412
terminal restriction fragment length	-0.3439	-0.8684	4	511	2570	26	2012.53125
terminal restriction fragment length polymorphism	-0.2826	-0.8768	4	501	2476	25	2012.645161
terms	-0.1407	0.1753	1	1005	6798	75	2011.105954
terrestrial	0.1937	0.6486	2	537	2148	26	2012.64094
terrestrial ecosystems	-0.3359	0.0287	4	645	3238	35	2013.432836
terrestrial environments	0.0011	0.6066	2	570	2276	26	2013.740741
terrestrial habitats	0.3114	0.9398	2	437	1582	19	2012.828571
thaumarchaeota	-0.0188	-1.0725	6	716	4726	49	2015.470588
thaw	-0.8323	-0.7005	4	515	2450	24	2013.405618
thawing	-0.8877	-0.8095	4	347	1318	14	2013.173362
theory	-0.1894	0.5545	5	266	762	11	2009.714706
tibetan plateau	-0.8859	-0.1552	4	494	2360	26	2014.317191
time	-0.0526	0.1524	1	1319	16910	194	2011.191579
time-series analysis	0.2919	-0.1862	3	500	1966	20	2010.95228
timescales	-0.5048	0.2449	1	378	1232	14	2011.525048
timing	-0.3108	-0.5559	1	408	1390	13	2012.348348
toc	-0.7378	-0.6019	4	378	1380	14	2011.084906
tolerance	0.084	1.0746	2	557	2652	33	2013.120192
tools	0.6658	0.0182	5	486	1846	22	2013.795322
total nitrogen	-0.7822	-0.8101	4	412	1736	16	2015.066667
total organic carbon	-0.6782	-0.3742	4	437	1654	17	2011.958678
toxins	0.4291	1.0144	2	218	848	12	2013.193548
trace	-0.752	0.2988	1	404	1346	15	2011.307692
tracer	-0.5185	-0.2542	1	376	1196	16	2009.231405
traits	0.2859	0.5946	2	657	2952	36	2014.46
trajectories	-0.9009	-0.1606	4	354	1122	12	2011.384117
transect	0.279	-0.4912	3	795	4474	48	2011.199708
transfer	-0.3463	0.5682	1	548	2038	26	2010.678679
transformation	-0.9834	0.1051	1	549	2208	24	2011.951786
transition	0.423	-0.2922	3	686	3558	41	2011.648928
transmission	0.352	1.1999	2	380	1418	17	2011.062827
transmission electron	0.207	1.2968	2	304	1144	14	2009.84375
transmission electron microscopy	0.2056	1.2972	2	304	1144	14	2009.807018
transport	-0.34	0.3516	1	927	6118	72	2010.537155
treatment	-0.3007	0.2457	2	704	3704	43	2012.769355
trebouxiophyceae	0.6434	1.1229	2	346	1398	19	2013.222222
trees	0.7418	0.6366	2	493	2014	26	2012.336557
trends	0.0998	-0.3443	3	815	4242	44	2012.269204
trophic levels	0.6495	-0.2471	3	475	1924	19	2012.898374
tundra	-0.5964	-0.5597	4	768	5396	60	2013.196825
tundra ecosystems	-0.7753	-0.685	4	411	1558	16	2014.391837
tundra soils	-0.6568	-0.5752	4	496	2334	24	2013.178218
turnover	-0.0921	-0.3054	4	747	3818	41	2013.246637
type species	0.9143	1.1338	2	170	642	11	2012.4375
types	-0.0592	0.2931	2	1193	11664	127	2011.720352
ultrastructure	0.3276	1.2533	2	411	1870	24	2011.095238
uncertainty	-0.4639	0.2349	1	347	1016	12	2013.221957
uptake	-0.2928	-0.1436	1	618	2864	32	2012.895082
usa	0.0459	-0.0689	5	330	984	13	2010.335681
utility	0.2963	0.222	5	358	1050	13	2012.942222
utilization	-0.4709	-0.2973	1	545	2372	28	2011.783251
uv	-0.065	1.0364	2	492	2070	24	2011.051948
uv radiation	-8e-04	0.9417	2	371	1188	13	2011.105263
v4 region	0.9702	-0.1385	3	449	1880	21	2016.454545
valley	-0.7016	0.3486	4	996	9726	108	2011.024
valley glaciers	-0.9761	0.318	1	413	1562	17	2012.022222
values	-0.1623	0.2505	1	1059	7530	91	2010.746562
variability	-0.0102	-0.6121	3	1193	13876	143	2011.545737
variance	0.364	-0.8257	3	421	1592	16	2010.046067
variations	-0.1504	-0.442	4	1280	17808	199	2010.901917
vascular plants	-0.5126	0.547	2	376	1282	14	2011.583643
vegetation	-0.6501	-0.0967	4	739	4632	49	2012.521246
vents	0.5608	0.0528	5	342	1214	14	2012.218543
verrucomicrobia	0.0684	-0.6692	4	696	3822	38	2015.585366
vertical	0.7314	-0.6605	3	340	1070	11	2009.544379
viability	-0.1505	0.9174	2	428	1586	20	2012.44
victoria	0.0829	0.6466	4	442	1826	19	2009.108571
victoria land	0.0483	0.5991	4	421	1604	17	2008.485075
viruses	0.1036	0.2626	1	515	1920	21	2012.909091
volcano	-0.6218	0.3638	5	285	980	12	2009.968254
volume	-0.3534	0.2984	1	683	3024	34	2010.936662
walls	0.1517	1.2098	2	255	846	11	2010.364865
warming	-0.6479	-0.5072	4	954	7456	78	2012.978577
water	0.2664	-0.3085	3	1448	50854	550	2010.775054
water availability	-0.2964	0.6708	4	462	1814	18	2013.394958
water chemistry	-0.5663	0.1436	1	422	1542	16	2013.770833
water column	0.5162	-0.7772	3	946	8042	80	2010.123234
water content	-1.025	-0.0131	4	545	2714	25	2011.363839
water depth	-0.1071	-0.7603	1	324	1080	12	2011
water ice	-0.3326	0.4984	1	341	1064	12	2010.074941
water masses	0.7881	-0.9286	3	778	6540	65	2009.047927
water samples	0.5749	-0.3219	3	619	2746	30	2012.208738
water temperature	0.6981	-0.8721	3	358	1332	14	2010.526448
weathering	-1.01	0.2128	1	419	1638	19	2009.277372
web	0.5381	-0.163	3	623	3054	29	2013.376068
weight	-0.5949	0.3714	1	536	2156	25	2010.632353
west antarctic	0.1296	0.2781	1	319	1102	13	2012.620545
wetlands	-0.4241	-0.3829	4	454	1698	19	2014.02029
white	0.9169	0.0504	3	340	1232	17	2010.307692
white sea	1.1319	0.0611	3	232	848	12	2010
wind	-0.2334	0.2972	1	532	1992	22	2010.366929
winter	0.5628	-0.3812	3	1012	8938	95	2011.016141
work	0.0663	0.1926	5	927	5632	62	2012.585814
world	0.0951	-0.2169	5	878	5226	64	2011.293273
world ocean	0.9823	-0.5241	3	330	1118	13	2007.82598
worldwide	-0.1063	0.8322	2	337	966	11	2013.141414
yeast	-0.7489	0.4447	4	290	908	12	2012.221675
yield	0.1332	1.1496	2	346	1322	14	2011.766667
zone	0.109	-0.4058	3	1245	14030	155	2010.917256
zygnema	0.1517	1.3395	2	249	1036	13	2015.769231
zygnematophyceae	0.0662	1.2835	2	251	908	12	2015.75
