id	x	y	cluster	weight<Links>	weight<Total link strength>	weight<Keyword count>	score<Avg year>
16s rdna	0.1692	-0.7354	3	118	266	3	2013.518519
16s rrna analysis	-0.3788	-0.92	3	81	178	2	2013
16s rrna gene	-0.3576	-0.917	3	195	536	6	2014.413989
abiotic stress	-0.526	0.4145	1	65	136	2	2013.166667
absolute configuration	0.1528	0.3018	4	96	220	3	2008.25
absorption	0.3145	0.0908	4	58	120	2	2011.930081
absorption bands	0.6603	-0.0927	3	67	158	2	2009.142857
abundance	-0.3937	-0.1735	3	106	230	4	2012.159769
acclimation	-0.5042	0.2562	2	87	180	2	2013.38
accumulation	-0.6114	0.1761	2	230	688	10	2011.1675
acetate	-0.2084	-0.4059	1	181	462	7	2011.825397
acetone	0.1534	0.1748	3	44	90	2	2013.571429
acetylation	-0.3803	0.0377	1	92	200	3	2010.25
acid composition	-0.7168	0.4241	2	61	146	3	2007.131579
acid hydrolysis	0.6873	-0.0991	4	55	112	2	2002.4
acid stress	-0.9696	-0.2981	1	45	96	2	2010.333333
acidic polysaccharide	0.6902	0.0411	4	59	136	2	1996
acids	-0.2667	-0.1489	1	569	2256	27	2009.964637
acinetobacter	0.4202	-0.1025	5	90	192	2	2013.0625
acquisition	-0.035	-0.3789	1	61	126	2	2012.112069
action	1.138	0.059	5	342	1332	16	2009.595808
activation	0.0448	1.0375	2	172	564	8	2011.521429
active compounds	0.2492	0.001	4	93	204	3	2013
activity	-0.1111	0.2602	1	899	5286	70	2011.741747
activity concentration	0.0364	0.6629	4	65	138	2	2013.625
adaptability	-1.0314	0.401	2	171	520	6	2014.833333
adaptation	-0.5822	0.0477	2	445	1718	19	2013.458029
adaptation strategies	-0.5772	-0.1168	2	102	226	2	2014.355556
addition	0.2615	0.1815	5	719	3458	42	2012.072879
adhesion	0.0164	-0.4113	1	256	756	9	2011.277778
administration	0.1235	0.1916	4	103	220	3	2011.614679
adsorption	0.7344	-0.3276	5	211	484	6	2009.962264
adult	-0.6268	0.6552	2	45	100	2	2009.353846
advance	-0.0584	-0.0567	3	106	240	3	2012.223684
agar	0.295	-0.8644	3	129	360	4	2011.695652
aggregates	1.2941	0.4274	5	204	896	11	2009.96124
aggregation	0.491	-0.0333	5	225	612	8	2010.006757
agriculture	-0.7407	0.2594	1	45	106	2	2013.323232
alanine	-0.5603	0.8055	2	67	140	2	2012.142857
alcaligenes	-0.0967	-0.4062	3	74	158	2	2005
alcohols	-0.5341	-0.2862	1	67	146	2	2010.3125
aldehydes	-0.074	-0.4908	1	55	112	2	2009.25
algae	0.1381	0.0657	3	261	744	11	2012.039501
algal blooms	-0.1093	0.5999	3	40	86	2	2013.245902
algicidal activity	-0.0778	0.5274	3	39	120	3	2009.333333
alginate	0.4271	-0.1605	4	108	244	5	2007.8
alkaline	0.4614	-0.007	4	100	222	3	2011.772727
alkaline phosphatase	-0.193	0.6464	2	76	160	2	2014.764706
alkaloids	-0.2713	0.4952	3	88	192	3	2009.333333
alkane degradation	-1.2431	0.036	2	67	160	2	2018.666667
alkanes	-1.1165	-0.0996	2	85	210	3	2011.205128
alpha	0.3505	0.9351	2	75	174	3	2010.514493
alteration	-0.0118	0.5608	5	77	174	2	2012.662651
alternative	0.1283	-0.143	3	78	164	2	2011.356436
amide	0.4502	-0.3091	4	86	178	2	2011.333333
amino acid metabolism	-0.693	0.633	2	84	182	2	2017.285714
amino acids	-0.631	0.2248	1	374	1208	13	2012.884393
amino group	-0.3778	-0.7037	1	90	220	2	2011
amylase	-0.3315	-0.7133	1	69	144	2	2012.9
anaerobic	-0.6811	0.1384	2	66	136	2	2012.16
analogue	0.1234	0.5196	4	78	162	3	2011.282609
analysis	-0.1155	0.1053	2	1010	6348	80	2011.656462
animals	-0.3551	0.8331	2	107	240	3	2012.281022
anion	0.346	-0.0388	4	53	108	2	2011.425
annotation	-0.4999	0.2429	1	82	172	2	2015.789474
antarctic	-0.1035	0.0228	2	899	5972	74	2010.797819
antarctic bacteria	0.3902	-0.5331	3	219	636	7	2013.736842
antarctic bacterium	-0.2282	0.6119	2	431	1694	21	2013.961538
antarctic bacterium pseudoalteromonas	0.322	-0.6704	4	71	160	2	2007.5
antarctic environments	0.277	0.391	5	123	364	4	2011.771084
antarctic fungus	0.4043	0.1998	4	72	160	2	2012.785714
antarctic marine	0.294	-1.1788	3	166	556	5	2010.642105
antarctic marine bacteria	0.3224	-1.149	3	128	346	3	2005
antarctic pseudomonas	-0.4062	0.2075	2	326	1098	13	2014.277778
antarctic psychrophilic bacterium	-0.0654	1.2289	2	59	140	2	2017
antarctic sea	0.4045	-0.7806	4	212	642	7	2013.249337
antarctic sea ice	0.5112	-0.8139	4	179	544	6	2013.381098
antarctic seawater	0.3613	-1.2417	3	67	184	2	2013.375
antarctic soil	-0.5135	-0.7354	1	82	196	3	2012.495868
antarctic strain	-0.4115	0.1311	1	85	182	2	2014.363636
antarctica	0.4507	0.0858	5	775	4060	54	2011.220175
antarctica bacterium	0.0993	-0.4674	4	65	134	2	2015.5
antarctica soil	1.0799	-0.282	5	90	194	2	2011.09375
antarcticus	-0.5964	-0.1861	1	97	228	4	2012
antibiotics	-0.5633	0.2743	1	131	296	4	2014.666667
antibody	0.0016	0.9054	2	112	278	4	2008.352941
anticancer	-0.36	0.4976	1	92	212	3	2014.2
anticancer activities	-0.4353	0.3994	1	103	246	3	2015.8
anticoagulant activity	0.7682	0.2044	4	60	126	2	2003.5
antifungal	-1.2178	0.065	1	57	156	2	2013.555556
antifungal activity	-1.058	0.01	1	122	340	5	2013.909091
antimicrobial	-0.3179	0.0124	1	129	308	4	2015.692308
antimicrobial activity	-0.176	-0.0448	1	249	648	8	2015.842105
antioxidant	0.202	0.267	4	141	344	5	2013.809524
antioxidant activity	0.1084	0.1953	4	220	594	8	2015.272727
antiproliferative	0.2413	0.4088	4	89	196	2	2015.333333
antiviral activity	0.6715	0.3081	2	68	150	2	2009.5
apoptosis	0.0324	0.4025	4	186	476	6	2015.888889
application	0.0671	-0.358	3	718	3598	43	2012.361823
approach	-0.1636	-0.249	3	421	1286	16	2013.011682
aquifer	-0.1632	-0.4942	1	83	172	2	2013.608247
ara	-0.448	-0.7218	1	87	188	2	2008.4
archaea	-0.0279	-0.6408	3	100	216	2	2013.73913
archipelago	-0.3841	-0.7568	1	105	292	3	2011.082609
arctic	-0.0255	-0.318	1	477	1836	20	2012.189504
arctic antarctic	0.0314	-0.6853	3	138	312	3	2012.938182
arctic archipelago	-0.3764	-0.7042	1	90	220	2	2012.018987
arctic bacteria	-0.5688	0.3898	2	94	204	2	2012.363636
arctic bacterium	-0.1643	-0.4208	1	264	744	8	2014.833333
arctic glaciers	0.3946	-0.761	3	65	154	2	2012.371134
arctic marine	-0.3326	0.2088	2	127	296	3	2013.75576
arctic permafrost	-0.1277	-0.0039	4	72	146	2	2014.890173
arctic pseudomonas	-0.2845	-0.3327	1	181	476	5	2014.6
arctic seas	-0.1607	-0.289	1	84	186	2	2014.010669
arctic soils	-0.1601	-0.8689	1	79	184	2	2013.785276
area	-0.2859	-0.0195	1	235	618	7	2011.37466
aromatic compounds	-1.1926	-0.1658	2	108	238	2	2015.210526
array	0.0347	-0.0929	4	106	214	2	2011.101235
aspect	-0.5509	-0.1452	1	113	248	3	2011.749104
assembly	1.5592	0.4338	5	117	384	4	2013.708333
assessment	0.1956	-0.0229	4	76	166	2	2013.024899
assimilation	-0.4241	0.0241	1	56	114	2	2012.629787
association	-1.0488	0.3544	2	55	138	2	2011.081886
atlantic	0.5509	0.2445	4	60	126	2	2010.236737
attachment	-0.3863	0.0699	2	175	468	6	2010.391304
attention	-0.0397	-0.0546	3	178	416	5	2012.917808
australia	-0.4405	-0.2991	1	54	112	2	2010.617438
availability	-0.655	-0.3421	2	220	678	7	2012.908905
bacillus	-0.2055	-0.1965	4	302	952	12	2011.966667
bacillus amyloliquefaciens	-0.9425	-0.1124	1	60	144	2	2018.5
bacillus licheniformis	0.665	-0.7305	4	56	120	2	2016
bacillus subtilis	-0.0259	0.4067	4	102	274	3	2015.666667
bacteria	-0.0759	-0.2701	3	846	4864	57	2012.900394
bacterial	0.094	-0.7123	3	188	544	6	2014.217252
bacterial cells	-0.1743	0.111	2	58	132	2	2013.75
bacterial communities	-0.4654	0.0529	3	77	158	2	2014.916667
bacterial growth	-0.5062	-0.183	4	138	326	3	2015.761905
bacterial isolates	0.2728	-1.0103	3	121	290	3	2012.37931
bacterial species	1.8259	0.1526	5	172	762	8	2010.277778
bacterial strains	-0.2548	-0.8901	3	281	942	10	2011.666667
bacterium	-0.1839	0.0863	2	884	5360	64	2013.137405
baltic	-0.0505	0.0021	4	72	152	2	2011.08982
baltic sea	-0.0506	0.0015	4	72	152	2	2011.529412
bands	0.737	-0.032	4	168	412	5	2010.501538
barents	0.6001	-0.092	4	67	200	4	2010.39816
barents sea	0.6002	-0.0919	4	67	200	4	2010.27735
batch cultures	-0.2233	-0.7967	3	170	494	6	2009.318182
behavior	0.3346	-0.1448	3	263	734	10	2011.103784
belonging	-0.0182	0.2592	4	96	200	2	2014.117647
beta	0.2577	0.5398	2	99	240	3	2009.417219
beta-glucan	0.1607	1.0935	2	61	134	2	2015.5
binding	-0.8555	0.2345	2	126	314	4	2013.608696
binding sites	-0.9641	0.598	2	75	178	2	2011.333333
bioactive	-0.3265	0.0924	1	176	440	5	2012.5
bioactive compounds	-0.0525	-0.3619	3	147	372	4	2014.466667
bioactive metabolites	-0.6787	0.318	1	80	170	2	2015
bioassay	-0.599	0.3591	1	66	138	2	2013.444444
biochemical characterization	-0.5007	-0.0796	1	74	160	2	2015.5
biocontrol	-0.9506	0.1684	1	134	370	5	2014.2
biocontrol activity	-0.9285	0.1349	1	65	134	2	2011.5
bioconversion	-0.5831	-0.689	1	72	152	2	2016.666667
biodegradation	-0.5941	-0.2744	1	135	310	4	2014.342466
biodiversity	-0.1835	-0.4955	3	161	430	5	2013.864286
biofilm	-0.3139	-0.1435	2	433	1474	17	2014.671642
biofilm formation	-0.5041	-0.0121	2	307	912	10	2015.684211
biofouling	0.7706	0.6663	5	70	194	3	2010.545455
biofuel	0.3836	-0.3474	4	50	108	2	2013.833333
biological	-0.1355	0.1325	4	186	428	4	2012.548387
biological activity	-0.3058	-0.0881	1	214	546	6	2012.109091
biological response	0.1555	0.3443	4	75	160	2	2011.764706
biomass	-0.1532	-0.2579	1	285	798	12	2012.021332
biomass production	-0.5189	-0.1413	1	57	120	2	2012.391304
biomedical applications	-0.1028	-0.5193	3	99	202	2	2017.5
biomolecules	-0.0687	-0.1392	3	130	292	3	2013.3
biopolymers	-0.0183	-0.5959	3	336	1074	12	2012.888889
bioprospecting	0.2179	-0.9233	3	83	178	2	2014.533333
bioreactor	-0.4889	-0.5565	1	116	268	3	2015.615385
bioremediation	-0.2105	-0.7118	1	225	628	7	2014.269231
biosurfactant	-0.2583	-0.4898	1	455	1844	24	2013.4
biosurfactant producing	-0.3403	-0.8616	1	66	148	2	2016.5
biosurfactant production	-0.4564	-0.7296	1	148	416	5	2015
biosynthesis	-0.4767	-0.0545	2	321	1022	14	2012.25
biotechnological applications	0.107	-0.7096	3	252	710	7	2015.892857
biotechnological potential	-0.2885	-0.7905	3	226	628	6	2015.555556
biotechnology	-0.011	-0.4589	3	276	806	8	2014.676471
blood	-0.1379	0.518	2	159	376	5	2011.206897
bloom	-0.1386	0.1364	3	137	304	5	2012.055462
body	-0.0078	0.6804	2	208	510	7	2011.227462
body weight	-0.1117	0.9246	2	74	160	2	2008.038462
brain	-0.5708	0.6942	2	56	128	3	2012.625
brassica	-0.7566	-0.5011	1	65	138	2	2006.333333
brown algae	0.5504	-0.0533	4	122	330	5	2009.3
burkholderiales	-0.9988	0.4448	2	59	142	2	2014
c-13	0.5126	-0.2728	4	247	780	10	2013.180371
c-13 nmr	0.6742	-0.2089	4	143	398	6	2010.2
c/n ratio	-0.212	-0.7031	3	116	254	3	2011.188679
ca2+	0.0504	-0.0206	1	75	156	2	2012.5625
cadmium	0.1141	-0.768	3	119	310	3	2013.923077
cancer	-0.0953	0.3285	1	227	602	7	2014.571429
cancer cell lines	-0.4349	0.4933	1	84	184	2	2013.8
candida	-0.2225	-0.2376	1	232	712	8	2012.680851
candida albicans	-0.1479	0.0356	4	162	460	5	2013.538462
capabilities	-0.6535	-0.0874	2	149	350	4	2013
capacity	0.5815	-0.0719	5	403	1386	17	2013.094099
carbohydrates	0.3886	-0.4246	3	241	760	9	2011.868852
carbon	-0.1446	-0.5723	3	606	2786	33	2013.107259
carbon source	-0.1511	-0.7463	1	413	1740	21	2012.515152
carboxyfluorescein release	2.2253	0.1789	5	55	174	2	2000.5
carboxyl groups	0.4146	-0.5072	4	68	138	2	2015
carboxylation	0.6711	0.3075	2	68	150	2	2014.866667
carcinoma	0.0986	0.6165	4	102	222	3	2015.333333
carrier	-0.1309	-0.6661	3	76	156	2	2011
case	0.5095	-0.0527	5	274	710	10	2010.847835
catalase	-0.5035	0.7186	2	116	246	3	2014.238095
cation	0.5354	-0.8122	3	179	548	5	2011.468354
cause	-0.6288	0.2136	1	110	248	3	2011.675244
cd	-0.9327	-0.091	2	99	210	2	2011.166667
cell	-0.149	0.2457	2	956	5792	75	2011.359784
cell attachment	-0.987	0.0573	2	68	152	2	2012.5
cell death	-0.1792	0.4618	1	86	188	2	2013.285714
cell envelope	-0.898	0.4218	2	102	252	3	2016.2
cell growth	-0.0075	0.13	2	120	280	4	2012.666667
cell line	0.1267	0.005	4	102	230	3	2016.166667
cell morphology	-0.7178	0.0709	1	63	132	2	2013.5
cell proliferation	-0.2658	0.7655	2	47	100	2	2008
cell viability	-0.0115	0.817	2	62	128	2	2015
cell wall	-0.1947	0.2764	1	37	78	2	2010.824561
cellulose	0.6879	-0.1625	4	52	106	2	2010.195122
chain	-0.0069	-0.019	4	256	716	11	2011.096866
chain length	-0.8142	-0.5228	2	202	604	7	2012.225806
challenges	-0.0456	0.7256	2	77	154	2	2014.48237
changes	0.0899	0.2815	2	427	1232	17	2012.206219
chaperones	-0.9726	0.6742	2	122	310	3	2014.5
characteristics	-0.1125	-0.1989	3	484	1736	20	2010.936545
characterization	0.0868	-0.2819	4	634	2906	33	2012.72969
charge	0.3946	-0.5651	4	89	188	3	2013.714286
chattonella	-0.2219	0.1171	3	41	84	2	2013.666667
chemical	0.0166	-0.4899	3	455	1752	21	2011.607029
chemical characterization	0.3022	-1.2938	3	98	228	3	2012
chemical composition	0.3932	-0.4207	3	243	696	8	2012.512915
chemical properties	0.4984	-0.1791	3	80	168	2	2011.438017
chemical structure	-0.6553	-0.4229	1	140	326	3	2011.846154
chlorella	0.5611	-0.2573	4	69	144	2	2013.611111
chloride	0.4762	-0.4818	4	104	226	3	2012.071429
chromatography	0.1898	-0.0533	4	522	2130	26	2010.861702
class	0.5252	0.406	5	96	198	2	2011.519757
cleavage	0.2557	0.2397	4	87	180	2	2011.15
cluster	-0.8866	0.1684	1	165	444	6	2011.949896
cmc	-0.2664	0.0635	1	69	146	2	2010
coagulation	0.767	-0.7635	4	56	150	2	2011.525
coagulation enhancement	0.7659	-0.7652	4	56	150	2	2009.5
coatings	1.7322	0.1902	5	136	654	7	2011.814815
cochlodinium polykrikoides	-0.0868	0.5963	3	54	154	3	2008
coefficients	2.2223	0.1581	5	65	264	3	2010.617647
coexistence	1.7604	0.2769	5	78	204	2	2010.657895
cold	-0.8058	0.3683	2	197	600	7	2011.824903
cold adaptation	-0.471	0.3027	2	209	614	7	2014.391304
cold environments	-0.9587	0.2939	2	123	312	4	2013.16
cold shock	-0.9144	0.6873	2	132	380	4	2012.25
cold shock proteins	-0.9647	0.6755	2	82	178	2	2011.75
cold stress	-0.929	0.0256	2	115	250	2	2012.857143
cold temperatures	-0.3667	-0.5375	3	70	150	2	2013.184874
coli	-0.0937	-0.4865	1	278	874	10	2013.538462
collapse	-0.2733	-0.361	1	92	212	3	2012.51938
colonies	-0.126	-0.5203	3	156	358	4	2010.888235
colonization	-0.5596	-0.5077	1	162	418	5	2010.8
column	0.0768	0.0935	4	126	342	4	2010.224159
colwellia	0.1728	-1.0281	3	106	230	2	2013.428571
communication	0.1897	-0.2674	5	84	178	3	2012.524476
community	-0.1572	-0.594	3	343	1140	12	2013.620087
community dynamics	-0.001	-0.6564	3	83	178	2	2015.230769
comparative	-0.2223	7e-04	4	86	186	3	2012.967391
comparison	-0.1966	0.065	4	176	398	6	2010.70057
complete genome	-0.9465	-0.2293	2	90	194	2	2017.142857
complex	0.3088	-0.0203	4	221	522	7	2011.908387
composition	0.1622	-0.2696	4	528	2080	27	2012.45256
compounds	-0.4402	-0.0255	1	643	2754	33	2012.161238
concentrations	0.3722	-0.0758	4	857	4550	55	2011.643222
condensation	-0.2021	0.6297	2	63	134	2	2010.417969
condition	-0.7508	-0.2875	1	62	130	2	2010.79798
configuration	0.3295	0.31	4	129	300	4	2012.603053
conformity	0.6984	-0.3501	3	105	218	3	2012.142857
consistency	0.8556	0.1021	3	60	146	2	2011.881356
constituents	0.1834	-0.9133	3	79	160	2	2010.319372
construction	0.3827	0.0123	5	86	180	2	2011.684729
consumption	-0.711	0.1722	1	103	238	3	2011.012232
consumption rates	-0.5264	-0.1678	1	57	140	2	2009.561404
contaminants	0.1099	-0.5774	3	125	300	3	2011.424242
contamination	-0.8192	0.0695	2	68	136	2	2011.920245
content	0.0534	0.1337	4	479	1828	24	2011.761593
continent	-0.3445	0.0955	1	110	264	4	2011.202884
control	-0.2429	0.3258	3	224	612	9	2012.474255
conversion	-0.1531	-0.2401	1	49	102	2	2010.995798
copolymer	-0.3179	-0.6731	1	72	152	2	2015.2
copper	-0.5866	0.3634	2	83	176	2	2011.098039
core	-0.7316	0.5701	2	78	166	2	2010.446523
correlation	0.1351	0.4311	4	108	238	3	2011.333794
cosmetics	-0.0089	-0.2905	3	167	428	5	2014.5
costs	-0.3997	-0.4667	3	107	228	3	2013.503597
counts	-0.0834	0.7135	2	69	146	2	2011.546099
covering	2.1974	0.3574	5	53	160	2	2005.428571
crop	-0.9087	0.0858	1	70	144	2	2012.823529
crude	-0.0111	-0.4824	1	266	740	8	2010.744681
cryoprotectants	0.2415	-0.7571	3	146	436	5	2013.111111
cryoprotection	0.282	-0.981	3	262	1010	10	2010.769231
cryoprotective activity	0.2426	-0.7291	3	82	194	2	2011
cryoprotective properties	0.1828	-0.8232	3	66	176	2	2011.5
cultivation	0.2214	-0.4197	4	173	448	6	2014.139241
culture	-0.269	-0.2141	1	710	3492	42	2011.379653
culture medium	-0.2839	-0.6731	1	217	640	7	2007.75
cyanobacteria	-0.1648	-0.1921	3	97	210	3	2013.32964
cycle	-0.1492	-0.1417	3	253	784	10	2011.47296
cytochrome	-1.0136	0.537	2	102	238	2	2014
cytokines	0.0977	1.1492	2	80	178	3	2013.5
cytometry	0.1678	0.8062	2	97	230	3	2013.97619
cytotoxicity	-0.0261	0.6802	2	166	418	6	2012.142857
d-xylose	-0.5267	-0.1669	1	57	140	2	2011.333333
da	0.2147	-0.1864	3	227	634	7	2011.527273
damage	-0.4454	0.5693	2	173	440	6	2013.018116
data	-0.2283	0.1899	2	432	1194	15	2011.015066
date	-0.3418	-0.2862	3	111	230	3	2012.087051
death	-0.1804	0.4616	1	86	188	2	2010.181818
decolorization	0.7658	-0.7637	4	56	150	2	2010.666667
decomposition	-0.3851	-0.7666	1	76	166	2	2012.585736
deep sea	-0.1224	-0.9219	3	171	512	5	2010.4
definition	0.4419	-0.0838	3	85	178	2	2010.611111
degradation	-0.2235	0.1748	2	456	1482	21	2013.464824
dehydrogenase	-0.5719	0.5006	2	163	372	4	2012.666667
deletion	-0.533	0.8401	2	59	124	2	2015
delta	-0.2807	0.5877	2	113	258	3	2010.255844
density	0.1155	-0.8872	3	132	294	3	2009.879211
dependence	1.5781	0.4257	5	135	576	6	2010.591411
depletion	0.1672	0.4612	5	55	118	2	2011.778068
derivative	-0.6707	-0.3966	1	75	156	2	2007.416667
deschampsia	-0.5086	0.2673	1	64	146	3	2011.338983
deschampsia antarctica	-0.509	0.2672	1	64	146	3	2011.343434
design	-0.0194	-0.0825	3	189	506	7	2013.015625
desorption	-0.8672	-0.1879	1	120	294	3	2013
detail	1.0542	0.2696	5	196	654	9	2011.078886
detection	-0.4894	0.1773	4	214	532	7	2012.417625
determination	0.688	-0.1077	4	57	114	2	2010.57381
detoxification	0.0627	-1.0739	3	102	244	2	2014.363636
development	-0.2836	0.3518	2	488	1644	21	2011.773084
diameter	0.4999	0.126	5	105	252	3	2010.091346
diesel	-0.9607	-0.2071	2	139	384	5	2014.53125
diesel degradation	-1.1286	-0.1425	2	57	140	2	2015.5
dietary	-0.2353	0.657	2	74	156	2	2013.153846
difference	0.2127	-0.7393	4	75	156	2	2011.163032
differential expression	-0.4365	0.9658	2	63	134	2	2016.166667
differential scanning calorimetry	2.0605	0.4056	5	75	228	2	2005.25
diffusion	0.4107	-0.5172	4	82	180	2	2008.759067
diketopiperazines	-0.2001	0.3822	4	107	292	3	2011.4
dinoflagellate	0.3175	0.4585	3	73	152	2	2012.671642
dipeptide	-0.0439	0.4502	4	72	198	2	2016.25
disaccharides	-0.0212	-0.1602	4	57	116	2	2013.8
disc	0.3192	0.2215	4	121	264	3	2012.384615
discovery	-0.2249	-0.4486	3	120	270	3	2012.116822
disease	-0.5418	0.3974	1	283	802	12	2013.103448
dispersal	1.1859	0.0286	5	76	160	2	2011.394973
distance	1.5086	0.4058	5	95	252	3	2011.010448
distribution	0.2858	0.049	4	232	570	7	2010.907306
diversity	-0.4017	-0.4655	3	173	440	7	2013.553494
dna	0.2178	0.1582	4	291	852	10	2012.62578
dna fragmentation	0.1093	0.3006	4	85	182	2	2015.333333
dna sequence	-0.0211	-0.6178	4	94	200	2	2010.909091
dolphins	0.8023	0.6757	5	63	176	3	2008.375
domains	-0.1955	-0.1174	1	131	294	5	2011.565217
dose	0.0857	0.5481	2	89	216	4	2012.545455
drinking	-0.266	-0.1547	3	96	220	3	2011.954545
drinking water	-0.2668	-0.1544	3	96	220	3	2011.894737
drug	-0.1208	0.2366	2	332	954	12	2013.435897
dry mass	-0.8118	-0.801	1	83	224	3	2009.3
dry weight	0.5512	-0.3286	4	115	270	4	2008.660377
durvillaea	0.3942	0.6752	4	117	296	4	2010.75
durvillaea antarctica	0.3949	0.6752	4	117	296	4	2010.75
dye	1.1974	-0.2918	4	111	278	4	2009.285714
dynamic and static light-scattering	2.0894	0.3898	5	67	188	2	2000
dynamics	0.0156	-0.2691	3	148	332	5	2012.382241
e coli	-0.2889	-0.8008	1	134	348	4	2012
earth	-0.8501	0.3999	2	109	256	3	2012.416212
ec	0.979	0.474	5	91	184	2	2013.685393
ecological implications	0.3984	-1.0617	3	112	302	3	2009.785714
ecology	-0.4258	-0.5347	3	171	438	6	2012.514768
ecosystem	0.0098	-0.7548	3	224	708	8	2013.530062
effective molar ratio of surfactant to phospholipid in bilayers	2.2225	0.1608	5	65	264	3	2000.333333
effects	0.2082	0.2887	2	908	5092	68	2011.624055
efficiency	-0.0557	-0.0241	1	196	482	9	2012.80663
electron	1.2323	0.3489	5	233	1018	12	2011.572917
electron microscopy	1.3577	0.3246	5	256	1374	16	2011.367742
electrophoresis	0.4347	0.0466	4	123	304	4	2010.931507
electrophoretic mobility assay	0.0579	1.2451	2	56	152	2	2007.5
elements	-0.4335	0.2561	3	101	218	3	2011.89258
elongation	-0.7632	-0.1441	1	63	132	2	2010.428571
emulsification index	0.1005	-1.0415	3	113	248	2	2018.5
emulsifier	0.7188	-0.2912	3	73	170	2	2012.8
emulsifying activity	0.4018	-1.2039	3	92	234	2	2018.5
emulsions	0.0055	-0.6538	3	112	256	3	2013.571429
energy	-0.3538	-0.5203	3	249	622	7	2011.753532
engineering	-0.0627	-0.0384	4	109	246	4	2012.982353
enhanced	-0.7068	0.0565	1	58	118	2	2012.845902
enrichment	-0.404	-0.159	3	64	128	2	2011.973485
enterobacter	-0.1863	-0.5119	3	113	264	3	2008.833333
envelope	-0.7473	0.5958	2	81	184	2	2011.721311
environment	-0.3328	-0.3053	3	666	3694	42	2012.515563
environmental	-0.1986	-0.1987	1	131	274	3	2010.845217
environmental conditions	-0.2027	-0.5281	3	233	662	7	2013.912338
environmental stress	-0.8994	0.2176	1	64	134	2	2014.642857
enzymatic activity	-0.0419	0.8584	2	59	132	2	2013
enzymatic hydrolysis	0.4335	-0.2662	4	46	96	2	2012.285714
enzyme	-0.1125	0.2769	2	465	1524	20	2013.452991
epidermis	0.8186	0.6157	5	87	244	4	2010.909091
epithelial cells	-0.1398	0.994	2	50	108	2	2014.666667
eps	0.2633	-0.6061	3	610	3328	37	2012.770492
equilibrium	1.2717	-0.2127	5	96	208	3	2010.171186
escherichia coli	-0.1022	-0.4403	1	268	780	9	2013.973684
ethanol	0.2118	-0.4665	4	136	324	3	2011.214286
evaluation	0.1269	0.3832	2	121	276	5	2013.100503
events	-0.5866	-0.0074	3	64	130	2	2012.030986
evolution	0.4218	0.5137	5	65	132	2	2012.05694
exchange	0.5644	-0.6208	4	70	148	2	2010.706601
exopolymer	1.4206	-0.0951	5	305	1398	16	2008.529412
exopolymer of glycoproteic character	2.2263	0.2778	5	87	336	4	1999
exopolymer of glycoprotein character	2.0336	0.2781	5	87	212	2	2001
exopolysaccharide	0.2654	-0.2756	3	616	3224	38	2011.62069
exopolysaccharide production	-0.7066	-0.0634	3	159	394	4	2013
experimental	-0.4354	-0.1245	1	124	264	3	2013.019481
experimental design	-0.151	0.2578	3	72	184	3	2013.638298
experiments	-0.2916	0.2525	1	472	1546	21	2011.075205
exploration	0.5195	-0.4036	4	104	244	3	2011.678466
exposure	-0.3976	0.6775	2	221	596	8	2012.977505
expression	-0.5139	0.6305	2	358	1160	16	2012.171315
extent	-0.7769	0.2252	1	109	232	3	2011.835219
extracellular polymeric substances	0.2841	-0.6457	3	257	828	9	2014.625
extracellular polymers	-0.1231	-0.9724	3	82	192	2	2007.5
extracellular polysaccharide	0.1298	0.3095	4	237	694	9	2011.928571
extraction	0.1893	0.165	4	229	724	10	2013.323651
extracts	-0.1361	0.2738	1	362	1090	16	2011.888889
extremaustralis	-1.0446	0.3414	2	254	1020	12	2014.916667
extreme	-0.0616	-0.9068	3	218	712	7	2013.461538
extreme conditions	-0.6168	-0.1194	3	177	474	6	2013.919355
extreme environmental conditions	-0.4322	-0.6523	3	113	276	3	2014.387097
extreme environments	-0.3964	-0.3686	3	268	806	9	2013.673913
extreme habitats	-0.107	-0.9128	3	98	246	2	2014.652174
extremophiles	-0.5036	-0.727	3	184	498	4	2014.535714
fall	2.2183	0.152	5	65	324	4	2011.228402
family	-0.2915	-0.6391	3	165	384	6	2012.315615
fatty acid composition	-0.7165	0.4251	2	61	146	3	2006.483871
fatty acids	-0.4049	-0.1189	1	355	1104	17	2009.789855
fe	0.7668	-0.7645	4	56	150	2	2012.054167
features	-0.9931	0.2619	2	182	480	6	2010.384646
feeding	-0.3928	0.4156	2	75	150	2	2008.431111
feedstock	-0.628	-0.2428	1	53	108	2	2012.833333
fermentation	-0.1366	-0.5601	3	307	928	11	2013.119403
fibroblast cells	0.2194	0.4075	4	73	152	2	2015
field	-0.2952	-0.3599	1	340	1034	12	2010.533445
film	1.6808	0.311	5	110	524	6	2009.15
filtration	0.7213	-0.0991	3	102	276	4	2010.576271
fish	0.8928	0.2011	4	42	92	2	2010.064516
fish oil	-0.2433	0.6498	2	75	154	2	2011.5
fish species	0.8925	0.2016	4	42	92	2	2011.890756
fitness	-1.1881	0.6398	2	69	170	2	2014.032258
fixation	-0.2184	-0.2834	3	70	142	2	2013.7
flagella	-0.9438	0.5555	2	116	292	3	2011.1
flavobacterium	0.0512	-0.8702	3	117	256	3	2013
flight	-0.5962	-0.0176	1	123	296	3	2012.160714
flocs	0.5806	-0.7107	4	74	192	3	2007.555556
flow	0.4563	0.4828	5	206	538	7	2010.017411
flow behavior	0.7445	-0.09	3	96	246	3	2011.5
flow cytometry	0.1672	0.8064	2	97	230	3	2014.159091
flowers	-0.1526	-0.232	1	55	112	2	2013.71875
fluid	0.3284	0.8313	5	68	136	2	2009.934901
fluidity	-0.8143	0.5992	2	77	166	2	2012.705882
fluorescence	0.3431	0.2308	2	211	502	6	2012.243386
food	0.089	-0.506	3	338	1018	12	2012.031915
food industry	0.0187	-0.2393	3	79	170	2	2012.2
formation	0.6178	0.2684	5	539	2252	26	2010.511811
fourier	0.663	-0.4221	4	155	440	5	2012.255034
fourier transform	0.5008	-0.4387	4	249	788	9	2012.968504
fourier transform spectroscopy	0.5622	-0.4005	4	225	682	8	2014.615385
fraction	0.2765	-0.1418	4	361	1098	17	2011.553026
fractionation	0.3327	-0.1122	4	84	178	2	2011.073171
fragmentation	-0.0387	0.2545	4	148	352	4	2010.864198
freeze	1.3118	0.2962	5	183	728	8	2013.330508
freeze substitution	1.0748	0.3042	5	119	464	5	2009.6
freeze-fracture tem	2.1177	0.4	5	78	302	3	1999.666667
freeze-thaw	0.3271	-0.8955	3	187	596	6	2012.06015
freeze-thaw cycles	0.3111	-0.8253	3	139	448	5	2011.712329
freezing	1.0206	0.0294	5	144	498	5	2009.881557
frequency	0.3285	0.3985	5	66	132	2	2011.174374
fresh water	-0.7526	-0.441	1	64	132	2	2007.859316
freshwater	-0.394	-0.5418	1	141	340	4	2011.825688
ft-ir	0.4229	-0.2728	4	245	632	8	2011.333333
ftir	0.1637	-0.7602	4	223	582	6	2010.717391
ftir analysis	-0.1835	-0.7085	4	86	184	2	2010.25
fucoidan	0.5296	0.0301	4	144	402	7	2009.857143
fucose	0.5334	-0.1827	3	79	164	2	2009.25
fucus	0.4424	0.0681	4	76	190	4	2010.222222
fucus algae	0.5444	-0.0454	4	35	82	2	2008.333333
fucus vesiculosus	0.3147	0.2058	4	45	96	2	2013.25
fuel	-0.7237	-0.1293	3	86	182	2	2012.496479
function	0.3017	0.564	2	340	958	12	2010.972155
functional analysis	-0.464	0.1045	1	67	142	2	2015.6
functional groups	0.4889	-0.599	4	134	358	5	2013.383178
fungi	-0.7192	-0.0333	1	203	586	9	2011.838649
fungus	-0.2671	0.0377	1	207	504	7	2010.053763
fusion	-0.3385	-0.1909	1	117	256	3	2013.042254
future	-0.5199	0.077	4	64	134	2	2013.712684
galactan sulfate	0.4809	-0.2388	4	43	94	2	2002.5
galactose	0.5929	-0.1525	3	244	714	9	2011.5
gamma	0.4061	-0.1578	4	79	204	4	2011.226804
gamma irradiation	0.4063	-0.1569	4	79	204	4	2014.75
gamma ray	0.5319	-0.1783	4	47	104	2	2015.416667
gammaproteobacteria	-0.0972	-1.1434	3	82	180	2	2014.717742
gas	0.115	-0.3878	4	304	922	10	2012.319686
gas chromatography	0.032	-0.1897	4	252	702	8	2010.857143
gas chromatography-mass spectrometry	0.0127	-0.4338	4	144	370	4	2009.722222
gc-ms	-0.2305	-0.1357	4	277	776	10	2010.142857
gc-ms/ms	0.2926	0.1722	4	82	176	2	2011.666667
gel	0.3802	0.2059	4	349	1094	13	2010.823529
gel electrophoresis	0.435	0.047	4	123	304	4	2011.217391
gel formation	0.8375	0.6609	5	65	186	3	2002
gel permeation	0.3561	-0.3296	4	153	404	4	2011.571429
gene	-0.7595	0.1297	2	593	2776	34	2014.058192
gene cluster	-1.0102	0.173	1	69	150	2	2013.333333
gene expression	-0.3703	0.9493	2	51	114	2	2015.788462
gene transfer	0.2814	0.3825	5	69	146	2	2015.157895
genera	0.1325	-0.4272	3	199	496	5	2012.72679
generation	-0.345	0.8205	2	112	248	3	2012.050847
genetic	-0.8593	0.5127	2	104	222	3	2010.444444
genome	-0.8781	-0.007	2	253	760	10	2015.25641
genome analysis	-0.818	0.0575	1	63	136	2	2016.294118
genome sequence	-0.9295	0.0079	2	177	472	5	2014.84
genomic islands	-1.1256	0.345	2	53	126	2	2011
genomics	-0.8524	0.0324	1	150	352	4	2016.1
genus	-0.3691	-0.6226	3	278	908	10	2012.443439
gfp	-0.4554	0.2424	1	44	88	2	2011.5
glacier	-0.0077	-0.6835	3	119	290	4	2012.551157
glass	-0.1644	-0.753	1	128	282	3	2011.53125
globicephala melas	0.7909	0.6675	5	78	242	4	2002
glucose	0.1355	-0.4255	4	468	1824	24	2010.846154
glutathione	-0.5543	0.784	2	132	328	4	2014.333333
glutathione peroxidase	-0.349	0.7266	2	65	148	2	2012.25
glutathione reductase	-0.3574	0.4221	2	59	128	2	2011
glycerol	-0.4831	-0.6494	1	291	922	11	2014.567308
glycolipid biosurfactants	-0.5051	-0.309	1	65	160	3	2012.333333
glycolipids	-0.4836	-0.4478	1	165	472	8	2010
glycoprotein	1.7106	0.1871	5	187	912	12	2001.266667
gold	0.9286	0.4348	5	56	160	2	2014.529412
gp	2.0911	0.2442	5	127	842	10	2003
gram negative	0.8806	0.1039	5	376	1614	18	2010.571429
gram negative bacteria	0.2274	0.3123	5	75	180	2	2013.166667
gram-negative	0.8454	0.0652	5	313	1196	13	2010
gram-positive	-0.2826	-0.1333	4	168	406	5	2009.809524
grass	-0.6224	-0.0594	1	97	242	4	2011.455782
green	-0.2862	-0.3043	3	67	142	2	2010.590909
greenland	-0.4752	0.2348	1	163	452	6	2011.434214
group	-0.3433	-0.246	1	387	1174	13	2011.722362
growth	-0.1784	-0.0854	1	801	4354	51	2011.406319
growth conditions	-0.721	-0.1241	1	240	692	8	2011.75
growth inhibition	-0.8994	-0.3126	1	89	196	2	2012.727273
growth medium	-0.6978	-0.3139	1	128	296	4	2007.272727
growth production	-0.2586	-0.8986	3	129	292	3	2009.740741
growth promotion	-0.8116	0.1132	1	46	96	2	2009.75
growth rate	-0.4304	-0.2533	1	131	316	4	2010.818356
growth temperature	0.0563	-0.2734	3	287	854	8	2012.071429
gsh	-0.5223	0.7481	2	67	146	2	2014.5
gyrodinium	0.4254	0.717	2	110	288	4	2009.666667
gyrodinium impudicum	0.3847	0.8116	2	87	214	3	2006
h2o2	-0.7166	0.7411	2	139	350	4	2012.75
habitat	-0.3128	-0.4929	3	264	822	10	2012.561584
hahella chejuensis	0.1339	0.5146	3	99	268	5	2007.2
halomonas	-0.1114	-0.6103	3	95	212	2	2012.428571
harmful algal blooms	-0.1098	0.6002	3	40	86	2	2014.769231
health	0.0494	0.787	2	70	140	2	2014.798851
heat	-0.7059	0.4563	2	90	192	2	2011.129975
heavy metals	-0.2479	-0.8612	3	270	926	9	2012.068966
high performance	-0.0769	-0.1619	4	273	866	10	2013.72
high temperatures	0.202	-0.295	3	121	270	3	2011.761364
high-performance liquid chromatography	-0.2683	-0.2247	1	192	526	6	2013.35
high-pressure	0.8534	-0.2351	5	174	618	6	2012.414729
host	-0.4275	0.3424	5	90	206	3	2013.124
hplc	0.3109	-0.0571	4	208	560	7	2011.786885
hplc analysis	0.7063	-0.3562	4	90	210	3	2009.571429
hsqc	0.675	0.1732	4	75	164	2	2014
human leukemia	0.0276	0.6409	4	74	158	2	2014
humans	-0.2892	0.7026	2	96	208	3	2012.412162
hydrocarbons	-0.5944	-0.4666	1	269	824	10	2010.627692
hydrogen	-0.9093	0.3025	1	135	358	5	2011.895706
hydrogen cyanide	-1.0722	0.0407	1	72	204	3	2012.8
hydrogen peroxide	-0.7601	0.729	2	106	252	3	2010
hydrolysates	0.2322	-0.4938	4	138	318	4	2015.083333
hydrolysis	0.6055	-0.3506	4	186	484	7	2009.490196
hydrolytic enzymes	0.8066	0.6588	5	44	114	2	2013.181818
hydrophobic	-0.1673	-0.3122	1	156	382	4	2010.392857
hydrothermal vents	0.0244	-0.899	3	151	446	4	2012.37963
hydroxyl	-0.0748	-0.5504	1	176	452	5	2013.65625
hypothesis	-0.8849	-0.2064	1	55	114	2	2011.082126
ice	-0.021	-0.7963	3	310	1188	13	2011.721291
ice communities	0.2275	-0.9542	3	110	236	2	2013.16
identification	-0.3645	0.1824	2	225	596	7	2011.944837
identity	-0.7226	-0.5592	2	110	240	2	2013.229508
igm	0.6005	0.7489	5	90	236	3	2013.75
image analysis	1.8667	0.3382	5	94	392	4	2011.573171
images	1.5632	0.1577	5	102	312	4	2011.32506
imaging	0.7261	0.1137	4	72	144	2	2012.991398
immune	-0.0551	0.9303	2	54	116	2	2011.181818
immunomodulator	-0.1048	0.2914	2	66	134	2	2012
immunomodulatory	0.0893	0.0152	4	154	360	4	2014.5
immunomodulatory effect	0.086	1.1989	2	94	224	3	2013.333333
immunosuppressants	-0.072	0.6972	3	53	120	2	2008
impact	-0.0163	-0.5395	3	253	680	8	2013.206627
implications	0.6719	-0.3954	3	218	614	7	2011.871583
improvement	0.7624	-0.0421	3	109	256	3	2012.529851
in vitro	-0.3147	0.3463	4	67	146	2	2012.8
incorporation	-0.0276	0.2103	5	61	124	2	2011.174419
incubation	0.4237	-0.2134	5	199	492	6	2012.64375
incubation temperature	0.6597	-0.5562	3	166	404	4	2011.210526
index	0.3962	-0.1494	3	264	742	8	2011.380952
industrial applications	0.6694	-0.2269	3	115	264	3	2015.375
industry	-0.0354	-0.4165	4	299	910	11	2013.271676
infection	-0.2169	0.4292	2	195	484	8	2011.615385
influence	-0.2196	-0.1772	4	169	392	6	2011.779275
information	0.0382	-0.2955	3	184	410	5	2011.767792
inhibition	-0.2469	0.0951	1	338	1014	14	2012.85
inhibitor	0.0038	0.8848	2	180	546	8	2014.2
inhibitory activity	0.4483	0.2327	2	97	210	3	2012.666667
inhibitory effect	-0.072	0.9584	2	101	264	4	2014
inoculation	-0.6807	0.0163	1	67	148	3	2009.571429
insertion	-1.0532	0.0892	1	118	304	4	2011.235294
insight	-0.7842	-0.1349	1	117	258	3	2012.936061
intake	-0.2348	0.6567	2	74	156	2	2011.9375
intensity	1.4458	0.1664	4	76	160	2	2011.663823
interactions	0.5581	0.0692	5	439	1522	19	2011.626733
interface	0.5851	0.5542	5	82	198	3	2010.689655
intermediate	0.5375	0.5977	2	65	132	2	2007.833333
ion	0.2617	-0.2801	4	163	376	5	2012.411616
ion-exchange	0.5535	-0.6764	4	80	180	2	2006.583333
ionization	-0.5435	0.0916	1	82	182	2	2011.269231
iron	0.3741	-0.9574	3	143	430	5	2012.176678
irradiation	0.4055	-0.1572	4	79	204	4	2012.117647
island	-0.2916	0.1694	4	442	1620	21	2009.956692
isolate	-0.4118	-0.6112	1	454	1836	21	2011.588083
isolation	-0.1267	-0.4076	1	260	726	9	2010.695946
isotherm	0.7364	-0.4209	4	50	108	2	2007.642857
janthinobacterium	-0.7432	-0.8012	3	58	134	2	2013.666667
japan	-0.4414	-0.237	1	70	146	3	2010.171958
jumping	0.7701	0.6666	5	70	194	3	2004.2
key	0.0621	0.4423	5	139	288	3	2013.075472
kidney	-0.05	0.6042	2	70	148	2	2015.333333
kinase	-0.1326	1.0908	2	102	300	4	2011
kinetics	0.3234	-0.5307	4	141	348	5	2012.178808
knowledge	0.0027	-0.1964	3	341	978	13	2012.895394
laboratory	-0.0463	0.1713	4	97	204	3	2010.526248
lactate dehydrogenase	-0.2425	0.6413	2	78	164	2	2008.5
lake	-0.4164	-0.6979	3	142	364	4	2012.017794
laminaran	0.6646	-0.0252	4	79	188	3	2000.666667
laminaria	0.5802	-0.1699	4	93	216	3	2009.75
laminaria saccharina	0.6773	-0.132	4	51	124	2	2003
large-scale	-0.0368	-0.0428	3	77	164	2	2011.165527
laser	-0.2956	0.3506	1	148	384	5	2011.969194
laser desorption ionization	-0.6594	0.0038	1	153	426	5	2010.833333
layer	1.128	0.3213	5	215	734	9	2010.321275
lc-ms	-0.6113	0.3357	1	67	136	2	2011.4
lead	-0.1222	0.6541	2	110	230	3	2010.716069
leaves	-0.4572	0.0794	1	80	176	3	2010.861789
lectin	-0.1898	-0.1939	1	35	72	2	2003.666667
length	-0.3167	0.1121	2	166	406	5	2010.5328
leukemia	0.0269	0.6408	4	74	158	2	2007.6
levels	0.2972	0.4588	2	437	1520	23	2011.25209
life	-0.3346	0.1456	3	104	224	4	2011.876747
ligands	0.4881	-0.8142	3	152	348	3	2011.058824
light	0.6421	0.3342	5	74	150	2	2011.753582
light scattering	1.8505	0.3985	5	131	544	6	2003.384615
lignocellulosic biomass	0.1864	-0.2406	4	71	174	3	2014.375
limit	-0.8427	-0.2585	2	97	206	2	2010.544865
line	-0.055	0.2398	4	191	462	6	2011.363128
linkage	0.5062	-0.2405	4	48	102	2	2012.484733
lipase	0.1876	-0.2307	4	85	186	3	2013.636364
lipid peroxidation	-0.5809	0.8321	2	87	182	2	2014.285714
lipids	-0.232	-0.1126	1	424	1382	20	2011.738351
lipopeptide	-0.6331	-0.1423	1	201	592	7	2014.857143
lipopolysaccharide	0.2891	0.5458	5	98	212	2	2012
liposomes	2.0306	0.2674	5	155	998	12	2000.25
literature	-0.099	-0.5713	3	120	282	3	2011.726524
living	-0.6474	0.5699	2	60	122	2	2011.447853
livingston island	-0.1215	0.4384	4	101	302	4	2012
long chain	-0.7364	-0.1578	1	108	250	4	2010.192982
long-term	-0.3821	0.3764	3	82	176	3	2012.366366
loss	-0.1855	0.4258	1	123	258	4	2013.251087
low cost	-0.1053	-0.6394	3	182	462	5	2014
low oxygen	-1.1104	0.4377	2	137	384	4	2011.104167
low temperature adaptation	-0.8305	0.5403	2	97	226	3	2011.545455
low temperatures	-0.4579	-0.192	2	442	1846	19	2011.076759
lps	0.0709	0.4715	4	176	412	5	2012
lymphocytes	-0.2026	0.5764	4	56	126	2	2009
macromolecules	-0.688	-0.3629	3	151	346	3	2012.181818
macrophage	0.057	1.0333	2	192	636	9	2011.909091
magnetic resonance	0.3464	-0.4377	4	169	486	5	2013.555556
magnitude	-0.2537	-0.2036	3	47	98	2	2011.364091
maintenance	-1.095	0.5342	2	133	368	4	2010.394191
maldi	-0.3235	-0.4209	1	82	180	2	2013.5
maldi-tof	-0.7824	-0.086	1	97	220	3	2016
maldi-tof ms	-0.6922	-0.2649	1	94	214	3	2015.5
man	0.3598	-1.2423	3	67	184	2	2007.764706
management	-0.7442	0.122	1	79	160	2	2013.088766
mannan	0.3374	-0.0557	4	67	140	2	2011.25
mannosylerythritol lipids	-0.5797	-0.2061	1	152	438	7	2014.428571
mapk	0.0264	1.3259	2	78	214	3	2014
marine	0.1244	-0.3604	3	534	2414	27	2012.020366
marine bacteria	0.0755	-0.5819	3	409	1668	17	2012.6
marine bacterium	0.2359	-0.0537	3	226	626	7	2012.416667
marine ecosystems	0.08	-1.1707	3	79	190	2	2013.642259
marine environment	0.1055	-0.9461	3	245	866	8	2012.287625
marine fungi	0.0607	-0.3125	1	18	44	2	2012.178571
marine habitats	0.0608	-1.074	3	102	244	2	2013.294118
marine microorganisms	-0.0105	-0.8965	3	159	434	4	2014.043478
marinobacter	0.9077	-0.4618	5	98	204	2	2016.285714
markers	-0.5964	0.5582	1	62	132	2	2013.021898
mass	0.0357	-0.072	1	526	2128	27	2010.941993
mass spectrometry	-0.4309	-0.1974	1	300	992	12	2012.604502
materials	-0.2697	-0.5191	3	216	520	7	2011.458333
matrix	0.1436	-0.0546	3	213	514	6	2011.695341
mature	0.037	0.302	4	94	196	3	2010.101124
maximum	0.1374	0.0305	1	69	142	2	2010.287843
mda	-0.1168	-0.692	3	90	190	2	2011.571429
measurements	-0.1333	0.6601	2	130	282	3	2010.932763
mechanisms	-0.3961	0.3506	2	575	2222	29	2011.610479
media	-0.4506	-0.313	1	318	930	12	2012.027933
medicine	0.2367	0.1655	4	51	102	2	2014
medium optimization	-0.2726	0.283	3	44	90	2	2013.5
melanoma	-0.4237	0.4134	1	72	156	2	2014
melanoma cells	-0.4234	0.4135	1	72	156	2	2014
membrane	0.1891	0.4234	5	390	1570	21	2012.060241
membrane fluidity	-0.815	0.5994	2	77	166	2	2013.3
membrane phospholipids	0.5492	0.4035	5	55	118	2	2010.5
membrane proteins	0.6609	0.359	5	144	550	6	2012.5
membrane vesicles	0.7359	0.3487	5	153	646	8	2011.888889
mercury	0.3422	-1.1339	3	93	246	2	2013.027778
metabolic pathways	-0.4752	0.4906	2	143	352	5	2014.617647
metabolism	-0.7804	0.2955	2	379	1380	16	2013.696486
metabolites	-0.5039	0.1794	1	366	1120	15	2014.232
metal ions	0.3063	-0.6102	1	57	120	2	2011.071429
metals	-0.0278	-0.9327	3	356	1484	15	2012.223108
method	0.1652	-0.0531	4	510	1730	25	2012.144788
methodology	0.4074	-0.4041	4	128	332	4	2012.912525
methylation	0.7135	-0.1997	4	85	204	3	2013.130435
mg	0.7486	-0.0671	5	216	594	7	2010.971279
micelle	0.9729	-0.1056	5	236	844	11	2007.818182
microaerobic metabolism	-1.0679	0.1906	2	53	134	2	2013.5
microaerobiosis	-1.2358	0.2837	2	86	206	2	2018.5
microalgae	0.0451	0.3433	3	201	524	9	2011.67033
microalgal	0.2859	0.6538	2	85	202	3	2011.117647
microbes	-0.4092	-0.4403	3	85	178	2	2014.433213
microbial	-0.1473	-0.5261	3	229	644	7	2014.133333
microbial colonization	-0.3158	-0.7715	1	92	224	2	2015.1
microbial communities	-0.1514	-0.6369	3	229	658	7	2014.731973
microbial ecology	-0.398	-0.5286	3	103	244	3	2014.215909
microbial growth	0.2328	-0.4269	3	91	196	2	2012.347826
microbiology	-0.4413	-0.4004	1	51	104	2	2014.703704
microbispora aerata	0.0694	0.5928	4	48	116	2	2010
microcosm	-1.0904	0.1229	1	75	178	2	2013.482143
microcosm experiments	-1.0907	0.1222	1	75	178	2	2015.470588
microorganisms	-0.3677	-0.2915	1	602	2674	31	2013.878151
microscopy	0.8702	0.2836	5	345	1444	17	2012.438017
mixture	-0.2768	-0.1754	1	190	482	7	2010.906921
mn	0.4816	-0.4969	5	127	296	3	2010.849624
mobility	0.058	1.2447	2	56	152	2	2011.8625
mode	0.0954	-0.5468	1	68	142	2	2010.915266
model	-0.31	0.2143	2	372	1060	15	2011.651901
modification	-0.335	0.3645	2	165	366	4	2009.923977
moesziomyces	-0.5963	-0.1854	1	97	228	4	2018.4
moesziomyces antarcticus	-0.5954	-0.1858	1	97	228	4	2018.4
molar ratio	1.4787	-0.0934	5	179	620	8	2008.820513
molecular	-0.3723	0.0288	1	106	224	3	2012.319372
molecular analysis	-0.4043	-0.521	1	81	170	2	2012.85
molecular characterization	-0.2841	-0.2351	1	82	168	2	2014.041667
molecular mass	0.5065	-0.3196	3	276	876	10	2011.76
molecular mechanisms	-0.609	0.2048	2	111	258	3	2014
molecular structure	0.1401	-0.5319	4	71	150	2	2010.636364
molecular weight	0.1279	-0.3688	4	421	1520	19	2011.919355
molecules	0.1197	-0.1739	3	352	1088	14	2011.769231
monitoring	-0.1757	-0.1587	3	166	376	5	2012.828676
monosaccharides	0.4955	-0.481	4	232	654	7	2011.4
morphology	-0.0477	0.2154	1	199	476	6	2011.797508
motility	-1.1145	0.4454	2	102	266	3	2012.529412
mouse	-0.1163	0.7945	2	181	474	6	2009.128205
mouse model	-0.3487	0.9425	2	63	152	2	2017.5
ms	-0.598	0.0861	1	85	184	3	2012.072727
ms analysis	-0.3946	-0.3077	1	151	350	4	2011.588235
ms/ms	-0.2476	-0.4114	1	97	214	2	2014.25
mutagenesis	-0.7913	0.3182	1	144	370	5	2007.111111
mutant	-0.7395	0.5156	2	313	1024	13	2012.444444
mutation	-0.2272	0.6204	2	70	148	2	2009.235294
n-alkanes	-1.1432	-0.0135	2	65	138	2	2011.125984
n-hexadecane	0.0339	-0.775	1	95	236	3	2012.5
nacl	0.3873	-0.515	3	279	1008	13	2012.09375
natural products	-0.346	0.2854	1	143	340	4	2013.5
nature	0.1242	-0.0502	4	149	352	6	2010.788145
necrosis	0.1305	1.0579	2	129	368	5	2009.857143
neurodegenerative disease	-0.5225	0.7399	2	40	86	2	2018
neutral sugars	0.5365	-0.5927	4	98	232	3	2006.111111
neutralization	0.4816	-0.1344	4	53	108	2	2013.833333
new antarctica bacterial species pseudoalteromonas antarctica nf3	2.291	0.1569	5	52	166	2	2000
new bacterial species	1.9577	0.3324	5	93	392	4	1999
new species	-0.4043	-0.1027	1	61	132	2	2011.213873
nf-kappa b	0.0192	1.2075	2	116	354	5	2013
niche	-0.6743	-0.0457	2	134	302	3	2014.209184
nitrate	-0.5186	-0.1417	1	57	120	2	2010.126471
nitric oxide	-0.0489	1.0033	2	163	480	7	2013.333333
nitrogen	-0.4985	0.1288	2	217	548	7	2012.807923
nitrogen source	-0.4518	-0.2244	1	114	264	4	2011.107143
nmr	0.2007	-0.02	4	405	1488	20	2012.099099
nmr spectra	0.7442	-0.0111	4	67	180	3	2008.166667
nmr spectroscopy	0.2663	0.1528	4	168	458	7	2013.148936
nonribosomal peptides	-0.869	0.303	1	73	170	2	2015
novel	-0.413	0.0739	2	307	842	10	2013.967568
novel strain	-0.4118	-0.4702	1	63	134	2	2014.5
nrps	-0.9407	0.2395	1	72	160	2	2014
nuclear factor kappa b	-0.0862	1.1579	2	60	130	2	2015.5
nuclear magnetic resonance	0.3464	-0.4384	4	169	486	5	2013.782609
nucleic acids	0.0132	0.1454	3	99	218	2	2011.625
nutrient processing	1.0225	0.2746	5	79	226	2	2014.6
nutrients	-0.3888	-0.8107	3	142	322	3	2011.870968
objective	-0.5497	-0.0899	1	71	148	2	2011.917647
observations	0.0406	0.1993	5	153	352	5	2011.448164
occurrence	-0.2519	0.024	3	112	246	4	2011.803551
ocean	0.2581	-0.7974	3	279	964	10	2010.965167
octyl glucoside	2.3417	0.2604	5	62	150	2	1999.5
oil	-0.2035	-0.2099	1	355	1090	14	2011.484241
okinawa	-0.2902	-0.5956	1	67	160	2	2011.25
oleic acid	-0.3766	0.1355	1	73	150	2	2012.272727
oligosaccharides	-0.4353	0.1084	1	35	72	2	2007.111111
olive oil	-0.4398	-0.8305	1	54	122	2	2016
one dimensional	-0.2309	0.2537	1	93	198	2	2007.160622
optimal growth	-0.142	0.0041	4	75	166	2	2010.411765
optimization	0.0979	-0.2225	3	321	1040	13	2013.389313
oral administration	0.2533	0.1149	4	76	156	2	2016.5
order	-0.2671	-0.2645	1	213	504	8	2010.598046
organic acids	-0.8655	-0.4963	2	93	192	2	2011.425532
organisms	-0.2114	0.5311	2	199	484	7	2012.67134
organization	-0.4394	0.3848	1	65	136	2	2013.329897
origin	-0.2232	0.0733	3	218	550	7	2010.187679
outbreaks	-0.5539	0.432	1	82	170	2	2011.853659
outcomes	0.0629	0.6523	2	66	134	2	2014.259036
outer membrane	0.5566	0.4006	5	174	652	7	2012.7
outer membrane vesicles	0.7124	0.3402	5	112	360	4	2009.75
oxidase	-0.6196	0.5045	2	78	160	2	2013.341463
oxidation	0.0396	0.1777	4	108	226	3	2011.836614
oxidative	-0.9555	0.6284	2	92	212	2	2015.875
oxidative damage	-0.4823	0.6519	2	152	370	4	2014.888889
oxidative stress	-0.7631	0.6951	2	218	672	8	2013.083333
oxide	-0.0496	1.003	2	163	480	7	2014.103448
oxygen	-0.6399	0.6417	2	258	806	9	2009.83871
oxygen availability	-1.2366	0.2835	2	86	206	2	2015.444444
p38 mapk	-0.0108	1.3501	2	58	150	2	2012
palmitic acid	-0.5393	-0.5808	1	118	308	3	2012
parameters	-0.2858	0.1619	2	213	550	7	2010.962104
particles	0.3865	-0.1061	3	238	562	7	2011.108822
particulate material	0.2572	-1.2645	3	90	232	2	2007.384615
partition	2.221	0.1586	5	65	264	3	2011.214286
partition coefficient	2.2204	0.1598	5	65	264	3	2000.333333
partition coefficients	2.2209	0.1611	5	65	264	3	2005.714286
partitioning	2.2176	0.1525	5	65	324	4	2012.216749
pathogenic bacteria	0.2514	-0.0707	3	80	164	2	2015.2
pathogenicity	-0.4982	0.4712	2	75	154	2	2014
pathogens	-0.5138	-0.0508	1	212	490	6	2014.164835
pathways	-0.3053	0.6838	2	413	1546	20	2013.213274
patterns	0.1046	0.3234	1	362	1030	15	2011.236066
pcr	-0.6204	-0.3017	2	141	318	4	2012.768293
pcr analysis	-0.4531	-0.5148	1	72	150	2	2013.8
peptide	-0.568	0.0726	1	204	518	7	2014.516129
performance	0.2886	-0.3541	4	278	812	9	2013.489921
period	-0.1163	-0.1942	3	240	616	8	2011.210316
permafrost	-0.1268	-0.0029	4	72	146	2	2012.799678
permeability	1.5041	0.2576	5	119	386	5	2012.947826
permeability alterations	2.2202	0.1688	5	57	234	3	2000
permeation	0.3567	-0.3277	4	153	404	4	2010.111111
peroxidase	-0.5779	0.811	2	86	182	2	2015.5
peroxidation	-0.5797	0.8323	2	87	182	2	2014.5
peroxide	-0.7605	0.728	2	106	252	3	2009.352941
persistence	-0.412	0.444	1	54	110	2	2012.073254
pesticides	-0.7143	0.0414	1	109	224	3	2013.571429
petroleum	-0.2104	-0.5891	1	70	152	2	2012.240964
pgpr	-0.7402	0.2589	1	45	106	2	2006.666667
ph	0.3623	-0.6351	4	441	1724	20	2013.361345
pha	-0.8513	-0.1333	2	371	1492	19	2013.85
phase	0.9816	-0.0664	5	252	820	11	2011.300144
phb	-0.9301	-0.0957	2	153	468	7	2010.571429
phenotype	-0.7686	0.6221	2	162	428	5	2014.2
phenotypic	-0.7899	-0.0855	2	176	456	6	2013.529412
phosphatase	-0.1938	0.6466	2	76	160	2	2012
phosphate	-0.0834	-0.2512	1	189	454	5	2010.048128
phosphatidylcholine	2.0267	0.2879	5	134	838	10	2004.5
phosphatidylcholine liposomes	2.0262	0.2601	5	124	644	8	1999.75
phospholipids	0.7056	0.419	5	102	236	3	2008.454545
phosphorylation	-0.1624	1.0648	2	116	288	4	2016.444444
phylogenetic	-0.4881	-0.1103	1	184	432	5	2012.713235
phylogenetic analyses	-0.2713	-0.233	1	87	184	2	2012.447368
phylogenetic analysis	-0.6954	-0.2037	1	125	290	4	2012.784615
phylogeny	-0.3027	-0.3348	1	106	226	3	2012.637037
physicochemical properties	1.4683	0.1729	5	87	184	2	2015.151515
pigments	-0.0871	0.5956	3	54	154	3	2012.420814
pilot whale	0.7909	0.6676	5	78	242	4	2003.4
place	0.609	-0.2357	3	129	262	3	2009.958042
plant	-0.4803	0.1955	1	429	1356	21	2012.538334
plant disease	-0.8391	0.2578	1	125	324	4	2016
plant growth	-0.7264	0.1208	1	109	258	4	2013.3125
plant growth promoting rhizobacteria	-0.7405	0.2595	1	45	106	2	2014.75
plant pathogens	-0.6693	-0.1313	1	41	88	2	2015.916667
plasma	0.3514	0.3692	4	127	294	4	2009.454545
plasma membrane	0.5126	0.4152	5	110	304	4	2012.125
plastic	-0.6342	-0.6397	3	66	148	2	2011.463415
plasticity	-0.9631	0.1052	2	107	232	2	2014.345794
plate	-0.0359	-0.8091	3	124	316	3	2010.542683
pneumonia	-0.3483	0.9423	2	63	152	2	2017.333333
polar	-0.308	0.782	2	103	224	3	2011.082686
polar regions	-0.1634	-0.5265	3	112	266	3	2011.606775
polaribacter	0.2131	-0.8913	3	99	218	2	2015.227273
pollutants	-0.6799	-0.1771	2	116	268	4	2012.312139
pollution	-0.425	-0.181	1	152	344	4	2012.161202
poly(3-hydroxyalkanoates)	-1.0065	-0.5618	2	98	230	2	2019
polyacrylamide	0.7589	0.0617	4	70	148	2	2007.5
polydispersity	0.2078	-0.5316	4	76	162	2	2015
polyhydroxybutyrate	-1.0564	-0.0408	2	138	458	7	2010.714286
polymer	0.1943	-0.5844	3	392	1454	15	2013.786667
polymerase chain reaction	-0.2283	-0.5247	3	61	132	2	2012.270833
polymeric substances	0.1747	-0.819	3	207	678	7	2015.583333
polysaccharides	0.3017	0.1762	4	587	2468	35	2011.531915
polysaccharides, sulfated	0.6394	0.2028	4	88	202	3	2003.333333
polystyrene	-0.3167	-0.7719	1	92	224	2	2012.25
ponds	-1.0846	-0.232	1	62	132	2	2013.328622
population	-0.3609	-0.0806	3	122	264	5	2011.362024
position	0.4757	-0.1425	4	141	308	4	2010.689373
potato	-1.1059	0.0794	1	107	296	4	2014.714286
potential	-0.1173	-0.3663	3	485	1854	22	2012.784435
power	0.6044	-0.0766	4	80	186	3	2011.834034
precipitation	0.4763	-0.6946	4	172	444	5	2012.247478
precursors	-0.2674	-0.521	1	37	76	2	2012.869565
prediction	-0.4555	0.0329	1	107	238	3	2012.073267
preliminary structural characterization	0.7931	0.0164	4	64	142	2	2014.5
preparation	0.4702	0.2124	4	158	348	5	2012.196721
present	0.3271	0.5476	2	149	348	4	2011.176606
press	1.2301	0.1942	5	56	120	2	2008.444444
pressure	-0.0345	-0.8602	3	199	640	6	2010.477108
pretreatment	-0.0139	-0.2083	1	153	402	6	2011.181818
prevention	-0.3735	-0.1582	1	106	236	4	2014.5
primary production	0.3979	-1.2089	3	84	226	2	2012.113402
processes	-0.0483	0.0192	3	567	2096	26	2011.967406
processing	0.5631	0.529	5	123	330	4	2012.577495
prodigiosin	-0.0972	0.5887	3	126	348	6	2010
production	-0.169	-0.0657	1	936	5970	77	2011.637878
productivity	0.4114	-0.9681	3	90	196	2	2012.484007
profiles	0.4504	0.2208	5	334	1098	12	2010.526606
progress	-0.4796	0.3702	1	72	148	2	2012.411765
proliferation	-0.2358	0.813	2	62	138	3	2012.868421
promote	-1.0831	-0.1375	1	81	182	2	2014.333333
properties	0.2613	-0.1364	3	718	3514	44	2011.071907
proportion	1.8998	0.201	5	183	966	12	2011.055556
protease	-0.5228	-0.4507	1	103	260	3	2013.709677
protection	1.1245	0.1943	5	270	1070	12	2013.352941
protective effect	1.2223	0.4643	5	159	604	7	2002.888889
protein	-0.0383	0.2359	2	685	3168	40	2012.85274
protein content	0.8507	-0.2838	5	154	414	4	2012.625
protein kinase	-0.0112	1.3503	2	58	150	2	2011.666667
proteomic analysis	0.9442	0.3142	5	99	312	3	2010.4
pseudoalteromonas	1.1263	-0.2079	5	478	2680	30	2007.314286
pseudoalteromonas antarctica nf3	1.8482	0.2265	5	199	1210	14	2000.714286
pseudoalteromonas sp	0.5424	-0.4701	4	247	798	9	2011.333333
pseudomonas	-0.5967	0.0981	1	739	4018	49	2013.961905
pseudomonas aeruginosa	-0.2349	0.6597	2	157	396	5	2017.083333
pseudomonas extremaustralis	-1.0453	0.3403	2	254	1020	12	2014.916667
pseudomonas fluorescens	-0.8227	-0.0971	1	242	744	8	2013.6
pseudomonas fluorescens bd5	-0.2961	-0.271	1	121	300	3	2011.666667
pseudomonas putida	-0.7499	-0.3426	1	98	240	4	2010.166667
pseudomonas sp	-0.5551	-0.2047	1	364	1176	14	2013.5
pseudozyma	-0.64	-0.1453	1	160	426	7	2014
pseudozyma aphidis	-0.6872	0.0805	1	71	156	2	2015.5
psychrobacter	0.2464	0.6556	2	156	364	4	2014.137931
psychrobacter sp	-0.0647	1.2292	2	59	140	2	2014
psychrophilic	-0.1844	0.1723	2	267	730	9	2012.121495
psychrophilic bacterium	-0.0857	0.955	2	93	222	3	2016.714286
psychrotolerant	0.0145	-0.0403	5	252	762	7	2013.020833
psychrotolerant bacterium	1.0839	0.1316	5	127	458	5	2011.857143
psychrotrophic bacterium	0.23	-0.7556	3	102	260	3	2014.75
purification	0.0379	-0.0301	4	131	310	5	2013.851852
pythium	-0.9848	0.2439	1	97	242	3	2011
quality	-0.1714	-0.4346	3	138	304	4	2012.741898
quantitative	0.2273	0.3383	5	62	130	2	2011.594059
radiation	-0.2143	-0.0512	2	122	256	3	2011.331925
ralstonia	-0.626	-0.6822	1	49	106	2	2017
ralstonia eutropha	-0.6259	-0.6828	1	49	106	2	2017
range	-0.1114	-0.1165	1	505	1706	20	2011.410547
rat	-0.1102	0.6403	2	79	176	3	2007.818182
rates	-0.5439	0.1569	2	144	316	4	2011.494306
ratio	0.8605	-0.002	5	529	2258	26	2010.925387
raw material	0.5581	0.023	4	64	130	2	2012.5
raw264.7	-0.0044	1.2479	2	75	204	3	2017.333333
raw264.7 macrophage	-0.0195	1.2324	2	61	136	2	2018
raw264.7 macrophages	-0.02	1.2326	2	61	136	2	2018
rdna	-0.0428	-0.5898	3	146	336	4	2012.367232
rdna sequences	0.0969	-0.7315	3	88	184	2	2011.404762
reaction	0.0088	-0.2285	4	158	360	6	2010.924119
reactive oxygen species	-0.5256	0.8614	2	167	410	4	2014.212121
real-time	-0.4682	0.2813	1	57	118	2	2012.398907
receptor	-0.1197	1.0161	2	116	274	4	2013.62069
recombination	-0.429	0.1593	1	53	110	2	2014.722222
recovery	0.4692	-0.3538	4	43	86	2	2012.7654
red	-0.1054	0.2401	3	78	166	2	2009.842105
red algae	-0.1748	-0.0072	3	73	154	2	2011.681818
red pigment	-0.0864	0.5956	3	54	154	3	2011.285714
red tides	-0.0124	0.6884	3	97	236	4	2009.142857
redox	-0.7707	0.8046	2	129	334	4	2012.1875
redox state	-1.0569	0.7651	2	81	196	2	2009
reduction	0.0966	0.1135	2	190	450	6	2012.202875
regeneration	-0.5092	-0.3597	1	86	184	2	2010.45098
region	-0.2777	-0.0255	2	373	1096	15	2011.608772
regulation	-0.312	0.6226	2	219	564	8	2011.631579
relationship	-0.1732	-0.2406	3	196	462	6	2011.52721
release	0.3764	-0.0693	4	240	594	8	2012.712924
removal	0.177	-0.5197	4	168	398	5	2011.470833
replication	0.6562	0.3841	4	66	138	2	2014.529412
res	2.2906	0.1574	5	52	166	2	2010.48537
research	-0.1774	0.0224	3	335	958	12	2012.25614
reservoir	-0.4647	-0.6448	3	104	238	3	2012.909879
residues	0.2938	-0.0918	4	352	1090	14	2009.701681
resistance	0.1161	0.2616	5	374	1518	17	2013.068966
resolution	0.4363	0.1637	4	82	170	3	2011.918993
resonance	0.3047	0.0081	4	192	550	6	2012.957447
resources	0.0384	-0.2668	3	171	398	5	2013.251701
respiratory	-0.4037	0.634	2	82	172	2	2012
response	-0.2788	0.3177	2	423	1532	18	2012.161066
response surface	0.4045	-0.389	4	137	402	5	2012.773585
response surface methodology	0.6564	-0.4044	4	94	258	3	2015.2
rhamnolipids	-0.4214	-0.1948	1	66	134	2	2015
rheological properties	0.6587	0.1278	3	132	314	4	2011.052632
rhizobacteria	-0.6284	0.1056	1	101	236	4	2010.666667
rhizosphere	-0.5201	0.096	1	64	140	2	2011.458333
rhodococcus	-0.1895	-0.7525	3	139	312	3	2014.5
rhodotorula	-0.0011	-0.3829	1	56	116	2	2013.098361
rice	0.4233	-0.2825	4	43	100	2	2012.777778
rice straw	0.4234	-0.2827	4	43	100	2	2012.5
risk	-0.3108	-0.1268	3	109	242	4	2014.229167
rna	-0.7442	0.5239	2	156	404	4	2012.641379
rna seq	-0.8748	0.5139	2	156	414	4	2017
rna-seq	-0.9713	0.4103	2	180	506	5	2016.9375
rocks	-0.2749	-0.305	1	68	142	2	2010.835085
role	-0.3429	0.0426	2	663	2694	31	2012.568357
root	-0.4352	-0.0181	1	183	438	7	2012.083538
rrna	-0.0685	-0.5445	3	215	524	6	2013.889558
rsm	0.6949	-0.373	4	92	202	2	2015.5
saccharina	0.6768	-0.1318	4	51	124	2	2009.25
safety	-0.6362	-0.3971	2	108	238	2	2012.880435
salinity	0.0168	-0.7697	3	343	1390	15	2009.248247
salinity tolerance	-0.1566	0.3185	2	69	150	2	2013.4
salmo	0.8921	0.2019	4	42	92	2	2007.285714
salmonella	0.0665	-0.1192	4	86	182	2	2014.5
salt	0.4166	-0.6054	3	199	560	6	2008.72546
salterns	0.1562	-1.0557	3	100	216	2	2011.285714
sample	0.1593	-0.0656	3	165	388	6	2011.599617
sand	-0.1329	-0.0929	1	127	288	4	2010.211726
scanning calorimetry	2.061	0.4043	5	75	228	2	2010.1
scavengers	-0.0262	0.8259	2	79	170	2	2013.222222
scavenging	0.651	-0.0204	4	60	138	2	2011.840426
science	1.5755	0.1849	5	143	418	6	2005.441336
screening	-0.8096	-0.5021	1	83	186	3	2013.2
sds	1.1697	-0.1734	5	151	354	4	2011.5625
sds-page	0.9138	0.14	5	108	300	3	2012.4
sea	0.1441	-0.4679	3	450	1874	23	2010.929745
sea ice	0.3146	-0.8577	3	320	1292	14	2012.341204
sea water	-0.363	-0.1442	4	81	180	2	2008.442735
search	-0.4144	-0.3779	3	107	234	3	2011.96
season	-0.0443	-0.1589	3	70	152	3	2012.178114
seawater	-0.2018	-0.5058	3	290	866	10	2011.626116
seaweeds	0.5601	0.122	4	165	476	7	2009.75
secondary metabolites	-0.3608	-0.0444	1	313	908	11	2013.616667
secretion	-0.2427	0.6922	2	230	642	9	2013.928571
sections	0.8229	0.3446	4	55	144	2	2007.846599
sediments	0.0373	-0.5967	3	215	530	6	2011.206075
seed	-0.709	-0.0956	1	68	152	2	2011.58
seedlings	-0.7437	0.0853	1	113	266	4	2011.917647
selection	0.1146	0.2151	3	119	266	5	2012.335938
selectivity	0.5459	-0.3128	3	106	222	2	2010.717949
self-cleaning abilities	0.8064	0.6589	5	44	114	2	2001.5
sem	-0.1499	-0.124	1	66	134	2	2010.981481
sensing	0.7892	-0.0381	5	88	186	2	2012.945017
sensitivity	-0.7892	0.3957	2	134	326	4	2012.152936
separation	-0.0136	-5e-04	4	113	250	4	2009.887195
sequence	-0.6645	-0.2786	2	417	1468	17	2012.290017
sequence analysis	-0.9422	-0.2085	1	130	308	4	2011.648148
sequencing	-0.7172	0.0195	2	243	656	8	2015.158311
sequencing analysis	-0.729	-0.0388	2	129	282	3	2016.75
series	0.1641	-0.2965	4	42	90	2	2010.601012
serratia	-0.25	0.2522	3	78	160	2	2004.75
serum	0.3961	0.0203	3	93	202	3	2011.857143
shape	0.1652	0.0812	5	88	178	2	2010.573529
shetland	0.0655	-0.796	3	129	338	4	2012.25
shetland islands	0.0668	-0.7944	3	129	338	4	2012.868613
shewanella	0.7097	-0.2557	5	199	622	6	2013.384615
shewanella livingstonensis	0.7602	0.3401	5	79	188	2	2013.5
shift	0.0193	0.7755	2	94	230	3	2012.333333
shock	-0.8762	0.6899	2	162	478	5	2011.131579
signal	0.0267	0.8743	2	164	450	7	2011.038817
signal transduction	-0.868	0.455	2	88	204	2	2013.75
signaling pathways	0.0518	1.3173	2	56	124	2	2016.5
significance	0.1953	-0.2398	3	214	504	6	2011.019928
silica	-0.0447	0.4494	4	72	198	2	2009.009901
silica gel column chromatography	-0.0382	0.4528	4	72	198	2	2007.333333
silicon	-0.3143	-0.7723	1	92	224	2	2011.129032
similarity	-0.9209	0.3685	1	93	198	3	2011.516971
sites	-0.2527	0.0182	2	191	472	7	2011.507274
size	0.6148	0.0785	5	201	486	7	2010.965923
skin	0.5962	0.6533	5	125	356	6	2010.05
sludge	-0.9288	-0.399	1	44	94	2	2013.333333
smut	-0.6693	-0.1308	1	41	88	2	2019
society	-0.6296	-0.0523	1	54	114	2	2010.520354
sodium	0.8241	0.2908	5	272	792	9	2011
sodium alginate	0.8278	-0.1008	4	68	144	2	2009.25
sodium dodecyl sulfate	2.0026	0.3164	5	102	366	4	2002.833333
soil	-0.2894	-0.354	1	418	1436	18	2012.887856
soil bacteria	-0.9852	-0.5223	1	65	144	2	2014.974359
solubilization of liposomes	2.1745	0.2781	5	86	290	3	1999
solutes	-0.7707	0.0445	2	76	168	2	2011.511628
solution	0.4129	-0.3499	4	274	756	12	2010.22668
solvent extraction	-0.0444	0.4418	4	87	240	3	2014.5
sophorolipids	-0.6006	-0.3072	1	65	138	3	2013.333333
source	-0.1601	-0.352	1	684	3178	41	2011.544715
south	-0.5241	-0.4666	1	176	494	6	2009.816077
south greenland	-1.2175	0.0669	1	57	156	2	2009.851064
south shetland	0.0637	-0.7956	3	129	338	4	2012.612903
south shetland islands	0.0647	-0.7943	3	129	338	4	2012.921429
southern ocean	0.2248	-1.2172	3	158	542	5	2011.310743
soybean oil	-0.4348	-0.1461	1	84	176	2	2012
species	-0.1223	0.0816	1	746	3398	46	2011.629341
specific growth	-0.6331	-0.4317	1	67	150	2	2010.724138
specificity	-0.3855	0.226	1	60	128	2	2012.857143
specimens	0.4497	0.1162	4	111	238	4	2012.251232
spectra	0.461	-0.5768	4	166	398	5	2010.240566
spectrometry	-0.3126	-0.1815	1	309	1044	12	2012.332298
spectroscopy	0.4171	-0.0961	4	406	1418	18	2012.548387
spectrum	0.299	-0.0176	4	269	680	9	2010.348901
spring	-0.2883	-0.3637	3	69	144	2	2011.445356
stability	0.0913	-0.1702	4	195	460	6	2011.601934
stabilization	0.1671	-0.5896	1	76	160	2	2014.288235
stabilizer	0.1306	-0.672	3	94	202	2	2015.142857
stacks	0.8229	0.3457	4	55	144	2	2013.529412
stage	-0.753	-0.1703	1	108	242	3	2011.432692
staphylococcus	-0.0871	0.0432	4	196	562	6	2014.8125
staphylococcus aureus	-0.034	0.3636	4	129	344	4	2014.666667
state	-0.0751	0.4449	2	311	864	11	2012.176355
static light scattering variations of liposomes	2.1739	0.2141	5	68	176	2	1999
statistical experimental design	-0.0858	0.5724	3	23	78	2	2008
statistical optimization	-0.0857	0.5727	3	23	78	2	2008.666667
status	0.2352	-0.4603	3	93	194	2	2011.737569
steps	0.2092	0.4438	2	121	262	4	2012.015873
storage	-0.1419	0.3784	2	214	554	9	2013.435429
storage compounds	-1.1887	0.6387	2	69	170	2	2010.666667
strain	-0.3324	-0.2071	1	930	5798	73	2011.527632
strategies	-0.4341	0.0301	3	362	1114	13	2013.49449
stratum corneum	0.8373	0.6609	5	65	186	3	2002
strength	0.4755	0.0063	4	45	92	2	2011.147674
streptomyces	-0.1902	0.2766	4	159	460	6	2013.6
stress	-0.7496	0.3602	2	404	1560	19	2010.771906
stress conditions	-0.3586	0.0345	2	112	248	3	2012.285714
stress factors	-0.6968	0.2572	1	77	160	2	2013
stress resistance	-0.9021	0.4409	2	151	398	5	2012.428571
stress response	-1.0401	0.1724	2	190	498	5	2013.833333
stress tolerance	-0.822	0.3226	1	60	124	2	2014.066667
stressors	-0.8188	0.2098	2	130	290	3	2015.157895
structural analysis	0.7087	-0.2383	4	58	130	2	2012.416667
structural characterization	0.7634	0.0126	4	96	240	3	2012.375
structure	0.6567	0.0456	5	732	3930	48	2010.587788
substitution	0.6269	0.4178	5	173	536	6	2012.377358
substrate	-0.0262	-0.4502	3	395	1398	18	2012.694517
subsurface	-0.6761	-0.3977	1	67	138	2	2011.621895
succinate	-0.1178	-0.6	4	73	152	2	2013
sucrose	0.5296	-0.875	3	94	202	2	2007.75
sugar composition	0.3274	-0.747	4	136	354	4	2009.4
sugarcane	0.1733	-0.5762	1	80	170	2	2014
sugars	0.2402	-0.4427	4	493	2066	26	2011.542169
sulfate	0.8324	-0.1436	4	397	1410	16	2010.319209
sulfated exopolysaccharide	0.3854	0.8114	2	87	214	3	2006
sulphate	0.2492	-0.9758	3	146	384	4	2010.131868
summer	-0.1933	0.0044	3	77	168	3	2011.747886
superoxide dismutase	-0.3116	0.5714	2	45	92	2	2014.818182
supply	-0.6424	0.1292	1	139	308	4	2011.339312
support	0.1261	0.4862	4	169	370	4	2012.160714
surface	0.2947	-0.0352	5	678	2912	37	2011.274886
surface active properties	1.6224	0.1713	5	78	164	2	2005
surface charge	0.5421	-0.7362	4	59	128	2	2012
surface properties	0.4521	-0.1099	5	108	234	3	2010.878378
surface tension	0.1624	-0.5681	1	223	690	8	2010.47619
surfactant partition coefficient	2.2229	0.1593	5	65	264	3	2000.333333
surfactants	1.4274	-0.0784	5	293	1284	14	2008.068966
survival	-0.1623	-0.0768	3	424	1618	17	2011.249489
suspension	1.3157	0.2707	5	80	162	2	2009.661017
svalbard	-0.3826	-0.7569	1	105	292	3	2012.982836
synthesis	-0.6204	-0.3401	1	439	1646	21	2012.494924
system	1.134	0.5114	5	235	1006	12	2012.244703
t cells	0.0142	0.428	1	66	140	2	2016.333333
tandem mass spectrometry	-0.1279	-0.0639	1	158	382	4	2015.666667
taxonomic groups	0.0671	-0.9734	3	85	182	2	2013.491228
taxonomy	-0.635	-0.2874	1	58	124	2	2011.779141
techniques	0.17	0.2321	3	283	756	12	2010.995925
technology	-0.2469	-0.1888	3	269	730	9	2013.19378
teleomorph	-0.669	-0.1305	1	41	88	2	2013.833333
tem	1.5374	0.3844	5	193	948	11	2009.391304
temperature	-0.1271	-0.2877	3	782	4318	50	2011.477652
temperature adaptation	-0.8308	0.5394	2	97	226	3	2012.083333
tension	-0.0338	-0.328	1	280	858	10	2011.042553
terms	0.5855	-0.3299	3	195	468	6	2011.105954
thawing	-0.0333	-0.5348	4	89	186	2	2013.173362
thelebolan	0.4036	0.2005	4	72	160	2	2015.5
thelebolus	0.4043	0.2011	4	72	160	2	2012.043478
therapy	-0.3612	0.141	4	62	130	2	2012.4
thickness	2.0664	0.3889	5	76	354	4	2010.814467
thin film	1.6745	0.342	5	111	452	5	2009.117647
thin layer chromatography	-0.3461	-0.4319	1	100	232	3	2009
thiol	-0.7456	0.834	2	80	180	2	2015
tides	-0.0768	0.5485	3	54	118	2	2010.001852
time	-0.1578	0.0061	1	594	2180	30	2011.191579
tissue	0.3019	0.2682	4	59	122	2	2011.777778
tlc	-0.4096	-0.0557	1	224	584	7	2009.6
tlr4	0.0653	1.2809	2	54	132	2	2017
tnf alpha	0.0655	1.1552	2	108	312	4	2010.25
tnf-alpha	0.0505	1.266	2	82	226	3	2009.666667
tolerance	-0.341	-0.0191	2	191	498	7	2013.120192
toll-like receptor	0.0656	1.2804	2	54	132	2	2017
toluene	-0.8249	-0.4372	2	89	188	2	2014.666667
tomography	0.8237	0.3438	4	55	144	2	2012.146341
tools	-0.3507	-0.3864	3	74	154	2	2013.795322
toxicity	-0.3397	0.4087	2	195	492	7	2014.530612
trace	0.5808	-0.607	3	191	582	6	2011.307692
trace metals	0.2688	-1.194	3	135	438	4	2011.452381
traits	-0.8375	-0.1956	1	110	234	3	2014.46
transcription	-0.0862	0.7897	2	133	350	5	2012.772727
transcription factor	0.0586	1.245	2	56	152	2	2007.5
transcriptome	-0.7662	0.5004	2	126	300	3	2015.166667
transcriptome analysis	-0.4803	0.9009	2	122	278	3	2015.333333
transduction	-0.5424	0.4342	2	111	264	3	2014
transfer	-0.0711	0.3959	5	137	388	5	2010.678679
transform	0.5573	-0.4763	4	183	546	6	2011.990385
transformation	-0.0443	0.1725	4	58	118	2	2011.951786
transition	0.135	-0.6454	3	105	216	2	2011.648928
transmission	1.1904	0.4076	5	247	1180	13	2011.062827
transmission electron	1.4734	0.365	5	228	1254	14	2009.84375
transmission electron microscopy	1.4459	0.3599	5	241	1302	15	2009.807018
transmission electron microscopy (tem)	2.1184	0.3839	5	84	388	4	1999.25
transport	0.3112	0.4874	5	139	372	4	2010.537155
transposon	-1.2169	0.066	1	57	156	2	2011.4
transposon mutagenesis	-1.2183	0.066	1	57	156	2	2011.5
treatment	-0.1956	0.4771	2	392	1352	21	2012.769355
trees	-0.4535	-0.1145	1	57	118	2	2012.336557
triton	1.4236	-0.1195	5	98	258	3	2007.833333
triton x-100	1.4234	-0.1208	5	98	258	3	2003
tryptophan	0.2808	-0.0592	4	68	144	2	2012.363636
tumor	0.1671	1.0229	2	144	456	6	2011.125
tumor necrosis factor	0.0576	1.1805	2	123	380	5	2011.4
tumor necrosis factor-alpha	-0.0114	1.3505	2	58	150	2	2012
tumoricidal activity	0.0321	1.1371	2	72	196	3	2007.666667
type iii secretion system	-0.3477	0.9427	2	63	152	2	2017.5
types	0.0166	-0.1037	1	253	648	8	2011.720352
ultrastructure	0.9013	0.0207	5	145	392	4	2011.095238
uptake	0.0109	-0.4801	1	61	134	2	2012.895082
ustilago	-0.5621	0.0107	1	59	120	2	2015
utilization	-0.3028	-0.3603	1	119	272	4	2011.783251
values	0.5532	-0.146	5	324	888	12	2010.746562
variability	0.2546	0.2253	4	78	158	2	2011.545737
variations	0.1119	-0.6114	3	80	180	3	2010.901917
vents	-0.079	-1.0103	3	115	336	3	2012.218543
vesicles	1.3412	0.2796	5	241	1128	14	2006.875
viability	-0.0489	0.2714	2	156	402	6	2012.44
vibrio	-0.206	-0.7627	3	102	218	2	2016
virulence	-0.8022	0.0576	2	148	342	4	2015
virus	0.5355	0.3656	2	107	258	4	2010.12766
virus infection	0.3424	0.4929	2	52	118	2	2012.857143
viruses	0.1589	0.3563	2	74	166	3	2012.909091
viscosity	0.5866	-0.31	3	119	288	3	2008.10119
vitamin	-0.1729	0.1838	3	105	232	3	2011.2
vitamin c	-0.2004	0.4403	2	66	142	2	2009.333333
vitreous sections	0.8242	0.3448	4	55	144	2	2014
waste	-0.6414	-0.5068	1	49	100	2	2013.591837
wastewater	0.7819	-0.7035	4	72	224	3	2013.736842
water	0.4286	-0.0823	5	549	2032	25	2010.775054
water flow	0.7742	0.6777	5	50	128	2	2010.588745
water samples	-0.4462	-0.3024	4	115	268	3	2012.208738
water treatment	-0.3813	-0.0237	3	67	142	2	2011.2
weight	0.4399	-0.172	4	511	2030	26	2010.632353
well	-0.4355	-0.3605	3	75	150	2	2010.643979
whales	0.7815	0.6304	5	100	300	5	2010.62766
white	0.3041	-0.2517	4	73	148	2	2010.307692
winter	-0.4376	-0.0154	3	41	84	2	2011.016141
work	-0.5497	0.1384	2	489	1836	22	2012.585814
world	-0.091	0.034	3	91	206	3	2011.293273
worldwide	-1.2432	0.0367	2	67	160	2	2013.141414
xanthan gum	0.7189	-0.2906	3	73	170	2	2013.090909
xylose	-0.6857	-0.4231	2	85	176	2	2009.090909
yeast	-0.4509	-0.289	1	335	1132	18	2012.221675
yield	0.0712	-0.1537	4	430	1448	21	2011.766667
zone	-0.9469	-0.022	2	70	148	2	2010.917256
