id	x	y	cluster	weight<Links>	weight<Total link strength>	weight<Keyword count>	score<Avg year>
absorption	-0.0816	0.1947	3	357	1218	12	2011.930081
abundance	-0.6722	0.1521	1	1020	12712	132	2012.159769
acclimation	1.1532	0.2105	2	651	4772	50	2013.38
acclimation temperature	1.5864	-0.0162	2	215	736	7	2013.428571
accumulation	-0.0778	0.4025	4	723	4860	49	2011.1675
accumulation rates	-1.2648	-0.1456	1	284	1176	11	2010.201613
acid-base	1.3729	0.146	2	286	1224	11	2010.083333
acid-base regulation	1.3992	0.003	2	407	2088	19	2012.894737
acid-base status	1.4663	0.0577	2	236	824	7	2010.285714
acidification	0.5181	0.0611	2	1206	37732	413	2014.569472
acidity	-0.0038	0.2797	3	335	1080	11	2012.02
acidosis	1.3611	0.0628	2	326	1662	16	2009.75
acids	0.4998	0.6648	4	327	1090	13	2009.964637
acquisition	0.0147	1.2674	4	408	2710	28	2012.112069
action	0.9461	-0.1181	2	222	662	9	2009.595808
activity	0.4532	0.5069	4	851	6950	75	2011.741747
acute	1.4254	-0.0956	2	282	1056	11	2013.705882
adaptation	0.5757	-0.3364	2	818	6272	70	2013.458029
adaptive potential	1.0794	-0.3012	2	208	684	8	2014.833333
addition	0.0035	0.2224	4	1002	8596	91	2012.072879
adult	0.8776	-0.2575	2	561	2870	32	2009.353846
advance	-0.3284	-0.2249	3	310	950	9	2012.223684
advection	-1.1157	-0.16	1	264	974	11	2010.324162
affinities	0.0994	1.3126	4	266	1246	13	2010.594595
age	-0.4638	-0.6748	1	362	1216	15	2010.368729
agreement	-0.0065	0.0687	3	422	1500	19	2010.554303
air	0.188	-0.507	3	306	880	9	2011.976061
air-sea	-0.532	0.4703	4	314	924	7	2011.236364
al	-0.8534	0.113	1	301	930	11	2010.555118
alaska	0.26	-0.5372	3	336	1086	12	2010.597746
aleutian	-0.7883	-0.7792	1	183	710	7	2009.607143
algae	-0.418	-0.3081	1	839	7590	82	2012.039501
algal communities	-0.0169	-0.2464	1	194	634	7	2013.40625
algorithm	-0.7557	0.0047	1	273	970	11	2011.916828
alkalinity	-0.4538	-0.0366	3	574	3106	31	2012.733333
allocation	0.2923	1.0482	4	263	904	9	2012.932584
alpha	0.2589	0.6846	4	253	728	8	2010.514493
alteration	-0.1619	-0.4529	1	257	652	9	2012.662651
ambient co2	0.986	0.3287	2	203	612	7	2011.75
ambient temperature	0.9028	-0.2651	2	288	1038	13	2012.706667
amino acids	0.7933	0.4322	2	276	844	10	2012.884393
ammonia	0.36	0.2923	2	193	532	7	2012.816092
ammonia excretion	0.654	0.1072	2	198	612	7	2012.142857
ammonium	-0.4269	0.32	1	281	812	8	2011.212264
analysis	-0.0152	-0.0734	1	1097	12414	144	2011.656462
animals	1.042	-0.0893	2	627	4096	41	2012.281022
annual cycle	-1.1726	-0.0824	1	240	766	7	2009.189944
anomaly	-0.8049	-0.352	1	240	664	7	2010.997204
antarctic	0.1657	-0.1196	2	1012	11270	130	2010.797819
antarctic circumpolar current	-1.0741	-0.2932	1	222	702	7	2008.485816
antarctic ice	-0.2007	-0.4764	3	239	740	7	2012.455772
antarctic marine	0.1158	0.0249	3	324	1186	12	2010.642105
antarctic ocean	0.5831	-0.1097	2	236	680	8	2010.36
antarctic peninsula	0.0306	0.0305	3	467	1976	20	2011.82716
antarctic sea	0.8917	0.0103	2	328	1474	17	2013.249337
antarctic sea ice	0.4459	0.4538	4	195	658	7	2013.381098
antarctic species	0.5313	-0.6946	2	211	558	7	2011.055556
antarctic waters	-0.7141	0.1126	1	246	798	8	2008.982456
antarctica	0.1518	-0.1798	3	885	7934	90	2011.220175
anthropogenic	0.8913	-0.2024	2	446	1818	17	2012.98995
anthropogenic carbon	0.2654	0.1011	3	506	2544	23	2013.384615
anthropogenic carbon dioxide	0.2986	0.2678	3	450	2056	18	2012.977273
anthropogenic co2	0.8115	-0.3432	2	334	1198	13	2012.682927
application	-0.3578	-0.1789	1	397	1264	13	2012.361823
approach	0.3325	0.1417	3	910	7296	81	2013.011682
ar	0.0394	-0.6666	3	265	802	8	2013.013333
arabian sea	-1.3212	-0.3409	1	172	656	7	2009.5
aragonite	-0.2279	-0.5338	3	754	5488	56	2012.255556
aragonite saturation	-0.2092	-0.8137	3	465	2680	29	2013.54717
aragonite saturation horizon	-0.2762	-0.8688	3	226	740	8	2012.928571
aragonite saturation state	-0.0931	-0.8402	3	334	1496	16	2013.583333
archipelago	-0.4488	-0.7223	1	385	1550	15	2011.082609
archives	-0.6275	-0.7727	1	343	1566	16	2012.62249
arctic	-0.2078	-0.1851	1	1089	15088	169	2012.189504
arctic calanus	1.1201	0.0264	2	164	606	7	2016.583333
arctic climate	-0.2339	-0.7534	3	278	828	7	2013.150824
arctic ecosystems	0.1247	-0.1026	3	244	796	8	2014.429967
arctic marine	0.1407	-0.3759	3	302	956	10	2013.75576
arctic ocean	-0.427	-0.1616	3	767	5634	57	2010.893127
arctic regions	-0.2853	-0.6115	1	294	1014	11	2013.278834
arctic sea ice	-0.0015	-0.5123	3	271	902	10	2014.367364
arctic seas	-0.0045	-0.432	3	382	1400	15	2014.010669
arctic waters	-0.4326	0.1602	1	356	1284	16	2011.466431
area	-0.4118	-0.3799	1	1043	12212	142	2011.37466
assemblages	-0.9643	0.1065	1	804	8018	85	2012.247588
assessment	0.1526	-0.4158	3	607	3508	40	2013.024899
assimilation	-0.142	0.8614	4	384	1310	12	2012.629787
association	-0.07	-0.1912	1	245	586	8	2011.081886
atlantic	-0.2812	-0.2324	1	940	9470	96	2010.236737
atlantic cod	1.5257	-0.0335	2	289	1314	12	2011.032258
atlantic cod gadus morhua	1.5597	0.0269	2	250	1064	10	2011.380952
atlantic ocean	-0.7634	0.0245	1	424	1552	15	2009.615463
atlantic water	-1.1832	-0.1133	1	233	822	9	2010.080056
atm	0.6481	0.5335	2	924	11144	115	2014.48731
atmosphere	-0.09	-0.2397	3	605	3160	29	2011.581199
atmospheric carbon dioxide	0.1471	0.2592	3	299	996	10	2012.649351
atmospheric co2	-0.4908	0.3922	4	300	966	10	2013.148148
atp	1.0821	0.4113	2	266	872	9	2013.647059
attention	-0.2069	0.1065	3	518	2132	23	2012.917808
austral summer	-1.2743	-0.0588	1	289	1270	13	2012.0726
australia	-0.9639	-0.0603	1	301	1042	11	2010.617438
autumn	-0.6008	-0.2197	1	269	808	10	2011.726708
availability	-0.1999	0.5107	4	851	6500	67	2012.908905
bacteria	-0.2228	0.9	4	369	1710	18	2012.900394
bacterial	-0.3516	0.9115	4	254	890	9	2014.217252
bacterial communities	-0.2674	1.0051	4	214	816	9	2014.916667
balance	0.2723	0.3871	4	506	2142	22	2011.539286
baltic	0.5295	0.5754	4	421	1724	18	2011.08982
baltic sea	0.3502	0.7825	4	355	1336	14	2011.529412
barents	-0.7623	-0.155	1	449	2198	24	2010.39816
barents sea	-0.8333	-0.0522	1	408	1888	21	2010.27735
baseline	-0.1378	-0.5703	3	305	892	9	2012.74934
basin	-0.7581	-0.1948	1	488	2096	22	2010.09645
batch cultures	-0.2879	1.0467	4	235	954	11	2009.318182
bay	-0.3606	-0.247	1	520	2306	27	2010.11814
behavior	0.5869	-0.1158	3	418	1416	15	2011.103784
behaviour	0.7071	-0.2021	2	428	1584	16	2010.943662
benefits	0.6879	-0.1137	3	347	1302	17	2014.038732
benthic	0.3699	-0.2138	3	270	766	9	2011.160714
benthic communities	0.5019	-0.0912	3	247	716	7	2010.78125
benthic organisms	0.1052	-0.6064	3	256	750	8	2011.352941
benthos	-0.0246	-0.6236	1	288	832	9	2011.247312
bering	-0.7625	-0.1416	1	578	3216	34	2009.747987
bering sea	-0.7827	-0.1281	1	552	2904	31	2009.417822
bering sea shelf	-0.8712	0.036	1	233	786	9	2009.829114
bicarbonate	0.7684	0.418	2	500	2164	21	2011.047619
biodiversity	0.0868	-0.5305	3	456	1844	23	2013.864286
biogenic carbonate	-0.6442	0.047	1	323	914	8	2010.142857
biogeochemical cycles	-0.3978	0.4564	4	436	1768	16	2013.854651
biogeochemical model	-0.6528	0.2845	3	282	874	8	2014.390805
biogeochemical processes	-0.4519	-0.0288	3	295	1046	10	2013.733333
biogeochemistry	-0.6017	0.4031	4	478	2142	20	2014.025316
biogeography	-0.7895	-0.5265	1	338	1224	14	2012.833333
biological	0.4934	-0.3561	3	318	942	11	2012.548387
biological carbon pump	-0.635	0.8739	4	265	1036	10	2015.631579
biological control	0.0892	-0.5266	1	258	826	9	2012.055556
biological processes	0.4072	-0.2979	3	237	664	7	2011.762963
biology	0.0572	-0.2904	1	339	1050	13	2011.284153
biomass	-0.3304	0.613	4	791	6240	66	2012.021332
biomass production	0.0373	1.1809	4	279	1040	11	2012.391304
biomineralization	0.5433	-0.3444	2	350	1496	22	2012.870968
biosynthesis	1.1201	0.3673	2	227	664	7	2012.25
biota	0.3585	0.0297	3	489	2180	22	2010.887755
bivalve	0.6831	-0.4314	2	535	2638	34	2012.816667
bivalve species	0.956	-0.4334	2	187	526	7	2014.25
blood	1.475	0.064	2	288	1230	11	2011.206897
bloom	-0.6602	0.5027	4	831	8304	89	2012.055462
body	0.6641	-0.2108	2	614	3400	42	2011.227462
body mass	0.9701	0.164	2	181	622	8	2008.962963
boreal	0.5924	-0.0583	2	224	696	7	2012.614137
bottleneck	1.132	-0.3464	2	266	854	8	2014.673913
boundary	-0.7165	-0.238	1	340	1182	12	2008.420868
boundary layer	-0.0517	0.1922	3	258	766	9	2009.971272
bp	-0.3615	-0.1482	1	365	1066	12	2012.006369
brachiopods	0.3162	-0.8126	2	184	642	7	2014.692308
bryozoans	-0.2439	-0.8993	1	200	698	9	2013.15
budget	0.4213	0.4368	2	543	2272	22	2011.153068
buffering	0.3006	-0.25	3	307	956	9	2013.529412
buildup	-0.4217	-0.177	1	271	886	9	2011.916667
c fixation	-0.1314	1.1357	4	205	672	7	2013.142857
c-13	-0.3836	0.3833	4	485	2018	21	2013.180371
c-14	-0.5989	0.8116	4	353	1322	14	2010.938406
ca	-0.268	0.7094	4	414	1986	24	2010.753333
caco3	-0.4043	-0.2798	1	675	4178	42	2010.651515
calanoid	1.0516	0.2468	2	142	474	7	2009.681818
calanoid copepods	0.9762	0.3053	2	167	560	8	2012.107143
calanus	0.9372	0.0219	2	233	932	11	2011.704225
calanus glacialis	1.1019	0.0195	2	180	696	8	2016.192308
calcareous	-1.0259	-0.4244	1	230	702	8	2006.642857
calcidiscus leptoporus	-1.1446	-0.0673	1	383	1880	22	2008.173913
calcification	0.2097	0.0756	2	1014	12678	133	2012.554745
calcification rates	0.2109	-0.0176	3	564	2962	29	2013.275862
calcifiers	0.2042	-0.2987	2	733	4362	43	2015
calcifying	-0.0702	0.0899	1	443	1622	17	2014.333333
calcite	-0.4712	-0.2792	1	781	6156	67	2011.090909
calcium	-0.1772	-0.1655	3	867	7366	78	2011.801325
calcium carbonate	-0.1723	-0.2926	3	844	7092	74	2012.409524
calcium carbonate saturation	-3e-04	-0.7913	3	288	1170	12	2014.055556
calibration	-0.6753	-0.3642	1	285	1044	10	2011.99511
california	-0.2133	-0.7879	3	201	550	7	2009.673387
canada	-0.4269	-0.7263	3	293	1098	12	2011.058788
canadian	-0.37	-0.7829	3	285	868	8	2010.480463
capacity	0.9394	-0.0555	2	824	7146	79	2013.094099
capture	0.2264	-0.5065	3	283	788	8	2012.315068
carbohydrates	-0.0268	1.0695	4	223	706	8	2011.868852
carbon	-0.1955	0.5476	4	1171	28320	291	2013.107259
carbon acquisition	-0.013	1.3023	4	360	2242	23	2010.6
carbon cycle	-0.4604	0.1158	3	737	5296	51	2014.082353
carbon cycling	-0.1152	0.729	4	340	1154	11	2014.143411
carbon dioxide	0.1858	0.3458	3	912	8150	79	2013.148903
carbon fixation	-0.169	1.0515	4	376	1578	17	2013.907692
carbon flux	-0.279	0.7302	4	462	1876	17	2012.72381
carbon isotopes	-0.5339	0.7298	4	292	1040	10	2012.083744
carbon production	-0.7023	0.9009	4	313	1288	13	2012.877551
carbon source	-0.0047	1.1751	4	279	1118	11	2012.515152
carbon uptake	-0.1805	1.0845	4	440	2160	19	2013.70922
carbonate	-0.2686	-0.0327	3	1133	18790	190	2011.940552
carbonate chemistry	0.0835	0.4417	3	854	7858	76	2014.10989
carbonate dissolution	-0.7832	-0.484	1	234	710	8	2008.9
carbonate ion	-0.3904	0.0253	3	328	1440	15	2012.055556
carbonate ion concentration	-0.418	0.1915	3	211	668	7	2012.111111
carbonate production	-0.6881	-0.1464	1	325	1062	10	2007.833333
carbonate saturation	-0.0256	-0.7028	3	530	2890	28	2014.230769
carbonate system	-0.512	0.4935	4	592	3254	33	2013.676923
carbonic anhydrase	0.0908	1.1231	4	391	2260	25	2010.48
case	-0.1041	-0.1088	3	674	3302	39	2010.847835
case study	-0.0448	-0.074	3	236	594	8	2012.678179
cause	-0.0054	-0.0038	2	468	1850	21	2011.675244
ccm	0.0599	1.2699	4	284	1530	18	2010.486486
cell	-0.1722	0.5978	4	952	10516	120	2011.359784
cell size	0.0326	0.8953	4	261	872	9	2013.414634
century	0.1474	-0.4706	3	774	6104	64	2012.205869
cephalopod	1.4324	0.0798	2	189	662	7	2007.692308
chain	-0.0154	0.8422	4	304	920	9	2011.096866
challenges	0.5123	-0.2221	3	524	2548	31	2014.48237
chamber	0.2509	0.5614	3	180	554	8	2013.240506
changes	0.2398	0.0683	3	1244	42842	459	2012.206219
characteristics	0.1505	0.3003	4	437	1764	22	2010.936545
characterization	0.7481	-0.4126	2	168	472	8	2012.72969
chemical	-0.0217	0.097	3	561	2486	29	2011.607029
chemical properties	-0.6183	-0.1329	1	218	618	7	2011.438017
chemistry	0.1643	0.1646	3	1018	11608	114	2012.465976
chile	-0.5702	-0.7595	1	215	584	7	2012.697531
chlorophyll	-0.6747	0.6814	4	511	2526	26	2011.700197
chukchi	-0.7943	-0.3578	3	219	706	7	2012.695271
circulation	-0.4119	-0.6447	3	486	2048	21	2010.44219
circumpolar	-1.0714	-0.2698	1	240	812	8	2008.65295
circumpolar current	-1.0748	-0.2913	1	222	702	7	2008.384884
clam	0.6668	-0.5439	2	151	452	7	2012.935484
clathromorphum	-0.6813	-0.8263	1	311	1578	15	2014.6875
clathromorphum compactum	-0.6258	-0.7912	1	248	1010	10	2016.8
climate	0.1911	-0.285	3	1141	18572	198	2012.847305
climate change	0.4945	-0.2186	3	1099	16824	182	2013.106897
climate change impacts	0.1786	-0.6099	3	316	1136	12	2013.417178
climate change scenarios	0.4587	-0.4993	3	238	692	7	2012.470588
climate driven	0.3834	-0.5319	3	276	832	9	2013.781513
climate model	-0.6807	-0.4865	3	229	844	8	2013.16224
climate scenarios	0.584	-0.378	3	256	704	7	2013.937824
climate variability	-0.0939	-0.7746	1	345	1424	16	2012.20898
clio	-0.444	-0.346	1	254	842	8	2006.5
clione	-0.104	-0.2501	1	362	1432	17	2013.058824
clione limacina	0.0765	-0.1756	1	247	754	9	2013.666667
cluster	-0.5946	-0.3595	1	208	614	8	2011.949896
co	-0.3364	0.3286	3	366	1284	13	2011.599291
co2	0.3675	0.4604	4	1202	36344	381	2013.165022
co2 concentrating mechanism	0.1126	1.2656	4	211	766	8	2012.777778
co2 concentrations	0.14	0.7064	4	941	10138	101	2012.696319
co2 emission	0.7105	-0.2494	3	591	3380	35	2014.889447
co2 level	1.0663	-0.3705	2	255	762	7	2013
co2 levels	0.7427	0.4344	2	835	7204	71	2012.792793
co2 manipulation	-0.3971	0.9216	4	247	798	8	2012.7
co2 partial pressure	0.641	0.7567	4	383	1518	14	2012.875
co2 production	-0.1322	0.7935	4	266	838	8	2013.814815
co2 uptake	-0.0541	0.8621	4	594	3506	35	2014.325
coast	-0.2188	-0.4644	1	586	2834	29	2010.134684
coastal	-0.2389	-0.0934	3	571	2644	29	2010.739865
coastal waters	-0.3438	0.1982	3	469	1870	20	2011.971338
coccolith morphology	-0.5933	0.1324	1	194	674	9	2012.333333
coccolithophore	-0.9372	0.1529	1	891	13326	151	2010.657143
coccolithophore blooms	-1.0952	-0.1232	1	259	984	11	2010.0625
coccolithophorids	-0.6997	-0.3899	1	443	1980	27	2006.615385
coccoliths	-0.9853	-0.1555	1	697	6890	83	2009.157303
coccolithus pelagicus	-1.2459	-0.2763	1	381	1940	22	2004.590909
cod	1.4822	-0.0286	2	311	1444	14	2010.866667
cod gadus morhua	1.5529	0.0398	2	255	1120	11	2009.357143
cold	0.5549	-0.454	2	211	550	7	2011.824903
cold water	-0.4276	-0.1016	1	541	2254	24	2009.137255
collection	-0.0804	-0.3143	1	454	1778	20	2011.129412
colonies	-0.1272	0.4775	4	201	582	9	2010.888235
color	-1.0561	-0.0978	1	242	894	10	2011.308458
column	-0.8288	0.054	1	683	3958	39	2010.224159
community	-0.3257	0.355	4	1076	16854	175	2013.620087
community composition	-0.1731	0.7507	4	483	2626	27	2014.941973
community production	-0.6271	1.031	4	208	752	7	2014.055556
community structure	-0.235	0.7201	4	493	2430	23	2013.563433
comparison	-0.2884	0.1136	1	872	5516	60	2010.70057
compensation	1.3756	0.1218	2	288	1106	12	2012.083333
competition	-0.0332	0.1858	4	244	656	8	2011.637209
complex	0.1684	0.0621	3	294	870	9	2011.908387
composition	-0.424	0.3663	4	1065	13766	144	2012.45256
compounds	-0.0826	0.5132	4	311	932	10	2012.161238
concentrations	-0.0411	0.4364	4	1185	23900	250	2011.643222
concept	0.2292	-0.2506	3	271	794	10	2011.306773
condition	0.523	-0.2235	2	548	2216	26	2010.79798
consequences	0.4354	0.2517	3	848	6300	61	2012.275862
conservation	0.3623	-0.5418	3	277	1036	14	2011.717256
consumers	0.1536	0.6267	4	213	680	7	2013.703297
consumption	0.8871	0.2051	2	688	4656	48	2011.012232
consumption rates	1.0423	0.0185	2	382	1648	16	2009.561404
content	-0.0824	0.1156	1	754	4694	56	2011.761593
continental shelf	-0.5913	-0.259	3	359	1138	11	2010.424501
continuous cultures	-0.3611	1.2229	4	205	758	8	2014
contrast	0.1665	0.2641	2	830	5208	57	2011.509677
control	0.4933	0.0386	2	987	9154	97	2012.474255
copepods	0.7128	0.2294	2	428	2224	26	2009.285714
coral reefs	0.099	-0.5469	3	350	1426	17	2010.852459
corallinales	-0.426	-0.7898	1	180	568	7	2010.428571
coralline algae	-0.4276	-0.7329	1	609	4284	46	2013.211538
corals	-0.1069	-0.4267	3	573	2934	32	2011.211921
core	-0.9342	-0.3282	1	599	3532	38	2010.446523
correlation	-0.2065	-0.0833	1	794	4980	53	2011.333794
costs	0.8751	-1e-04	2	559	2678	29	2013.503597
coupling	-0.3274	0.0968	3	285	810	9	2011.935532
cover	-0.4635	-0.6235	1	416	1500	14	2011.664763
coverage	-0.2173	-0.5434	1	340	1056	11	2012.329283
crab	1.0198	-0.1733	2	415	1848	19	2011.690476
crassostrea	1.1196	-0.2496	2	181	602	7	2012.125
cruise	-0.9035	-0.1477	1	263	742	7	2008.733524
crustaceans	1.1933	-0.016	2	331	1312	14	2009.645833
crystals	0.2668	-0.3872	1	180	516	10	2009.139752
culture	-0.0132	0.6971	4	723	5148	61	2011.379653
culture experiment	-0.4331	0.6463	4	295	1018	10	2011.6
current	-0.6669	-0.4746	1	613	3256	37	2008.757215
cyanobacteria	0.088	1.0522	4	241	800	12	2013.32964
cyanobacterium	0.0844	1.2979	4	226	958	10	2012.864865
cycle	-0.3852	0.175	4	1017	10394	108	2011.47296
cycling	-0.2235	0.7425	4	678	4244	40	2014.035763
damage	0.93	-0.4468	2	278	1020	12	2013.018116
dark	-0.2187	0.3218	4	302	1036	11	2011.352113
data	-0.2659	-0.0774	1	1182	19660	218	2011.015066
database	0.1783	-0.4864	3	309	1020	11	2012.403509
dataset	-0.3538	-0.2583	1	393	1398	15	2012.68054
date	0.263	-0.3966	1	573	2370	26	2012.087051
death	-0.5117	-0.3281	1	227	600	7	2010.181818
decline	-0.1568	-0.1154	3	705	4054	41	2013.254217
deep	-0.4376	0.2426	3	300	896	8	2008.172697
deep ocean	-0.4337	-0.1218	3	385	1458	12	2011.244019
deep sea	0.2482	-0.0444	2	377	1322	14	2010.4
deep water	-0.3761	0.1151	3	422	1538	14	2008.094223
deglaciation	-1.1053	-0.4587	1	209	702	7	2010.986813
degradation	0.1393	-0.1101	3	474	1912	20	2013.464824
delta	-0.2406	-0.1184	1	514	2398	24	2010.255844
demand	1.1202	0.3261	2	419	1924	18	2013.574627
density	-0.1913	-0.0022	1	700	3666	40	2009.879211
dependence	0.4383	0.1132	3	403	1554	19	2010.591411
depletion	-0.2674	0.6705	4	272	814	9	2011.778068
deposition	0.0679	-0.5811	1	430	1658	19	2012.094256
deposits	-0.0424	-0.5225	1	225	618	7	2011.200561
depression	1.223	-0.0404	2	287	1138	11	2010.355769
depth	-0.8961	-0.1985	1	761	6134	62	2010.672402
description	-0.3797	-0.4737	1	292	890	12	2009.996622
design	0.3189	0.0716	3	454	1980	23	2013.015625
detail	-0.5656	-0.2247	1	223	598	8	2011.078886
detection	-0.1152	0.3342	3	260	740	8	2012.417625
determination	-0.3911	0.291	4	302	844	9	2010.57381
development	0.5592	-0.172	2	971	9002	98	2011.773084
developmental stages	1.0882	-0.3185	2	305	1122	13	2013.9375
diameter	0.1491	-0.163	1	242	694	9	2010.091346
diatom	-0.4295	0.6745	4	747	5758	66	2012.261803
dic	-0.3357	0.5245	4	493	2286	25	2012.614865
diel	0.014	0.3737	3	234	688	7	2008.645833
difference	-0.1304	0.0689	1	688	3310	37	2011.163032
differentiation	0.2515	-0.1851	1	210	520	7	2012.476471
diffusion	0.3169	0.6219	4	252	846	10	2008.759067
dilution	-0.5411	0.1823	3	349	1200	13	2009.094828
dinoflagellate	-0.4676	0.6749	4	485	2286	25	2012.671642
direct effect	0.108	0.5515	4	348	1254	13	2012.021277
discrepancies	-0.8088	0.3863	1	293	888	10	2011.321353
disequilibrium	-0.2422	1.0637	4	271	1044	11	2010.152174
dissolution	-0.2497	-0.4711	1	753	5500	63	2010.989744
distribution	-0.4197	-0.375	1	1041	11492	127	2010.907306
distribution abundance	-0.8894	-0.2529	1	275	914	10	2011.107143
distribution patterns	-0.8721	-0.4158	1	285	1012	11	2010.866972
disturbance	0.8621	-0.0936	2	509	2118	21	2011.750678
diversity	-0.541	0.0051	1	837	6354	73	2013.553494
dna	0.3175	-0.0464	1	297	994	13	2012.62578
doc	-0.4685	1.1045	4	287	1146	11	2012.69379
dominance	-1.0809	0.0424	1	436	1890	18	2012.29375
dominant species	-1.0657	0.0387	1	322	1162	12	2010.869565
down-regulation	0.4409	0.9473	4	249	762	7	2014.4
drawdown	-0.6952	0.2359	3	257	756	7	2012.950617
drivers	0.3973	-0.1847	3	594	2908	31	2015.864011
duration	-0.3293	0.0674	1	515	1904	20	2012.189258
dynamics	-0.2676	0.1224	4	917	7038	70	2012.382241
early life	1.3143	-0.2895	2	412	2196	24	2011.419643
early life stages	1.3517	-0.2596	2	371	1842	20	2011.806452
earth	-0.1449	-0.2689	3	573	3232	31	2012.416212
earth system	-0.2959	-0.4463	3	409	1990	21	2015.459227
earth system models	-0.3474	-0.3309	3	334	1414	14	2016.009881
east	-0.6175	-0.4666	1	492	2142	26	2011.088561
eca	-0.1183	1.3513	4	199	894	9	2008.785714
echinoderms	0.8522	-0.4472	2	347	1490	19	2013.485714
echinoids	0.2063	-0.6375	1	315	1062	12	2013.916667
ecology	-0.5624	-0.1484	1	684	3846	40	2012.514768
ecosystem	0.2248	-0.085	3	1133	18282	189	2013.530062
ecosystem engineers	-0.1877	-0.5318	1	216	684	7	2015.15
ecosystem functioning	0.2826	0.3452	3	307	1000	9	2013.672727
ecosystem models	-0.123	-0.0221	3	311	1062	10	2013.345455
ecosystem responses	-0.11	0.1021	3	315	1000	10	2013.298246
ecosystem services	0.4051	-0.3498	3	316	1160	12	2015.467532
effects	0.4332	0.2915	2	1227	38318	417	2011.624055
efficiency	-0.0838	0.986	4	503	2696	29	2012.80663
eggs	1.0315	-0.1382	2	431	1966	25	2006.792208
electron	-0.3398	-0.0646	1	646	3236	38	2011.572917
electron microscopy	-0.3121	-0.634	1	306	1174	18	2011.367742
electron transport	0.6478	0.7749	4	230	748	8	2014.185185
elemental composition	-0.2677	0.548	4	400	1504	14	2011.644737
elemental stoichiometry	-0.3949	1.1599	4	238	770	7	2013.875
elements	-0.3134	0.0118	1	506	2380	27	2011.89258
elevation	0.5468	0.349	2	297	836	8	2012.227186
embryonic development	1.4767	-0.082	2	216	754	8	2009.307692
embryos	1.3295	-0.2905	2	348	1698	20	2013.658537
emiliania	-0.8565	0.3129	1	868	11652	131	2009.411392
emiliania huxleyi	-0.8565	0.3011	1	877	12110	136	2009.396341
emiliania huxleyi blooms	-1.0194	0.3171	1	152	488	7	2008
emission scenarios	0.1197	-0.7096	3	308	1260	13	2013.561404
emissions	0.3777	-0.3954	3	784	6264	63	2013.550741
energy	0.8388	0.4	2	794	6472	67	2011.753532
energy budget	1.0742	0.3844	2	317	1194	12	2012.758621
energy demand	1.4871	0.1736	2	202	746	7	2013.923077
energy metabolism	1.4694	0.0771	2	325	1680	15	2013.772727
enhanced	-0.7183	0.5483	4	328	1036	9	2012.845902
enrichment	-0.0978	0.6905	4	440	1838	19	2011.973485
environment	0.3107	-0.067	2	1034	10900	118	2012.515563
environmental	-0.161	-0.4093	1	461	1842	18	2010.845217
environmental changes	0.2501	0.0953	2	564	2306	25	2013.895683
environmental conditions	-0.1833	-0.0286	1	772	4228	43	2013.912338
environmental data	-0.0742	-0.7104	3	219	626	7	2013.041667
environmental factors	-0.1065	0.3316	1	498	1806	21	2013.842444
environmental hypercapnia	1.4022	0.0656	2	278	1060	11	2009.090909
environmental parameters	-0.7956	-0.1726	1	376	1276	14	2012.892157
environmental variability	0.4017	-0.416	2	290	954	9	2012.740741
environmental variables	-0.5705	-0.0659	1	383	1290	11	2012.972376
enzyme	0.549	0.5107	2	474	2128	24	2013.452991
enzyme activity	0.8261	0.3293	2	303	1138	12	2014.026316
equilibrium	-0.221	0.0513	3	389	1288	13	2010.171186
euphotic zone	-0.9589	0.1956	1	226	636	7	2011.97
eutrophication	0.0383	-0.2186	3	226	648	7	2012.137931
evaluation	0.0526	-0.1643	3	295	834	10	2013.100503
events	-0.6132	-0.2821	1	744	4912	51	2012.030986
evolution	0.0976	0.7082	4	557	2826	34	2012.05694
exchange	-0.2594	0.2855	4	514	1986	18	2010.706601
excretion	0.9288	0.103	2	299	1068	11	2009.888889
expansion	-0.2084	-0.5817	1	316	948	10	2012.969492
expedition	-1.0607	-0.157	1	239	748	9	2010.922432
experimental	0.5987	0.2728	2	319	1104	13	2013.019481
experimental design	0.2845	0.3126	3	346	1222	12	2013.638298
experiments	0.2189	0.4354	4	1138	20376	224	2011.075205
explanation	-0.2812	0.5142	4	281	840	9	2009.867769
export	-0.7818	0.4277	4	543	3156	30	2011.295396
export production	-0.8644	0.6313	4	294	1036	9	2010.782609
exposure	1.0748	-0.0423	2	846	9026	100	2012.977505
expression	0.9091	0.0523	2	594	3484	40	2012.171315
expression pattern	0.9069	-0.0075	2	221	698	8	2013.066667
extension	-0.4764	-0.074	1	316	872	10	2010.251641
extent	-0.3573	-0.1605	1	707	3750	40	2011.835219
extinction	0.5692	-0.3833	3	306	950	9	2011.243386
extracellular ph	1.3702	0.0916	2	330	1592	16	2011.875
extreme	1.2219	-0.1344	2	325	1182	11	2013.461538
fall	-0.8786	-0.3415	1	337	998	9	2011.228402
family	0.5951	-0.4246	2	397	1410	18	2012.315615
fatty acids	0.2861	0.7152	4	214	648	8	2009.789855
fauna	0.0933	-0.5977	1	353	1188	12	2011.230769
features	-0.2273	-0.479	1	550	2124	26	2010.384646
feedback	-0.3106	0.4062	4	641	3782	36	2013.003957
feeding	0.6031	-0.1888	2	433	1706	20	2008.431111
females	1.1214	-0.2371	2	293	1198	16	2007.642105
fertilization	0.9669	-0.0721	2	357	1574	18	2013.147368
field	-0.0552	0.1117	3	816	5178	58	2010.533445
field experiment	0.2274	0.2335	3	213	630	7	2011.558824
field studies	-0.373	0.8204	4	255	776	9	2010.034286
fish	1.118	-0.2035	2	573	3662	38	2010.064516
fish species	1.2489	-0.2074	2	225	800	7	2011.890756
fisheries	0.3172	-0.5844	3	540	3060	32	2010.847545
fishing	0.327	-0.5784	3	247	812	9	2011.058252
fitness	1.2038	-0.1166	2	434	2092	23	2014.032258
fixation	-0.0999	1.1319	4	511	3318	35	2013.7
fjord	-0.2644	0.2709	4	557	2924	30	2013.427767
flora	-0.5059	-0.6754	1	228	628	7	2011.036036
flow	-0.0848	0.3099	4	380	1400	14	2010.017411
fluctuations	-0.2549	-0.2614	1	709	3624	37	2009.816514
fluid	1.0365	-0.0966	2	257	836	8	2009.934901
fluorescence	-0.22	0.8722	4	297	1010	10	2012.243386
flux	-0.5309	0.5031	4	869	8344	83	2010.974387
focus	0.3972	-0.2263	3	472	1844	22	2012.93921
food	0.2066	0.3623	4	896	8742	88	2012.031915
food availability	0.2981	0.374	2	280	966	10	2010.185185
food web	-0.0787	0.6048	4	687	5158	50	2013.363874
foraminifera	-0.7298	0.0787	1	467	2162	22	2011.592
foraminifers	-0.7325	-0.373	1	288	842	9	2012.148148
force	0.5342	-0.2325	2	273	778	11	2011.140909
formation	0.0564	-0.195	1	711	3758	41	2010.511811
fossil	-0.6604	-0.4901	1	407	1494	16	2010.893617
fossil fuel	-0.0544	-0.401	3	289	908	8	2011.401575
fossil record	-0.6469	-0.5974	1	237	718	9	2012.166667
fraction	-0.2023	0.3053	4	621	2984	32	2011.553026
fractionation	-0.5534	0.7992	4	396	2212	25	2011.073171
fragilariopsis	0.1168	1.0647	4	213	716	8	2012.761905
fragments	-0.0917	-0.2564	1	231	632	8	2010.917127
framework	-0.0624	-0.3836	3	412	1402	15	2013.208431
frequency	0.2338	-0.1871	2	436	1578	18	2011.174374
freshwater	-0.2308	-0.8384	3	360	1288	14	2011.825688
front	-1.1127	-0.2002	1	557	3556	35	2009.508357
frontal	-1.1358	-0.1504	1	188	636	8	2007.215569
frontal zone	-1.1474	-0.1623	1	209	670	8	2006.685897
fuel	-0.0241	-0.3579	3	324	1084	10	2012.496479
function	0.2499	0.2595	4	693	3898	42	2010.972155
functional groups	-0.1546	0.0872	3	312	950	10	2013.383178
future	0.1816	0.0057	3	905	7130	73	2013.712684
future climate	0.0717	-0.2249	3	574	2604	25	2013.848387
future ocean	0.7861	0.1965	2	758	5744	57	2014.133333
future research	0.3463	-0.2245	3	368	1306	13	2012.992857
future studies	0.009	-0.3756	2	241	642	7	2014.320388
gadus	1.5524	0.0368	2	255	1120	11	2012.576271
gadus morhua	1.5531	0.0382	2	255	1120	11	2008.875
gap	0.15	-0.1413	3	560	2280	21	2012.915572
gas	-0.0491	0.3267	4	577	2270	21	2012.319686
gas exchange	-0.402	0.5025	4	374	1156	9	2011.252632
gasterosteus aculeatus	1.2036	-0.2295	2	151	636	8	2014.777778
gastropoda	0.0262	-0.2414	1	199	552	8	2011.35
gastropods	0.1726	-0.5198	1	371	1406	16	2012.41791
gene	0.7301	0.1101	2	654	4080	50	2014.058192
gene expression	0.9737	-0.0833	2	474	2382	28	2015.788462
genera	-0.5007	-0.6583	1	246	962	17	2012.72679
generation	0.4767	-9e-04	2	553	2686	32	2012.050847
genetic	0.0345	-0.3298	1	237	682	10	2010.444444
genetic diversity	-0.058	-0.167	1	248	770	10	2011.011494
genome	0.5113	0.4078	2	229	718	10	2015.25641
genotypes	0.7594	-0.0356	2	172	522	7	2011.280702
genus	-0.4831	-0.4161	1	409	1644	26	2012.443439
gephyrocapsa oceanica	-1.1427	-0.0807	1	326	1382	16	2007.666667
gill	1.4054	0.0996	2	303	1526	16	2012.475
global	0.1507	-0.0162	3	390	1272	13	2012.401509
global carbon cycle	-0.5864	0.2028	3	328	1118	11	2014.357616
global change	0.6352	-0.2172	3	415	1562	16	2010.717949
global climate	0.396	0.0908	3	437	1664	17	2012.960148
global distribution	0.1223	-0.5505	3	249	674	7	2012.866667
global ocean	-0.075	-0.3913	3	506	2220	24	2012.454839
global warming	0.8109	0.213	2	301	986	9	2012.884793
gradient	-0.2508	0.1091	1	811	5532	57	2011.354256
grazers	-0.0605	0.1327	4	236	710	8	2013.675
grazing	-0.1996	0.4654	4	336	1236	14	2012.554404
greenhouse	-0.1987	0.1667	3	331	1258	12	2012.619866
greenland	-0.5987	-0.4694	1	590	3092	36	2011.434214
greenland ice	-0.64	-0.688	1	216	618	7	2013.011636
greenland sea	-0.8943	-0.3478	1	243	772	8	2005.833811
group	0.0351	-0.1684	1	757	4544	50	2011.722362
growth	0.3145	0.3158	4	1142	20260	224	2011.406319
growth conditions	-0.1395	0.905	4	244	740	8	2011.75
growth increments	-0.6726	-0.7631	1	213	840	8	2012.576923
growth production	0.2504	0.9628	4	251	810	9	2009.740741
growth rate	0.2545	0.646	4	852	8112	91	2010.818356
growth response	1.0399	0.1723	2	223	748	9	2012.671053
habitat	0.1986	-0.499	3	848	6690	70	2012.561584
haemolymph	1.3219	0.0229	2	247	1010	10	2012.363636
hand	-0.0346	0.1413	1	366	1116	12	2010.96875
haptophyta	-0.2981	-0.1641	1	229	792	15	2008.5
haptophytes	-0.4479	0.5224	4	312	982	13	2013.092308
hatching	1.2986	-0.2018	2	330	1376	15	2010.631579
hco3-	0.253	1.0105	4	566	4082	42	2010.210526
health	0.4144	-0.4916	3	310	1086	13	2014.798851
heart	1.5591	-0.0417	2	193	720	7	2010.666667
heat	0.9326	-0.298	2	404	1574	17	2011.129975
heat shock	1.2328	-0.3318	2	201	642	7	2012.785714
hemisphere	-0.8853	-0.5496	1	371	1268	12	2010.968158
heterogeneity	0.4994	-0.3121	3	281	714	7	2014.002481
high abundance	-0.7015	0.4474	4	253	712	7	2012.462687
high co2	0.4983	0.3875	2	470	2048	24	2013.545455
high latitudes	-0.2537	-0.4034	1	867	6418	63	2011.932029
high light	-0.0134	0.9776	4	385	1748	19	2012.208333
high mg calcite	-0.4006	-0.8578	1	228	712	7	2013.625
high temperatures	0.7337	0.242	2	300	1036	11	2011.761364
high-latitude regions	-0.1658	-0.6803	3	303	944	8	2012.707317
high-resolution	-0.6367	-0.7046	1	507	2560	28	2012.264879
history	0.3264	-0.4308	2	599	3030	37	2011.001969
holocene	-1.0578	-0.3683	1	437	2188	23	2010.62959
holococcoliths	-0.7213	-0.6228	1	121	370	7	2008
homeostasis	1.0666	0.0295	2	282	992	10	2013.166667
horizon	-0.4667	-0.7339	3	368	1550	16	2012.354286
human activities	0.2019	-0.349	3	343	1262	15	2013.345725
humans	0.2959	-0.681	3	215	628	8	2012.412162
huxleyi blooms	-1.0619	0.1941	1	233	956	12	2010.5
hyas araneus	1.3853	-0.0348	2	196	756	8	2011.888889
hypercapnia	1.4305	-0.0221	2	469	3732	36	2010.305556
hypotheses	-0.1532	0.0231	3	366	1172	14	2011.496
hypothesis	0.3038	0.3051	4	537	2090	24	2011.082126
hypoxia	0.939	-0.0297	2	376	1524	16	2013.111111
ice	-0.4054	-0.4581	3	830	7164	74	2011.721291
ice algae	0.2613	0.9087	4	194	754	8	2013.987179
ice sheet	-0.5196	-0.676	3	296	1004	10	2012.194459
ice-cover	-0.3996	-0.5911	1	329	1068	9	2011.210019
identification	0.1941	-0.1528	2	338	1046	12	2011.944837
images	-0.7535	-0.3454	1	403	1394	15	2011.32506
impact	0.4633	-0.1102	2	1156	19856	212	2013.206627
implications	0.1171	0.1741	3	844	5508	60	2011.871583
in-situ	-0.082	0.4209	3	263	814	9	2013.712
incorporation	0.0568	-0.325	1	351	1234	15	2011.174419
increment	-0.3776	-0.7974	1	298	1132	12	2012.521008
incubation	0.2048	0.839	4	680	4434	45	2012.64375
index	-0.0503	-0.5865	3	303	1042	12	2011.380952
indian ocean	-1.0243	-0.2544	1	260	822	10	2010.03125
indices	-0.0705	-0.4396	1	686	3410	39	2012.102711
indirect effects	-0.0199	0.6185	4	345	1346	13	2012.544776
individual species	0.4701	-0.0603	3	182	522	7	2013.475
individuals	0.4292	-0.401	2	679	4176	49	2011.172646
infection	0.6795	0.2249	2	203	628	9	2011.615385
influence	-0.0694	0.2055	3	891	6912	72	2011.779275
information	-0.2378	-0.2917	1	780	4738	55	2011.767792
inhibition	0.7301	0.4503	2	263	798	9	2012.85
inorganic	-0.0735	1.1164	4	336	1456	16	2011.240741
inorganic c	-0.2183	1.2536	4	228	768	8	2010.666667
inorganic carbon	-0.3803	0.7812	4	901	10582	108	2012.45614
inorganic carbon production	-0.8096	0.709	4	207	684	7	2012.25
inorganic carbon uptake	-0.1113	1.2188	4	268	1136	11	2010.333333
inorganic nutrients	-0.6045	0.6535	4	361	1412	12	2011.982143
insight	-0.0297	-0.1206	3	322	1030	11	2012.936061
integrity	0.4332	-0.7187	2	250	712	9	2012.383562
intensity	-0.6663	0.2021	1	539	2396	26	2011.663823
interactions	0.5813	0.2437	2	858	7540	81	2011.626733
interpretation	-0.7654	-0.1077	1	395	1416	16	2010.411609
intracellular ph	1.3309	0.0769	2	275	1124	12	2009.5
invertebrates	0.8245	-0.3471	2	699	4568	51	2011.049793
ion	0.7816	0.0043	2	691	5442	54	2012.411616
ion concentrations	-0.2471	0.0505	3	333	1386	14	2011.255319
ion regulation	1.4843	0.0887	2	195	796	8	2012
ion transport	1.1662	0.1613	2	311	1114	11	2014.818182
ipcc	0.3456	-0.4949	3	470	1986	18	2011.552189
iron	-0.2689	0.779	4	296	934	9	2012.176678
irradiance	-0.514	0.5338	4	533	2492	25	2010.337793
island	-0.648	-0.4179	1	573	2856	30	2009.956692
isolate	0.2416	-0.0512	1	211	550	7	2011.588083
isotope	-0.691	0.2039	1	747	5662	59	2011.966793
isotope fractionation	-0.7246	0.6376	4	330	1584	18	2011.164179
isotope ratios	-0.7508	0.0397	1	259	864	9	2011.051724
isotopic composition	-0.6676	0.1009	1	430	2050	21	2011.032751
juvenile	1.1957	-0.1425	2	472	2612	28	2009.733918
key	-0.19	0.5875	4	341	1184	13	2013.075472
key species	-0.0123	0.1856	4	352	1232	13	2011.934783
kinetics	0.0641	0.8985	4	353	1346	15	2012.178808
knowledge	0.338	-0.1776	3	681	3562	35	2012.895394
knowledge gap	0.2451	-0.3358	3	303	1022	9	2015.416667
kongsfjorden	-0.2914	0.7857	4	293	1210	12	2014.727273
laboratory	0.2815	0.1499	3	745	4808	51	2010.526248
laboratory experiments	0.0432	0.1452	3	503	2138	21	2009.102804
laboratory studies	0.8262	-0.0347	2	257	726	7	2009.48
labrador	-0.7146	-0.7712	1	236	792	9	2008.853808
land	-0.0475	-0.6184	3	291	882	11	2012.42268
large	-0.301	0.2953	3	226	614	7	2011.479452
large-scale	-0.3971	0.0426	3	561	2412	23	2011.165527
larvae	1.1752	-0.3444	2	562	3934	44	2007.544262
larval development	1.1209	-0.4216	2	338	1408	17	2011.727273
larval growth	1.199	-0.4369	2	175	592	7	2010.380952
larval stages	1.3	-0.3499	2	266	1048	12	2009.636364
larval survival	1.2425	-0.3985	2	256	1028	11	2009
laser	-0.5148	-0.6102	1	163	616	7	2011.969194
late quaternary	-1.2277	-0.3863	1	211	772	8	2008.162162
laternula	0.671	-0.5612	2	215	662	8	2013.7
laternula elliptica	0.672	-0.5603	2	215	662	8	2013.7
latitude	0.0449	-0.5503	1	590	2890	28	2011.054819
layer	-0.4582	-0.2003	1	854	6124	71	2010.321275
lead	0.2737	0.1762	2	294	934	9	2010.716069
leakage	0.0992	0.8032	4	266	948	10	2013.211679
length	0.1871	-0.3855	1	687	3596	39	2010.5328
levels	0.5417	0.3459	2	1171	25112	258	2011.25209
life	0.6934	-0.4266	2	786	6346	72	2011.876747
life cycle	0.0811	0.1034	1	485	2074	26	2011.540698
life history	0.5167	-0.4977	2	502	2520	30	2011.362319
life stages	1.2101	-0.2999	2	497	2908	31	2012.336842
life-cycle stages	0.2733	0.7401	4	250	846	8	2011.909091
light	-0.1631	0.5198	4	788	5586	61	2011.753582
light availability	0.0049	0.764	4	238	734	8	2014.646154
light conditions	-0.3043	0.8683	4	280	908	9	2012.46
light intensity	-0.4353	0.7187	4	312	1036	10	2013.7
limacina	0.02	-0.4686	1	666	5208	62	2012.884058
limacina helicina	0.0635	-0.5188	1	598	4212	48	2013.622642
limacina helicina antarctica	0.2105	-0.5119	1	411	2022	22	2014.136364
limacina retroversa	-0.4339	-0.2058	1	283	1016	10	2012.727273
limit	0.7619	0.018	2	629	3256	33	2010.544865
limitations	0.316	0.6545	4	686	4092	44	2012.614846
line	0.481	0.1311	2	491	1848	20	2011.363128
lipids	0.3802	0.6192	4	328	1130	13	2011.738351
literature	0.0481	0.0337	3	531	2252	28	2011.726524
lithothamnion	-0.4502	-0.751	1	336	1376	13	2014.916667
lithothamnion glaciale	-0.4421	-0.8293	1	243	924	9	2014.666667
living	-0.7739	-0.2907	1	565	2924	31	2011.447853
living coccolithophore	-1.2344	-0.4168	1	211	772	8	2005
location	-0.469	-0.2649	1	502	1850	21	2010.881081
long-term	0.5826	-0.1353	2	859	7416	81	2012.366366
loss	0.2208	-0.2149	3	671	3350	40	2013.251087
low ph	0.6557	-0.0786	2	704	4384	47	2014.4
low temperatures	-0.3677	0.2771	1	360	1282	14	2011.076759
macroalgae	0.0743	0.0076	3	339	1118	11	2010.678571
macronutrients	-0.5977	0.4912	4	231	692	7	2013.808511
magnesium	-0.1947	-0.9079	1	223	796	11	2011.321429
magnitude	-0.0798	-0.1279	3	695	3452	38	2011.364091
maintenance	1.1363	0.0177	2	334	1212	14	2010.394191
males	1.3094	-0.2956	2	211	764	10	2006.916667
malformations	0.7308	-0.0235	2	204	580	8	2014.25
management	0.3255	-0.6155	3	403	1866	25	2013.088766
manipulation	-0.0343	0.5959	4	382	1450	16	2012.067568
mantle	0.779	-0.4126	2	222	726	10	2007.089202
map	-0.3425	-0.5525	3	229	624	7	2011.727201
margin	-0.6777	-0.6234	1	263	754	8	2010.972504
marine	0.379	-0.0059	3	1207	23678	256	2012.020366
marine animals	1.2941	-0.0278	2	306	1292	12	2013
marine biota	0.3403	0.2571	3	383	1426	13	2013.391304
marine carbon cycle	-0.549	0.5416	4	260	860	9	2014.5
marine carbonate system	-0.5542	0.426	3	220	694	7	2016.166667
marine communities	0.1228	0.331	3	289	1008	11	2014.2
marine ecosystems	0.4659	-0.1704	3	871	7448	76	2013.642259
marine environment	0.3659	0.2329	2	477	1738	18	2012.287625
marine fish	1.3129	-0.2153	2	263	994	10	2009.474359
marine food	-0.2592	0.9909	4	306	1320	12	2013.103448
marine food web	-0.2075	0.9956	4	289	1220	11	2013.207547
marine habitats	0.0859	-0.5901	3	231	714	8	2013.294118
marine invertebrates	0.9622	-0.3104	2	451	2206	26	2010.702128
marine life	0.7636	-0.4358	2	298	998	11	2012.891892
marine organisms	0.7319	-0.1558	2	850	6794	68	2013.71
marine phytoplankton	-0.2644	0.7917	4	415	1810	20	2012.025
marine sediments	-0.9262	-0.2628	1	303	922	10	2011.473418
marine species	0.8198	-0.24	2	488	2154	22	2012.688525
marine systems	0.1304	-0.4841	3	298	954	10	2014.228916
mass	-0.4219	0.2817	1	945	8718	90	2010.941993
mass spectrometry	-0.2221	0.9373	4	368	2154	23	2012.604502
matrix	0.4714	0.1117	2	358	1250	17	2011.695341
maximum	-0.8349	0.0246	1	615	3432	37	2010.287843
mcmurdo	0.5236	-0.5578	3	221	696	7	2012.070652
mcmurdo sound	0.5231	-0.5589	3	221	696	7	2009.431373
mean	-0.5973	0.0809	1	558	2712	27	2010.953636
measurements	-0.1208	0.2424	4	907	7326	80	2010.932763
mechanical properties	0.6388	-0.4887	2	186	614	7	2013.318182
mechanisms	0.4713	0.4809	4	996	10376	114	2011.610479
mediterranean	0.0032	-0.5275	1	505	2054	23	2009.594488
melting	-0.5143	-0.6589	3	233	750	8	2012.110283
meltwater	-0.9122	-0.471	1	255	742	7	2012.781925
membrane	0.191	0.9541	4	345	1496	17	2012.060241
membrane-inlet mass spectrometry	0.0467	1.3665	4	168	654	7	2012.428571
mesocosm	-0.25	0.7004	4	600	4904	50	2013.306667
mesocosm experiment	0.1258	0.7711	4	421	2232	23	2014.066667
mesozooplankton	-0.3642	0.5358	4	254	854	9	2009.5
meta-analysis	0.8194	0.0599	2	244	700	7	2016.029412
metabolic depression	1.5013	0.1164	2	248	1072	10	2009
metabolic rate	1.2272	-0.0056	2	573	3930	38	2013.033333
metabolic response	0.7422	-0.0159	2	245	788	8	2014.181818
metabolism	1.0358	0.1609	2	784	6672	66	2013.696486
metabolites	0.9516	0.4143	2	223	680	7	2014.232
metals	-0.2278	-0.2926	1	190	488	7	2012.223108
method	-0.0837	0.0049	1	667	3210	40	2012.144788
metrics	0.7335	-0.5241	3	279	930	11	2015.541833
mg	-0.5398	-0.6177	1	514	2400	28	2010.971279
mg/ca	-0.5822	-0.7654	1	362	1888	21	2014.928571
microalgae	0.2694	0.8893	4	316	1294	15	2011.67033
microbes	-0.2951	0.6406	4	220	780	8	2014.433213
microbial communities	-0.1256	0.845	4	344	1618	18	2014.731973
microcosm	-0.5128	0.6543	4	249	792	8	2013.482143
microscope	-0.8662	-0.4578	1	340	1206	13	2009.169811
microscopy	-0.1569	-0.428	1	459	1922	25	2012.438017
microstructure	0.2327	-0.5744	1	181	522	8	2010.798561
microzooplankton	-0.2607	0.7733	4	228	782	8	2011.483871
migration	-0.1756	-0.3622	1	234	672	7	2011.023474
mims	-0.1209	1.3593	4	173	636	7	2008.5
mineralization	0.0584	-0.4705	1	217	616	7	2012.943299
mineralogy	-0.0227	-0.7793	1	242	816	11	2011.014925
minerals	-0.1503	-0.3196	3	358	1278	13	2012.390313
minimum	-0.7561	0.0812	1	416	1476	15	2009.779051
mitigation	0.3338	-0.2734	3	286	946	10	2014.985849
mixing	-0.6221	-0.1276	1	402	1454	15	2009.902919
mode	0.001	0.3617	4	476	1860	23	2010.915266
model	-0.1106	0.0228	3	1071	12240	132	2011.651901
modeling	-0.3399	-0.0023	3	422	1502	17	2012.080047
mollusks	0.5712	-0.4648	2	658	4098	48	2011.988889
monitoring	-0.0156	-0.6511	3	386	1534	17	2012.828676
monsoon	-1.0946	-0.4464	1	229	864	10	2012.152749
morphology	-0.2592	-0.4745	1	632	3588	45	2011.797508
morphotypes	-1.1025	-0.1842	1	430	2156	22	2012.180328
mortality	0.9009	-0.2189	2	655	4322	45	2009.693662
mortality rates	0.6393	-0.5028	2	258	818	8	2006.432432
multiple stressors	0.5446	0.0349	3	460	1948	22	2016.25
mussels	1.0369	-0.2004	2	440	2326	28	2014.304348
mytilus	1.0781	-0.1754	2	397	2040	25	2014.21875
mytilus coruscus	1.1863	0.0202	2	118	476	7	2015.714286
n-2	0.0349	1.2491	4	251	1128	12	2010.577778
na+/k+-atpase	1.53	0.0786	2	220	1038	10	2012.8
nannoplankton	-1.1204	-0.241	1	222	702	8	2006.111111
natural	-0.0711	0.6117	4	257	706	9	2012.904762
natural phytoplankton	-0.1265	0.9704	4	295	1104	12	2013.666667
natural plankton	-0.4482	0.9433	4	355	1690	15	2013.6
natural variability	0.4383	-0.2879	2	302	924	10	2011.995781
nature	0.2007	0.2078	3	444	1552	16	2010.788145
negative effects	0.5992	0.3597	2	432	1738	19	2013.896552
negative impacts	0.7272	-0.2041	2	359	1262	13	2014.051948
net	-0.2323	0.3786	4	230	666	7	2010.964126
network	0.6352	0.2495	3	222	648	8	2012.964962
new species	-0.547	-0.5978	1	156	490	10	2011.213873
new zealand	-0.7841	-0.5882	1	264	802	11	2009.724138
niche	-0.5522	-0.0536	1	282	736	7	2014.209184
nitrate	-0.9031	0.3767	1	330	1148	12	2010.126471
nitrogen	-0.1062	1.0074	4	509	2868	32	2012.807923
nordic	-1.0665	0.0475	1	260	844	8	2010.496583
nordic seas	-1.1036	0.0848	1	238	744	7	2010.261658
north	-0.6365	-0.3271	1	896	7830	80	2010.374238
north atlantic	-0.8664	-0.2835	1	659	3966	40	2010.017846
north pacific	-0.3273	-0.7598	1	382	1668	19	2010.653333
north sea	0.3127	0.4289	2	270	914	9	2009.958333
northeast pacific	-0.0981	-0.6736	3	220	636	7	2009.106195
northern	-0.5826	-0.5618	1	525	2110	20	2011.106605
northern hemisphere	-0.8762	-0.5418	1	370	1258	12	2010.714878
norway	-0.0875	-0.1144	1	407	1474	15	2011.264414
norwegian	-0.8887	-0.0227	1	460	2212	25	2008.200426
norwegian sea	-0.5695	-0.2335	1	246	680	9	2007.47191
nutrient addition	-0.5676	1.0285	4	263	1158	10	2013.37931
nutrient availability	-1.0285	0.0613	1	293	1060	10	2013.783582
nutrient concentrations	-1.0141	0.1672	1	321	1090	11	2011.871795
nutrient limitation	-0.366	1.1058	4	233	830	9	2014.20339
nutrients	-0.6251	0.584	4	782	6568	64	2011.870968
o-18	-0.7259	-0.5798	1	322	1240	12	2011.806034
o-2	0.3854	0.9119	4	451	2320	24	2010.632353
observations	-0.4085	-0.2297	3	924	8084	82	2011.448164
occurrence	-0.7352	-0.122	1	597	2842	33	2011.803551
ocean	0.0761	0.0653	3	1242	40112	432	2010.965167
ocean acidification	0.5073	0.093	2	1211	38248	415	2014.72093
ocean chemistry	0.3898	-0.3154	3	444	1778	17	2013.939394
ocean climate	0.1557	-0.4261	3	342	1066	10	2011.955932
ocean co2	-0.0161	0.6091	4	439	1656	16	2013.9125
ocean color	-1.0529	-0.0644	1	213	682	7	2012.620438
ocean ecosystems	-0.2909	-0.2426	3	414	1498	13	2013.328571
ocean surface	-0.3188	0.1938	3	809	5816	56	2011.97351
ocean temperature	-0.003	-0.2675	3	311	978	11	2012.187952
ocean warming	1.0375	-0.2284	2	508	2594	28	2013.496894
ocean waters	-0.2912	-0.0028	3	399	1338	13	2011.075758
odp	-1.158	-0.4492	1	180	604	7	2008.512821
offset	-0.3805	0.8321	4	231	778	10	2010.854749
offspring	1.2574	-0.2671	2	203	774	10	2013.933333
omega	-0.2255	-0.6294	3	542	2978	31	2010.990099
onset	-0.3253	-0.3197	1	538	2250	23	2011.400894
open ocean	-0.4111	0.1071	3	433	1532	15	2011.015873
operation	0.2518	0.8906	4	273	836	9	2012.715909
optimum	0.0181	-0.221	1	262	772	9	2011.211009
order	-0.0276	-0.1716	1	890	6136	67	2010.598046
organic	-0.4476	0.6032	4	252	738	8	2013.072464
organic carbon	-0.5056	0.8511	4	751	6436	62	2012.96863
organic carbon production	-0.5348	1.1981	4	195	680	7	2014.133333
organic matter	-0.5155	0.6289	4	660	4302	40	2012.485771
organic phosphorus	-0.499	0.9946	4	218	732	8	2012.222222
organisms	0.4399	-0.2237	2	1126	16172	168	2012.67134
origin	-0.1062	0.0104	1	495	1958	25	2010.187679
oscillation	-0.6863	-0.4508	1	365	1374	14	2010.801829
outcomes	0.4891	-0.3315	2	289	848	11	2014.259036
oxidative stress	1.101	0.1459	2	192	616	7	2013.083333
oxygen	0.5306	0.2296	2	932	8534	88	2009.83871
oxygen consumption	1.164	0.0748	2	531	3174	32	2010.338028
oxygen consumption rate	0.9849	0.002	2	336	1254	12	2010.045455
oxygen isotopes	-0.9582	-0.2985	1	398	1578	14	2009.387435
oyster	1.1325	-0.2627	2	324	1412	16	2011.592593
pa	0.1061	1.1837	4	248	886	9	2007.628319
pacific	-0.5873	-0.5263	1	747	5288	58	2010.950879
pacific ocean	-0.528	-0.5834	1	386	1378	16	2010.089431
paleoceanography	-1.1821	-0.3816	1	227	772	8	2010.041667
panel	0.05	-0.7183	3	265	892	8	2011.552419
papposphaera	-0.7478	-0.6115	1	125	402	7	2011.571429
par	-0.5194	-0.1318	1	226	604	7	2013.039216
parameters	0.0354	0.3279	4	956	7958	83	2010.962104
part	-0.5923	0.1067	1	719	4154	48	2010.410034
partial pressure	0.6403	0.581	2	678	4256	40	2013.333333
particles	-0.6076	0.6837	4	529	2690	26	2011.108822
particulate	-0.6233	0.8216	4	695	5456	51	2012
particulate carbon	-0.7297	0.7852	4	536	3164	30	2012.166667
particulate inorganic carbon	-0.9418	0.5864	4	476	3032	30	2012.83871
particulate matter	-0.4913	0.954	4	316	1254	10	2012.141264
particulate organic	-0.5376	0.9573	4	638	4676	44	2012.208791
particulate organic carbon	-0.593	0.9137	4	582	3826	37	2012.516854
partitioning	-0.339	0.7092	4	273	962	9	2012.216749
past	-0.3044	-0.33	3	351	1134	11	2012.316703
pathways	0.4365	0.2091	2	703	3874	40	2013.213274
patterns	-0.046	-0.1406	1	1076	10020	111	2011.236066
pco2	1.2893	0.0498	2	511	3070	30	2013.051282
pcr	0.6786	-0.0693	2	216	626	7	2012.768293
pelagic	-0.3425	0.3233	4	591	2884	29	2011.982143
pelagic ecosystem	-0.3445	0.5102	4	374	1350	12	2011.277778
pellets	-0.5252	-0.1352	1	254	770	10	2007.176471
peninsula	-0.068	-0.0145	3	502	2218	22	2011.596904
performance	1.1938	-0.0296	2	584	3448	36	2013.489921
period	-0.2528	0.057	1	954	7722	84	2011.210316
persistence	0.4512	-0.544	2	233	634	8	2012.073254
perspective	0.0072	-0.3035	3	282	730	8	2012.901235
perturbation experiments	0.6277	0.1413	2	295	1074	11	2011.931818
perturbations	0.4315	0.2005	2	459	2008	20	2010.583086
ph	0.5937	-0.0066	2	1156	23586	253	2013.361345
phaeocystis	-0.072	1.1393	4	271	1138	12	2013.745455
phaeocystis antarctica	0.0459	1.225	4	194	682	7	2014.7
phase	-0.3009	0.2367	1	646	3140	33	2011.300144
phenotypic	0.8698	-0.2276	2	293	1128	16	2013.529412
phenotypic plasticity	0.7132	-0.2339	2	320	1234	17	2013.916667
phosphate	-0.7643	0.5468	4	318	1156	12	2010.048128
phosphorus	-0.3391	0.9346	4	383	1640	19	2012.723926
photosynthesis	-0.0614	0.8949	4	710	5750	64	2012.442424
physiological responses	0.6357	0.3594	2	600	3056	33	2012.607843
physiology	0.7438	0.206	2	744	4888	53	2013.727273
phytoplankton	-0.4829	0.6825	4	1017	16538	172	2012.529026
phytoplankton biomass	-0.8827	0.5428	4	269	972	10	2013.33125
phytoplankton bloom	-0.7202	0.6379	4	477	2568	26	2012.516129
phytoplankton community	-0.5258	0.7763	4	578	3386	33	2014.607595
phytoplankton growth	-0.5933	0.7338	4	291	1032	11	2011.444444
phytoplankton species	-0.2171	0.9989	4	463	2460	26	2011.142857
pic	-0.8531	0.6851	4	456	2508	25	2011.40625
pigments	0.2067	0.6332	4	368	1294	14	2012.420814
place	0.1258	-0.2713	3	374	1128	13	2009.958042
plankton	-0.6423	0.438	4	811	7180	71	2010.853821
plankton communities	-0.4654	0.842	4	487	3102	29	2013.029412
plant	0.1941	0.3296	4	256	750	10	2012.538334
plasticity	0.8158	-0.0442	2	565	3002	36	2014.345794
poc	-0.5289	0.918	4	549	3386	32	2011.81457
polar	-0.6209	-0.326	1	781	5316	55	2011.082686
polar front	-1.0689	-0.1517	1	480	2622	26	2009.072327
polar oceans	0.2887	0.1286	4	396	1430	14	2011.867925
polar regions	-0.1475	-0.5007	1	438	1752	23	2011.606775
polar seas	0.1833	0.3876	4	261	796	9	2009.611111
polar waters	-0.5204	-0.5181	1	434	1842	22	2010.440367
poleward	-0.8558	-0.2637	1	309	1026	10	2010.827273
policy	0.4544	-0.7266	3	255	1090	15	2014.121693
pollution	0.0917	-0.7568	3	200	610	7	2012.161202
polymorphism	-0.0267	-0.2255	1	313	1010	12	2011.742574
pon	-0.4003	1.1465	4	246	900	9	2010.833333
pools	-0.2653	0.6116	4	271	794	7	2013.203252
pop	-0.4039	1.1733	4	211	816	8	2011.529412
population	0.4925	-0.2682	2	998	11182	123	2011.362024
population dynamics	0.7513	-0.4645	2	202	642	7	2011.758929
position	-1.1676	-0.192	1	223	646	7	2010.689373
potential	0.279	-0.2737	3	853	5914	62	2012.784435
potential impact	-0.1263	-0.3221	3	308	978	10	2012.009804
precipitation	-0.315	-0.0131	3	488	2290	25	2012.247478
precision	-0.6087	0.2144	4	226	604	7	2011.580524
predation	0.4163	-0.269	2	292	808	9	2008.722222
predators	0.5163	-0.3853	2	345	1268	14	2010.345515
prediction	0.2986	-0.3379	3	667	3468	37	2012.073267
preference	-0.6016	0.3362	1	358	1176	12	2012.214286
present	-0.1805	-0.6335	3	258	708	8	2011.176606
present day	0.1509	0.0585	2	679	3534	36	2011.295673
preservation	-0.3824	-0.5216	1	417	1364	16	2011.649533
pressure	0.5786	0.3492	2	883	7528	77	2010.477108
prey	0.3382	-0.1967	2	324	1074	12	2009.116992
primary	-0.8168	0.389	1	284	928	10	2011.961353
primary producers	0.2791	0.6558	4	322	1278	13	2014.795455
primary production	-0.3742	0.6559	4	748	5584	53	2012.113402
primary productivity	-0.4578	0.2264	4	510	2142	22	2013.138889
processes	0.1893	0.0901	3	1133	15456	161	2011.967406
production	-0.2633	0.5121	4	1133	18858	194	2011.637878
production rates	-0.2605	0.7506	4	616	3428	33	2011.385714
productivity	-0.6556	0.2448	1	874	7432	75	2012.484007
profiles	-0.2102	0.1325	1	340	1072	12	2010.526606
progress	0.2198	-0.5888	3	285	900	10	2012.411765
project	-0.4636	0.1816	3	354	1148	12	2012.453668
projection	0.1769	-0.5433	3	637	3570	34	2014.197635
properties	-0.3163	-0.2236	1	653	3258	36	2011.071907
proportion	0.2162	0.2188	4	397	1442	16	2011.055556
protection	0.3068	-0.4307	3	399	1372	16	2013.352941
protein	0.8685	0.1649	2	652	4106	48	2012.85274
proxy	-0.7098	-0.4159	1	649	4018	43	2013.127907
prymnesiophyceae	-0.6044	-0.4217	1	148	414	9	2005.529412
pteropods	0.0299	-0.474	1	746	6824	81	2012.267327
pump	-0.4545	0.7196	4	471	2188	21	2013.685393
quality	0.4654	0.0471	2	302	1018	13	2012.741898
quantum yield	0.3748	0.878	4	177	600	7	2013.382979
quaternary	-1.137	-0.4982	1	206	710	7	2010.108108
quotas	0.028	1.1422	4	231	776	8	2012.769231
radiation	-0.5225	-0.12	1	309	946	10	2011.331925
raman	0.2247	-0.4821	1	160	450	8	2010.903614
range	0.0957	0.0448	3	1122	13960	151	2011.410547
range shifts	0.2546	-0.6013	3	261	900	10	2014.26087
rates	0.3653	0.44	4	1157	21082	223	2011.494306
ratio	-0.4529	0.3905	4	940	9572	102	2010.925387
rcp	0.4348	-0.2803	3	394	1532	14	2016.081081
rcp8.5	0.0404	-0.6055	3	234	764	7	2016.429293
reaction	0.5861	0.4508	2	453	1688	20	2010.924119
reactive oxygen species	0.6129	0.5389	2	217	686	9	2014.212121
realm	-0.4352	-0.5154	1	200	556	8	2012.093023
recent	-0.1541	0.0689	3	559	2294	24	2011.804991
recognition	-0.308	-0.5332	1	178	424	7	2011.880342
reconstruction	-0.8483	-0.5818	1	486	2578	27	2012.728025
record	-0.8644	-0.5451	1	657	4686	51	2011.508365
recovery	0.6061	-0.3848	3	254	704	8	2012.7654
recruitment	1.0905	-0.4037	2	204	704	8	2009.700704
red algae	-0.4659	-0.7552	1	339	1270	14	2011.681818
red coralline algae	-0.5165	-0.8068	1	244	902	9	2015.6
reduction	0.4125	0.0966	2	866	6378	67	2012.202875
reef	-0.0794	-0.5257	3	415	1622	19	2010.637795
refugia	0.1209	-0.4839	3	218	618	7	2013.741935
regime	-0.3131	-0.1226	1	645	2990	31	2010.768478
region	-0.365	-0.4006	1	1117	15966	172	2011.608772
regression	-0.1195	-0.5691	1	249	692	7	2011.924945
regulation	0.9118	0.3963	2	737	5882	57	2011.631579
relationship	-0.3233	-0.0633	1	898	6378	69	2011.52721
relative abundance	-0.9225	0.0156	1	351	1316	13	2013.82
release	0.0698	0.636	4	414	1508	16	2012.712924
remote sensing	-1.1843	0.0893	1	215	778	9	2012.958159
repair	0.5262	-0.6317	2	214	680	8	2015.75
reproduction	1.0723	-0.3162	2	383	1544	17	2010.931818
requirements	0.4279	0.436	4	330	1018	11	2011.322368
res	-0.4515	-0.082	3	235	662	7	2010.48537
research	0.2861	-0.1987	3	860	6782	75	2012.25614
resilience	0.8876	-0.0776	2	590	3066	34	2014.867816
resistance	0.6348	0.0974	2	378	1228	14	2013.068966
resolution	-0.6444	-0.4351	1	511	2142	24	2011.918993
resources	0.5748	-0.1454	3	618	3178	33	2013.251701
respiration	0.8415	0.2695	2	656	3924	42	2013.448352
respiration rates	1.0392	-0.01	2	296	1062	12	2012.580247
response	0.4241	0.2504	2	1171	20176	212	2012.161066
retreat	-0.3188	-0.4861	3	374	1318	11	2012.69985
retroversa	-0.3845	-0.2037	1	332	1332	13	2013.214286
rhodolith	-0.4641	-0.6701	1	378	1756	18	2014.055556
rhodophyta	-0.4275	-0.7892	1	180	568	7	2010.3
richness	-0.4208	0.5607	4	270	850	9	2013.813953
risk	0.5508	-0.3684	3	595	2938	32	2014.229167
river	-0.6671	-0.5768	1	324	1094	12	2011.920886
rna-seq	1.0685	-0.2593	2	202	618	7	2016.9375
rocks	0.9438	-0.3763	2	219	716	9	2010.835085
role	0.0051	0.2294	4	1039	10708	117	2012.568357
ross	0.0208	0.1063	3	429	1684	17	2011.009202
ross sea	0.0491	0.075	3	471	1974	20	2010.810256
rubisco	0.0111	1.1519	4	327	1612	19	2013.868421
runoff	-0.554	-0.7447	1	268	844	9	2012.212743
saccostrea glomerata	1.278	-0.3088	2	163	560	7	2015.142857
salinity	-0.554	-0.3997	1	815	5986	61	2009.248247
salinity gradients	-0.498	-0.249	1	244	700	7	2009.568182
sample	-0.79	-0.2778	1	302	1034	11	2011.599617
sampling	-0.7666	-0.3234	1	458	1872	23	2012.100775
satellite	-1.0783	-0.0839	1	407	2006	22	2011.755822
satellite data	-1.069	-0.0079	1	191	620	7	2011.686028
saturation	-0.1535	-0.3374	3	901	9304	92	2011.875
saturation state	-0.3543	-0.6081	3	708	5856	57	2013.78022
scale	-0.0901	-0.3605	3	777	4562	51	2011.804989
scanning	-0.6743	-0.5198	1	294	970	9	2012.580808
scenarios	0.6269	-0.1756	2	973	10098	102	2012.882212
science	-0.9151	-0.2579	1	515	2738	32	2005.441336
scope	1.2558	-0.0809	2	287	1042	11	2012.8
scotia	-0.6679	-0.0727	1	281	920	9	2008.903448
scotia sea	-0.6455	-0.1986	1	247	784	8	2007.646341
sea	-0.2766	-0.1934	1	1201	27034	302	2010.929745
sea ice	-0.2817	-0.3661	3	779	6344	65	2012.341204
sea level	-0.1971	-0.5886	3	271	920	9	2011.153319
sea surface	-0.9406	-0.3544	1	712	5284	52	2011.29989
sea surface temperature	-0.908	-0.4379	1	674	4500	44	2011.542882
sea urchin	1.0198	-0.4235	2	396	2080	28	2012.805556
sea water	0.1433	0.1023	2	324	1054	11	2008.442735
seafloor	-1.0493	-0.4234	1	272	916	9	2012.700565
season	-0.6812	-0.219	1	740	4944	52	2012.178114
seasonal changes	-0.8887	-0.1015	1	274	936	9	2012.145349
seasonal cycle	-0.715	-0.3215	1	271	758	8	2011.135957
seasonal variation	-0.837	-0.3089	1	315	1032	10	2011.013917
seawater	0.4456	0.1972	2	1111	17386	186	2011.626116
seawater acidification	0.7669	0.3941	2	402	1628	18	2014.857143
seawater chemistry	0.2873	-0.5055	3	278	918	9	2012.3
seawater ph	0.694	0.1115	2	718	5116	54	2014.77193
seawater temperature	-0.0948	-0.411	1	421	1764	18	2012.206349
secretion	0.8209	-0.4499	2	187	542	7	2013.928571
sections	-0.0737	-0.5127	1	200	478	7	2007.846599
sediment cores	-1.1932	-0.3364	1	321	1282	13	2012.336207
sediment traps	-0.9812	-0.0745	1	477	2962	31	2009.653465
sedimentation	-1	0.1136	1	364	1488	16	2009.867797
sediments	-0.9181	-0.2137	1	782	7296	80	2011.206075
selection	0.7969	-0.1322	2	481	2136	24	2012.335938
sem	-0.4252	-0.4628	1	330	1120	15	2010.981481
sensitivity	0.5087	0.3326	2	913	8122	81	2012.152936
sensors	-0.2799	-0.3253	3	302	1058	11	2011.517949
sequence	0.1651	-0.2933	1	402	1600	26	2012.290017
sequestration	0.0588	0.4127	4	328	1104	12	2014.109827
series	-0.4367	-0.487	1	661	3860	41	2010.601012
service	0.2986	-0.3727	3	450	2016	21	2013.140288
settlement	0.5861	-0.5624	2	234	662	7	2011.937107
settling	-0.9392	0.3237	1	232	754	8	2009.682927
shallow water	-0.187	-0.6795	1	329	1110	13	2010.653846
shape	0.3601	-0.2419	2	284	804	11	2010.573529
shelf	-0.6952	-0.2004	1	794	5614	60	2010.587376
shelf seas	-0.1798	0.252	4	232	664	7	2011.734043
shelf waters	-0.3173	-0.4137	1	252	778	9	2009.09329
shell	0.4595	-0.4795	2	843	8784	104	2012.617486
shell dissolution	0.15	-0.6998	1	386	1614	18	2015.277778
shell formation	0.8757	-0.289	2	268	1016	12	2013.384615
shell growth	0.6293	-0.6344	2	304	1216	14	2013.684211
shelves	-0.5319	-0.4677	3	381	1526	14	2011.760377
shift	0.1295	0.2632	4	1028	9736	100	2012.333333
shock	1.2326	-0.3309	2	201	642	7	2011.131579
shore	0.2658	-0.3698	3	255	742	7	2010.122222
short-term	0.7062	0.2653	2	643	3376	36	2012.055432
signal	-0.706	-0.2955	1	457	1834	19	2011.038817
significance	-0.1442	-0.0675	1	422	1352	15	2011.019928
silica	-0.9187	0.4985	4	263	814	7	2009.009901
silicate	-0.9587	0.3587	1	266	858	9	2008.463158
similarity	-0.0346	-0.3561	1	263	850	12	2011.516971
simulations	-0.2321	-0.026	3	478	1920	20	2012.277903
sink	-0.1016	0.5032	4	361	1170	12	2013.060748
sinking	-0.722	0.2999	4	395	1446	11	2010.636364
sites	-0.5996	-0.1744	1	869	7042	80	2011.507274
size	0.3324	0.0684	2	917	7250	80	2010.965923
skeleton	-0.1064	-0.8094	1	572	3540	39	2012.794118
slope	-0.7977	-0.1859	1	484	2050	21	2010.341082
society	0.184	-0.6789	3	218	746	9	2010.520354
solubility	-0.1993	-0.2266	1	334	1010	11	2011.1625
solution	0.3677	-0.0457	3	230	628	11	2010.22668
sound	0.3827	-0.6419	3	279	922	10	2009.438406
source	0.0181	0.4717	4	845	5574	60	2011.544715
south	-0.9741	-0.258	1	637	4008	41	2009.816077
southern	-0.644	-0.0704	1	815	6500	65	2011.247603
southern ocean	-0.5597	0.041	1	886	8216	83	2011.310743
sp nov.	-0.6318	-0.5826	1	77	310	7	2011.009804
space	0.1253	-0.2649	1	425	1392	18	2011.281958
spatial scales	-0.291	-0.3319	3	265	726	7	2012.42723
species	0.0454	-0.0983	1	1245	36304	418	2011.629341
species composition	-1.0062	0.2768	1	454	2252	23	2011.337662
species distribution	0.0394	-0.6807	3	348	1226	14	2013.282486
species interactions	0.8896	0.2287	2	270	902	8	2013.433962
species responses	0.7824	-0.1018	2	234	700	7	2014.096154
specimens	-0.2902	-0.7192	1	615	3724	42	2012.251232
spectrometry	-0.2423	0.9226	4	363	2082	22	2012.332298
spectroscopy	0.7469	-0.2552	2	265	846	9	2012.548387
spider	1.3852	-0.0369	2	196	756	8	2012.382353
spitsbergen	-0.0517	-0.0132	1	358	1160	11	2012.274752
spring	-0.516	0.1706	1	677	4048	42	2011.445356
spring bloom	-0.7659	0.3046	4	288	896	9	2011.73913
sr	-0.5417	-0.3191	1	186	562	8	2011.925676
sr/ca	-0.9191	-0.3382	1	225	816	10	2012.333333
stability	-0.1734	-0.2173	3	394	1218	12	2011.601934
stable carbon	-0.517	0.4687	4	287	860	7	2011.428571
stable isotopes	-0.4865	0.2386	1	334	1074	10	2012.393939
stage	0.6594	-0.2201	2	978	9834	110	2011.432692
standard	0.8533	0.4454	2	252	718	7	2011.405751
state	-0.2153	-0.4386	3	819	6582	67	2012.176355
stations	-1	-0.1156	1	463	2116	23	2010.728667
status	0.8671	0.1346	2	607	3016	29	2011.737569
sterechinus	1.1149	-0.5006	2	253	1118	14	2014.142857
sterechinus neumayeri	1.1308	-0.4754	2	217	868	11	2014.454545
stock	-0.3344	0.041	1	590	2904	29	2011.522491
stoichiometry	-0.2843	0.977	4	363	1552	15	2013.463415
storage	0.1347	0.2411	3	354	1120	13	2013.435429
storm	-0.4598	-0.5793	1	229	612	7	2010.368357
strain	-0.1396	0.6577	4	564	3386	41	2011.527632
strait	-0.6913	-0.2055	1	342	1160	13	2008.864542
strategies	0.5683	0.1876	2	539	2260	25	2013.49449
stratification	-0.7672	-0.0668	1	507	2268	22	2010.765734
strength	-0.509	-0.0859	1	505	2208	22	2011.147674
stress	0.9454	0.1554	2	679	4598	51	2010.771906
stress response	1.2566	0.0695	2	231	752	7	2013.833333
stressors	0.8292	-0.3035	2	700	4816	53	2015.157895
structure	0.1027	0.0563	3	940	8638	101	2010.587788
sub-antarctic	-0.8246	-0.3821	1	311	1114	12	2008.713396
subantarctic	-1.1134	-0.3095	1	287	1280	14	2008.884746
subarctic	-0.6416	-0.6417	1	306	1080	12	2012.483254
substrate	-0.0015	0.444	4	403	1646	19	2012.694517
subsurface	-0.7243	-0.2381	1	426	1590	15	2011.621895
subtropical	-1.2462	-0.1673	1	339	1488	15	2009.910959
subtropical front	-1.2794	-0.2542	1	216	898	9	2007.5
succession	-0.7873	0.5791	4	387	1782	18	2012.128814
summer	-0.6373	0.0172	1	948	9334	97	2011.747886
supply	-0.0697	0.5539	4	547	2540	28	2011.339312
support	0.0941	-0.3421	3	530	1968	22	2012.160714
suppression	0.6418	-0.1887	3	269	814	7	2012.954545
surface	-0.6469	-0.0523	1	1151	21922	227	2011.274886
surface layer	-0.9274	0.0362	1	309	992	9	2009.563452
surface seawater	-0.4625	-0.1144	3	246	698	7	2012.511628
surface sediments	-1.2665	-0.2207	1	357	1858	19	2010.917355
surface temperature	-0.8554	-0.4157	1	703	4900	47	2011.552855
surface waters	-0.8015	-0.0164	1	909	9014	93	2010.917469
survey	-0.4691	0.1602	1	406	1334	14	2010.854962
survival	1.0642	-0.1581	2	715	5992	65	2011.249489
survival rates	1.2414	-0.1796	2	186	562	7	2008.853659
susceptibility	0.858	0.0525	2	322	1060	12	2013.078125
svalbard	-0.0632	0.1446	1	637	3672	40	2012.982836
swimming	1.0482	-0.3066	2	227	684	9	2009
synthesis	0.7161	0.1432	2	488	1952	20	2012.494924
syracosphaera pulchra	-1.0961	-0.2455	1	233	686	8	2003.875
system	-0.1691	0.0485	3	1062	11786	122	2012.244703
system models	-0.379	-0.4142	3	253	760	7	2015.409091
taxon	-0.7715	-0.4491	1	272	940	12	2012.46
taxonomic composition	-0.4719	0.7759	4	254	728	7	2013.044776
taxonomy	-0.4697	-0.5309	1	241	740	13	2011.779141
techniques	-0.1644	0.2489	1	536	2334	29	2010.995925
technology	0.4319	-0.1297	3	276	740	9	2013.19378
teleost	1.3818	-0.085	2	265	1030	9	2010.588235
teleost fish	1.3987	-0.1002	2	246	866	7	2012.8
temperate	0.1578	-0.5419	1	616	3026	33	2011.666667
temperature	0.0971	-0.1852	1	1216	26354	279	2011.477652
temperature changes	0.2454	-0.1799	3	338	1010	11	2012.055092
temperature effect	1.1111	0.0836	2	366	1458	17	2012.081633
temperature increase	1.1812	-0.1659	2	231	714	8	2011.880309
temperature variations	-0.4623	-0.6499	1	273	764	7	2010.665354
termination	-0.8413	-0.2338	1	273	848	9	2011.142857
terms	0.0911	-0.0469	3	909	6396	68	2011.105954
thalassiosira	0.5664	0.8298	4	186	538	7	2013.52381
thecosome	0.4584	-0.3334	2	217	724	8	2013.125
thecosome pteropods	-0.0021	-0.517	1	385	1664	17	2012.055556
theory	0.3618	-0.1448	3	174	434	7	2009.714706
thermal stress	1.2457	-0.1037	2	230	712	7	2010.484848
thermal tolerance	1.3825	-0.1174	2	373	2104	21	2014.08
thickness	0.1124	-0.5059	1	310	982	13	2010.814467
threat	0.5718	-0.419	2	544	2720	29	2013.121076
threshold	0.8457	-0.0746	2	442	1774	18	2012.8
time	-0.0296	-0.2544	1	1104	13080	146	2011.191579
time scales	-0.3796	-0.3679	1	290	902	10	2011.351464
time-series analysis	-0.6122	-0.5019	1	622	4026	42	2010.95228
timescales	0.164	-0.2716	3	473	1778	20	2011.525048
timing	-0.2854	-0.2789	3	352	1130	13	2012.348348
tissue	1.0657	-0.1196	2	543	3066	34	2011.777778
tolerance	1.0317	0.049	2	696	5098	54	2013.120192
tools	0.2505	-0.2905	3	247	678	8	2013.795322
total alkalinity	-0.3524	-0.0389	3	360	1298	12	2013.525
trace	-0.206	-0.3544	1	219	638	9	2011.307692
trade-off	0.7069	-0.0592	3	327	1082	12	2013.210526
traits	1.1395	-0.129	2	369	1670	18	2014.46
trajectories	0.3587	-0.3785	3	352	1206	12	2011.384117
transcriptome	0.771	0.0178	2	377	1616	20	2015.166667
transect	-1.0823	-0.3468	1	437	2180	21	2011.199708
transfer	-0.3118	0.6093	4	556	2776	26	2010.678679
transgenerational plasticity	1.0739	-0.272	2	164	628	9	2016.666667
transition	-0.058	-0.3263	1	516	1822	20	2011.648928
transport	0.3652	0.4478	4	674	3698	40	2010.537155
traps	-0.9346	-0.0728	1	505	3102	33	2009.907104
treatment	0.5657	0.4671	2	958	11312	123	2012.769355
trends	-0.2998	0.1101	1	933	7536	73	2012.269204
trichodesmium	0.0363	1.2391	4	262	1124	12	2012.8
trophic interactions	-0.5693	0.572	4	247	790	7	2013.454545
trophic levels	0.0084	0.6334	4	498	2670	25	2012.898374
tropical	-0.0636	-0.6072	3	254	714	8	2011.862319
tropics	0.2472	-0.569	3	261	760	8	2010.699313
turnover	0.5017	0.3966	2	361	1128	13	2013.246637
types	-0.1844	-0.2474	1	514	1944	23	2011.720352
uncertainty	-0.1131	-0.0691	3	522	2292	24	2013.221957
upper ocean	-0.5407	-0.5248	3	358	1234	11	2010.440079
uptake	-0.1856	0.7276	4	897	9500	96	2012.895082
upwelling	-0.6947	-0.2597	1	474	2030	21	2010.661939
urchins	0.9951	-0.5004	2	274	1098	15	2013.571429
utilization	-0.226	0.887	4	292	970	10	2011.783251
values	-0.0751	0.0622	1	1059	11774	127	2010.746562
variability	-0.3294	-0.2022	1	1100	14326	150	2011.545737
variance	0.3049	-0.3194	2	281	950	13	2010.046067
variations	-0.2787	-0.0877	1	1032	9984	109	2010.901917
velocity	-0.0779	-0.2125	3	278	830	11	2010.066944
vertical distribution	-0.6579	-0.5619	1	240	720	8	2010.595331
viability	0.673	-0.4596	2	228	630	7	2012.44
volume	0.1456	0.6198	4	501	2206	22	2010.936662
vulnerability	0.8567	-0.3257	2	502	2354	27	2013.925926
warming	0.7801	-0.1665	2	909	8412	91	2012.978577
water	-0.4635	-0.0844	1	1221	30624	331	2010.775054
water column	-0.8134	0.1084	1	699	4178	41	2010.123234
water depth	-1.1096	-0.3172	1	351	1460	14	2011
water masses	-1.057	-0.2131	1	531	3034	30	2009.047927
water samples	-1.2521	-0.2251	1	197	682	8	2012.208738
water surface	-0.9607	-0.2187	1	281	864	9	2010.707692
water temperature	-0.3961	0.3257	1	288	836	9	2010.526448
web	-0.1835	0.5443	4	616	3748	34	2013.376068
weddell	-0.7914	-0.3444	1	253	748	9	2008.661238
weddell sea	-0.7542	-0.2847	1	256	742	10	2008.40797
weight	0.1438	0.2184	2	459	1754	19	2010.632353
west greenland	-0.487	-0.4423	1	166	484	8	2011.434211
western antarctic	0.0747	0.6026	4	218	716	7	2015.135593
western antarctic peninsula	0.0727	0.6023	4	218	716	7	2015.175439
window	1.3258	-0.0284	2	255	924	9	2011.107914
winter	-0.5367	-0.1976	1	666	3716	38	2011.016141
work	0.1604	-0.3324	2	580	2442	29	2012.585814
world	0.144	-0.2751	3	723	4302	44	2011.293273
world ocean	0.1282	-0.3141	3	472	2020	20	2007.82598
yield	0.2225	0.4148	4	253	840	10	2011.766667
zone	-0.627	-0.3436	1	863	6810	75	2010.917256
zooplankton	-0.0268	-0.0395	1	606	3668	38	2009.773438
