id	x	y	cluster	weight<Links>	weight<Total link strength>	weight<Keyword count>	score<Avg year>
16s rrna gene	-0.4336	-0.1411	3	248	804	9	2014.413989
absorption	-0.7924	0.8503	4	118	290	3	2011.930081
abundance	-0.2019	-0.7367	3	241	918	12	2012.159769
acceptor	0.5294	0.4716	1	58	116	2	2012.64
access	0.3779	-0.4064	1	83	186	2	2013.769679
accumulation	0.1544	-0.1358	3	155	344	5	2011.1675
acetaminophen	0.4062	-0.1419	1	84	176	2	2017.5
acetic acid	0.9409	0.1891	1	86	184	2	2010.5
acids	-0.672	0.0919	2	198	496	6	2009.964637
acinetobacter	-1.0691	-0.4264	2	191	684	10	2013.0625
acinetobacter lwoffii	-1.2504	-0.5173	2	68	184	3	2016.666667
acquisition	-0.4212	-0.2733	2	152	378	5	2012.112069
actinobacteria	-0.9323	-0.306	2	96	214	2	2015.243094
action	-0.301	0.2771	4	67	146	2	2009.595808
active bacteria	-1.1256	0.1287	2	91	204	2	2015.083333
activity	-0.2331	0.1953	4	607	2618	34	2011.741747
acute	0.6088	0.0315	1	71	156	2	2013.705882
adaptation	-0.672	0.0389	2	161	484	5	2013.458029
addition	-0.1993	0.2499	2	435	1400	18	2012.072879
adelie	-0.7973	-0.922	3	30	76	2	2010.903226
adelie penguin	-0.7967	-0.9225	3	30	76	2	2012.611111
adhesion	-0.6649	0.3297	2	55	116	2	2011.277778
adsorption	0.713	0.1495	1	79	170	3	2009.962264
age	-0.494	-0.2529	2	46	92	2	2010.368729
agreement	1.0335	0.489	1	86	204	2	2010.554303
agriculture	0.292	-0.1908	1	150	354	4	2013.323232
alaska	-0.8911	-0.0683	2	34	68	2	2010.597746
algae	0.1063	0.6352	4	96	222	5	2012.039501
alternative	-0.709	0.9122	4	76	202	2	2011.356436
ambient temperature	1.0168	-0.0771	1	159	432	4	2012.706667
america	0.2753	-0.2966	3	99	218	3	2011.440252
amino acids	-0.6374	0.0046	2	224	602	8	2012.884393
ammonia	1.263	0.0715	1	99	206	2	2012.816092
ammonium	0.6554	0.1074	1	46	94	2	2011.212264
amplification	-0.0743	-0.3764	2	99	220	3	2013.330357
anaerobic	0.5649	0.4217	1	83	194	3	2012.16
anaerobic digestion	0.5472	0.2171	1	100	220	3	2012.5
analgesics	0.7566	-0.4109	1	61	136	2	2009.666667
analysis	-0.4053	0.0075	2	750	4818	61	2011.656462
ancient	-0.7478	-0.5629	2	138	416	7	2012.618557
ancient permafrost	-0.9327	-0.5635	2	57	128	2	2014
animals	-0.1728	-0.6455	3	145	394	7	2012.281022
anova	0.6175	-0.4742	1	80	172	2	2010.875
antarctic	-0.4396	0.0805	4	627	3524	46	2010.797819
antarctic bacteria	-0.7304	0.7839	4	217	764	9	2013.736842
antarctic bacterium	-1.1157	0.2026	2	61	142	2	2013.961538
antarctic environments	0.2203	-0.2456	1	130	304	3	2011.771084
antarctic lakes	-0.5596	0.8041	4	62	138	2	2011.024096
antarctic peninsula	0.0387	-0.3999	1	138	336	4	2011.82716
antarctic peninsula region	0.5656	-0.3879	1	72	182	2	2011.944444
antarctic pseudomonas	-0.9937	0.5606	4	152	420	5	2014.277778
antarctic research	0.7009	-0.5126	1	120	276	3	2011.169643
antarctic research stations	0.7269	-0.5475	1	84	182	2	2012.4
antarctic soil	-0.404	-0.6232	3	185	598	7	2012.495868
antarctic strain	-0.9604	0.6313	4	83	174	2	2014.363636
antarctica	-0.3227	0.0244	4	603	3008	40	2011.220175
antarctica peninsula	-0.5069	-0.812	3	62	146	2	2013.348837
anthropogenic activities	-0.0191	-0.8363	3	89	230	3	2014.47619
anthropogenic impact	-0.3478	-0.3902	3	88	190	2	2013.372093
anthropogenic pollution	0.0438	-0.5057	3	89	192	2	2012.536585
antibacterial	-0.739	0.7106	4	100	246	3	2013.2
antibacterial activity	-0.2968	0.5681	4	172	428	5	2015.076923
antibiotic resistance	-0.251	-0.5715	3	517	2908	40	2015.468085
antibiotic resistance genes	-0.0841	-0.6103	3	433	2072	26	2016.25
antibiotic resistant bacteria	0.222	-0.5359	3	267	848	9	2016.3
antibiotic susceptibility	-0.3741	-0.6987	3	121	318	4	2010.5
antibiotics	-0.1817	-0.4954	3	536	2766	35	2014.666667
antimicrobial	-0.7957	0.1919	4	92	224	3	2015.692308
antimicrobial activity	-0.6353	0.6838	4	66	146	2	2015.842105
antimicrobial resistance	-0.0163	-0.6879	3	204	580	7	2014.875
application	-0.3285	0.4947	4	321	982	12	2012.361823
approach	0.1633	0.3176	4	328	998	13	2013.011682
aquatic environments	0.7029	-0.1911	1	258	802	9	2012.515152
aquatic organisms	0.6807	-0.0555	1	149	362	4	2015.153846
ar	0.0692	-0.3684	3	61	126	2	2013.013333
archipelago	-0.549	-0.5453	2	72	164	2	2011.082609
arctic	0.3149	-0.046	1	636	3532	44	2012.189504
arctic antarctic	-0.7167	-0.5435	2	146	384	4	2012.938182
arctic bacterium	-0.7769	0.5169	2	88	188	2	2014.833333
arctic communities	1.2172	0.0425	1	199	692	7	2015.3125
arctic conditions	1.0699	0.3925	1	92	208	2	2011.352113
arctic ecosystems	1.0973	-0.1538	1	99	224	2	2014.429967
arctic environments	0.4392	-0.4224	1	187	466	5	2012.708108
arctic permafrost	-0.8095	-0.5277	2	50	112	2	2014.890173
arctic regions	0.5932	-0.1154	1	179	482	6	2013.278834
arctic soils	-0.1994	-0.175	3	145	390	5	2013.785276
arctic summer	1.2492	-0.1952	1	92	208	2	2013.466368
arctic tundra	0.8819	-0.2288	1	134	398	4	2013.816872
area	0.3281	-0.2501	1	377	1230	17	2011.37466
arg	0.3143	-0.623	3	237	790	9	2017.166667
arsenic	-0.7137	0.1103	2	109	246	3	2015
arthrobacter	-0.991	0.0339	2	116	282	4	2012.533333
assembly	-0.4033	-0.1955	2	124	286	3	2013.708333
assessment	0.6674	-0.1243	1	353	1198	14	2013.024899
association	-0.6105	-0.4592	2	48	104	2	2011.081886
astrovirus	0.9017	-0.1244	1	63	152	2	2015.5
atomic force microscopy	-0.9223	0.8547	4	67	164	2	2014.428571
attention	0.0632	-0.1818	1	246	628	8	2012.917808
australia	-0.199	-0.6367	3	66	152	2	2010.617438
availability	0.9719	0.4046	1	92	190	2	2012.908905
bacilli	-0.6205	-0.515	2	83	184	2	2017
bacillus	-0.771	0.4275	4	153	444	6	2011.966667
bacteria	-0.4607	-0.1062	3	736	4966	68	2012.900394
bacterial	-0.5658	0.0449	3	253	756	8	2014.217252
bacterial cells	-0.6283	0.7111	4	100	222	3	2013.75
bacterial isolates	-0.9043	0.4024	4	142	366	5	2012.37931
bacterial pigments	-0.5116	0.9657	4	44	114	2	2017.5
bacterial resistance	-0.1488	-0.625	3	153	412	4	2018.75
bacterial species	-0.5645	0.079	2	179	462	6	2010.277778
bacterial strains	-1.0364	-0.1412	2	149	452	7	2011.666667
bacteriophages	0.1587	-0.2983	3	56	112	2	2013.75
bacterium	-0.584	0.1648	2	344	1190	17	2013.137405
balance	0.7407	0.2273	1	58	124	2	2011.539286
barrier	0.0673	-0.2273	2	81	166	2	2010.248366
baseline	0.4294	-0.651	3	137	328	3	2012.74934
bay	0.5114	-0.0868	1	187	440	5	2010.11814
bayesian	0.0928	0.0022	1	95	192	2	2013.796296
belonging	-1.0551	-0.0276	2	67	136	2	2014.117647
benefits	-0.6984	0.1251	2	130	300	4	2014.038732
benthic cyanobacteria	0.2167	0.7339	4	46	102	2	2014.555556
beta	-0.096	-0.6723	3	41	92	2	2009.417219
beta-lactamase	-0.0454	-0.6398	3	86	214	4	2014.4
beta-lactams	-0.6329	-0.5127	2	57	134	2	2016.5
bioaccumulation	0.6323	-0.2316	1	87	188	2	2015.2
biochemical	-0.5849	0.5574	4	87	184	2	2009.133333
biochemical oxygen demand	1.1346	0.4196	1	142	452	5	2016.333333
biodegradation	0.8323	0.2379	1	112	262	4	2014.342466
biofilm	-0.6818	0.2716	2	135	324	4	2014.671642
biofilm formation	-0.6824	0.2704	2	135	324	4	2015.684211
biological	-0.2285	0.8817	4	69	144	2	2012.548387
biological treatment	1.141	0.4988	1	71	186	2	2017.5
biology	-0.4759	-0.2335	2	94	200	2	2011.284153
biomass	0.9336	0.3156	1	64	130	2	2012.021332
bioremediation	-0.7878	0.6057	4	151	408	4	2014.269231
biosynthesis	-0.7189	0.7994	4	214	792	9	2012.25
biota	0.9491	-0.2526	1	114	276	3	2010.887755
biotechnological potential	-0.8705	0.2001	2	88	202	2	2015.555556
biotechnology	-0.8584	0.2524	2	76	166	2	2014.676471
birds	-0.2387	-0.665	3	110	290	5	2010.570776
border	0.1035	-0.4114	3	73	148	2	2011.672897
boundary	-0.9882	0.2169	2	88	196	2	2008.420868
bp	-1.019	-0.2298	2	227	932	14	2012.006369
burden	0.6052	-0.3251	1	147	368	4	2012.329412
by product	0.0613	0.1675	2	88	180	2	2012.416667
cadmium	-0.8543	0.6497	4	131	360	4	2013.923077
caffeine	0.757	-0.4102	1	61	136	2	2010.5
cambridge bay	1.166	0.0021	1	81	184	2	2017.333333
canada	0.9446	-0.2743	1	256	908	10	2011.058788
canadian	0.7278	-0.4087	1	190	608	7	2010.480463
canadian arctic	0.7281	-0.4101	1	190	608	7	2012.163636
capacity	-0.2968	0.3602	4	206	492	6	2013.094099
capital	1.0667	0.2283	1	80	166	2	2010.8125
carbamazepine	1.2146	-0.1889	1	63	140	2	2008.666667
carbohydrates	-0.5891	0.2651	2	107	230	3	2011.868852
carbon	0.4513	0.387	1	284	854	10	2013.107259
carboxylic acids	1.1492	-0.0133	1	72	158	2	2012.078947
care	0.8199	-0.2901	1	213	622	7	2011.679012
case	0.1663	-0.2451	1	193	534	8	2010.847835
case study	1.2833	-0.2486	1	73	170	2	2012.678179
catalysis	-0.8428	0.1595	2	61	128	2	2012.5
cave	-0.3925	-0.6031	3	49	116	2	2012.349206
cd	-0.5888	0.5206	4	143	378	4	2011.166667
cd2+	-0.7105	0.8029	4	83	202	2	2017
cds	-0.7544	0.8601	4	128	402	4	2013.833333
ceftriaxone	-0.591	-0.6063	3	74	168	2	2018.5
cell	-0.2875	0.5099	4	430	1602	22	2011.359784
chain	0.003	0.1143	3	185	486	6	2011.096866
challenges	0.2816	0.2888	1	203	484	6	2014.48237
chamber	0.4488	0.4599	4	68	138	2	2013.240506
changes	0.2422	0.412	1	388	1218	14	2012.206219
channel	0.109	0.146	4	80	172	3	2009.903036
characterisation	0.1929	-0.338	1	63	132	2	2012.422535
characteristics	-0.182	0.4858	4	249	704	10	2010.936545
characterization	-0.5145	0.0248	2	345	1176	15	2012.72969
chemical	0.4071	0.2551	1	264	744	10	2011.607029
chemical analysis	0.0356	-0.0152	2	65	138	2	2011.348837
chemical synthesis	-0.599	0.6142	4	60	138	2	2013.5
chemotherapy	-0.2995	-0.6416	3	67	150	2	2014.333333
china	0.6438	-0.4598	1	80	174	2	2013.948798
chloride	-0.1216	0.3983	4	48	100	2	2012.071429
chromate	-1.1146	-0.2122	2	69	150	2	2014.5
chromatography	0.5779	0.1893	1	137	312	4	2010.861702
chromium	-1.2748	-0.4534	2	53	124	2	2017.25
chromosome	-1.0972	-0.3097	2	138	398	6	2014.47619
cities	0.9211	-0.0593	1	116	276	4	2013.631579
class	-0.5931	-0.4115	3	223	726	9	2011.519757
climate	0.9789	0.0941	1	267	954	12	2012.847305
climate extremes	1.1326	0.4795	1	95	270	3	2014.132743
climatic conditions	1.2193	0.0034	1	140	336	3	2011.992424
clinic	-0.8587	-0.6164	2	56	116	2	2016
cloning	-1.0707	0.0932	2	63	136	2	2010.05
cluster	-0.4993	-0.382	3	146	350	4	2011.949896
coast	-0.9599	-0.2311	2	51	110	2	2010.134684
coastal	0.7786	-0.3847	1	132	316	4	2010.739865
coastal environments	1.0411	-0.3592	1	56	126	2	2012.679012
coastal seawater	0.8231	-0.4197	1	126	302	3	2014.916667
cod	0.918	0.1769	1	68	162	2	2010.866667
cold	0.0597	0.141	2	126	258	3	2011.824903
cold active	-1.1326	0.1205	2	142	418	4	2013.933333
cold climate	1.031	-0.2495	1	150	448	5	2010.489583
cold environments	-0.9255	0.3186	2	103	270	3	2013.16
cold-active	-1.1396	0.1124	2	92	214	2	2012.571429
coli	-0.2519	-0.1498	3	411	1494	21	2013.538462
coliforms	0.3896	-0.4693	3	138	326	4	2012.714286
collection	-0.3185	-0.4181	3	236	646	9	2011.129412
color	-0.7101	0.9113	4	76	202	2	2011.308458
column	1.0661	0.0998	1	70	146	2	2010.224159
community	0.6016	-0.0276	1	450	2062	25	2013.620087
comparative	-0.8514	-0.1987	2	262	826	10	2012.967391
comparative genomics	-0.8407	0.249	2	80	170	2	2017.428571
comparative studies	-0.3895	-0.7974	3	68	140	2	2013.055556
comparison	-4e-04	-0.0783	3	207	518	7	2010.70057
complex	0.6584	-0.0248	1	76	156	2	2011.908387
composition	-0.1667	-0.1353	4	155	424	6	2012.45256
compounds	-0.095	0.1706	2	408	1470	18	2012.161238
concentrations	0.4371	0.236	1	619	2932	35	2011.643222
condition	-0.3361	0.5195	4	90	192	3	2010.79798
conjugation	-0.7812	-0.0921	2	98	218	3	2015.166667
consequences	0.1413	0.3263	4	94	198	2	2012.275862
consortia	0.1423	0.5007	3	74	154	2	2012.83871
construction	-0.2402	0.4543	2	116	266	3	2011.684729
consumption	0.8938	0.0438	1	135	306	3	2011.012232
contact	0.2634	-0.3551	3	171	412	6	2011.307692
contaminants	0.7149	-0.12	1	261	734	7	2011.424242
contamination	-0.0055	-0.3655	3	144	366	5	2011.920245
content	-0.3248	0.0334	2	344	1070	14	2011.761593
continent	0.2972	-0.1304	1	111	240	4	2011.202884
contrast	-0.3907	-0.3189	3	175	422	6	2011.509677
control	0.3292	-0.1136	1	146	348	5	2012.474255
conversion	-0.4298	0.5179	4	92	196	3	2010.995798
copper	-0.3125	-0.071	3	164	466	6	2011.098039
corals	1.1591	-0.1777	1	123	348	4	2011.211921
core	-0.6113	-0.5785	2	59	126	2	2010.446523
correlation	-0.312	-0.46	3	197	600	8	2011.333794
costs	0.3452	0.45	1	185	432	5	2013.503597
crown	1.115	0.2538	1	91	200	2	2011.075472
culture	-0.3919	0.4056	4	215	588	9	2011.379653
cyanobacteria	-0.0533	0.5046	4	101	244	4	2013.32964
cycle	0.0958	-0.1374	1	111	234	3	2011.47296
cysteine	-0.8841	0.7156	4	73	162	2	2014.571429
cytochrome	-0.1067	0.2704	4	98	214	3	2014
dab_al32b	-0.9717	0.3552	2	71	156	2	2019
data	0.0895	-0.1886	1	530	2090	27	2011.015066
database	-0.6919	-0.3282	2	257	798	10	2012.403509
date	-0.5645	-0.2443	3	185	544	6	2012.087051
decay	-0.6976	0.5733	4	64	132	2	2010.074434
deception island	-0.3306	0.3263	4	75	162	2	2012.363636
deep sea	0.0023	-0.5804	3	72	154	2	2010.4
degradation	0.4899	0.2895	1	171	432	5	2013.464824
demand	0.9319	0.2063	1	237	798	10	2013.574627
denmark	0.7126	0.001	1	63	142	2	2008.212014
density	0.0667	0.3866	4	181	482	8	2009.879211
density currents	-0.5117	0.965	4	44	114	2	2010.677419
depth	0.4897	0.2117	1	59	122	2	2010.672402
description	-0.5104	-0.6481	3	62	142	2	2009.996622
design	0.6756	0.3724	1	173	430	6	2013.015625
detection	0.5224	-0.1343	1	352	1152	15	2012.417625
detergents	0.5072	0.0931	1	80	166	2	2013.833333
determinants	-0.7983	-0.3642	2	252	830	11	2013.434783
determination	0.3703	0.1137	1	131	310	4	2010.57381
detoxification	-0.0521	0.2399	1	98	222	3	2014.363636
development	0.2634	0.467	4	249	694	9	2011.773084
difference	0.7063	0.013	1	205	492	7	2011.163032
diffraction	-0.7829	0.8655	4	79	196	2	2010.941176
diffusion	-0.3293	-0.7377	3	79	174	2	2008.759067
digestion	0.1995	0.2134	1	165	382	5	2009.785714
dilution	0.7682	-0.3873	1	105	268	4	2009.094828
direct	0.4062	0.0866	1	79	162	2	2011.421384
discharge	0.6512	-0.3028	1	186	504	6	2012.354474
discovery	-0.3155	-0.327	2	141	368	5	2012.116822
disease	0.6695	-0.1662	1	132	328	4	2013.103448
disposal	1.0357	-0.2099	1	93	200	2	2008.916667
dissemination	-0.4835	-0.5805	3	158	450	7	2012.48
distance	-0.0348	-0.6273	3	111	244	3	2011.010448
distribution	-0.1486	-0.4704	2	387	1500	21	2010.907306
distribution abundance	-0.9464	-0.6361	2	49	108	2	2011.107143
diversity	-0.4745	-0.398	3	414	1820	24	2013.553494
dna	-0.4439	-0.0869	2	482	1978	26	2012.62578
dna methyltransferase	-0.7612	0.0699	2	67	150	2	2007.5
dna sequence	-0.5016	0.5164	4	93	200	3	2010.909091
domestic	0.6422	-0.4717	3	97	204	2	2012
draft genome	-1.1113	0.147	2	86	206	3	2014.625
draft genome sequence	-1.1101	0.1481	2	86	206	3	2014.7
drug	0.3876	-0.2102	1	281	812	13	2013.435897
drug resistance	-0.4077	-0.6821	3	106	266	4	2015.8
dssc	-0.3956	0.9574	4	31	74	2	2017.5
dye	-0.4706	0.9459	4	48	138	3	2009.285714
dynamics	0.6837	0.4966	1	120	294	4	2012.382241
e coli	-0.232	-0.1865	2	278	844	13	2012
earth	-0.053	0.5525	4	82	180	2	2012.416212
eastern	-0.7761	-0.4957	2	59	126	2	2011.347648
ecological risk	0.9144	-0.1672	1	75	176	2	2013.416667
ecology	-0.4653	-0.464	3	96	224	3	2012.514768
ecosystem	0.3897	-0.1867	3	309	924	10	2013.530062
edwardsiella	-0.3418	-0.5758	3	52	104	2	2011.333333
edx	-0.6022	0.7326	4	71	166	2	2011.875
edx analysis	-0.6035	0.7322	4	71	166	2	2016
eet	0.1339	0.7002	4	45	96	2	2015
effects	0.1447	0.0878	1	469	1678	21	2011.624055
efficiency	0.2992	0.3395	1	242	662	10	2012.80663
effluents	0.9689	-0.0604	1	210	656	8	2011.153846
efflux	-0.4956	-0.7596	3	98	262	3	2013.130435
electricity	0.5019	0.5855	1	66	144	2	2012.882353
electron	-0.4668	0.7458	4	233	782	10	2011.572917
electron microscopy	-0.8098	0.7709	4	173	564	6	2011.367742
electrophoresis	-0.1965	0.0939	3	119	340	4	2010.931507
elements	-0.7634	-0.2789	2	380	1518	21	2011.89258
elimination	0.2481	0.1057	1	150	328	4	2011.121212
emergence	-0.1303	-0.339	3	69	158	3	2012.277778
emissions	-0.8024	0.8959	4	105	304	3	2013.550741
energy	-0.0905	0.5337	4	349	1158	17	2011.753532
energy production	-0.4325	0.3262	2	92	196	2	2013.652174
energy source	-0.3338	0.3929	2	91	206	3	2012.242718
enrichment	0.9906	-0.1087	1	101	222	3	2011.973485
enterobacter	-0.4786	-0.6075	3	99	238	3	2008.833333
enterobacteriaceae	-0.1721	-0.6604	3	71	160	3	2011.4
envelope	0.121	-0.0576	4	59	134	2	2011.721311
environment	0.2071	-0.2137	1	743	4720	56	2012.515563
environmental	0.9655	0.266	1	75	156	2	2010.845217
environmental bacteria	-0.6326	-0.5989	3	100	280	5	2013.166667
environmental conditions	-0.3715	0.1128	2	205	550	6	2013.912338
environmental contaminants	0.5663	-0.2829	1	149	350	4	2016.428571
environmental factors	0.5058	0.385	1	100	204	2	2013.842444
environmental pollution	0.7448	0.0227	1	90	180	2	2017.125
environmental samples	0.427	-0.2168	1	102	232	4	2012.843137
environmental water	0.833	-0.1439	1	58	146	2	2011
enzyme	-0.6883	0.1378	2	233	734	10	2013.452991
epidemiology	0.4818	-0.1038	1	64	132	2	2010.454545
equipment	0.0965	0.2102	3	60	120	2	2011.708333
esbl	-0.0699	-0.7041	3	39	86	2	2013.5
escherichia coli	-0.3183	-0.0465	3	394	1366	19	2013.973684
european	-1.0091	-0.2797	2	50	108	2	2011.362949
evaluation	0.2122	0.5133	4	135	306	5	2013.100503
events	-0.9317	-0.308	2	96	214	2	2012.030986
evolution	-0.6567	-0.3787	2	216	702	11	2012.05694
exchange	-0.5172	-0.3801	3	111	264	3	2010.706601
exclusion	-0.662	0.1326	2	58	128	2	2011.8
expedition	0.1197	-0.5633	3	79	182	3	2010.922432
experiments	0.9024	0.2944	1	231	758	9	2011.075205
exposure	0.1533	-0.0289	1	256	682	8	2012.977505
expression	-0.4273	-0.1099	2	212	584	7	2012.171315
extent	-0.257	-0.4093	3	92	212	3	2011.835219
extraction	0.7824	0.2391	1	142	362	6	2013.323651
extraction methods	0.7031	0.343	1	42	90	2	2013.529412
extreme environments	-0.972	-0.0579	2	133	318	3	2013.673913
faecal bacteria	-0.1061	-0.7643	3	54	130	2	2010.75
family	-0.8387	-0.2759	2	271	1042	14	2012.315615
faroe	0.8935	0.1036	1	79	166	2	2009.572816
faroe islands	0.8936	0.1026	1	79	166	2	2011.638889
fate	0.9002	-0.3007	1	167	398	4	2012.348684
fatty acid analysis	-0.1482	0.3355	3	65	162	2	2012.333333
fatty acids	-0.038	0.2666	3	104	294	4	2009.789855
features	-0.9493	-0.1601	2	151	404	5	2010.384646
fecal	0.3194	-0.3754	3	49	102	2	2015.5
feces	-0.2496	-0.7981	3	69	172	3	2014.5
fiber	0.7735	0.1255	1	52	110	2	2012.473684
field	0.2537	0.2182	1	161	390	5	2010.533445
field data	1.097	0.3347	1	71	170	2	2011.688136
fildes peninsula	-0.6004	-0.7451	3	89	228	3	2015.846154
filter	0.8824	0.0869	1	119	276	4	2011.920139
filtration	1.3052	0.0921	1	119	288	3	2010.576271
firmicutes	-0.8401	-0.5649	2	70	154	2	2015.103093
fish	0.6422	-0.3013	1	131	310	4	2010.064516
flexibility	-0.3331	0.2603	2	85	178	2	2012.981818
fluctuations	0.6057	0.1792	1	70	144	2	2009.816514
fluorescence	-0.6666	0.8562	4	101	300	3	2012.243386
fluorescent nanoparticles	-0.6657	0.8572	4	101	300	3	2016
fluoxetine	1.0457	0.2482	1	84	236	3	2007.666667
food	0.6954	-0.0579	1	204	564	7	2012.031915
force	-0.9226	0.8538	4	67	164	2	2011.140909
formation	-0.5766	0.0297	2	322	1034	14	2010.511811
fraction	0.4378	-0.1343	1	132	296	4	2011.553026
fragments	-0.5654	-0.3746	2	51	114	2	2010.917127
france	-0.092	-0.7078	3	56	130	2	2010.519481
frequency	-0.4532	-0.1329	2	99	224	5	2011.174374
freshet	1.1342	-0.4003	1	93	234	2	2012.42
ftir	-0.6005	0.8934	4	82	204	3	2010.717391
fuel	0.2505	0.4226	4	87	194	3	2012.496479
fuel cell	0.1792	0.6276	4	49	106	2	2011.25
function	0.3257	0.0564	1	195	480	6	2010.972155
fungi	-0.2042	0.4202	3	55	114	2	2011.838649
future	0.1131	-0.125	1	98	214	3	2013.712684
gas	-0.1395	0.5799	4	100	214	3	2012.319686
gel	-0.1982	0.093	3	119	340	4	2010.823529
gel electrophoresis	-0.1976	0.0952	3	119	340	4	2011.217391
gene	-0.5197	-0.257	2	725	5286	74	2014.058192
gene expression	-0.2698	0.2409	2	80	172	2	2015.788462
gene sequence	-0.8038	0.0957	3	132	336	4	2012.678571
gene transfer	-0.9675	-0.1674	2	254	956	12	2015.157895
genera	-0.4022	-0.0653	2	290	864	10	2012.72679
generation	-0.48	0.5939	4	287	968	11	2012.050847
genetic	-0.9252	0.1521	2	97	230	3	2010.444444
genetic load	-1.026	0.1406	2	52	138	2	2012.5
genetic structure	-1.3404	-0.391	2	58	134	2	2012.675676
genome	-0.5539	0.1243	2	241	722	11	2015.25641
genome analysis	-1.1441	-0.091	2	116	282	3	2016.294118
genome sequence	-1.1113	0.1489	2	86	206	3	2014.84
genomics	0.4138	-0.3826	1	96	198	2	2016.1
genotypes	-0.3917	-0.8192	3	83	190	3	2011.280702
genus	-0.837	0.1258	2	243	784	10	2012.443439
glacier	-0.3043	-0.2385	2	237	696	8	2012.551157
global	-0.1874	-0.6451	3	49	112	2	2012.401509
glutathione	-0.3355	0.3621	4	70	144	2	2014.333333
glycopeptide	-0.2636	-0.2943	3	49	114	2	2013.5
gold	-0.4975	0.8046	4	75	170	2	2014.529412
gold nanoparticles	-0.4962	0.8054	4	75	170	2	2013
gradient	-0.0999	-0.2047	3	134	300	4	2011.354256
gram negative	-0.603	-0.1544	4	256	842	12	2010.571429
gram negative bacteria	-0.7986	-0.6877	3	75	164	2	2013.166667
gram-negative	-0.521	-0.1851	2	201	588	9	2010
gram-negative bacteria	-0.7975	-0.6889	3	75	164	2	2017.5
gram-positive	-0.6534	-0.2048	2	164	430	7	2009.809524
green synthesis	-0.5294	0.8096	4	69	154	2	2015.5
greenland	0.3232	-0.1373	1	156	374	6	2011.434214
group	-0.5464	-0.2697	2	301	1072	14	2011.722362
growth	0.1859	0.3436	1	368	1178	15	2011.406319
growth conditions	0.3446	0.6066	1	93	198	2	2011.75
growth rate	0.2238	0.65	4	128	294	3	2010.818356
guano	-0.4598	-0.2825	3	68	142	2	2013.35
hand	-0.5967	0.3736	2	88	190	2	2010.96875
harbour	1.2587	-0.1154	1	133	390	4	2010.428571
hazard	0.9251	-0.3431	1	87	192	2	2012.855072
health	0.38	-0.29	1	272	886	11	2014.798851
heavy metal resistance	-0.9966	-0.0103	2	138	372	4	2016.4
heavy metals	-0.7838	0.2647	2	272	946	10	2012.068966
heterotrophic bacteria	0.0789	-0.4601	3	47	96	2	2013.697674
high arctic	-0.1171	-0.5843	3	85	176	2	2013.319239
high performance	1.0759	0.2119	1	89	240	3	2013.72
high prevalence	-0.1174	-0.712	3	85	232	4	2013.666667
high-performance liquid chromatography	1.0286	0.1965	1	72	158	2	2013.35
history	0.0371	-0.2818	1	97	220	4	2011.001969
homology	-0.6654	-0.332	2	90	214	3	2012.461538
horizontal gene transfer	-1	-0.1335	2	166	496	6	2016.142857
hormone	0.9047	-0.253	1	77	178	2	2014
hospital	0.9325	-0.0155	1	127	300	4	2010.166667
host	-0.8396	-0.1083	2	320	1294	17	2013.124
host range	-1.0768	-0.2397	2	157	514	7	2011.230769
household	0.9248	-0.019	1	121	310	3	2011
human activities	-0.1831	-0.722	3	156	432	6	2013.345725
human contact	0.0946	-0.6485	3	59	132	2	2013.333333
human health	0.6851	-0.3242	1	178	460	5	2014.674419
human impact	0.026	-0.6718	3	99	238	3	2013.236842
humans	0.0964	-0.5576	3	198	518	7	2012.412162
hunt	0.993	-0.204	1	80	166	2	2010.142857
hunters	0.4756	-0.2954	1	32	74	2	2010.137931
ibuprofen	0.7549	-0.195	1	115	294	4	2013
ice	0.0793	-0.1202	1	278	772	11	2011.721291
ice surface	-1.0357	-0.1815	2	55	136	2	2011.816258
identification	-0.635	-0.1833	2	293	1016	12	2011.944837
identity	-0.7014	-0.4359	2	155	388	5	2013.229508
illumination	0.0583	0.5398	4	58	118	2	2008.536585
impact	0.2823	-0.0526	3	402	1430	16	2013.206627
implementation	0.3053	-0.2367	1	125	292	4	2013.145907
implications	0.5268	0.1773	1	61	128	2	2011.871583
improvement	0.2088	0.0311	1	96	198	2	2012.529851
incubation	-0.3407	0.5546	4	89	200	3	2012.64375
index	0.0517	-0.622	3	64	142	2	2011.380952
indices	0.5312	0.1085	1	155	376	4	2012.102711
infection	-0.0759	-0.4311	3	145	370	5	2011.615385
influence	-0.1881	-0.0585	3	259	764	9	2011.779275
information	-0.1448	-0.0909	2	287	856	10	2011.767792
inhibition	-0.3721	0.4671	4	176	444	5	2012.85
inhibitor	0.8494	0.3604	1	112	306	4	2014.2
insertion	-1.0349	-0.5626	2	124	394	5	2011.235294
insight	-1.0418	0.0305	2	160	472	5	2012.936061
integrase	-0.9331	-0.6151	3	56	128	2	2012
integrons	-0.4356	-0.6211	3	215	614	9	2013.888889
interactions	-0.2229	0.2399	2	192	458	6	2011.626733
intestine	-0.9712	-0.7831	3	52	116	2	2014.333333
introduction	-0.8069	-0.4352	2	60	120	2	2010.370629
ion	-0.5055	0.2055	2	89	186	2	2012.411616
iron	0.0603	0.0934	1	118	244	3	2012.176678
island	-0.3753	0.1277	2	388	1378	17	2009.956692
isolate	-0.508	-0.2604	3	436	1896	27	2011.588083
isolation	-0.6588	0.3731	4	182	474	6	2010.695946
isppy1	-1.1868	-0.4386	2	82	264	4	2012
iss	-0.8831	-0.55	2	77	166	2	2012.714286
japan	0.6543	-0.1125	1	101	218	3	2010.171958
k-12	-1.1286	-0.4278	2	44	118	2	2012.5
king	-0.6333	0.1692	2	179	512	6	2013.07113
king george island	-0.6568	0.1443	2	188	550	7	2013.25641
knowledge	0.1243	-0.3534	1	213	560	8	2012.895394
laboratory	0.7475	0.0172	1	163	418	6	2010.526248
lagoon	1.1907	0.0966	1	85	182	2	2011.571429
lake	0.0342	0.0145	4	199	476	6	2012.017794
lake water	-0.2656	0.2933	4	87	184	2	2011.325444
layer	-0.1174	-0.1184	4	62	128	2	2010.321275
lc-ms/ms	0.8496	0.1923	1	107	258	3	2014.333333
length	-0.5019	-0.1489	2	83	184	3	2010.5328
leptolyngbya	0.2175	0.7341	4	46	102	2	2013.933333
levels	0.3901	-0.1999	1	436	1580	18	2011.25209
life	0.7286	-0.1741	1	58	120	2	2011.876747
light	-0.3492	0.7526	4	100	230	3	2011.753582
limit	1.0439	-0.0262	1	172	452	5	2010.544865
limitations	0.8236	0.4561	1	105	222	2	2012.614846
liquid phase	1.0544	0.2108	1	61	132	2	2009.701754
literature	1.233	-0.2421	1	95	200	2	2011.726524
loading	1.0195	0.6383	1	81	210	2	2011.31401
loads	0.8192	0.0799	1	74	152	2	2009.628099
location	0.7398	0.0411	1	85	190	3	2010.881081
long-term	0.9114	-0.0983	1	119	272	3	2012.366366
loss	0.372	0.2097	1	177	404	5	2013.251087
low energy	0.2913	0.5176	1	87	188	3	2011.418605
low temperatures	-0.1732	0.5299	4	348	1076	11	2011.076759
lpme	1.0539	0.211	1	61	132	2	2007.5
lysis	-0.2775	-0.5242	3	76	156	2	2011.904762
magnitude	0.1995	-0.1221	3	85	190	3	2011.364091
maintenance	-0.3579	-0.0261	2	137	316	3	2010.394191
management	0.2031	-0.0129	1	83	174	3	2013.088766
marine	0.2613	0.1025	4	104	212	3	2012.020366
marine environment	1.0197	-0.178	1	109	274	3	2012.287625
maritime	-0.1893	-0.2151	3	65	152	2	2011.981865
maritime antarctica	-0.3954	-0.3804	3	96	234	3	2014.090909
markers	0.6158	-0.1412	1	135	298	3	2013.021898
market	0.6509	0.1264	1	59	120	2	2014.62963
mass	0.592	0.0846	1	212	544	7	2010.941993
mass spectrometry	0.774	0.1143	1	80	176	2	2012.604502
materials	0.1028	0.7693	4	87	182	2	2011.458333
mb	-0.3363	0.4552	2	72	148	2	2007.104478
measurements	1.0525	-0.2682	1	130	358	4	2010.932763
mechanisms	-0.1813	-0.1793	3	376	1324	18	2011.610479
medicine	-0.8502	-0.5032	3	58	124	2	2014
membrane	0.079	0.311	4	119	278	4	2012.060241
mer operon	-0.4767	-0.2189	2	92	232	3	2012.333333
mera	-0.6005	-0.1255	2	108	270	3	2016
mercury	-0.6302	-0.3444	2	212	680	10	2013.027778
mercury resistance	-0.4312	-0.3548	2	151	414	6	2010.166667
mesophilic bacteria	-0.8712	0.8516	4	73	166	2	2015
meta-analysis	-1.0181	0.161	2	96	240	2	2016.029412
metabolic pathways	0.0673	0.2391	1	105	226	3	2014.617647
metabolism	-0.1319	0.3561	2	322	1096	11	2013.696486
metabolites	0.8041	0.0619	1	150	396	6	2014.232
metagenomic analysis	0.1315	-0.7526	3	58	136	2	2016
metagenomics	-0.2274	-0.5711	3	204	718	10	2015.813433
metal resistance	-0.7161	-0.1157	2	215	652	7	2017.444444
metalloids	-0.5983	0.3843	4	185	480	5	2016.142857
metals	-0.5831	0.3068	4	368	1372	15	2012.223108
methane	0.5653	0.4208	1	83	194	3	2013.074286
methionine	-0.885	0.7146	4	73	162	2	2013.75
method	0.2737	0.0165	1	540	2094	28	2012.144788
methyltransferase	-0.7608	0.0687	2	67	150	2	2006.333333
microbes	0.0518	0.34	4	167	374	5	2014.433213
microbial	0.2415	0.2533	4	123	272	4	2014.133333
microbial communities	-0.0126	-0.2005	3	247	760	10	2014.731973
microbial fuel cell	0.1801	0.6274	4	49	106	2	2015
microbiome	-0.6	-0.3323	2	177	468	5	2017.011236
microcosm	-0.051	0.328	3	84	246	3	2013.482143
microfluidic	0.833	-0.1423	1	58	146	2	2013.5
microfluidic quantitative pcr	0.8756	-0.0999	1	86	234	3	2014.666667
microorganisms	-0.2275	0.4038	4	431	1554	21	2013.878151
micropollutants	0.7466	-0.3925	1	75	172	2	2014
microscopy	-0.8128	0.8545	4	92	258	3	2012.438017
mineralization	0.472	0.0759	1	55	110	2	2012.943299
mining	-0.6339	0.0305	2	83	172	2	2014.333333
mixture	-0.025	0.3497	4	172	396	5	2010.906921
mobile element	-1.2511	-0.52	2	40	92	2	2011.25
mobile genetic elements	-0.5213	-0.6782	3	142	440	6	2017
mobility	-0.8507	-0.7192	2	55	122	2	2011.8625
mobilization	-1.1864	-0.2391	2	159	548	8	2013.656863
mode	-0.0648	-0.1626	4	83	178	3	2010.915266
model	0.4597	0.2644	1	318	1024	13	2011.651901
model development	1.0452	0.5638	1	86	202	2	2012.987805
modeling	0.8251	0.3897	1	112	264	3	2012.080047
modern	-1.0126	-0.4568	2	56	118	2	2012.425
modification	0.1341	0.2947	4	66	140	3	2009.923977
module	-1.095	-0.1028	2	222	856	11	2013.530769
molecular	-1.2411	-0.2474	2	71	154	2	2012.319372
molecular weight	-0.2872	0.2587	2	84	170	2	2011.919355
molecules	-0.4794	0.748	4	98	216	3	2011.769231
monitoring	0.9281	-1e-04	1	279	860	9	2012.828676
motifs	-0.8626	-0.2668	2	52	108	2	2007
movement	-0.3054	0.0388	2	65	134	2	2009.813333
multidrug resistance	-0.5656	-0.4963	2	150	388	5	2014.428571
municipal wastewater	1.2123	0.0222	1	247	968	10	2016.090909
mutant	-0.6227	0.3033	4	77	154	2	2012.444444
mutation	-0.5052	-0.0097	2	78	174	3	2009.235294
nanomaterials	-0.4957	0.6799	4	73	154	2	2017.333333
nanoparticle biosynthesis	-0.9627	0.7586	4	94	210	2	2016.5
nanoparticles	-0.5607	0.6949	4	282	1200	15	2014.380952
nanostructures	-0.913	0.735	4	75	164	2	2016.5
nature	-0.1188	-0.0917	2	190	474	7	2010.788145
negative impacts	0.89	-0.2627	1	83	182	2	2014.051948
new zealand	0.2171	0.7335	4	46	102	2	2009.724138
next generation	-0.4602	0.6152	4	56	116	2	2015.559322
niche	-0.4531	-0.76	3	78	174	2	2014.209184
nitrogen	0.9818	0.0212	1	168	460	6	2012.807923
nitrogen removal	1.1098	0.0894	1	79	180	2	2010.5
nordic	1.0353	0.0215	1	96	200	2	2010.496583
norovirus	0.8203	-0.1049	1	87	232	3	2014.666667
north	0.5239	-0.1919	1	93	200	3	2010.374238
northern	0.9432	0	1	158	386	5	2011.106605
northern norway	0.8891	0.0562	1	72	160	3	2012.05
norway	0.6068	-0.0545	1	192	516	8	2011.264414
norwegian	0.9786	-0.043	1	67	140	2	2008.200426
novel	-0.6074	-0.2238	2	131	324	5	2013.967568
nps	-0.1691	0.4314	3	123	344	4	2014.333333
nucleotide sequences	-0.9458	-0.0622	2	143	410	6	2013.16
nunavut	1.1711	-0.1669	1	211	760	8	2013.447514
nutrients	0.6927	-0.2035	1	117	272	3	2011.870968
objective	0.3914	-0.0779	3	182	440	5	2011.917647
observations	-0.0918	-0.3476	3	109	234	5	2011.448164
occurrence	0.5378	-0.2826	1	311	984	13	2011.803551
ocean	0.4622	-0.5262	1	86	184	2	2010.965167
operation	0.7914	0.1255	1	114	272	4	2012.715909
order	0.2682	3e-04	1	373	1082	15	2010.598046
organic	1.1052	-0.2645	1	80	180	2	2013.072464
organic carbon	0.7769	0.0216	1	144	338	4	2012.96863
organic compounds	-0.4699	0.2381	2	178	512	5	2012.030075
organic material	1.2538	0.1235	1	89	208	2	2010.225
organisms	0.1287	0.0645	1	346	1014	11	2012.67134
organization	-0.9926	-0.234	2	60	132	2	2013.329897
origin	-0.5429	-0.6173	3	217	696	11	2010.187679
oslo	1.0667	0.1263	1	82	200	3	2010.7
oxidative stress	-1.0172	0.5772	2	83	180	2	2013.083333
oxygen	0.4694	0.3459	1	370	1384	14	2009.83871
oxygen demand	1.1462	0.2758	1	197	664	7	2013.823529
oxygen dynamics	1.0185	0.6368	1	81	210	2	2015.8
parameters	1.0972	0.1714	1	184	542	6	2010.962104
part	0.4606	-0.1281	1	257	678	9	2010.410034
particles	-0.3083	0.5821	4	99	224	3	2011.108822
pathogenesis	-0.2396	-0.0983	2	47	102	2	2013.75
pathogenic bacteria	-0.4574	0.1262	4	100	246	4	2015.2
pathogens	0.2654	-0.2821	1	285	944	13	2014.164835
pathways	0.0924	0.3291	1	228	586	8	2013.213274
patterns	0.1322	-0.1239	1	271	754	10	2011.236066
pcr	0.0239	-0.4545	3	233	710	10	2012.768293
pdif sites	-1.1822	-0.6278	2	45	122	2	2018.5
penguins	-0.4331	-0.8739	3	92	232	4	2011.289157
peninsula	-0.2046	-0.5382	3	202	564	7	2011.596904
performance	0.8519	0.2864	1	341	1266	16	2013.489921
period	0.7641	-0.0343	1	227	624	8	2011.210316
permafrost	-0.9402	-0.4754	2	257	1200	21	2012.799678
permafrost bacteria	-0.7933	-0.7322	2	59	138	2	2016
permafrost sediments	-0.7892	-0.5836	2	85	248	4	2011.151515
permafrost strains	-1.1962	-0.4239	2	102	308	5	2014.857143
permafrost subsoil	-1.0567	-0.4365	2	57	130	2	2008.5
personal care products	0.9566	-0.2445	1	163	488	5	2015.2
perspective	0.3227	-0.1568	1	78	166	3	2012.901235
perturbations	0.5683	0.4976	1	86	176	2	2010.583086
ph	0.3266	0.2724	1	149	328	5	2013.361345
pharmaceutical residues	1.0419	-0.0923	1	129	344	3	2009.428571
pharmaceuticals	0.8284	-0.1041	1	318	1166	14	2013.421053
phase	0.6841	0.3883	1	131	334	4	2011.300144
phenotypic	-0.7384	0.375	2	73	178	2	2013.529412
phosphorus	1.1372	0.0484	1	133	364	4	2012.723926
phosphorus removal	0.9497	0.1336	1	81	184	2	2005.5
photosensitizers	-0.492	0.9149	4	39	88	2	2016.666667
photosynthesis	0.184	0.7542	4	52	116	2	2012.442424
phylogenetic	-0.5164	-0.1311	3	151	388	5	2012.713235
phylogenetic analysis	-0.8305	0.2094	4	190	520	6	2012.784615
physiology	0.6422	0.7257	1	81	164	2	2013.727273
phytoplankton	1.0164	0.6376	1	81	210	2	2012.529026
phytoplankton growth	1.0182	0.6394	1	81	210	2	2011.444444
pigments	-0.5106	0.9657	4	44	114	2	2012.420814
place	0.2047	-0.3856	1	34	68	2	2009.958042
plant	0.7978	-0.1205	1	348	1152	14	2012.538334
plasmids	-0.9289	-0.281	2	419	2238	30	2013.972973
platform	-0.1773	-0.2877	3	77	162	2	2013.075269
polar	0.5321	-0.2265	1	164	422	6	2011.082686
polar environments	0.1298	-0.3518	2	105	222	2	2013.657534
polar regions	-0.2958	-0.1552	3	156	384	4	2011.606775
polaromonas	-0.6784	-0.1193	2	99	224	2	2016.625
pollutants	-0.1817	-0.3252	3	144	340	5	2012.312139
pollution	0.1533	-0.1779	3	193	480	6	2012.161202
polymorphism	-0.5688	-0.492	3	55	126	2	2011.742574
ponds	1.0043	0.1994	1	264	988	11	2013.328622
population	0.3896	-0.0816	1	359	1118	14	2011.362024
potential	-0.0146	0.0288	2	179	426	5	2012.784435
power	-0.0942	0.6007	4	53	122	3	2011.834034
ppcps	0.9496	-0.2228	1	143	406	4	2015.5
practice	0.2364	-0.4113	1	119	274	4	2013.25
prediction	0.5056	0.3838	1	100	204	2	2012.073267
present	-0.2428	-0.3967	2	117	254	4	2011.176606
present day	-0.7634	-0.561	2	82	196	4	2011.295673
pressure	-0.0318	-0.2297	3	268	760	11	2010.477108
prevalence	-0.0892	-0.6139	3	188	556	9	2013.013245
primers	-0.3789	-0.5282	2	62	136	2	2012.84
priority	0.6258	0.0767	1	100	212	2	2014
pristine	-0.2642	-0.6114	3	232	688	8	2013.857143
procedures	0.6383	0.317	1	93	192	3	2010.315476
processes	0.4476	0.195	1	410	1346	15	2011.967406
production	-0.2509	0.4627	4	358	1154	14	2011.637878
profiles	-0.1111	-0.14	3	310	894	10	2010.526606
prokaryotes	-0.5883	0.599	4	89	188	2	2014.673913
proliferation	-0.106	-0.3675	3	87	192	3	2012.868421
properties	-0.4161	0.2531	4	356	1106	13	2011.071907
protection	-0.8702	0.0034	2	217	656	6	2013.352941
protein	-0.6675	0.0686	2	308	1082	15	2012.85274
protocol	0.2457	-0.2176	1	79	170	2	2014.140541
pseudomonas	-0.9394	0.3555	4	285	1126	16	2013.961905
pseudomonas aeruginosa	-0.8755	0.5751	4	67	154	2	2017.083333
pseudomonas sp	-1.1023	-0.0588	2	108	304	5	2013.5
psychrobacter	-0.9269	-0.0034	2	315	1274	16	2014.137931
psychrobacter maritimus	-1.1282	-0.4285	2	44	118	2	2012.5
psychrobacter sp	-0.906	0.2225	2	135	386	5	2014
psychrophilic	-0.4225	0.2038	2	163	436	6	2012.121495
psychrophilic bacteria	-0.7803	0.6126	4	81	184	3	2012.5
psychrophilic bacterium	-0.6394	0.3228	2	79	170	2	2016.714286
psychrotolerant	-0.9405	0.2236	2	225	688	7	2013.020833
psychrotolerant bacteria	-0.8904	0.3437	2	220	640	7	2014.444444
psychrotroph	-1.0113	-0.0548	2	42	86	2	2010
public health	0.2657	-0.4259	3	163	400	5	2014.777778
pump	0.5632	0.3371	1	65	130	2	2013.685393
purification	0.1552	-0.0557	1	108	228	3	2013.851852
qnrs	0.3671	-0.6834	3	102	228	3	2015.666667
qpcr	0.5127	-0.4496	3	150	376	4	2015.02439
quality	1.019	-0.01	1	213	748	9	2012.741898
quality parameters	1.3672	3e-04	1	83	206	2	2012.083333
quantification	0.9579	0.151	1	197	530	6	2013.40625
quantitative	0.6079	-0.2434	1	134	338	4	2011.594059
quantitative microbial risk assessment	0.8027	-0.0496	1	69	168	2	2015
quantitative pcr	1.0154	-0.1125	1	131	358	4	2013.809524
quantum dots	-0.7532	0.8604	4	128	402	4	2016.75
radiation	-0.6902	0.1014	2	209	666	7	2011.331925
range	0.1774	-0.1379	1	459	1654	22	2011.410547
rate constants	1.1959	-0.4249	1	80	198	2	2009.064516
rates	0.7915	0.1165	1	235	600	6	2011.494306
ratio	0.6652	0.2408	1	51	106	2	2010.925387
reaction	0.6799	-0.0399	1	128	280	3	2010.924119
reactive oxygen species	-0.7457	0.2481	2	202	628	6	2014.212121
reactor	0.7128	0.2079	1	65	136	2	2013.897436
reading	-1.1533	-0.0614	2	50	118	2	2014.157895
real time pcr	-0.0934	-0.707	3	56	130	2	2009.916667
real-time	-0.0932	-0.7086	3	56	130	2	2012.398907
recent	-0.5055	0.3007	4	90	206	3	2011.804991
recognition	-0.5773	-0.2957	2	58	120	2	2011.880342
recombination	-0.7346	-0.2099	2	102	260	4	2014.722222
recovery	0.3418	0.3674	1	154	376	6	2012.7654
redox	-0.7688	0.7864	4	92	206	2	2012.1875
reduction	0.2269	0.346	1	330	1066	13	2012.202875
region	-0.079	-0.26	2	621	3002	40	2011.608772
regulation	1.2187	-0.0563	1	135	330	3	2011.631579
relationship	-0.2763	0.1653	2	185	430	5	2011.52721
relative abundance	0.2407	-0.6505	3	112	280	3	2013.82
release	0.74	-0.3204	1	223	652	6	2012.712924
remediation	-0.1878	0.5085	3	86	182	2	2014.9
remote	0.5422	0.1158	1	128	270	3	2012.899032
remote communities	1.1052	0.026	1	123	298	3	2015
remote regions	0.4848	0.0436	1	94	190	2	2014.257576
removal	0.7728	0.2903	1	366	1380	15	2011.470833
renewable energy	0.3952	0.331	1	50	102	2	2014.416667
repeat	-0.3857	-0.2761	2	103	222	3	2011.037288
replication	-1.061	-0.0591	2	197	756	10	2014.529412
replication system	-1.1306	0.0517	2	110	292	4	2016
replicons	-1.0682	0.0216	2	160	580	6	2016.333333
requirements	0.1136	0.2685	1	114	246	4	2011.322368
research	0.4261	-0.0498	1	301	840	11	2012.25614
research station	0.6122	-0.6057	1	96	216	3	2013.45082
reservoir	0.1682	-0.6365	3	228	750	9	2012.909879
residence	1.16	-0.1147	1	144	352	3	2010.135762
residence time	1.16	-0.1131	1	144	352	3	2009.992032
residues	0.362	0.0108	1	262	730	9	2009.701681
resistance	-0.4049	-0.4293	3	670	4736	65	2013.068966
resistance gene	-0.2729	-0.7293	3	251	898	12	2015.428571
resistance plasmid	-0.6778	-0.6918	3	103	266	3	2010
resistant	-0.2494	-0.3446	3	110	238	4	2011.583333
resistome	-0.1071	-0.528	3	263	854	10	2017.5
resolution	-1.2455	-0.3312	2	62	140	2	2011.918993
response	-0.2804	0.1346	2	205	560	7	2012.161066
restriction-modification systems	-0.9255	0.2362	2	86	196	2	2013
reuse	0.8029	-0.0512	1	69	168	2	2013.8
richness	-0.2269	0.1406	3	65	138	2	2013.813953
risk	0.8021	-0.2197	1	353	1278	14	2014.229167
risk assessment	0.9402	-0.1465	1	267	862	9	2014.288136
river	0.3383	-0.4023	3	207	524	7	2011.920886
role	-0.6254	-0.1427	2	362	1280	15	2012.568357
rrna	-0.4371	0.1493	4	159	442	5	2013.889558
russia	-0.5241	-0.4053	2	73	160	2	2012.192015
salmonella	-0.1167	-0.3856	3	68	152	3	2014.5
salt	-0.0669	0.4379	4	141	308	3	2008.72546
sample	0.3342	0.1092	1	300	836	11	2011.599617
sampling	0.9792	-0.2223	1	138	306	3	2012.100775
sanikiluaq	1.1002	-0.178	1	98	212	2	2018
scale	0.6509	0.2697	1	134	316	5	2011.804989
scenarios	0.6458	0.0078	1	64	130	2	2012.882212
screening	0.0927	0.2072	4	150	332	4	2013.2
sds	0.2146	0.0682	1	82	166	2	2011.5625
sea	0.2777	-0.1914	1	303	932	12	2010.929745
sea ice	0.3494	-0.0073	4	115	268	4	2012.341204
sea water	0.3271	-0.4118	1	86	194	2	2008.442735
season	0.8309	-0.0824	1	234	656	7	2012.178114
seawater	0.9246	-0.2484	1	164	430	5	2011.626116
sediments	-0.227	-0.5086	3	281	952	14	2011.206075
segments	-0.9322	0.0036	2	56	132	2	2010.556701
selection	-0.1648	-0.7387	3	51	130	3	2012.335938
selective pressure	-0.0369	-0.361	3	167	436	6	2014.9375
sensitivity	0.6412	0.4208	1	130	284	3	2012.152936
sequence	-0.6949	-0.0528	2	517	2866	39	2012.290017
sequence analysis	-0.696	-0.259	3	84	198	3	2011.648148
sequencing	-0.2404	-0.0389	3	227	640	9	2015.158311
serotonin	1.0452	0.2489	1	84	236	3	2007.666667
sertraline	1.1633	0.2357	1	63	168	2	2007
service	0.1683	-0.5217	1	64	132	2	2013.140288
settlement	1.0424	-0.0907	1	129	344	3	2011.937107
sewage	0.8042	-0.0287	1	338	1192	13	2010.705882
sewage treatment	0.9704	0.1125	1	202	590	7	2011.416667
shape	-0.6034	0.7308	4	71	166	2	2010.573529
shewanella	0.0726	0.399	4	78	174	3	2013.384615
shewanella frigidimarina	0.1298	0.3845	4	56	122	2	2014.666667
silica	-0.0164	0.3171	3	60	154	2	2009.009901
silver	-0.3771	0.5412	4	170	498	7	2012.071429
silver nanoparticles	-0.5525	0.6349	4	137	344	5	2015.333333
similarity	-0.7922	-0.4649	2	211	686	10	2011.516971
simulations	0.4522	0.3097	1	81	172	3	2012.277903
single-cell	0.8819	0.599	1	131	374	4	2013.741935
sites	-0.281	-0.4006	3	343	1192	15	2011.507274
size	-0.6853	0.3565	4	377	1520	18	2010.965923
sludge	0.3471	0.0096	1	182	404	5	2013.333333
society	-0.6987	0.0083	2	98	212	3	2010.520354
sodium	0.2753	0.3142	4	75	150	2	2011
soil	-0.177	-0.1557	3	474	2070	26	2012.887856
soil communities	-0.0163	0.3184	3	60	154	2	2014.835714
soil ecosystems	0.0097	-0.023	3	75	160	2	2014
solar	-0.4923	0.9149	4	39	88	2	2010.551351
solar energy	-0.0017	0.8353	4	69	166	3	2012.941176
solid-phase extraction	1.0401	0.2059	1	70	154	2	2013.5
solution	0.6384	0.1971	1	234	642	8	2010.22668
source	0.1865	0.0646	1	446	1448	18	2011.544715
south	-0.3658	-0.561	3	84	202	3	2009.816077
south america	-0.1543	-0.5124	3	53	120	2	2010.900662
space	-0.56	0.631	4	69	144	2	2011.281958
species	-0.5065	-0.0827	2	510	2330	30	2011.629341
specificity	-0.6037	-0.5482	2	59	122	2	2012.857143
spectra	-0.8745	0.1738	4	133	326	4	2010.240566
spectroscopy	-0.6619	0.8521	4	148	456	7	2012.548387
spectrum	-0.2164	-0.1457	3	127	296	4	2010.348901
spitsbergen	-0.2783	0.229	2	152	394	5	2012.274752
spread	-0.4132	-0.4292	3	225	672	8	2013.442623
spring	0.7916	-0.4055	1	122	296	3	2011.445356
spring freshet	1.1353	-0.3989	1	93	234	2	2013.625
ssri	1.1636	0.2338	1	63	168	2	2007
stability	-0.7374	0.4022	2	93	212	4	2011.601934
stabilization	0.6892	0.42	1	299	1078	11	2014.288235
standard	1.1459	0.3369	1	143	384	4	2011.405751
staphylococcus	-0.927	0.5662	4	97	262	3	2014.8125
state	1.0166	0.6396	1	81	210	2	2012.176355
stations	0.3667	-0.5805	1	125	290	4	2010.728667
status	0.1998	0.8213	4	91	190	2	2011.737569
storage	0.9793	0.0519	1	91	196	2	2013.435429
strain	-0.7045	-0.0017	2	628	3954	55	2011.527632
strategies	-0.0919	0.0778	2	214	530	6	2013.49449
stream	0.3482	-0.4995	1	117	282	3	2011.208251
stress	-0.9173	0.4148	2	103	234	3	2010.771906
structure	-0.732	-0.0222	2	369	1330	17	2010.587788
subgroup	-1.0547	-0.3313	2	120	302	4	2012.875
subsoil	-1.0568	-0.4377	2	57	130	2	2014
substitution	-0.2564	0.0543	3	50	104	2	2012.377358
substrate	-0.5595	0.4873	4	189	460	6	2012.694517
subtypes	-0.211	-0.8631	3	61	152	2	2018
sulfamethoxazole	0.4706	-0.2152	1	103	218	3	2016
sulfate	-0.919	0.6543	4	84	174	2	2010.319209
sulfonamide	0.3008	-0.3725	3	86	194	3	2016.666667
sulfur	-0.9452	0.5301	4	120	278	3	2010.858065
sulphate	0.0987	0.4926	4	92	188	2	2010.131868
summer	0.694	0.109	1	241	716	8	2011.747886
supply	0.4938	0.1279	1	51	104	2	2011.339312
support	0.9494	0.111	1	78	158	2	2012.160714
surface	0.0893	0.0811	1	266	746	11	2011.274886
surface waters	0.9012	-0.3485	1	91	218	3	2010.917469
survey	0.1511	-0.4269	1	206	520	7	2010.854962
survival	-0.5581	0.0413	2	142	338	4	2011.249489
susceptibility	-0.4264	-0.6639	3	141	388	5	2013.078125
svalbard	-0.4997	-0.4076	3	87	196	3	2012.982836
synthesis	-0.558	0.7261	4	233	824	11	2012.494924
system	0.1801	0.0817	1	508	1980	24	2012.244703
table	0.3796	0.105	1	95	190	2	2011.75
tandem mass spectrometry	0.7747	0.1157	1	80	176	2	2015.666667
techniques	-0.0354	0.0276	4	163	386	7	2010.995925
technology	0.708	0.5275	1	181	502	7	2013.19378
tellurite	-0.7542	0.4644	4	179	560	7	2016
tellurite reduction	-0.6695	0.5182	4	71	160	2	2016
tellurite resistance	-0.7278	0.3206	4	135	374	4	2016.5
tellurium	-0.7445	0.4977	4	90	222	3	2016
tem	0.1261	0.4278	4	195	510	5	2009.391304
temperate	1.0502	-0.3303	1	90	212	2	2011.666667
temperature	0.0203	0.4152	4	539	2200	25	2011.477652
terms	0.0774	-0.3983	3	110	240	3	2011.105954
territories	0.5345	0.3499	1	99	204	2	2011.376997
tetracycline	-0.5779	-0.6243	3	199	662	10	2014.272727
therapy	0.6149	0.0261	1	83	168	2	2012.4
thiol	-0.9248	0.7311	4	95	212	2	2015
threshold	0.5827	-0.1089	1	110	240	3	2012.8
time	0.2315	0.2325	1	338	990	12	2011.191579
tn	0.5723	-0.375	1	105	266	3	2013.45614
tn21 subgroup	-0.957	-0.5896	2	56	126	2	2010
total nitrogen	1.3144	-0.0308	1	80	180	2	2015.066667
tourism	0.4965	-0.229	1	100	222	4	2014.095238
tourists	0.0176	0.0375	1	69	140	2	2014.65
toxicity	0.1144	0.1651	1	241	726	8	2014.530612
trace analysis	1.1642	0.2344	1	63	168	2	2008.25
transfer	-0.7803	-0.0418	2	367	1674	22	2010.678679
transformation	0.3114	0.2935	1	176	426	6	2011.951786
translocation	-1.2104	-0.4395	2	49	120	2	2013.35
transmission	-0.6255	0.4741	4	138	378	5	2011.062827
transmission electron	-0.8142	0.8547	4	92	258	3	2009.84375
transmission electron microscopy	-0.8127	0.8559	4	92	258	3	2009.807018
transport	-0.1578	-0.1473	2	204	548	6	2010.537155
transposable element	-1.0762	0.0329	2	77	188	2	2018.5
transposition	-1.1441	-0.3557	2	124	354	5	2010.7
transposon	-0.8599	-0.4428	2	215	792	13	2011.4
treatment	0.9254	0.0583	1	532	2876	33	2012.769355
treatment performance	1.1575	0.1277	1	158	446	4	2015.4
treatment system	0.9814	0.0436	1	141	358	4	2011.4
treatment wetland	1.2814	-0.2909	1	66	180	2	2014.5
trends	0.9716	0.4049	1	92	190	2	2012.269204
triclosan	0.9594	-0.4112	1	57	126	2	2012
tromso	1.1208	0.1581	1	89	256	4	2008.434783
tundra	0.8826	-0.2269	1	134	398	4	2013.196825
tundra wetland	1.2069	-0.3265	1	132	404	4	2015.125
type ii	-0.7524	-0.0275	2	113	298	4	2012.035714
types	-0.0586	-0.2778	3	390	1264	19	2011.720352
ultraviolet	-1.1239	0.0803	2	119	330	3	2011.227848
ultraviolet radiation	-1.0658	0.1372	2	140	410	4	2010.317073
uncertainty	1.1694	0.3045	1	127	370	4	2013.221957
united states	0.8743	-0.0347	1	68	150	2	2011.349593
utility	0.3672	0.6057	4	39	78	2	2012.942222
utilization	0.4349	0.3422	1	204	480	6	2011.783251
uv	-0.324	0.1132	2	187	472	6	2011.051948
uv filters	0.9658	-0.3964	1	78	166	2	2014.5
uv radiation	-0.9375	0.1496	2	116	278	3	2011.105263
uv-vis	-0.6015	0.8927	4	82	204	3	2014.733333
uv-visible	-0.7382	0.7253	4	91	216	3	2013
values	0.5015	-0.1434	1	207	510	6	2010.746562
vancomycin	-0.6494	-0.6698	2	58	144	2	2014
variance	0.6167	-0.4753	1	80	172	2	2010.046067
variant	-1.0051	-0.3785	2	110	292	4	2011.814815
variations	0.6508	0.1256	1	59	120	2	2010.901917
variovorax	-1.0757	-0.1808	2	85	202	2	2013.714286
vector	-0.9512	0.3008	2	76	174	2	2010.835404
virus	0.4793	-0.273	1	61	126	2	2010.12766
viruses	0.9018	-0.1236	1	63	152	2	2012.909091
volume	1.0625	-0.0227	1	84	174	2	2010.936662
waste	0.936	0.0964	1	362	1382	15	2013.591837
waste stabilization pond	1.1425	0.3809	1	159	514	5	2017
waste water	0.9003	0.0597	1	179	460	5	2011.25
wastewater	0.9197	-0.0547	1	496	2508	30	2013.736842
wastewater stabilization ponds	1.2106	0.4221	1	72	174	2	2016.5
wastewater treatment	1.0112	-0.0593	1	297	1178	14	2015.192308
wastewater treatment plant	0.4666	-0.4078	1	96	214	3	2014.5
water	0.6193	-0.0431	1	616	3208	41	2010.775054
water quality	1.2813	-0.2119	1	151	512	5	2012.568966
water quality parameters	1.3674	-0.0012	1	83	206	2	2011.875
water samples	0.6063	-0.2235	1	277	874	12	2012.208738
water treatment	1.031	0.042	1	188	522	5	2011.2
weather	0.6974	0.441	1	62	128	2	2012.202602
wetlands	1.012	-0.3069	1	193	594	6	2014.02029
wild birds	-0.3052	-0.6384	3	75	162	2	2014.888889
wildlife	-0.1062	-0.5568	3	121	290	4	2014.821053
winter	0.6223	0.2735	1	124	274	3	2011.016141
work	-0.2642	0.4362	4	435	1580	20	2012.585814
world	0.0498	0.1208	3	170	406	6	2011.293273
wsp	1.205	0.2972	1	174	588	6	2016
wwtp	0.9046	-0.2535	1	77	178	2	2014.2
x-ray	-0.7834	0.865	4	79	196	2	2012.042017
yield	0.3228	0.525	1	84	190	3	2011.766667
zinc	-1.1259	-0.2314	2	57	136	2	2011.6875
zone	0.5667	0.5111	1	119	272	3	2010.917256
