id	x	y	cluster	weight<Links>	weight<Total link strength>	weight<Keyword count>	score<Avg year>
16s rdna	0.7832	-0.3049	3	339	1002	9	2013.518519
16s ribosomal rna	1.0373	0.0999	4	208	536	5	2013.3125
16s rrna gene	0.9076	0.3495	4	804	5944	60	2014.413989
16s rrna gene libraries	0.943	0.3311	4	201	552	5	2012.451613
3d seismic	-0.8782	-0.8259	1	380	1704	15	2012.041667
3d seismic data	-0.8273	-0.8373	1	340	1376	12	2011.666667
abundance	0.5006	0.0699	4	1074	7610	73	2012.159769
abyssal	0.4597	-0.0339	3	221	564	5	2008.271255
acceptor	0.9291	0.4626	4	387	1446	14	2012.64
access	0.5184	-0.5457	3	256	638	6	2013.769679
accumulation	-0.3558	0.4378	2	855	4514	42	2011.1675
accuracy	-0.2079	0.185	2	217	572	6	2012.031588
acetate	0.738	0.7675	4	437	1868	21	2011.825397
acidification	-0.7141	0.3123	2	258	804	7	2014.569472
acids	0.7426	0.4302	4	675	3336	31	2009.964637
acoustic	-0.9253	-0.8007	1	198	590	6	2009.018519
acoustic backscatter	-0.5848	-0.6571	1	195	514	5	2008.944444
acquisition	-0.3095	-0.6702	1	331	944	9	2012.112069
action	-0.4389	0.2184	1	257	656	7	2009.595808
activation	0.7152	0.8118	4	204	596	7	2011.521429
active seepage	-0.5819	-0.7577	1	313	976	9	2012.1
activity	0.2388	0.1421	4	1379	15836	157	2011.741747
adaptation	0.8949	-0.0926	3	477	1886	21	2013.458029
addition	0.31	0.2473	4	1068	6752	66	2012.072879
adult	0.8579	-0.6438	3	214	598	7	2009.353846
advance	-0.5085	-0.369	1	230	564	6	2012.223684
advection	-0.3635	0.0271	1	545	2320	20	2010.324162
aerobic	0.4999	0.6324	2	295	842	7	2012.965517
aerobic methanotrophic bacteria	0.5213	0.4753	4	223	656	6	2012
aerobic respiration	0.506	0.7098	2	226	580	5	2011.222222
age	-0.0128	-0.3684	3	626	2570	27	2010.368729
aggregates	0.6409	0.2581	4	317	1050	9	2009.96124
aggregation	0.3802	-0.8479	3	176	482	5	2010.006757
agreement	0.0102	0.2421	2	494	1694	19	2010.554303
air	-0.403	0.6999	2	352	1122	11	2011.976061
air-sea exchange	-0.805	0.7413	2	185	552	5	2010.454545
air-sea fluxes	-0.6556	0.8084	2	252	824	8	2011.183908
al	0.2338	-0.5321	3	302	796	8	2010.555118
alaska	-0.0774	0.6316	2	373	1224	12	2010.597746
alkalinity	-0.4412	0.4552	5	252	726	7	2012.733333
alteration	-0.3646	0.6515	5	262	758	7	2012.662651
ammonium	-0.0548	0.8343	2	498	2040	21	2011.212264
ammonium nitrate	-0.1372	0.9303	2	171	456	5	2010.666667
amphipods	0.7394	-0.5304	3	209	644	8	2008.930556
amplitude	-0.9571	-0.7245	1	236	708	7	2010.372165
anaerobic	0.4696	0.4577	4	553	2262	19	2012.16
anaerobic degradation	0.4945	0.8094	4	233	632	7	2011.727273
anaerobic methane oxidation	0.4669	0.1785	4	494	2036	18	2012.894737
anaerobic oxidation	0.3016	0.3251	4	951	8728	79	2011.658824
anaerobic oxidation of methane	0.4592	0.162	4	379	1494	13	2009.307692
analysis	0.2897	-0.1697	3	1449	18500	186	2011.656462
anatomy	0.7659	-0.7265	3	146	392	5	2013.0625
animals	0.845	-0.6013	3	414	1482	16	2012.281022
anme	0.8703	0.3475	4	350	1424	15	2013.2
annelida	0.9416	-0.7928	3	296	1326	18	2014.782609
annelids	0.9527	-0.7739	3	168	456	5	2013.571429
anomaly	-0.6801	-0.4803	1	701	3694	36	2010.997204
anomura	0.9296	-0.6815	3	169	592	10	2013.909091
anoxic	0.2857	0.4457	2	495	1710	17	2011.109091
anoxic sediments	0.541	0.645	4	303	864	9	2009.588235
antarctic	0.6203	-0.3092	3	788	4012	47	2010.797819
antarctic peninsula	0.1532	-0.202	3	263	690	8	2011.82716
antarctica	0.5965	-0.2392	3	785	3980	48	2011.220175
antarcticus	0.9656	-0.7274	3	180	462	5	2012
aom	0.3495	0.3651	4	782	5966	53	2011.438596
application	-0.0514	0.1231	2	549	2092	22	2012.361823
approach	0.1067	-0.0216	4	793	3716	41	2013.011682
aquatic environments	0.0247	0.3388	4	166	464	5	2012.515152
aquifer	-0.6449	0.487	2	189	486	5	2013.608247
aragonite	-0.5127	-0.2222	5	289	958	8	2012.255556
arc	0.8202	-0.6165	3	435	1608	16	2011.75
archaea	0.6305	0.2736	4	876	7006	69	2013.73913
archaeal communities	0.5145	0.7687	4	205	526	5	2014.78
archaeal lipids	0.2638	-0.0027	4	273	800	7	2012.818182
archipelago	-0.2735	0.2132	2	286	794	9	2011.082609
arctic	-0.0878	0.276	2	1421	20954	230	2012.189504
arctic fjord	0.4114	0.8301	4	432	1588	15	2013.583333
arctic marine	0.5417	0.756	4	537	2440	24	2013.75576
arctic mid-ocean ridge	0.6791	-0.3649	3	257	866	9	2012.882353
arctic ocean	-0.4115	0.2523	2	977	6956	70	2010.893127
arctic regions	-0.1245	0.0797	2	379	1162	13	2013.278834
arctic seas	-0.1919	0.6584	2	332	1002	13	2014.010669
arctic sediments	0.6451	0.7449	4	590	3044	33	2009.5875
arctic shelf	-0.8294	0.6379	2	583	3436	37	2011.55615
arctic svalbard	0.2173	0.6179	4	376	1284	14	2012.8125
arctic waters	-0.22	0.6048	2	305	900	10	2011.466431
arctica	-0.0095	-0.675	3	155	470	5	2013.177778
area	-0.2531	-0.2267	1	1511	24246	240	2011.37466
assemblages	0.4091	-0.5251	3	693	3262	34	2012.247588
assessment	-0.2109	-0.2343	1	565	1972	20	2013.024899
assimilation	0.7259	0.4215	4	373	1248	14	2012.629787
association	0.5944	-0.4503	3	572	2244	24	2011.081886
atlantic	0.1711	-0.4212	3	981	5844	65	2010.236737
atlantic ocean	0.277	-0.4569	3	282	818	10	2009.615463
atlantic ridge	0.1918	-0.7716	3	260	700	7	2009.058824
atlantic water	-0.2277	0.4658	2	216	592	6	2010.080056
atmosphere	-0.7323	0.4911	2	969	8768	86	2011.581199
atmospheric methane	-0.9395	0.4049	2	430	1880	17	2013.325
atribacteria	0.7513	0.5431	4	190	530	5	2017.666667
attention	-0.5465	-0.6958	1	262	678	6	2012.917808
austral summer	0.1787	-0.1398	3	164	406	5	2012.0726
authigenic	-0.1487	-0.4528	1	385	1278	9	2011.944444
authigenic carbonates	-0.4976	-0.5428	5	762	4914	40	2012.952381
autonomous underwater vehicle	-0.4492	-0.5073	1	205	546	5	2012.68
autumn	-0.7479	0.4057	2	177	474	5	2011.726708
availability	0.555	0.3241	4	796	4272	39	2012.908905
ba	-0.0622	0.2018	5	238	632	5	2011.655172
backscatter	-0.6564	-0.5913	1	389	1502	15	2011.126712
bacteria	0.7503	0.1506	4	1240	14882	161	2012.900394
bacterial	0.8224	0.2122	4	556	2344	24	2014.217252
bacterial communities	0.7328	0.4367	4	599	2710	28	2014.916667
bacterial diversity	1.0268	0.0409	4	205	572	5	2014.6875
bacterial mats	0.4773	-0.5386	3	555	2612	23	2009.88
bacterial sulfate reduction	0.2549	0.8411	4	264	808	7	2008.857143
bacterium	0.8956	0.252	4	381	1352	17	2013.137405
baffin	-0.4893	0.0984	2	250	706	6	2010.510917
baffin island	-0.5679	-0.0287	2	218	598	5	2009.5
balance	-0.1732	0.3846	2	498	1798	17	2011.539286
baltic	-0.281	0.8488	2	382	1412	14	2011.08982
baltic sea	-0.3076	0.8428	2	401	1524	15	2011.529412
barents	-0.3314	-0.5642	1	915	6566	63	2010.39816
barents sea	-0.3004	-0.6056	1	912	6638	64	2010.27735
barents sea shelf	-0.6494	-0.5909	1	343	982	7	2007.714286
barite	-0.1531	0.1151	5	330	1294	11	2010.533333
barnacle	0.9114	-0.7544	3	199	738	8	2012.238095
barrier	0.5917	-0.5736	3	278	822	8	2010.248366
basal	0.6636	-0.3253	3	161	378	5	2012.568254
basement	-0.5135	-0.3662	1	270	786	8	2010.911765
basin	-0.1279	-0.3156	1	1226	10414	104	2010.09645
bathymetric	-0.3263	-0.646	1	421	1376	13	2010.923077
bathymetry	-0.6158	-0.6985	1	413	1666	17	2011.112299
bathymetry data	-0.6298	-0.901	1	210	644	6	2013.733333
bay	-0.2716	0.4967	2	751	3820	40	2010.11814
bayesian	0.932	-0.7987	3	171	466	5	2013.796296
beaufort	0.2947	0.6153	2	393	1464	15	2010.621769
beaufort sea	0.2583	0.6474	2	369	1364	14	2010.009921
bed	0.4534	-0.1209	3	299	778	9	2012.649281
bedrock	-0.8424	-0.4915	1	259	858	9	2011.093588
beggiatoa	0.5134	-0.1843	4	385	1590	16	2008.125
behavior	-0.4985	-0.0968	1	314	928	10	2011.103784
belonging	0.7737	-0.1932	4	233	576	5	2014.117647
belt	-0.3298	0.1341	2	393	1204	10	2010.458182
benefits	-0.1059	-0.009	2	177	420	5	2014.038732
benthic	0.1551	0.6834	2	512	2182	22	2011.160714
benthic communities	0.3584	0.0794	2	476	1968	20	2010.78125
benthic fluxes	-0.1914	0.7231	2	256	698	7	2011.4375
benthic foraminifera	-0.7927	-0.5958	5	274	868	8	2011.4375
benthic mineralization	0.0281	1.0692	2	245	884	8	2005.875
benthos	0.4981	-0.1255	3	211	528	6	2011.247312
bering	-0.0166	0.3056	5	488	2008	21	2009.747987
bering sea	-0.0955	0.5679	5	410	1678	17	2009.417822
bering strait	-0.0114	-0.3879	3	176	452	5	2011.176923
bi	0.9293	0.4934	4	120	334	5	2011.733333
biodegradation	-0.5435	-0.2193	1	199	516	5	2014.342466
biodiversity	0.556	-0.6509	3	365	1212	12	2013.864286
biofilm	0.8067	0.2988	4	206	530	7	2014.671642
biogenic	-0.4918	-0.1593	1	344	1006	10	2011.609375
biogenic methane	-0.787	-0.1568	1	365	1206	12	2015.647059
biogeochemical	0.0814	0.3207	5	318	1056	10	2013.144444
biogeochemical cycles	-0.1598	0.6481	2	204	490	5	2013.854651
biogeochemical processes	-0.0274	0.6787	2	570	2316	20	2013.733333
biogeochemistry	0.3913	0.6183	4	504	1970	19	2014.025316
biogeography	0.8009	-0.6362	3	424	1790	19	2012.833333
bioirrigation	0.0712	0.343	2	229	612	6	2008.875
biological	0.4277	0.0318	4	188	442	5	2012.548387
biological communities	0.1797	-0.6638	3	237	656	6	2013.323529
biological processes	0.2094	0.2027	2	265	704	6	2011.762963
biology	0.428	-0.6241	3	226	596	7	2011.284153
biomarker	0.34	-0.0463	4	608	3024	28	2012.628169
biomass	0.6229	0.1808	4	637	3268	33	2012.021332
biosphere	6e-04	0.4053	5	372	1192	11	2012.234848
biota	0.2749	-0.3413	3	320	912	9	2010.887755
bioturbation	0.288	0.737	2	417	1562	14	2008.928571
bivalve	0.4293	-0.7025	3	630	3438	42	2012.816667
bivalve species	0.3286	-0.7503	3	172	418	5	2014.25
bivalvia	0.5082	-0.719	3	280	892	13	2011.5
black	0.3084	0.1457	4	567	2284	22	2012.681373
black sea	0.2956	0.3836	4	465	1748	18	2010.685185
black shales	-0.3611	-0.4649	1	168	414	5	2009.75
bloom	0.1053	0.938	2	317	1082	11	2012.055462
body	0.3018	-0.5501	3	404	1322	15	2011.227462
bone	0.8284	-0.6053	3	264	848	11	2010.925926
border	-0.2832	-0.5045	1	237	616	6	2011.672897
boreal	0.0872	-0.5701	3	180	544	7	2012.614137
bottom currents	-0.7413	-0.2701	1	183	462	5	2008
bottom sediments	-0.4422	0.3419	2	440	1664	20	2010.605263
bottom water	-0.5656	0.339	2	1002	7352	67	2008.220624
bottom water temperature	-0.9579	-0.1045	1	322	1070	10	2011.571429
boundary	0.0514	-0.4338	3	553	1988	22	2008.420868
box model	-0.5957	0.7404	2	221	654	6	2006.816327
bp	-0.0837	-0.4883	5	587	2518	23	2012.006369
brachiopods	0.2629	-0.8885	3	140	440	6	2014.692308
bransfield	0.6599	-0.4375	3	271	886	9	2008.929577
bransfield strait	0.6584	-0.4391	3	271	886	9	2008.107692
breccia	-0.0405	-0.777	3	177	450	5	2006.375
brine	0.15	-0.2306	5	333	924	9	2008.817204
bsr	-0.9868	-0.8029	1	396	1820	16	2009.764706
bubbles	-0.977	-0.1057	1	612	3626	34	2010.153846
budget	-0.57	0.5242	2	701	3628	36	2011.153068
buor khaya bay	-0.7177	0.7647	2	191	566	7	2014.266667
burial	-0.1592	0.8556	2	485	2158	17	2012.020619
burrows	0.2435	0.293	5	271	710	7	2007.090909
c-13	-0.1791	-0.1091	5	1056	7772	68	2013.180371
c-14	-0.8493	-0.3677	5	260	700	6	2010.938406
c/n ratio	0.2828	1.0073	2	247	802	8	2011.188679
ca	0.2718	0.1775	5	317	940	8	2010.753333
calcite	-0.2987	-0.1463	5	364	1412	14	2011.090909
calcium	-0.4814	0.5321	5	229	670	5	2011.801325
caldera	0.8858	-0.7222	3	321	1084	11	2014
california	0.5332	-0.4014	3	369	1156	13	2009.673387
camera	-0.1496	-0.7415	1	205	576	5	2013.671756
canada	-0.4312	0.0556	2	400	1314	13	2011.058788
canadian	0.3032	0.0339	5	179	508	6	2010.480463
canyon	-0.0525	-0.5978	3	226	572	5	2010.723005
capabilities	0.812	-0.4993	3	313	832	8	2013
capacity	0.2247	0.0652	4	384	1180	12	2013.094099
carbon	-0.0075	0.4222	2	1483	24772	242	2013.107259
carbon assimilation	0.9325	0.5448	4	166	448	5	2013.52381
carbon budget	-0.5926	0.1648	1	209	556	5	2012.466216
carbon burial	-0.1376	1.0349	2	274	894	7	2012.521739
carbon content	0.1812	1.0714	2	184	506	5	2012.688
carbon cycle	-0.3169	0.4895	2	395	1244	11	2014.082353
carbon cycling	0.094	0.8209	2	520	2032	17	2014.143411
carbon degradation	0.2868	1.0568	2	181	516	6	2012.428571
carbon dioxide	-0.4667	0.488	2	561	2484	26	2013.148903
carbon fixation	0.9893	0.0873	4	201	546	6	2013.907692
carbon flux	0.1419	0.8876	2	160	416	5	2012.72381
carbon isotope composition	-0.635	0.1437	5	441	1606	14	2012.708333
carbon isotopes	-0.1737	0.0287	5	918	6116	54	2012.083744
carbon isotopic ratios	-0.6689	0.6403	2	207	606	5	2011
carbon mineralization	0.232	1.0467	2	440	2122	18	2011.833333
carbon oxidation	0.3476	1.182	2	259	1016	10	2009
carbon source	0.6067	0.1048	4	506	1966	20	2012.515152
carbonate	-0.2243	-0.5174	5	1072	10126	95	2011.940552
carbonate formation	-0.3999	-0.1734	5	335	1068	8	2009.666667
carbonate precipitation	-0.6575	-0.3529	5	366	1262	10	2012.166667
carbonate rocks	-0.4203	-0.7472	1	188	490	5	2012.066667
carcasses	0.7603	-0.579	3	182	560	7	2010.047619
case	-0.2137	-0.2292	1	714	2962	32	2010.847835
case study	-0.2451	0.1153	1	312	794	7	2012.678179
cause	-0.9998	-0.1141	1	430	1730	15	2011.675244
cavity	0.3818	0.0144	3	237	620	6	2011.572072
cell	0.6476	0.3779	4	773	4234	46	2011.359784
cell numbers	0.6884	0.2194	4	228	678	6	2011.044444
cement	-0.1575	-0.4139	5	204	576	6	2010.130435
cenozoic	-0.2985	-0.6269	1	334	1074	10	2009.041667
central north sea	-0.6957	0.0818	1	216	630	5	2010.571429
century	-0.4419	0.1164	2	228	616	6	2012.205869
cf	0.6313	-0.8941	3	223	604	7	2011.690141
ch4	-0.5739	0.4843	2	975	8406	82	2014.017857
ch4 concentration	-0.5009	0.364	2	233	660	7	2012.826087
ch4 oxidation	-0.197	0.7331	2	253	756	7	2015.368421
ch4 production	-0.3758	0.7795	2	320	1204	12	2014.79661
chain	0.2667	0.7093	2	377	1262	12	2011.096866
challenges	-0.1822	-0.3556	1	199	480	5	2014.48237
chamber	-0.1083	-0.0332	2	339	992	11	2013.240506
changes	-0.4773	0.153	1	1247	12192	116	2012.206219
channel	-0.5152	-0.4469	1	398	1328	14	2009.903036
characteristics	0.0741	-0.1329	1	865	4434	46	2010.936545
characterization	0.4315	-0.2774	3	554	1894	19	2012.72969
characters	0.759	-0.7591	3	232	700	9	2010.632353
chemical	0.1379	0.2124	5	638	2454	24	2011.607029
chemical composition	0.2477	0.1424	5	205	578	7	2012.512915
chemistry	-0.0733	0.2087	5	529	2024	18	2012.465976
chemoautotrophic	0.5401	0.0143	3	182	426	5	2016.222222
chemoautotrophic bacteria	1.002	-0.4988	3	157	406	5	2013.285714
chemoautotrophy	0.8609	-0.0465	3	201	512	5	2014.555556
chemosymbiosis	0.6856	-0.8717	3	151	386	5	2015.6
chemosynthesis	0.8228	-0.211	3	348	1172	11	2014.571429
chemosynthetic	0.7779	-0.6479	3	264	872	9	2013.888889
chemosynthetic ecosystems	0.6713	-0.7064	3	431	1678	18	2013.85
chemosynthetic organisms	-0.1229	-0.864	1	226	594	5	2013
chile	-0.2581	0.0217	5	228	544	6	2012.697531
chimneys	0.0282	-0.6478	1	770	4140	39	2011.253521
china	-0.7248	-0.2623	1	191	482	5	2013.948798
chronology	-1.1417	-0.5464	5	244	900	7	2010.47
chukchi	-0.6109	0.6475	2	290	1064	11	2012.695271
chukchi sea	-0.7145	0.6356	2	282	996	10	2012.877751
circulation	-0.2997	-0.0328	1	491	1674	15	2010.44219
clam	0.5278	-0.5589	3	446	1730	16	2012.935484
classification	-0.5014	-0.5667	1	218	572	7	2011.561043
clathrate	-0.7904	0.0118	5	247	712	7	2008.282609
clay	-0.5178	-0.1569	5	410	1360	12	2009.622093
clay minerals	-0.4943	0.217	5	239	686	5	2008.6
climate	-0.7967	0.1483	1	840	5892	56	2012.847305
climate change	-0.9036	0.1154	1	617	3256	31	2013.106897
climate model	-1.1839	-0.1739	1	185	626	6	2013.16224
climate warming	-1.1258	0.1259	1	202	622	6	2013.628339
clone libraries	0.9816	0.411	4	294	886	9	2011.256198
clones	0.9906	0.3289	4	284	874	9	2011.167665
cluster	0.2674	-0.2425	4	495	1700	20	2011.949896
co	0.4298	0.2123	4	275	752	8	2011.599291
co2	-0.1051	0.4485	2	816	4278	44	2013.165022
co2 concentrations	-0.401	0.7612	2	206	564	5	2012.696319
co2 flux	-0.5812	0.6583	2	200	578	5	2014.428571
coast	0.1328	0.3997	4	622	2580	28	2010.134684
coastal	-0.2598	0.8172	2	492	1958	18	2010.739865
coastal areas	-0.3414	0.5061	2	418	1454	14	2012.54386
coastal marine	0.1347	1.068	2	255	692	6	2012.349206
coastal sediments	0.2511	0.8931	2	294	858	9	2009.054054
coastal waters	-0.4333	0.7587	2	311	986	9	2011.971338
coastal zone	-0.511	0.5422	2	215	586	7	2011.138158
coastline	-0.616	-0.1019	1	203	510	5	2010.273529
coi	0.9889	-0.8257	3	297	1276	16	2013.934783
cold	0.6938	-0.2569	3	589	2558	24	2011.824903
cold methane seeps	0.5689	-0.5388	3	186	500	6	2013.333333
cold seeps	0.4565	-0.4728	3	1053	9416	91	2012.24
cold water	0.1136	-0.2611	3	248	580	5	2009.137255
collection	0.2816	-0.5417	3	288	784	10	2011.129412
colonization	0.7446	-0.7317	3	269	780	9	2010.8
column	-0.5189	0.347	2	1282	14210	130	2010.224159
community	0.6021	0.1829	4	1324	18286	187	2013.620087
community analysis	0.8789	0.0999	4	189	480	5	2015
community composition	0.6511	0.4444	4	482	1900	18	2014.941973
community structure	0.7116	0.1683	4	649	3238	30	2013.563433
comparative study	0.2741	0.3629	2	234	574	5	2011.487179
comparison	0.341	-0.1338	3	840	4366	47	2010.70057
competition	0.6116	0.9815	4	193	536	5	2011.637209
complex	-0.1679	-0.5118	1	754	3526	33	2011.908387
composition	0.1405	0.1035	5	1268	12564	122	2012.45256
compounds	0.4896	0.5113	4	608	2538	28	2012.161238
concentrations	-0.1565	0.4773	2	1452	22018	215	2011.643222
conduit	-0.6312	-0.5992	1	515	2144	21	2012.589041
congeners	0.9954	-0.7556	3	171	450	5	2013.24
congo	-0.1522	-0.7417	1	261	768	7	2012.482759
connectivity	0.7506	-0.808	3	333	1120	12	2015.170984
consequences	-0.1054	0.0026	1	339	982	10	2012.275862
consortia	0.8332	0.371	4	380	1694	18	2012.83871
consortium	0.2379	0.1551	4	304	942	9	2013.425
constraints	-0.4391	0.0696	1	412	1356	13	2011.060453
consumption	0.0127	0.7098	2	856	5388	52	2011.012232
consumption rates	-0.0584	1.0132	2	351	1268	12	2009.561404
contact	0.0689	-0.4168	1	398	1110	12	2011.307692
content	0.1319	0.4858	2	814	4266	46	2011.761593
continental	-0.5371	0.0252	1	802	4254	40	2010.243993
continental margins	-0.5906	-0.1605	1	861	4834	44	2010.39759
continental shelf	-0.5507	0.3947	2	604	2612	23	2010.424501
continental shelves	-1.054	0.2066	1	302	1026	10	2010.369565
continental slope	-0.4223	-0.1325	1	746	3682	39	2008.694097
contrast	0.2514	0.1694	4	965	5314	53	2011.509677
control	-0.1943	-0.0634	1	921	5466	54	2012.474255
convergence	0.6606	-0.3825	3	317	944	9	2010.408056
conversion	0.1004	0.7603	2	180	460	5	2010.995798
core	-0.2765	0.0595	5	1228	12328	117	2010.446523
coring	-0.7189	-0.5418	1	309	966	8	2011.869565
correlation	-0.1298	0.1989	2	754	3344	32	2011.333794
counts	0.6715	0.5124	4	239	664	8	2011.546099
coupling	0.1112	0.7285	2	444	1558	14	2011.935532
cover	-0.2781	0.1663	2	643	2722	25	2011.664763
coverage	-0.485	0.1671	1	310	870	9	2012.329283
crab	0.9035	-0.6928	3	362	1418	15	2011.690476
cracks	-0.1577	-0.7122	1	239	594	5	2011
crater	-0.4253	-0.623	1	329	1068	11	2010.333333
crest	-0.6392	-0.6955	1	289	840	7	2006.581081
cretaceous	0.0199	-0.8468	3	480	2240	28	2012.35
cruise	-0.3763	-0.1187	1	517	1866	21	2008.733524
crust	-0.2914	-0.2668	1	555	2096	18	2010.24359
crustacea	0.7037	-0.5593	3	172	422	6	2007.666667
crustaceans	0.6767	-0.6937	3	275	752	8	2009.645833
crystals	-0.1673	0.01	5	242	622	5	2009.139752
cu	0.3005	0.1076	5	186	514	5	2012.168831
culture	0.7763	0.6069	4	559	2890	34	2011.379653
current	-0.2761	-0.1829	1	723	3108	32	2008.757215
cycle	-0.0208	0.3088	4	950	5602	57	2011.47296
cycling	0.0609	0.7564	2	901	6134	55	2014.035763
cytochrome	1.1172	-0.4446	3	217	702	9	2014
cytochrome c	0.9835	-0.8094	3	260	968	11	2013.966667
cytochrome c oxidase	0.9842	-0.8105	3	260	968	11	2014.071429
data	-0.3595	-0.2678	1	1495	23466	237	2011.015066
data sets	-0.8605	0.3046	2	276	776	7	2011.63144
dataset	-0.4894	-0.8062	1	363	1102	10	2012.68054
date	0.4521	-0.6009	3	566	2092	20	2012.087051
debris	-0.547	-0.749	1	247	706	8	2009.221983
decapoda	0.9341	-0.6898	3	153	478	7	2011.545455
decay	-1.165	-0.2852	1	211	546	5	2010.074434
decline	0.2342	0.7634	2	210	550	7	2013.254217
decomposition	-0.1868	-0.1331	1	486	1750	16	2012.585736
deep	-0.0114	-0.066	5	729	3288	30	2008.172697
deep biosphere	0.1675	0.5926	5	338	1184	12	2014.263158
deep ocean	-0.0593	-0.4217	1	288	776	6	2011.244019
deep sea	0.6713	-0.4195	3	1114	10002	105	2010.4
deep sediment	0.2123	0.7539	4	212	522	5	2012.1
deep subsurface	0.1488	0.6203	4	276	772	7	2012.714286
deep water	-0.0597	-0.1887	3	793	3588	36	2008.094223
deep-sea sediments	0.5793	0.4331	4	371	1212	11	2011.413043
degassing	-0.828	-0.4601	1	302	968	9	2009.15
deglaciation	-0.7734	-0.6429	1	424	1732	15	2010.986813
degradation	0.1438	0.6911	2	841	5186	54	2013.464824
degradation rates	-0.1027	1.0482	2	204	550	5	2013.465116
delta	-0.2404	0.0738	5	983	6212	59	2010.255844
deltaproteobacteria	0.8879	0.2691	4	423	1648	17	2014.825
denitrification	0.0434	1.0227	2	417	2152	22	2011.339806
density	0.1942	-0.4517	3	794	3746	38	2009.879211
dependence	0.6752	0.1536	3	351	1050	12	2010.591411
depletion	-0.1899	0.3146	5	471	1904	18	2011.778068
deposition	-0.3673	0.1691	5	591	2542	24	2012.094256
deposits	-0.3977	-0.4417	1	943	5946	62	2011.200561
depression	-0.6388	-0.3496	1	635	2866	27	2010.355769
depth	-0.0487	-0.0466	5	1492	22590	216	2010.672402
depth range	0.3898	-0.3627	3	288	784	7	2008.915888
description	0.8993	-0.5602	3	351	1282	19	2009.996622
desulfobulbus	0.9907	0.4695	4	215	652	7	2010.625
desulfotomaculum	1.0483	0.5688	4	161	460	5	2012.4
desulfovibrio	1.0553	0.6421	4	141	398	5	2007.4
detail	-0.4413	-0.453	1	218	598	5	2011.078886
detection	0.1651	0.2109	4	544	2172	27	2012.417625
detection limit	0.0911	0.4483	4	240	728	8	2011.952381
determination	0.1046	0.5184	2	317	926	10	2010.57381
detritus	0.5845	-0.0497	3	257	700	7	2009.630137
development	0.0705	-0.3347	3	855	3884	42	2011.773084
diagenesis	-0.3337	0.3405	5	610	2758	27	2009.21875
diagenetic processes	-0.4394	0.4462	5	338	1064	9	2010.526316
diagnosis	0.8845	-0.7555	3	143	378	5	2012
diameter	-0.1225	-0.5808	1	616	2492	25	2010.091346
diapirs	0.0562	-0.6142	1	265	792	7	2010.75
dic	-0.5207	0.7863	5	539	2748	22	2012.614865
diet	1.008	-0.5117	3	150	418	5	2009.963303
difference	-0.1847	0.0225	2	384	1132	14	2011.163032
differentiation	0.7853	-0.4596	3	386	1220	13	2012.476471
diffusion	-0.2283	0.7195	2	571	2682	26	2008.759067
diffusive flux	-0.4513	0.7432	2	233	640	7	2011.266667
dilution	-0.0358	0.5	5	348	992	9	2009.094828
direct	-0.0286	0.1693	1	245	580	5	2011.421384
discharge	-0.6488	0.3323	2	721	3792	36	2012.354474
discovery	0.2134	-0.7065	3	695	3078	30	2012.116822
discrepancies	-0.6114	0.5046	2	245	648	6	2011.321353
dispersal	0.6959	-0.5036	3	584	2428	24	2011.394973
dissimilatory sulfate reduction	0.6921	0.5675	4	197	586	7	2013.166667
dissociation	-1.0864	-0.263	1	642	3918	35	2012.69186
dissolution	-0.5893	0.0819	5	523	2206	19	2010.989744
dissolved	-0.4075	0.7433	2	398	1666	17	2012.616949
dissolved inorganic carbon	-0.3783	0.6964	2	174	444	5	2012.541667
dissolved methane	-0.5701	0.6213	2	210	778	9	2011.666667
distance	0.716	-0.2402	3	584	2252	22	2011.010448
distribution	0.0089	-0.0196	2	1421	15162	157	2010.907306
distribution patterns	0.499	-0.0748	3	249	630	6	2010.866972
disturbance	-0.6257	-0.4514	1	327	954	9	2011.750678
divergence	0.9452	-0.6757	3	254	834	9	2010.679372
diversification	0.8638	-0.3392	3	228	610	6	2011.391304
diversity	0.7686	-0.0698	3	963	6936	72	2013.553494
dna	0.9391	-0.2058	3	333	1088	15	2012.62578
doc	-0.3861	0.8216	2	274	848	8	2012.69379
dolomite	-0.3593	0.3693	5	234	666	6	2009.181818
dome	-0.3469	-0.3544	1	227	548	5	2009.974138
dominance	0.6821	-0.1154	3	396	1244	12	2012.29375
dorvilleidae	0.9494	-0.6733	3	195	572	8	2010.875
drainage	-0.1363	6e-04	1	207	530	5	2012.254459
drift	-0.8772	-0.8129	1	212	648	6	2009.705986
drilling	-0.4269	0.2622	5	505	2214	20	2011.883459
drivers	0.0614	0.8441	2	246	676	6	2015.864011
duration	-0.6713	-0.2039	1	284	770	8	2012.189258
dynamics	-0.4782	0.2618	2	880	4596	44	2012.382241
early cretaceous	-0.0852	-0.9254	3	239	750	8	2012.636364
early diagenesis	-0.1377	0.7777	2	302	946	9	2008.25
earth	-0.0319	-0.0044	4	579	2142	22	2012.416212
east	0.1991	-0.3194	3	1008	7080	80	2011.088561
east pacific	1.0404	-0.729	3	219	812	9	2009.929577
east pacific rise	1.0311	-0.7155	3	206	740	8	2008.75
east scotia ridge	0.9814	-0.7117	3	360	1734	17	2015.411765
east siberian arctic	-0.9152	0.6967	2	359	1612	16	2014.723404
east siberian arctic shelf	-0.9069	0.7405	2	342	1526	15	2014.368421
east siberian sea	-0.8618	0.7482	2	248	916	10	2012.258427
eastern	-0.5396	0.2143	2	420	1352	14	2011.347648
eastern arctic	-0.8171	0.5083	2	79	202	5	2009.023256
ebullition	-1.0129	0.3674	2	295	1124	13	2013.886364
echo sounders	-0.7274	-0.4561	1	298	914	10	2010.433333
echosounder	-0.777	-0.5658	1	348	1318	13	2014.15
echosounder data	-0.9707	-0.4889	1	218	660	6	2016.166667
ecology	0.756	-0.507	3	554	2272	25	2012.514768
ecosystem	0.5747	-0.2112	3	1034	7382	73	2013.530062
effects	-0.1745	0.4279	2	1061	7304	77	2011.624055
efficiency	-0.2054	0.6755	2	496	1860	19	2012.80663
efflux	-0.5276	0.6786	2	450	1672	16	2013.130435
effort	0.2815	-0.3694	3	229	574	7	2012.512579
eggs	0.7894	-0.8	3	149	386	5	2006.792208
elbe	-0.1888	0.977	2	149	480	5	2014.2
electron	0.8112	0.3302	4	767	4678	51	2011.572917
electron donor	0.9535	0.4416	4	265	850	10	2013.615385
electron microscopy	0.7065	-0.5173	3	342	1034	12	2011.367742
electrophoresis	0.5451	0.8697	4	187	508	5	2010.931507
elemental sulfur	0.7935	0.5307	4	267	808	8	2009.222222
elements	-0.0687	0.1714	5	680	2968	28	2011.89258
emissions	-0.6102	0.2019	2	1074	10404	100	2013.550741
end-member	-0.2801	0.2171	2	284	696	6	2010.849315
endemic fauna	0.8138	-0.6316	3	216	614	6	2014
endosymbionts	1.0073	-0.4682	3	353	1216	12	2013.384615
energy	0.6411	0.0275	4	815	4392	46	2011.753532
energy source	1.0442	-0.1813	4	234	702	8	2012.242718
enhanced	-0.9264	0.2047	1	181	444	5	2012.845902
enrichment	0.2888	0.3178	4	648	2948	31	2011.973485
enrichment cultures	1.0174	0.5601	4	209	594	7	2012.631579
environment	0.3291	0.0743	3	1418	16278	167	2012.515563
environmental	0.1875	0.395	2	254	632	7	2010.845217
environmental changes	-0.6451	-0.1335	1	285	852	8	2013.895683
environmental conditions	0.6341	-0.2491	3	362	1032	10	2013.912338
environmental factors	0.7775	0.3067	4	220	602	6	2013.842444
environmental settings	0.1274	-0.5891	3	191	466	5	2014.925926
enzyme	0.9467	0.545	4	213	622	8	2013.452991
eocene	-0.0873	-0.7416	1	445	1614	17	2011.117647
episode	-0.7859	-0.4607	5	238	674	7	2011.017391
epsilonproteobacteria	0.8769	0.0108	4	306	972	9	2015.2
equatorial pacific	0.2304	0.659	2	189	546	5	2010.531915
equilibrium	-0.3017	0.6073	2	542	2256	21	2010.171186
erosion	-0.7421	-0.1854	1	494	1896	19	2011.871716
eruption	-0.6494	-0.4544	1	349	1240	12	2009.934211
escape	-0.8375	-0.5507	1	585	2728	24	2010.430556
esr	1.0741	-0.7566	3	247	960	9	2014.583333
establishment	0.6842	0.041	4	258	668	7	2011.445578
estimate	-0.4958	0.0372	1	375	1148	11	2010.903093
estuary	-0.1937	0.7571	2	370	1314	13	2010.621212
ethane	-0.7046	-0.6728	1	341	1156	9	2011.514286
ethanol	0.9238	0.6866	4	168	442	5	2011.214286
europe	0.0457	0.0289	2	258	734	9	2011.79689
european	0.1215	0.35	2	287	764	6	2011.362949
euryarchaeota	0.2555	0.3895	4	177	448	5	2015.6
evaluation	-0.2827	-0.1514	1	179	392	5	2013.100503
events	-0.3838	-0.539	5	780	4666	44	2012.030986
evolution	-0.3853	-0.4955	1	819	4220	41	2012.05694
excess	-0.3301	0.975	2	209	574	5	2008.657895
exchange	-0.2909	0.752	2	671	3328	32	2010.706601
excursions	-0.7975	-0.1033	5	368	1354	12	2009.960784
expansion	0.1742	-0.8377	3	204	518	5	2012.969492
expedition	-0.1009	0.1673	5	795	4266	43	2010.922432
experiments	0.4121	0.5222	4	841	4588	50	2011.075205
explanation	-0.0383	-0.2435	1	318	812	9	2009.867769
exploration	-0.1207	-0.478	1	571	2192	20	2011.678466
export	-0.4314	0.9155	2	303	1046	11	2011.295396
exposure	0.022	0.2896	4	223	548	5	2012.977505
expression	-0.2275	-0.6173	1	325	982	10	2012.171315
expulsion	-0.6849	-0.6158	1	512	2144	21	2010.264706
extension	0.4578	-0.219	3	221	520	6	2010.251641
extent	-0.2402	-0.0544	1	672	2900	27	2011.835219
extraction	-0.0798	0.6068	2	220	608	8	2013.323651
extreme environments	0.7507	-0.4724	3	209	550	6	2013.673913
eye	0.578	-0.704	3	192	468	6	2009.896552
fabric	-0.1503	-0.4296	1	183	476	5	2009.649123
facies	-0.4089	-0.3514	1	213	522	5	2007.653061
failure	-0.8535	-0.3842	1	307	958	9	2011.859477
fall	0.543	-0.5514	3	376	1288	15	2011.228402
family	0.6902	-0.427	3	576	2450	33	2012.315615
fan	0.024	-0.6457	1	460	1828	17	2010.271845
fate	-0.71	0.2269	2	499	2102	19	2012.348684
fatty acids	0.8161	0.3833	4	674	3546	35	2009.789855
fault	-0.7684	-0.6982	1	725	4738	43	2011.869565
faulting	-0.6022	-0.7873	1	285	852	8	2011.952381
fauna	0.501	-0.5714	3	932	6148	69	2011.230769
faunal assemblages	0.5275	-0.8283	3	255	786	7	2011
fe	0.2666	0.7288	2	595	2868	29	2012.054167
fe reduction	0.2263	0.8139	2	215	570	5	2011
features	-0.1933	-0.5983	1	1005	6808	70	2010.384646
feedback	-0.9319	0.2919	2	343	1214	11	2013.003957
fermentation	0.8084	0.7646	4	387	1610	16	2013.119403
fermentation products	1.0589	0.7265	4	134	426	5	2009.333333
field	0.091	-0.4711	3	1257	11564	123	2010.533445
field data	-0.1638	-0.0945	2	262	664	7	2011.688136
field observations	0.4447	0.1422	4	170	404	5	2011.242424
filaments	0.8989	0.0892	4	178	484	7	2009.982759
filter	0.568	-0.386	3	285	860	8	2011.920139
fingerprints	0.5454	0.3635	4	360	1134	11	2013.054726
fish	0.6771	-0.1047	3	447	1516	15	2010.064516
fixation	0.8657	0.1723	4	268	786	10	2013.7
fjord	0.3347	0.7282	4	712	4034	42	2013.427767
fjord sediments	0.7415	0.7996	4	273	964	10	2012.740741
fjord system	-0.8439	-0.2474	1	213	632	6	2014.815789
flares	-1.034	-0.4653	1	545	2692	23	2014.806452
flow	-0.2589	-0.4991	1	1230	12636	116	2010.017411
flow rate	-0.7145	-0.3127	1	349	1238	12	2011.462366
fluctuations	-0.4896	0.3089	5	349	1114	12	2009.816514
fluid	-0.4221	-0.5122	1	1262	15394	142	2009.934901
fluid escape	-0.8413	-0.7537	1	266	846	8	2013.2
fluid flow	-0.642	-0.5665	1	958	7894	70	2011.944444
fluid flow system	-1.096	-0.7174	1	245	782	6	2017
fluid migration	-0.9162	-0.6996	1	460	2058	20	2013.214286
fluorescence	0.9792	0.2368	4	445	2004	20	2012.243386
flux	-0.4628	0.4526	2	1316	17916	169	2010.974387
focus	-0.4031	-0.5389	1	291	796	7	2012.93921
food	0.8194	-0.2191	3	529	2412	26	2012.031915
food web	0.8981	-0.3637	3	283	988	11	2013.363874
foraminifera	-0.6442	-0.5451	5	495	2514	22	2011.592
foraminiferal tests	-0.8999	-0.4786	5	243	986	8	2013.181818
foraminifers	-0.8521	-0.4757	5	194	556	5	2012.148148
force	-0.2559	-0.5508	1	257	662	6	2011.140909
forcing	-1.1098	0.0247	1	238	644	5	2011.371506
formate	0.9949	0.6873	4	170	558	7	2009.954545
formation	-0.4467	-0.269	1	1271	12998	132	2010.511811
fossil	0.1494	-0.6989	3	390	1390	18	2010.893617
fraction	0.0117	0.6703	2	828	4482	45	2011.553026
fractionation	-0.0633	0.5093	4	487	1996	19	2011.073171
fracture	-0.171	-0.1619	2	495	1726	16	2011.127273
fracture zones	0.1835	0.0796	2	308	900	8	2007.271028
fragments	0.8099	-0.4227	3	288	830	8	2010.917127
fram strait	-0.4893	-0.753	5	302	1058	9	2009.019324
framework	0.0907	-0.2137	5	449	1358	12	2013.208431
free gas	-0.7572	-0.4563	1	674	3596	33	2010.125
frequency	0.3285	-0.569	3	356	1078	11	2011.174374
freshwater	-0.2984	0.5717	2	547	2358	23	2011.825688
freshwater lakes	0.8588	0.5545	4	148	420	5	2013.1875
front	-0.2559	-0.0293	2	479	1656	16	2009.508357
fuel	-0.2803	0.0859	1	252	690	7	2012.496479
function	0.6226	-0.1777	3	409	1228	15	2010.972155
future	-0.9364	-0.0911	1	295	954	10	2013.712684
galapagos	1.0008	-0.7863	3	177	608	7	2011.307692
gammaproteobacteria	0.9691	-0.121	3	392	1366	14	2014.717742
gap	0.109	-0.4045	3	293	746	8	2012.915572
gas	-0.6881	-0.2492	1	1372	27284	266	2012.319686
gas bubbles	-0.9632	-0.1702	1	492	2414	22	2012.117647
gas chimneys	-0.8502	-0.6759	1	371	1346	12	2013.9375
gas chromatography	0.1472	0.5763	2	154	392	5	2010.857143
gas composition	-0.9242	-0.5257	1	185	524	5	2011.033333
gas emissions	-0.8724	0.0277	1	486	2194	19	2014.400901
gas flares	-1.0359	-0.6399	1	442	1844	15	2014.1
gas fluxes	-0.834	0.0299	1	341	1198	11	2013.433962
gas hydrate dissociation	-1.1438	-0.4513	1	353	1494	14	2014.242424
gas hydrate stability	-1.0668	-0.5133	1	620	3862	35	2012.153846
gas hydrate stability zone	-1.0258	-0.52	1	545	2954	28	2012.540541
gas hydrate system	-0.9586	-0.7748	1	267	882	8	2014.764706
gas hydrates	-0.8133	-0.4285	1	1095	13270	125	2011.738267
gas seepage	-0.7556	-0.4081	1	590	2700	22	2013.24
gas seeps	-0.5382	-0.3766	1	484	1870	18	2010.666667
gases	-0.376	-0.2963	1	839	4694	44	2012.066763
gastropoda	0.8699	-0.884	3	150	432	6	2011.35
gastropods	0.6958	-0.7955	3	524	2556	30	2012.41791
gel	0.5458	0.8692	4	187	508	5	2010.823529
gel electrophoresis	0.5447	0.8704	4	187	508	5	2011.217391
gen. nov.	0.8132	-0.6673	3	194	516	6	2013.75
gene	0.9364	-0.0907	3	981	8452	92	2014.058192
gene flow	0.9238	-0.8619	3	196	614	6	2010.744186
gene sequence	1.2184	0.3572	4	193	676	8	2012.678571
genera	0.8382	-0.2604	3	660	3098	35	2012.72679
generation	-0.0347	-0.2145	1	524	1964	19	2012.050847
genetic	1.0421	-0.8032	3	148	432	5	2010.444444
genome	0.9526	0.0723	4	234	736	10	2015.25641
genus	0.8193	-0.5546	3	699	4274	56	2012.443439
geochemical	-0.3141	0.0861	1	405	1376	14	2011.369231
geochemical analyses	-0.329	-0.0937	1	294	814	7	2015.35
geochemical characteristics	-0.5802	-0.3887	1	226	596	5	2009.866667
geochemical data	-0.5825	-0.5105	5	306	922	7	2012.592593
geochemistry	-0.0216	0.0942	5	725	3494	33	2011.778947
geographic distance	0.9879	-0.1201	3	181	506	5	2014.2
geographic range	0.8188	-0.7898	3	172	456	5	2012.7
geology	-0.4912	-0.6577	1	326	968	9	2011.073333
geometry	-0.4392	-0.3668	1	209	542	7	2011.419355
geophysical data	-0.9695	-0.7666	1	162	442	5	2013.1875
georgia	0.5044	-0.3468	3	223	536	5	2008.793103
geothermal gradient	-1.0355	-0.6176	1	200	664	6	2011.314286
germany	-0.1263	0.7141	2	251	696	8	2011.132743
ghsz	-1.1138	-0.612	1	298	1178	11	2011.939394
gigantopelta	1.0314	-0.6719	3	183	522	5	2016.6
gill	0.839	-0.6506	3	277	898	12	2012.475
glacial	-0.6898	-0.3323	5	407	1518	13	2011.612378
glacial maximum	-0.9619	-0.6103	5	242	812	7	2011.882521
glacial sediments	-0.8113	-0.4402	1	251	694	6	2012.1875
glacial-interglacial	-0.9466	-0.3502	1	245	678	6	2011.028037
glaciation	-0.9234	-0.5837	1	348	1260	12	2009.656667
glacier	-0.3429	0.1542	1	361	1016	9	2012.551157
global climate	-0.702	-0.2607	1	277	832	8	2012.960148
global methane budget	-0.7703	0.5018	2	195	548	5	2012
gradient	0.05	0.1819	4	910	5528	52	2011.354256
grain	0.1063	0.2828	2	315	848	10	2011.304833
grain size	0.0274	0.6652	2	181	448	5	2011.854054
gravity	-0.5712	-0.604	1	537	2514	23	2010.857664
gravity cores	-0.5164	-0.4998	5	409	1572	14	2011.318182
greenhouse	-0.6023	0.2433	1	705	4060	39	2012.619866
greenhouse gas	-0.6247	0.253	1	659	3600	34	2013.545016
greenhouse gas emissions	-1.0438	0.1905	1	230	644	5	2014.455556
greenhouse gases	-0.4278	0.3315	2	198	566	6	2012.497653
greenland	0.0959	0.5247	2	573	2424	27	2011.434214
greenland sea	-0.0713	-0.4375	5	235	610	6	2005.833811
groundwater	-0.7896	0.4878	2	224	686	8	2013.564784
groundwater discharge	-0.724	0.5787	2	179	534	6	2014.285714
group	0.6864	-0.1362	4	723	3716	41	2011.722362
growth	0.7047	0.356	4	670	3272	37	2011.406319
growth rate	0.9919	0.6268	4	149	406	5	2010.818356
guaymas basin	0.9582	0.2382	4	218	650	8	2013.625
h-2	0.6512	0.4607	4	256	724	9	2014.017857
habitat	0.6489	-0.3144	3	1014	7904	84	2012.561584
hakon mosby	-0.1247	-0.4931	1	520	2616	27	2008.321429
hakon mosby mud volcano	-0.1232	-0.5034	1	486	2416	25	2008.730769
hammerfest	-0.8133	-0.8289	1	200	628	6	2015
hammerfest basin	-0.8125	-0.8296	1	200	628	6	2013.666667
hand	-0.4728	0.4659	2	184	472	5	2010.96875
haplotypes	0.9443	-0.7027	3	177	490	5	2013.452381
harbor	0.3339	0.4912	2	196	466	5	2012.964286
head	0.1062	-0.3015	3	250	598	6	2010.621429
heat	-0.6982	-0.2881	1	537	2362	21	2011.129975
heat flow	-0.7197	-0.5768	1	407	1672	14	2010.268293
height	-0.6667	-0.3936	1	267	698	7	2010.601343
heinrich	-0.7342	-0.5933	5	244	850	7	2011.948276
heinrich events	-0.851	-0.5078	5	243	802	7	2011.333333
hemisphere	0.0746	-0.6363	3	248	672	8	2010.968158
heterogeneity	0.2054	-0.14	3	559	2180	19	2014.002481
high abundance	0.9035	0.0018	4	238	592	5	2012.462687
high arctic	0.5195	0.4117	2	242	660	6	2013.319239
high latitudes	0.2242	-0.0365	3	511	1758	20	2011.932029
high productivity	-0.1457	0.5274	5	262	732	7	2011.607843
high temperatures	0.4311	-0.1346	3	516	1814	20	2011.761364
high-resolution	-0.7204	-0.419	1	904	6390	61	2012.264879
high-resolution seismic	-1.0265	-0.4832	1	335	1166	13	2011.176471
history	0.1056	-0.7452	3	545	2034	20	2011.001969
hmmv	0.0562	-0.4722	1	477	2318	21	2008.190476
hole	-0.2988	-0.0646	5	285	870	7	2010.693467
holocene	-0.8096	-0.1173	5	556	2580	24	2010.62959
holocene sediments	-0.7398	0.0451	5	289	842	9	2008.829787
horizon	-0.1821	-0.4065	1	242	646	6	2012.354286
host	0.858	-0.4826	3	484	2074	23	2013.124
hotspot	-0.5269	0.028	1	313	844	7	2015.44586
hybridization	0.9898	0.2593	4	477	2102	22	2011.061538
hydrate	-0.7848	-0.34	1	1169	15510	143	2011.620235
hydrate deposits	-0.7812	-0.2792	1	223	632	6	2010.985714
hydrate dissociation	-1.1028	-0.338	1	515	2634	24	2013.018349
hydrate formation	-1.1766	-0.2788	1	342	1270	12	2012.591837
hydrate reservoir	-1.122	-0.2384	1	196	618	7	2013.688525
hydrate ridge	0.642	0.097	4	405	1600	13	2006
hydrate stability	-1.1066	-0.4205	1	720	5620	50	2011.669173
hydroacoustic	-0.5708	-0.1587	1	232	628	6	2009.166667
hydrocarbon gases	-0.798	-0.6882	1	328	1260	11	2010.909091
hydrocarbon reservoirs	-0.7788	-0.7118	1	302	958	8	2014.6
hydrocarbon seepage	-0.4139	-0.4965	1	427	1584	13	2010.571429
hydrocarbon seeps	0.2745	-0.7476	3	508	1972	22	2013.227273
hydrocarbons	-0.21	-0.5536	1	1144	10216	103	2010.627692
hydrogen	0.7512	0.253	4	732	3952	42	2011.895706
hydrogen sulfide	0.5907	0.0293	3	451	1772	17	2009.923077
hydrolysis	0.8254	0.9454	4	163	512	5	2009.490196
hydrosphere	0.1184	0.1588	4	278	916	8	2008.375
hydrostatic pressure	-0.9703	-0.3871	1	223	630	6	2007.6875
hydrothermal	0.7745	-0.5616	3	617	3302	37	2012.164179
hydrothermal activity	0.5754	-0.4859	3	297	960	9	2009.925926
hydrothermal fluids	0.2355	-0.1735	5	376	1304	12	2011.055556
hydrothermal systems	0.4608	-0.209	4	332	1064	11	2013.05
hydrothermal vent field	0.6505	-0.6713	3	243	708	9	2013.5
hydrothermal vents	0.8804	-0.6367	3	803	6584	78	2012.37963
hypotheses	0.2369	-0.014	4	268	714	7	2011.496
hypothesis	0.3339	-0.2919	3	639	2356	23	2011.082126
ice	-0.5089	0.3787	2	987	7008	68	2011.721291
ice sheet	-0.7194	-0.3355	1	499	2012	19	2012.194459
ice shelf	-0.0992	0.8516	2	177	460	5	2011.573026
ice-cover	-0.0416	0.9632	2	397	1490	13	2011.210019
ice-free	-0.4513	0.7278	2	213	558	7	2013.322981
identification	-0.1852	-0.4477	1	490	1678	19	2011.944837
imagery	-0.1531	-0.7526	1	254	702	7	2011.982143
images	-0.1754	-0.6305	1	552	2360	24	2011.32506
imaging	-0.335	-0.6308	1	348	1008	11	2012.991398
impact	-0.0536	0.0876	2	928	5188	50	2013.206627
implications	-0.0409	-0.293	3	791	3552	37	2011.871583
in situ temperature	-0.8776	-0.4701	1	190	570	5	2012.785714
in-situ	-0.3516	-0.0072	1	397	1400	13	2013.712
inclusion	-0.268	-0.2987	1	187	446	5	2010.77907
incorporation	0.186	-0.0069	5	385	1232	12	2011.174419
incubation	0.4724	0.8016	4	772	4940	50	2012.64375
index	0.3183	-0.3677	3	219	548	6	2011.380952
indian ocean	0.8793	-0.5829	3	319	1162	14	2010.03125
indices	-0.5263	-0.404	1	578	2392	23	2012.102711
individuals	0.6862	-0.6204	3	537	1896	20	2011.172646
infauna	0.4156	0.7597	2	217	572	6	2011.076923
inflow	-0.1513	0.2651	2	256	670	7	2009.568182
influence	-0.1871	-0.0237	2	1026	6256	65	2011.779275
information	0.1837	-0.4176	3	634	2342	25	2011.767792
inhibition	0.5461	0.8971	4	186	472	5	2012.85
initiation	-0.5782	-0.0752	1	241	612	6	2010.927536
injection	-0.8825	-0.44	1	195	514	5	2011.807018
inorganic carbon	-0.0403	0.6753	5	683	3814	35	2012.45614
inorganic nitrogen	-0.0896	1.0343	2	189	586	6	2010.986301
insight	0.1233	-0.0613	4	400	1172	11	2012.936061
inspection	-0.5827	-0.7051	1	195	610	5	2012.125
instability	-0.092	-0.4322	5	303	912	10	2009.776848
integrated	-0.0865	0.7624	5	330	1364	11	2013.689655
integrated ocean drilling program	-0.1357	0.759	5	229	880	7	2012.888889
intensity	-0.5493	0.0507	1	329	984	9	2011.663823
interactions	0.1245	0.0953	2	780	3534	34	2011.626733
interface	-0.3277	0.4905	2	793	4486	44	2010.689655
intergenic spacer	0.5114	0.5575	2	199	560	5	2013.545455
intermediate	0.4063	0.4343	4	489	1714	18	2007.833333
intermediate waters	-0.4527	-0.2017	1	251	670	7	2007.72884
interpretation	-0.3742	-0.3795	1	601	2382	25	2010.411609
interstadial	-1.0274	-0.4585	5	268	970	8	2012.424242
intertidal	0.5021	0.5881	4	190	474	5	2011.37037
inventory	-0.7461	0.2583	1	481	1904	16	2012.165029
inversion	-0.1552	0.2997	5	177	468	5	2010.501809
invertebrates	0.8931	-0.6165	3	408	1572	19	2011.049793
iodp	-0.1524	0.7393	5	306	1220	10	2014.628571
ion	0.1412	0.3375	4	220	566	7	2012.411616
iron	0.2626	0.7569	2	689	3758	36	2012.176678
iron reduction	0.133	0.926	2	415	1628	15	2013.875
irrigation	0.2029	0.8486	2	203	566	5	2011
isfjorden	-1.1063	-0.7281	1	150	534	5	2014.352941
island	0.2439	-0.309	3	1018	5868	62	2009.956692
island arc	0.865	-0.6758	3	214	628	6	2011.904762
isolate	0.8278	0.5844	4	265	778	8	2011.588083
isolation	0.9355	-0.256	3	336	1038	12	2010.695946
isorropodon	-0.0203	-0.8923	3	170	570	6	2015.2
isotope	0.1119	0.0116	5	1181	11440	108	2011.966793
isotope fractionation	0.2331	0.6807	4	360	1252	12	2011.164179
isotope measurements	-0.2604	0.681	2	256	724	6	2009.676471
isotope ratios	-0.3032	0.4224	2	533	2280	20	2011.051724
isotope signatures	0.0701	-0.2601	3	523	1844	17	2012.965517
isotopic analysis	0.5094	-0.171	3	251	738	7	2012.230769
isotopic composition	-0.2001	0.2083	5	894	6210	58	2011.032751
jan mayen	0.3361	-0.648	3	217	562	5	2008.409091
japan	0.2864	-0.3641	3	469	1574	20	2010.171958
jurassic	-0.258	-0.8756	3	425	1938	22	2012.372549
jurassic cretaceous	-0.1881	-0.8273	3	233	756	9	2012.461538
jurassic-cretaceous	-0.1152	-0.8319	3	209	616	7	2012.6
juvenile	0.9723	-0.6076	3	165	464	5	2009.733918
kara	-0.2953	0.1785	5	207	564	8	2011.634058
kara seas	-0.2578	0.1255	5	197	516	7	2012.917722
kemp caldera	0.9911	-0.8569	3	172	556	6	2016
kinetics	-0.0663	0.837	2	263	774	8	2012.178808
kiwa	0.9895	-0.7523	3	259	972	10	2013.2
kiwaidae	0.9426	-0.7059	3	159	504	6	2013.166667
knipovich	0.1217	-0.9935	3	192	530	5	2009.461538
knipovich ridge	0.1207	-0.9937	3	192	530	5	2009.285714
knowledge	0.2374	-0.5613	3	434	1458	14	2012.895394
kongsfjorden	-0.8002	0.1334	1	189	506	5	2014.727273
labile organic matter	0.2417	0.8957	4	214	596	5	2014.36
laboratory	0.2288	0.0637	2	465	1544	17	2010.526248
labrador	-0.2729	-0.2062	2	221	554	5	2008.853808
lactate	1.0187	0.7093	4	211	824	10	2008.388889
lagoon	-0.188	0.6637	2	252	652	7	2011.571429
lake	0.1228	0.4696	4	632	3140	37	2012.017794
lake constance	-0.2472	0.4706	4	138	426	6	2011
lake sediments	0.3702	0.7012	4	202	576	6	2012.512658
land	-0.2324	0.2029	5	268	764	9	2012.42268
lander	0.2059	0.2685	2	208	520	6	2011.083333
landscape	-0.252	-0.1676	1	232	602	6	2013.677302
laptev sea	-0.7108	0.6907	2	522	2748	36	2011.257143
laptev sea shelf	-0.756	0.8772	2	186	558	8	2011.714286
large	-0.1916	-0.0308	2	354	1092	11	2011.479452
large-scale	-0.9427	-0.2346	1	351	1098	11	2011.165527
larvae	0.8105	-0.7986	3	231	824	9	2007.544262
late	0.0524	-0.7007	3	318	920	11	2009.495327
late cretaceous	0.5177	-0.8287	3	165	398	5	2012.846154
late jurassic	0.1324	-0.967	3	144	414	5	2015.111111
latitude	0.4158	-0.2621	3	385	1246	14	2011.054819
layer	-0.2348	0.3785	2	1167	9784	100	2010.321275
lead	-0.7294	-0.0964	1	283	802	7	2010.716069
leakage	-0.8168	-0.6053	1	509	2478	24	2013.211679
lena	-0.4821	0.784	2	249	820	9	2011.554054
lena river	-0.5258	0.776	2	229	730	8	2011.964539
length	0.4313	-0.4503	3	465	1542	18	2010.5328
lepetodrilus	1.0499	-0.7823	3	172	468	5	2014.8
levels	0.176	-0.0851	3	908	4740	49	2011.25209
life	0.6151	-0.4909	3	607	2576	28	2011.876747
light	0.3363	-0.8147	3	249	658	7	2011.753582
limestone	0.1707	-0.8023	3	144	378	5	2006.816327
limit	-0.5338	0.1113	1	699	3430	32	2010.544865
limitations	0.1333	-0.1859	3	214	510	5	2012.614846
limpet	0.9359	-0.8269	3	259	886	10	2012.6
line	-0.2156	-0.2493	1	378	1032	11	2011.363128
lineages	0.9061	-0.3964	3	439	1580	18	2013.392045
lineaments	-1.0538	-0.0957	1	141	372	5	2013.6875
linear correlation	-0.2473	0.6836	2	207	512	5	2010.081633
lipid biomarkers	0.2759	0.017	4	384	1544	13	2012.480519
lipids	0.6716	0.0791	4	469	1848	18	2011.738351
literature	-0.0566	0.5421	2	273	764	10	2011.726524
living	0.6827	-0.3736	3	359	1072	12	2011.447853
loading	-0.7703	-0.6856	1	254	720	6	2011.31401
lobster	0.9512	-0.7481	3	150	424	7	2014.058824
locality	0.5354	-0.6622	3	276	756	9	2010.342105
location	-0.1799	-0.5589	1	646	2670	24	2010.881081
long-term	-0.3531	-0.0681	1	449	1368	16	2012.366366
loppa high	-1.0354	-0.7162	1	229	710	6	2013.166667
loss	-0.3474	0.7518	2	459	1750	17	2013.251087
low temperatures	0.2862	0.28	4	709	3116	33	2011.076759
macrofauna	0.4891	-0.2863	3	415	1412	16	2011.078947
magnitude	-0.1854	0.4354	2	774	4018	38	2011.364091
manganese	0.078	0.9254	2	223	678	7	2005.5625
manganese reduction	0.3234	0.9782	2	269	828	8	2009.444444
map	-0.2849	-0.5548	1	332	1038	11	2011.727201
mapping	-0.5149	-0.6257	1	554	2384	22	2012.226667
margin	-0.3213	-0.3667	1	1244	12666	119	2010.972504
marine	0.2606	0.2004	4	1396	15336	155	2012.020366
marine ecosystems	0.3886	0.3012	4	215	560	5	2013.642259
marine environment	0.19	0.2578	4	653	2616	27	2012.287625
marine habitats	0.94	0.0686	4	215	574	6	2013.294118
marine invertebrates	0.97	-0.571	3	217	582	7	2010.702128
marine methane cycle	-0.924	0.3282	2	206	622	5	2005
marine sediments	0.19	0.4753	4	1105	9838	98	2011.473418
marine systems	0.3549	0.679	4	199	540	5	2014.228916
markers	0.7682	-0.391	3	333	956	10	2013.021898
marshes	0.0428	0.9189	2	225	634	6	2011.65
mass	-0.2427	0.2526	2	869	4982	50	2010.941993
mass balance	-0.1505	0.5643	4	291	908	8	2012.104996
mass spectrometry	0.3524	0.4262	4	251	702	8	2012.604502
mat	0.814	-0.0165	4	427	1740	19	2010.666667
matrix	-0.2768	-0.3049	1	330	912	7	2011.695341
mats	0.5339	-0.227	4	800	5760	54	2011.689441
mature	0.3231	-0.5689	3	385	1176	12	2010.101124
maximum	-0.2143	-0.132	5	650	2660	25	2010.287843
mean	-0.0946	0.0591	2	315	880	9	2010.953636
measurements	-0.1407	0.2005	2	1195	9968	99	2010.932763
mechanisms	-0.425	0.3078	2	932	5944	62	2011.610479
media	0.43	0.5368	4	163	386	5	2012.027933
mediterranean	0.3388	-0.4045	3	560	2254	22	2009.594488
mediterranean sea	0.2921	-0.4005	3	484	1688	15	2009.836735
megafauna	0.6569	-0.6697	3	287	858	8	2014.227273
melt	-0.4525	0.0798	2	191	446	5	2013.146853
melting	-0.3544	0.3374	2	223	572	6	2012.110283
membrane	0.3583	0.4291	4	237	740	9	2012.060241
mesozoic	-0.3267	-0.846	1	254	774	9	2011.055556
metabolic activity	0.7304	0.5356	4	397	1392	15	2011.888889
metabolism	0.5642	0.2727	4	692	2892	31	2013.696486
metabolites	-0.1229	0.9581	2	225	614	5	2014.232
metals	0.1649	0.4624	5	390	1330	14	2012.223108
metazoan	0.8158	-0.6804	3	228	632	7	2013.666667
methane	-0.3421	0.0452	1	1528	38310	388	2013.074286
methane (ch4)	-0.7293	0.31	2	1022	9620	94	2015.144886
methane bubbles	-1.083	-0.0893	1	203	608	5	2010
methane budget	-0.7217	0.5544	2	335	1224	11	2012.095238
methane concentration	-0.5941	0.5097	2	518	2472	24	2013.447368
methane consumption	0.0253	-0.0811	4	444	1682	13	2012.666667
methane cycle	-0.6514	0.4768	2	360	1276	11	2011.111111
methane cycling	-0.7723	0.5457	5	240	640	6	2016.058824
methane diffusion	-0.3998	0.6348	2	220	584	5	2016.142857
methane dynamics	-0.6923	0.6071	2	191	532	5	2015.666667
methane efflux	-1.0249	0.3418	2	268	782	7	2013.846154
methane fluxes	-0.7564	0.3327	2	905	6998	64	2014.631902
methane formation	-0.4764	0.3318	5	272	744	7	2011.307692
methane gas	-0.7789	-0.1185	1	622	3132	31	2010.946429
methane hydrate	-0.9355	-0.1658	1	768	5492	52	2012.093284
methane hydrate dissociation	-1.4061	-0.1424	1	145	476	5	2011
methane oxidation	0.05	0.5213	2	964	8200	77	2012.352941
methane oxidation rate	-0.296	1.0247	2	171	588	6	2016.833333
methane plumes	-0.8525	0.3521	2	248	718	6	2006.714286
methane production	-0.1645	0.5181	2	562	2512	25	2013.485294
methane release	-0.9763	-0.1457	1	663	3974	37	2012.882353
methane rich	0.0632	0.0152	5	549	2132	20	2011.222222
methane seepage	-0.4941	-0.584	5	666	3756	34	2015.085714
methane seeps	0.0189	-0.395	3	959	7164	71	2012.689189
methane source	-0.8321	0.3473	2	619	3416	32	2013.26
methanogenesis	0.0101	0.6471	4	747	4164	40	2013.934579
methanogenic archaea	0.652	0.7272	4	303	982	11	2012.518519
methanogens	0.4012	0.5502	4	442	1644	17	2013.962264
methanotrophic archaea	0.8407	0.1957	4	539	2846	27	2010.964286
methanotrophic bacteria	0.404	0.5485	4	359	1364	12	2013.04
methanotrophic communities	0.4065	0.6537	4	319	1100	10	2014.461538
methanotrophs	0.5442	0.4521	4	548	2738	27	2013.795455
methanotrophy	0.5923	0.164	4	436	1680	16	2014.178571
method	0.0281	-0.0095	1	907	5022	56	2012.144788
methodology	-0.0943	0.1118	1	187	466	8	2012.912525
mexico	0.5686	-0.3512	3	509	1996	21	2010.818182
mg	-0.3556	0.6222	2	484	1904	18	2010.971279
microbes	0.5853	0.0202	4	621	2514	26	2014.433213
microbial	0.485	0.3818	4	784	4188	42	2014.133333
microbial activity	0.4936	0.3859	4	519	2260	22	2013.911565
microbial biomass	0.8661	0.3549	4	204	538	5	2012.267857
microbial communities	0.714	0.3576	4	954	7620	78	2014.731973
microbial community composition	0.5815	0.5995	4	333	1036	9	2015.346154
microbial community structure	0.7043	0.4169	4	239	688	6	2014.639175
microbial diversity	0.9716	0.0701	4	393	1478	13	2015.01676
microbial mats	0.7481	-0.0032	4	533	2586	26	2012.786517
microbial methane oxidation	-0.2893	0.6273	2	280	836	8	2014.375
microbial methanogenesis	-0.8123	0.2052	2	192	506	5	2014.6
microbial populations	0.5733	0.8552	4	185	502	5	2012.818182
microbial processes	0.4382	0.4147	4	417	1464	14	2014.319149
microbial sulfate reduction	0.347	0.606	4	285	846	8	2015.4
microbiology	0.7416	0.2304	4	201	496	5	2014.703704
microhabitats	0.6517	-0.029	3	176	424	5	2010.595745
microorganisms	0.672	0.4833	4	687	3662	39	2013.878151
microplate	0.7386	-0.7721	3	169	504	5	2011.555556
microscopy	0.658	-0.4452	3	431	1444	16	2012.438017
microsensor	0.5768	0.3688	4	254	726	8	2011.647059
mid ocean ridge	0.7525	-0.4244	3	309	1072	11	2009.387097
mid-ocean ridges	0.3685	-0.9207	3	277	866	8	2007.884615
migration	-0.9175	-0.4854	1	782	5842	53	2011.023474
migration pathways	-0.9447	-0.7491	1	294	1012	9	2012.35
mineralisation	0.3206	0.6371	2	188	486	5	2009.444444
mineralization	0.219	0.951	2	677	4036	38	2012.943299
mineralogy	-0.0409	0.0014	5	353	1124	10	2011.014925
minerals	0.0453	0.1579	5	638	2778	26	2012.390313
mining	0.6943	0.1118	3	230	564	6	2014.333333
miocene	-0.519	-0.7944	1	228	632	7	2010.507937
mitochondrial	0.9463	-0.824	3	175	500	6	2012.75
mixing	-0.3738	0.4372	2	696	3244	29	2009.902919
mixture	0.081	0.285	5	408	1346	12	2010.906921
mn	0.258	0.5455	2	427	1580	18	2010.849624
mode	0.5566	-0.2234	3	357	1082	11	2010.915266
model	-0.4932	0.028	1	1170	10102	98	2011.651901
modeling	-0.5743	0.1382	1	780	4458	42	2012.080047
molecular	0.4883	-0.5152	3	421	1376	14	2012.319372
molecular data	0.8769	-0.8307	3	173	548	7	2014.727273
molecular diffusion	0.1712	0.9638	2	188	570	5	2005.363636
molecular weight	0.1608	0.6531	4	249	696	6	2011.919355
mollusca	0.8341	-0.7747	3	212	658	9	2012.111111
mollusks	0.6844	-0.7528	3	265	820	12	2011.988889
monitoring	-0.652	-0.3058	1	277	770	9	2012.828676
morphology	0.3626	-0.7008	3	753	3782	46	2011.797508
mounds	-0.4934	-0.738	1	500	1936	18	2012.671642
mouth	0.1394	0.4283	2	282	870	10	2011.528409
movement	-0.4028	0.0966	1	306	848	9	2009.813333
mud	0.0692	-0.3503	1	989	7694	81	2008.941176
mud volcano	0.1836	-0.4624	1	873	6560	69	2009.8625
multibeam	-0.7036	-0.646	1	516	2462	25	2013.040541
multibeam bathymetry	-0.7429	-0.6138	1	222	666	7	2012.2
mussels	0.8044	-0.5695	3	258	744	8	2014.304348
n-2	0.1076	1.0517	2	198	608	7	2010.577778
nacl	1.2186	0.4062	4	139	456	5	2012.09375
natural gas	-0.9087	-0.28	1	289	924	11	2012.582474
nature	0.0581	-0.1067	3	479	1460	16	2010.788145
ne pacific	0.7207	0.136	3	323	950	8	2007.086957
near-surface	-0.5845	-0.3796	1	561	2608	21	2011.177419
near-surface sediments	-0.4748	-0.3917	1	274	858	7	2011.125
neomphalina	0.915	-0.7389	3	136	430	5	2015.4
network	0.2407	-0.4312	3	444	1396	13	2012.964962
new data	-0.7209	-0.4492	1	270	738	8	2011.109375
new genus	0.7596	-0.8422	3	229	792	10	2013.542857
new species	0.7658	-0.8508	3	538	3618	53	2011.213873
new zealand	0.3378	-0.3699	3	292	814	10	2009.724138
niche	0.884	-0.0631	3	392	1378	14	2014.209184
nile deep-sea fan	0.2602	-0.3377	1	267	948	9	2010.666667
nitrate	0.0307	0.9124	2	429	1876	21	2010.126471
nitrification	0.142	0.9965	2	312	1272	14	2012.634409
nitrogen	0.1939	0.7152	2	620	3040	32	2012.807923
no3-	0.1839	1.006	2	299	1194	12	2011.56
nodules	-0.5866	0.0103	5	347	1068	9	2006.583333
north	-0.1474	-0.2735	1	1131	7400	76	2010.374238
north atlantic	0.0205	-0.6593	3	527	1960	21	2010.017846
north sea	-0.2764	0.2666	2	694	3222	33	2009.958333
northern	-0.4477	-0.1197	1	534	1922	18	2011.106605
northern hemisphere	-0.2436	-0.6722	3	183	518	6	2010.714878
norway	-0.1255	-0.1796	1	601	2662	30	2011.264414
norwegian	-0.0169	-0.682	1	616	2914	35	2008.200426
norwegian sea	0.2772	-0.731	3	346	1176	14	2007.47191
novel	0.5963	0.0373	4	237	706	9	2013.967568
novel species	1.2423	0.4997	4	102	394	5	2013.365854
numerical	-0.2945	-0.4207	1	216	544	5	2009.72
nutrient fluxes	-0.1145	1.0884	2	206	606	6	2011.357143
nutrients	0.0374	0.6049	2	591	2424	24	2011.870968
nutrition	0.7883	-0.6069	3	504	2160	22	2012
nyegga	-0.362	-0.856	1	255	830	10	2010.583333
o-18	-0.8071	-0.0548	5	405	1540	12	2011.806034
o-2	0.1624	0.9192	2	497	2346	25	2010.632353
observations	-0.4691	-0.0693	1	1111	9122	84	2011.448164
observatory	-0.7189	-0.0113	1	208	628	7	2013.863636
oc	-0.5026	0.896	2	252	678	5	2013.484305
occurrence	-0.1285	-0.3456	1	1088	7710	76	2011.803551
ocean	0.1762	-0.1497	3	1475	20354	208	2010.965167
ocean acidification	-0.9182	0.3785	2	194	552	5	2014.72093
ocean currents	-0.1918	-0.2413	1	236	656	6	2010.666667
ocean depth	-0.9001	0.0415	1	189	500	5	2009.52381
ocean drilling	-0.2332	0.5633	5	347	1466	11	2010.964912
ocean drilling program	-0.2309	0.564	5	347	1466	11	2010.897959
ocean floor	0.2355	-0.203	4	237	614	6	2008.387755
ocean ridges	0.4619	-0.9266	3	203	558	5	2010.954545
ocean sediments	0.2644	0.7811	2	346	1140	12	2010.039474
ocean surface	-0.4492	0.5758	2	282	866	9	2011.97351
ocean temperature	-1.1318	-0.2609	1	210	648	6	2012.187952
ocean warming	-1.3699	-0.2476	1	139	430	5	2013.496894
oceanic crust	-0.384	-0.1688	1	311	908	8	2010.352941
odp	-0.3716	-0.0866	5	229	612	5	2008.512821
offset	-0.7076	0.2385	1	206	502	5	2010.854749
offshore	-0.8321	-0.2532	5	445	1574	14	2009.651466
offshore svalbard	-0.9992	-0.5085	1	358	1430	12	2015.923077
oil	-0.1805	-0.4416	1	562	2488	24	2011.484241
okhotsk	-0.4214	-0.0244	1	174	448	5	2010.130719
oligobrachia	0.8919	-0.6236	3	226	772	9	2013.111111
oligonucleotide probes	0.9905	0.5992	4	122	344	5	2005.9
onset	-0.8412	-0.0095	5	388	1366	12	2011.400894
open ocean	0.1897	0.556	2	218	540	5	2011.015873
opening	-0.3369	-0.8089	1	252	632	5	2010.741722
operation	0.2307	-0.0294	4	336	876	11	2012.715909
optima	1.0904	0.5591	4	176	566	6	2010.65
optimum	0.871	0.5291	4	208	626	7	2011.211009
optimum temperature	0.73	0.9195	4	191	688	9	2006.25
order	-0.1571	-0.0054	1	960	5428	49	2010.598046
oregon	0.5287	-0.3736	3	268	768	7	2009.435484
organic	-0.0542	0.6109	2	457	1574	16	2013.072464
organic carbon	-0.054	0.7751	2	1047	9150	86	2012.96863
organic carbon content	0.1799	1.0721	2	184	506	5	2011.984615
organic material	0.0045	0.8832	2	481	2072	19	2010.225
organic matter	0.0059	0.63	2	1142	9896	94	2012.485771
organic matter degradation	-0.1848	1.0016	2	267	748	7	2014.846154
organisms	0.547	-0.1711	3	812	4186	44	2012.67134
orientation	-0.3876	-0.7223	1	259	726	8	2010.063415
origin	-0.1649	-0.2268	1	1064	7018	69	2010.187679
osedax	0.8998	-0.7886	3	163	468	5	2014.2
otus	0.838	-0.0195	3	310	868	8	2015.528205
outer shelf	-0.8176	0.3472	2	291	812	8	2011.282209
outflow	-0.8836	-0.2735	1	217	562	6	2008.807601
overpressure	-0.7049	-0.639	1	301	934	9	2013.117647
oxidase	0.9746	-0.8093	3	199	564	6	2013.341463
oxidation	0.1991	0.4983	4	1342	20128	192	2011.836614
oxidation rates	-0.1757	0.9146	2	448	1886	18	2014.029412
oxide	-0.0474	0.5452	2	302	906	9	2014.103448
oxygen	0.0961	0.5775	2	1027	7688	76	2009.83871
oxygen concentrations	0.1292	0.8181	2	219	638	7	2009.104478
oxygen consumption	0.0882	0.9809	2	375	1496	15	2010.338028
oxygen consumption rate	0.0209	1.0652	2	224	672	7	2010.045455
oxygen fluxes	0.0203	0.7861	2	291	852	10	2010.464286
oxygen isotopes	-0.2826	-0.1665	5	236	658	6	2009.387435
oxygen uptake	0.0714	1.0267	2	363	1374	13	2009.7
pacific	0.5821	-0.3383	3	930	5538	62	2010.950879
pacific ocean	0.5903	-0.2727	3	498	1834	18	2010.089431
paleocene	-0.2709	-0.8048	3	281	860	9	2011.947368
paleogene	-0.0866	-0.7705	3	179	478	5	2014.470588
parallel	-0.4397	0.0477	1	278	726	6	2010.6875
parameters	-0.1627	0.3217	2	704	3142	30	2010.962104
part	-0.2151	-0.0047	2	1135	8238	82	2010.410034
particles	-0.132	0.4687	2	416	1338	16	2011.108822
particulate	1e-04	0.8453	2	463	1658	16	2012
particulate carbon	0.1443	0.6669	2	259	694	6	2012.166667
particulate matter	-0.2076	0.9263	2	225	622	7	2012.141264
particulate organic	0.0242	0.7589	2	449	1632	15	2012.208791
particulate organic carbon	-0.1214	0.8558	2	361	1202	10	2012.516854
partitioning	0.4151	-0.2842	3	299	830	7	2012.216749
past	-0.6082	-0.5217	1	537	2180	19	2012.316703
patches	-0.0139	-0.4935	1	445	1530	15	2011.337979
pathways	0.0322	0.1885	4	1089	7974	78	2013.213274
patterns	0.3492	0.0177	3	1113	6796	68	2011.236066
pcr	0.5346	0.6335	4	186	486	6	2012.768293
pelagic	0.3092	0.5602	2	189	480	5	2011.982143
penetration	-0.0822	0.4541	2	509	1848	17	2009.4875
peninsula	0.2046	-0.1452	3	258	654	8	2011.596904
period	-0.5049	0.0048	1	884	4616	45	2011.210316
periphery	0.4884	-0.5413	3	235	660	7	2009.235955
permafrost	-0.7826	0.4463	2	750	4954	55	2012.799678
permafrost thaw	-0.6548	0.7612	2	146	386	6	2014.917369
permeability	-0.6498	-0.2228	1	234	654	8	2012.947826
persistence	0.3272	0.7587	4	209	530	6	2012.073254
petroleum	-0.4794	-0.4819	1	529	2234	20	2012.240964
petroleum systems	-0.5608	-0.715	1	318	1172	10	2012.777778
ph	0.6441	0.216	4	519	1834	18	2013.361345
phase	-0.0178	0.2495	5	702	3276	32	2011.300144
phenomena	-0.4023	0.3926	2	228	562	6	2011
phenotypic	1.122	-0.2928	3	194	520	5	2013.529412
phosphate	-0.1894	1.0261	2	311	982	10	2010.048128
phylogenetic	0.9655	-0.2856	3	318	1022	12	2012.713235
phylogenetic analyses	0.983	-0.6501	3	151	384	5	2012.447368
phylogeny	1.0193	-0.3136	3	229	596	7	2012.637037
physiology	0.842	0.5729	4	195	482	5	2013.727273
phytoplankton	-0.184	0.7973	2	381	1272	13	2012.529026
pipes	-0.7353	-0.8861	1	211	646	6	2012.333333
pits	-0.369	-0.3336	1	270	756	7	2010.815789
place	-0.37	0.0526	1	494	1792	19	2009.958042
plankton	-0.7983	0.1421	5	198	498	5	2010.853821
planktonic foraminifera	-0.972	-0.5679	5	199	630	5	2011.833333
plant	0.3847	0.5248	4	253	654	7	2012.538334
plate	-0.0602	0.168	2	214	512	6	2010.542683
plateau	-0.2422	-0.524	1	279	740	7	2012.169659
platform	-0.3177	-0.2091	1	188	466	5	2013.075269
pleistocene	-0.5622	-0.1877	5	458	1648	16	2009.611702
pleistocene holocene	-0.8366	-0.2621	5	251	676	6	2010.096154
pliocene	-0.7968	-0.8208	1	135	370	5	2013.66129
plume	-0.6233	0.0194	1	694	3620	35	2009.9
poc	-0.025	0.9106	2	293	882	7	2011.81457
pockmarks	-0.6086	-0.6262	1	1004	9226	90	2011.543689
pogonophora	0.4599	-0.5667	3	174	452	6	2004.833333
point sources	-0.4205	0.1988	2	314	928	8	2010.72973
polar	-0.0536	0.0842	2	312	874	9	2011.082686
polar front	0.1269	-0.1557	3	198	540	5	2009.072327
polychaeta	0.8608	-0.6805	3	370	1344	17	2010.16
polychaetes	0.6852	-0.5514	3	503	2082	23	2012.851064
polymerase chain reaction	0.071	1.0176	2	203	586	5	2012.270833
pools	0.1299	0.4679	2	261	662	6	2013.203252
population	0.8498	-0.1678	3	774	4528	50	2011.362024
population structure	0.9872	-0.7634	3	171	472	5	2011.321429
pore	-0.38	0.2615	5	1009	7760	67	2011.924837
pore pressure	-0.7287	-0.6757	1	242	652	6	2013.166667
pore water	-0.2723	0.4332	5	1031	8464	75	2012.637306
pore water sulfate	0.0706	0.1998	5	275	752	6	2010
porewater	-0.2505	0.4043	5	689	3382	32	2009.313725
position	0.3902	-0.6059	3	517	1714	20	2010.689373
potential	0.0437	0.1427	4	817	3888	38	2012.784435
power	-0.2748	-0.0018	1	253	608	7	2011.834034
precipitation	-0.4073	-0.156	5	775	4596	41	2012.247478
precursors	0.1315	1.0577	2	157	434	5	2012.869565
prediction	-0.2906	-0.4178	1	266	678	8	2012.073267
preference	0.8421	-0.5189	3	246	640	8	2012.214286
present	-0.5434	0.003	2	353	1054	9	2011.176606
present day	-0.5936	-0.3824	1	536	2242	22	2011.295673
preservation	-0.0123	0.318	4	295	810	8	2011.649533
pressure	-0.6416	-0.2004	1	803	4562	43	2010.477108
primary	0.2988	0.5145	2	215	548	6	2011.961353
primary production	0.4452	0.5136	2	627	2946	28	2012.113402
primary productivity	0.2352	0.3354	5	280	782	7	2013.138889
probe	0.8343	0.495	4	190	562	8	2009.777027
processes	-0.1022	0.3178	2	1433	18344	183	2011.967406
processing	-0.4246	-0.2473	1	298	874	10	2012.577495
production	0.1794	0.5324	2	1190	11372	111	2011.637878
production rates	0.1741	0.9112	2	349	1246	12	2011.385714
productivity	0.0762	0.5282	2	563	2232	21	2012.484007
profiles	-0.2562	0.3723	2	1143	10296	99	2010.526606
progress	-0.2264	0.268	2	239	562	5	2012.411765
project	-0.0203	-0.2484	3	328	908	10	2012.453668
prokaryotes	0.6487	0.3386	4	244	684	9	2014.673913
propane	-0.8505	-0.7624	1	283	926	7	2012.576923
properties	0.0267	-0.021	1	590	2110	24	2011.071907
proportion	0.4618	0.3655	4	422	1342	14	2011.055556
province	0.1576	-0.838	3	478	1900	18	2010.882653
proximity	0.0894	-0.858	3	277	790	7	2011.075099
proxy	-0.1372	0.1563	5	369	1120	10	2013.127907
psychrophilic	1.0774	0.6534	4	171	604	7	2012.121495
pulses	-0.4094	0.1189	5	279	774	7	2011.138996
pyrite	0.0065	0.2497	5	456	1678	16	2009.3
quality	0.024	0.5397	5	274	732	7	2012.741898
quantification	-0.3639	-0.0813	1	489	1938	21	2013.40625
quantitative	-0.1515	-0.2299	1	227	558	5	2011.594059
quaternary	-0.8931	-0.5195	1	285	866	9	2010.108108
radiation	0.6048	-0.4831	3	212	510	6	2011.331925
radiocarbon	-0.6314	-0.2222	5	256	770	7	2012.205298
range	0.2897	-0.1261	3	1212	9322	91	2011.410547
rate constants	-0.2647	1.0226	2	222	688	7	2009.064516
rates	0.1707	0.6018	2	1371	19516	186	2011.494306
ratio	-0.0147	0.4033	2	1033	7288	69	2010.925387
rdna	0.8028	-0.2119	3	380	1160	11	2012.367232
reaction	0.0567	0.6941	2	767	4250	42	2010.924119
reactivation	-0.7193	-0.6943	1	205	528	5	2014.04
reactivity	0.209	0.778	4	233	604	5	2012.537037
recent	-0.2501	0.1392	2	467	1604	16	2011.804991
recent past	-1.0497	-0.5514	1	218	690	6	2012.622642
recognition	-0.251	-0.4499	1	188	448	5	2011.880342
reconstruction	0.3934	-0.6764	3	432	1348	13	2012.728025
record	0.0155	-0.5887	3	559	2302	26	2011.508365
recovery	-0.0502	0.238	4	383	1186	11	2012.7654
recycling	0.5362	0.6055	4	166	402	5	2011.354839
redox	0.2356	0.4763	2	550	2220	22	2012.1875
redox reactions	0.6962	0.2745	4	176	480	5	2011.714286
reducing	0.4663	0.3457	4	370	1150	12	2011.75
reduction	0.4343	0.6094	4	1262	16270	158	2012.202875
reduction rates	0.5694	0.8267	4	700	4264	40	2009.9
reef	-0.0535	-0.5968	1	214	534	5	2010.637795
reflection	-0.759	-0.7176	1	480	2080	19	2010.990196
reflectors	-0.991	-0.7822	1	413	2004	18	2010.324074
regime	-0.0117	-0.1486	3	625	2382	22	2010.768478
region	-0.0338	-0.2198	3	1326	12770	130	2011.608772
regulation	0.5721	0.744	4	210	538	6	2011.631579
relationship	0.2875	-0.192	3	829	3714	40	2011.52721
relative abundance	0.5569	0.3836	4	521	2068	19	2013.82
relatives	1.0606	0.3443	4	281	956	10	2012.682927
release	-0.7919	-0.0039	1	1067	9366	88	2012.712924
relief	-0.5808	-0.6094	1	189	470	5	2010.812081
remineralization	0.0028	1.003	2	291	902	8	2012.768421
removal	-0.2983	0.5922	2	441	1442	14	2011.470833
reproduction	0.7208	-0.2744	3	197	478	6	2010.931818
research	-0.1594	-0.0768	2	792	3738	41	2012.25614
reservoir	-0.7679	-0.2293	1	901	6486	62	2012.909879
residence	-0.036	0.8539	2	224	602	6	2010.135762
residence time	-0.0346	0.8538	2	224	602	6	2009.992032
resolution	-0.4896	-0.4203	1	595	2638	26	2011.918993
resources	0.3664	-0.529	3	442	1454	15	2013.251701
respiration	0.3634	0.8849	2	550	2560	24	2013.448352
respiration rates	0.4842	0.8011	2	291	880	8	2012.580247
response	-0.1279	0.3165	4	858	4764	47	2012.161066
resuspension	-0.3081	0.8246	2	226	588	6	2008.540984
retreat	-0.8362	-0.0589	1	452	1660	14	2012.69985
reworking	-0.4979	0.2949	1	237	678	6	2008.418605
ribosomal rna	1.0369	0.1009	4	208	536	5	2012.308824
richness	0.7353	-0.2543	3	353	1188	11	2013.813953
ridge	0.3542	-0.6266	3	1166	11604	114	2008.953586
rift	0.5258	-0.627	3	376	1274	14	2010.891892
risk	-0.5619	-0.2096	1	189	466	7	2014.229167
river	-0.4543	0.5658	2	668	3454	38	2011.920886
river delta	-0.3927	0.6514	2	134	354	5	2011.6
river runoff	-0.4095	0.8319	2	174	448	5	2009.62963
riverine	-0.2939	0.9115	2	190	630	7	2012.516432
rna	1.0456	0.1704	4	222	602	6	2012.641379
rocks	-0.4671	-0.5559	1	808	4722	46	2010.835085
role	0.1305	0.2813	4	1048	6672	70	2012.568357
ross	0.4636	-0.471	3	162	416	6	2011.009202
rov	-0.2177	-0.7913	1	444	1610	15	2009.863636
rrna	0.9054	0.3599	4	683	4270	45	2013.889558
runoff	-0.279	0.836	2	339	1074	12	2012.212743
russia	-0.5108	-0.0185	1	221	592	8	2012.192015
russian	-0.2068	-0.0732	2	186	474	8	2010.807018
s-34	0.8065	-0.2909	3	185	510	5	2012.727273
salinity	-0.3177	0.6351	2	624	2846	27	2009.248247
salt	0.0036	0.377	2	481	1572	15	2008.72546
salt marsh	0.0521	0.8842	2	191	504	5	2012.777778
sample	0.4207	0.0017	4	440	1392	16	2011.599617
sampling	-0.0467	-0.1752	1	508	1768	16	2012.100775
sand	-0.3767	0.3503	2	414	1360	14	2010.211726
sandy	-0.1032	0.6771	2	255	642	5	2009.796296
sandy sediments	0.0242	0.748	2	261	742	6	2012.1875
saturation	-0.577	0.4665	2	402	1482	14	2011.875
scale	0.014	-0.0845	3	967	5070	52	2011.804989
scaly-foot gastropod	0.8767	-0.7457	3	141	422	5	2015.4
scenarios	-1.1211	-0.0308	1	358	1278	12	2012.882212
science	0.1523	-0.009	3	544	1782	18	2005.441336
sclerolinum	0.8945	-0.7717	3	221	746	9	2009.888889
sclerolinum contortum	0.9355	-0.772	3	204	706	9	2010.444444
scotia	0.817	-0.7428	3	483	2270	23	2008.903448
scotia ridge	0.9828	-0.7115	3	360	1734	17	2009.673469
sea	-0.078	0.0106	2	1593	34296	368	2010.929745
sea bottom	-0.2069	0.5458	2	183	438	5	2005.488636
sea floor	-0.2411	-0.2696	1	741	3126	31	2010.099237
sea ice	-0.3636	0.6685	2	571	2542	24	2012.341204
sea level	-1.0045	-0.283	1	380	1544	15	2011.153319
sea level rise	-1.0721	-0.1985	1	283	978	9	2012.696243
sea surface	-0.5282	0.3467	2	439	1478	12	2011.29989
sea water	0.3794	0.5331	4	349	1096	13	2008.442735
seabed	-0.5945	-0.2977	1	855	5226	50	2011.466667
seafloor	-0.4285	-0.3088	1	1322	16496	149	2012.700565
seafloor sediments	-0.5765	0.2371	5	320	944	8	2014.785714
seafloor seepage	-0.9812	-0.5315	1	184	518	5	2016.5
seals	-0.7894	-0.7897	1	186	458	6	2012.111111
seamount	0.2938	-0.0598	2	242	660	7	2007.652174
season	-0.2931	0.8863	2	503	2174	23	2012.178114
seasonal variation	-0.3057	0.5112	2	200	512	5	2011.013917
seawater	-0.1964	0.3916	5	836	4888	46	2011.626116
sections	0.0789	0.0443	5	344	926	9	2007.846599
sediment accumulation	0.2115	1.1388	2	190	544	5	2009.909091
sediment cores	-0.2683	0.1838	5	947	6058	56	2012.336207
sediment depth	0.3988	0.3686	4	646	2966	26	2010.923077
sediment incubations	0.535	1.0637	4	214	718	7	2009.125
sediment layers	0.1244	0.5109	2	302	892	9	2012
sediment sources	-0.6259	0.0868	2	339	990	10	2012.460317
sediment structure	-0.3462	-0.0584	1	200	502	5	2009.090909
sediment supply	-0.6668	-0.1685	1	242	602	5	2010.117647
sediment temperature	-0.2102	-0.627	1	172	494	5	2011
sediment-water interface	-0.3551	0.6278	2	637	3162	30	2008.22807
sedimentary	-0.1458	0.1887	2	312	880	9	2010.557143
sedimentary basin	-0.644	-0.4852	1	240	666	8	2012.75
sedimentary environment	0.0232	0.4152	2	411	1338	13	2011.909091
sedimentation	-0.2959	0.4502	2	777	3892	36	2009.867797
sedimentation rates	-0.2098	0.3507	2	558	2326	20	2011.808511
sediments	-0.0336	0.2538	4	1577	44586	450	2011.206075
seep carbonate	0.1904	-0.7832	3	172	534	7	2012.571429
seepage	-0.568	-0.4688	1	1147	12836	121	2012.78481
seeps	0.1601	-0.4929	3	1365	17608	175	2012.888889
segments	0.3269	-0.6969	3	558	2288	23	2010.556701
seismic	-0.9225	-0.7572	1	488	2478	23	2011.044586
seismic data	-0.9026	-0.787	1	600	4268	40	2011.941176
seismic profiles	-0.6935	-0.7128	1	226	638	6	2009.7
seismic reflection	-0.9277	-0.6581	1	397	1686	15	2009.328947
seismic surveys	-0.8714	-0.8461	1	185	536	5	2009.419355
selection	0.6069	0.1748	4	180	468	5	2012.335938
sensitivity	-0.6556	0.3573	2	361	1312	12	2012.152936
sensors	-0.4592	-0.2941	1	277	854	9	2011.517949
separation	0.535	-0.1084	3	258	660	7	2009.887195
sequence	0.6982	0.0059	4	1027	7344	81	2012.290017
sequencing	0.9537	0.1135	4	382	1268	14	2015.158311
series	-0.2042	-0.2019	1	644	2532	26	2010.601012
shale	-0.4424	-0.672	1	279	842	10	2009.225
shallow gas	-0.9686	-0.5971	1	494	2342	22	2012.0625
shallow gas hydrates	-0.8322	-0.6646	1	234	718	6	2013
shallow marine	-0.3429	-0.5545	3	245	728	9	2012
shallow water	0.1918	-0.5644	3	641	2690	31	2010.653846
shape	0.2032	-0.0894	4	357	1032	12	2010.573529
shelf	-0.6315	0.34	2	1199	12924	138	2010.587376
shelf seas	-0.766	0.4781	2	315	1022	9	2011.734043
shelf sediments	-0.1964	0.8163	2	496	2016	19	2009.302083
shelf slope	-0.6033	0.2984	2	397	1356	11	2009.940928
shelf waters	-0.7704	0.6406	2	450	2040	21	2009.09329
shelf-break	-0.7348	0.0329	1	344	1162	11	2009.840909
shell	0.2807	-0.7558	3	489	2110	22	2012.617486
shelves	-0.9772	0.2676	2	404	1620	16	2011.760377
shetland	0.8514	-0.513	3	141	358	5	2012.25
shift	0.3819	-0.2671	3	471	1510	14	2012.333333
ship	-0.8404	1e-04	1	217	628	8	2010.712
short-term	0.6347	0.785	4	264	900	10	2012.055432
shrimp	0.9377	-0.8057	3	178	450	5	2006.117647
siberia	-0.0565	0.1393	2	260	664	6	2012.538153
siberian	-0.9238	0.6309	2	475	2676	32	2012.301282
siberian arctic	-0.9175	0.7121	2	374	1812	19	2013.052288
siberian arctic shelf	-0.906	0.7417	2	342	1526	15	2014.357143
siberian shelf	-0.9905	0.6893	2	155	468	7	2010.74359
siboglinidae	0.7876	-0.7345	3	416	1510	16	2012.5625
side-scan sonar	-0.9023	-0.2104	1	219	642	7	2010.352941
sidescan sonar	-0.6783	-0.4034	1	181	450	5	2006.5
signal	-0.1536	0.184	5	620	2448	25	2011.038817
signatures	0.1838	-0.2182	3	777	3824	34	2011.86758
significance	0.0013	0.0668	2	356	1026	11	2011.019928
silicate	-0.2463	0.8201	2	186	490	6	2008.463158
similarity	1.0173	-0.0694	3	507	1910	20	2011.516971
simulating	-1.1464	-0.6779	1	221	694	6	2011.4
simulations	-0.4518	0.3021	2	589	2342	24	2012.277903
sink	-0.0714	0.6401	2	677	3304	32	2013.060748
sites	0.0405	-0.0368	5	1452	19052	183	2011.507274
size	0.1894	-0.4368	3	838	4076	43	2010.965923
size frequency	0.5744	-0.8532	3	206	588	6	2009.958333
skeleton	0.8539	-0.8256	3	148	426	5	2012.794118
slides	-0.1428	-0.7888	1	183	482	5	2009.130435
slope	-0.5241	-0.1862	1	1063	7878	79	2010.341082
slope sediments	-0.2582	0.7377	2	226	614	6	2010.727273
slurries	0.9178	0.8383	4	182	558	7	2010
small-scale	-0.0636	-0.1814	1	305	876	9	2011.469512
smt	-0.0387	0.5982	5	339	1160	9	2013.555556
so42-	0.1813	0.8167	2	312	906	9	2010.566667
society	0.8025	-0.1416	3	224	538	6	2010.520354
soft sediments	-0.56	-0.6098	1	335	1048	9	2011.5
soil	-0.2971	0.4695	2	311	954	11	2012.887856
solutes	0.153	0.6953	2	347	1158	12	2011.511628
sonar	-0.8808	-0.2622	1	468	1924	19	2010
sound	-0.1774	0.6768	2	333	1050	12	2009.438406
sounder	-0.7465	-0.3588	1	183	460	5	2011.227941
source	-0.2757	0.0712	2	1452	20728	203	2011.544715
source rocks	-0.7587	-0.6105	1	416	1710	14	2011.647059
source waters	-0.4131	0.8198	2	197	498	5	2008.57967
south	0.3311	-0.5076	3	952	5552	58	2009.816077
south atlantic	-0.0118	-0.4318	1	198	484	5	2007.451691
south sandwich	0.8907	-0.7433	3	227	720	7	2006.52
southern	0.5972	-0.5336	3	684	3210	32	2011.247603
southern hemisphere	0.3047	-0.5686	3	196	484	6	2010.882466
southern ocean	0.7752	-0.5583	3	697	3764	38	2011.310743
southwest	0.3929	-0.3896	3	421	1246	13	2010.224324
sp nov.	0.8797	-0.4461	3	386	1806	24	2011.009804
space	-0.2969	0.131	2	393	1232	12	2011.281958
spatial	-0.4034	0.311	2	426	1496	13	2011.877747
spatial distribution	-0.4162	-0.1998	1	428	1442	14	2012.602028
spatial scales	0.4674	-0.1244	3	298	902	8	2012.42723
spatial variability	-0.4798	0.2721	2	258	706	6	2011.858628
spatial variation	-0.3318	0.1286	2	384	1202	10	2011.835735
species	0.7235	-0.5092	3	1182	13798	164	2011.629341
species composition	0.7263	-0.0857	3	206	500	5	2011.337662
species distribution	0.2144	-0.4249	3	231	570	5	2013.282486
species richness	0.6124	-0.8475	3	191	518	5	2013.089796
specimens	0.5932	-0.7478	3	455	1836	27	2012.251232
spectrometer	-0.4104	0.4897	2	160	440	5	2011.939227
spectrometry	0.5106	0.3873	4	209	568	7	2012.332298
spectroscopy	-0.0269	0.3394	2	232	590	6	2012.548387
speed	-0.4335	0.2035	2	228	650	8	2010.795455
spines	0.9577	-0.7569	3	115	294	5	2011.75
spitsbergen	-0.2726	-0.6277	3	504	2364	26	2012.274752
sponges	0.4348	-0.7802	3	192	512	7	2013.619048
spores	0.7038	0.5187	4	168	420	6	2009.393258
spots	0.2417	0.2985	4	239	580	5	2012.598985
spreading	0.2186	-0.6079	3	370	1120	11	2007.435233
spring	-0.052	0.6456	2	428	1398	15	2011.445356
spring bloom	0.0313	0.9939	2	169	470	5	2011.73913
squat lobster	0.9537	-0.7555	3	161	514	9	2013.777778
sr	0.228	0.1594	5	533	2394	20	2011.925676
srb	0.8648	0.4541	4	461	2178	22	2010.148148
srr	0.4434	0.9729	4	239	698	6	2013.428571
stability	-1.0922	-0.415	1	741	5992	54	2011.601934
stable carbon	-0.0242	0.2203	5	761	4112	35	2011.428571
stable carbon isotope ratios	-0.7064	0.6186	2	195	612	5	2009.117647
stable carbon isotopes	0.1121	0.1891	5	693	3314	28	2011.747664
stable isotope ratios	0.0986	0.3757	2	218	616	6	2011.826087
stable isotopes	0.354	-0.0656	3	910	5810	57	2012.393939
stage	0.3397	-0.4646	3	599	2152	25	2011.432692
standard	0.4161	-0.0012	3	203	476	5	2011.405751
state	-0.0518	0.1612	2	628	2510	28	2012.176355
stations	-0.0305	0.8092	2	684	3434	33	2010.728667
steady state	-0.7229	0.4006	1	302	944	9	2009.695015
storage	-0.6413	-0.1088	1	364	1194	13	2013.435429
storm	-0.5259	0.5845	2	240	696	7	2010.368357
strain	1.0567	0.6166	4	324	1458	17	2011.527632
strait	-0.1052	-0.6021	3	625	2920	28	2008.864542
strategies	0.5925	-0.3292	3	385	1044	11	2013.49449
stratification	-0.5752	0.8148	2	284	912	9	2010.765734
stream	-0.6075	-0.1258	1	446	1488	13	2011.208251
stress	-0.2311	-0.3882	1	366	1066	10	2010.771906
structure	0.1198	-0.4081	3	1285	12452	129	2010.587788
sub-sea permafrost	-1.1384	0.3386	2	134	374	5	2011.166667
subduction	-0.4508	-0.5689	1	304	864	8	2011.285714
submarine	-0.4365	-0.0106	1	876	5446	60	2012.039088
submarine mud volcanoes	-0.2157	-0.2881	1	273	946	8	2009.5
submarine permafrost	-0.8299	0.8102	2	214	750	10	2013.791667
submarine volcano	0.7685	-0.343	3	139	406	5	2004.5
subsea	-1.0446	0.2047	2	285	968	12	2013.8
subsea permafrost	-1.0992	0.2359	2	260	878	10	2014.896552
substrate	0.7192	0.3852	4	713	3718	43	2012.694517
subsurface	-0.4228	-0.24	1	983	7144	69	2011.621895
subsurface sediments	0.3255	0.4667	4	377	1292	13	2010.818182
succession	-0.1972	-0.3329	1	481	1650	17	2012.128814
sulfate	0.4577	0.6232	4	1149	12780	122	2010.319209
sulfate methane transition	-0.1709	0.6032	5	512	2296	18	2014.75
sulfate reducers	0.7506	0.4748	4	490	1924	19	2011.363636
sulfate reduction	0.5017	0.684	4	1091	11800	112	2010.377049
sulfate reduction rates	0.5825	0.8113	4	715	4574	42	2009.627907
sulfate-methane transition zone	0.0535	0.6368	5	245	728	6	2014.714286
sulfate-reducing bacteria	0.9451	0.6555	4	328	1256	14	2006.4
sulfide	0.6118	0.1481	4	868	5654	55	2011.372727
sulfide oxidation	0.6173	0.2826	4	315	1106	11	2011.947368
sulfite	1.0917	0.5323	4	149	508	7	2006.666667
sulfur	0.6803	0.3528	4	804	4652	47	2010.858065
sulfur bacteria	0.7842	0.278	4	285	916	9	2009.333333
sulfur compounds	0.2739	0.8812	4	186	496	5	2013
sulfur cycle	0.6147	0.8234	4	275	834	8	2008.666667
sulfur cycling	0.4314	0.8911	4	296	1038	9	2014.916667
sulfur isotopes	0.1439	0.6541	5	277	882	8	2012.454545
sulfur oxidation	1.0418	-0.091	3	231	718	8	2013
sulfurovum	0.785	0.0169	4	219	620	6	2014.692308
sulphate	0.3746	0.286	4	435	1662	17	2010.131868
sulphate reduction	0.2691	0.3368	4	336	1046	10	2008.285714
sulphide	0.617	-0.4368	3	391	1262	13	2010.619048
summer	-0.4884	0.6206	2	638	3222	31	2011.747886
supersaturation	-0.4124	0.3648	2	259	748	8	2009.990385
supply	-0.3389	0.1944	2	753	3490	32	2011.339312
support	0.4809	-0.228	3	649	2618	25	2012.160714
surface	-0.1649	0.3882	2	1390	17598	172	2011.274886
surface conditions	-0.3413	6e-04	2	194	476	5	2010.87907
surface layer	-0.1329	0.6569	2	478	1880	18	2009.563452
surface sediments	0.0415	0.5255	2	1004	7050	64	2010.917355
surface waters	-0.5204	0.6862	2	688	3836	37	2010.917469
survey	-0.5386	-0.2653	1	764	4202	39	2010.854962
survival	0.6268	0.3231	4	158	362	5	2011.249489
svalbard	-0.129	-0.108	4	1092	10200	101	2012.982836
svalbard margin	-0.6396	-0.7169	1	376	1470	13	2013.619048
sw barents sea	-0.9281	-0.8075	1	413	2030	18	2012.833333
sweden	-0.0013	0.7621	2	201	496	5	2011.298755
symbionts	0.9031	-0.5168	3	472	2046	23	2011.865672
symbioses	0.9224	-0.5083	3	248	758	9	2011.631579
symbiosis	0.9464	-0.5954	3	277	920	11	2012.023256
symbiotic bacteria	0.9141	-0.5257	3	132	336	6	2009.166667
synthesis	0.7039	0.2774	4	186	448	6	2012.494924
system	-0.2267	-0.3209	1	1257	10780	107	2012.244703
talik	-1.2038	0.6571	2	143	470	5	2012.784314
taxon	0.8887	-0.601	3	169	414	5	2012.46
taxonomy	0.8986	-0.8093	3	237	850	13	2011.779141
techniques	0.0673	0.3559	4	664	3170	35	2010.995925
technology	-0.4511	-0.3588	1	244	640	7	2013.19378
tectonics	-0.7079	-0.8063	1	265	740	8	2010.556962
temperate	0.4781	0.9746	4	329	1310	14	2011.666667
temperature	0.061	0.222	4	1335	14596	146	2011.477652
temperature changes	0.3838	0.7504	4	235	692	6	2012.055092
temperature conditions	-0.7409	-0.3115	1	403	1302	11	2012.260563
temperature gradient	0.0753	0.0975	4	394	1582	15	2011
temperature measurements	-0.1146	-0.7995	1	236	786	8	2010.47644
temperature response	0.8077	0.7736	4	206	760	8	2012.819767
temporal variability	-0.7363	0.1309	1	262	728	7	2011.288462
termination	-0.764	-0.6374	1	266	800	7	2011.142857
terms	-0.1106	0.0605	5	491	1652	18	2011.105954
thawing	-0.6311	0.809	2	164	438	6	2013.173362
thermal	0.1693	-0.4629	3	161	362	5	2011.557652
thermocline	-0.6373	0.4588	2	201	560	5	2007.472727
thermogenic	-0.8946	-0.7512	1	256	800	8	2012.153846
thermogenic gas	-0.8078	-0.7194	1	455	1992	18	2010.172414
thermogenic methane	-0.6797	-0.1039	1	482	1812	15	2011.2
thermophilic	1.0199	0.6214	4	171	540	6	2012.714286
thickness	-0.6521	0.2489	2	352	1040	11	2010.814467
thyasiridae	0.6369	-0.8151	3	223	674	9	2011.666667
thyasirids	0.3593	-0.9819	3	126	376	5	2016.2
time	-0.1645	0.0572	1	1289	10928	110	2011.191579
time scales	-0.6172	0.1309	1	383	1236	13	2011.351464
timescales	-0.717	0.1954	5	325	1004	9	2011.525048
timing	-1.0068	-0.4336	5	307	1058	9	2012.348348
tissue	0.7477	-0.3398	3	277	902	11	2011.777778
toc	-0.3759	0.5538	5	337	1100	10	2011.084906
tools	-0.3417	0.4589	2	210	506	5	2013.795322
topography	-0.4092	-0.1344	1	256	652	7	2010.120382
total organic carbon	-0.4943	0.5872	5	433	1580	13	2011.958678
total organic carbon toc	-0.5109	0.5334	5	274	836	7	2011.75
total oxygen uptake	0.3846	1.0262	2	177	494	5	2010.4
trace	-0.1955	-0.1093	5	552	2054	19	2011.307692
trace elements	0.2462	0.3454	5	193	498	5	2013.723404
trace metals	-0.1174	0.2155	5	238	632	6	2011.452381
tracer	0.0825	0.7581	2	447	1640	16	2009.231405
transect	-0.1404	0.4566	2	706	3090	30	2011.199708
transfer	0.2923	0.1882	4	472	1590	16	2010.678679
transformation	0.1746	0.4896	2	492	1608	17	2011.951786
transgression	-0.9164	-0.1138	1	274	748	7	2010
transient	-0.8522	0.0805	1	230	616	6	2011.104545
transition	-0.3044	0.1175	5	848	4784	40	2011.648928
transition zone	-0.1568	0.3315	5	562	2546	21	2010.954545
transmission	0.7293	-0.5455	3	299	852	9	2011.062827
transmission electron	0.7981	-0.6619	3	239	646	7	2009.84375
transmission electron microscopy	0.768	-0.6623	3	216	554	6	2009.807018
transport	-0.363	0.4686	2	967	6844	65	2010.537155
traps	-0.4671	0.4249	2	156	380	5	2009.907104
treatment	0.311	0.6968	4	209	520	6	2012.769355
trench	-0.0473	-0.6755	1	268	720	7	2007.173913
trends	-0.2178	0.0142	1	629	2418	24	2012.269204
triassic	-0.6007	-0.6959	1	272	808	8	2013.470588
trigger	-0.9428	-0.2515	1	174	452	5	2013.735632
trophic ecology	1.049	-0.4646	3	148	440	5	2012.533333
trophic levels	0.8762	-0.3325	3	199	542	6	2012.898374
trough	-0.6584	-0.1117	1	407	1374	15	2010.984962
tubes	0.3151	-0.4547	3	247	692	8	2008.888889
tubeworm	0.7764	-0.5867	3	302	1038	12	2014.5
turbidity	-0.4119	-0.6302	1	220	624	7	2011.172414
turnover	0.1018	0.6123	4	649	2898	26	2013.246637
turnover rates	0.3614	0.9756	4	224	636	6	2012.464286
types	0.1716	-0.2403	1	788	3840	40	2011.720352
uncertainty	-0.8502	0.1539	1	312	958	9	2013.221957
unconformity	-0.8669	-0.7278	1	244	724	7	2012.263158
underwater	-0.5235	-0.2181	1	285	858	9	2012.558824
uplift	-1.1017	-0.3598	1	182	458	5	2010.481605
upper jurassic	0.0318	-0.9511	3	131	366	5	2006
uptake	-0.0208	0.8721	2	610	3054	31	2012.895082
upwelling	-0.7284	0.6462	2	251	684	6	2010.661939
usa	-0.1332	-0.2443	1	199	506	6	2010.335681
utilization	0.6975	0.5368	4	321	942	10	2011.783251
valley	0.2414	0.1219	2	276	694	6	2011.024
values	-0.0901	0.0593	5	1310	14138	135	2010.746562
variability	-0.2325	0.2165	2	969	5908	54	2011.545737
variations	-0.0378	-0.0163	2	1118	7778	77	2010.901917
vehicles	-0.3761	-0.722	1	259	838	9	2015.060606
velocity	-0.5424	-0.1309	1	401	1342	14	2010.066944
vent fauna	0.8838	-0.8031	3	265	974	11	2013.727273
venting	-0.1806	-0.6654	1	693	3298	31	2011.979167
vents	0.7014	-0.5861	3	1054	9326	104	2012.218543
vertical	-0.4924	-0.0617	1	268	722	6	2009.544379
vertical distribution	-0.4164	0.2524	2	272	730	7	2010.595331
vesicomyidae	0.4238	-0.7272	3	299	962	11	2015.090909
vessel	0.1235	-0.5148	3	216	534	6	2011.268293
vestnesa	-0.6736	-0.7971	5	522	2868	25	2015.241379
vestnesa ridge	-0.694	-0.8032	5	514	2794	24	2015.142857
video	-0.2571	-0.3363	1	292	932	9	2011.857143
visual observations	-0.1264	-0.4401	1	228	622	5	2010.708333
volatile fatty acids	0.7191	0.9762	4	198	696	7	2010.555556
volcanic	0.151	-0.5818	3	242	616	6	2009.793103
volcanic activity	0.11	-0.5312	3	166	392	5	2009.529412
volcanism	0.2847	-0.4684	3	246	704	7	2010.052632
volcano	0.2181	-0.4466	1	933	7296	78	2009.968254
volume	-0.5829	-0.229	1	518	2084	20	2010.936662
voring	-0.2227	-0.8918	1	137	344	5	2006.181818
warming	-0.8913	0.2382	1	734	4744	46	2012.978577
washington	0.0693	-0.1114	2	191	500	6	2008.381818
water	-0.3121	0.1765	2	1581	39110	386	2010.775054
water column	-0.5359	0.3688	2	1241	13000	118	2010.123234
water depth	-0.5584	0.0192	1	1040	8608	76	2011
water masses	-0.2964	0.5864	2	537	2198	20	2009.047927
water samples	-0.2593	0.0879	2	260	712	7	2012.208738
water temperature	-0.7377	-0.081	1	388	1348	13	2010.526448
wave	-0.4496	0.4306	2	303	838	9	2010.934812
weight	0.4361	0.6498	4	278	726	7	2010.632353
well	-0.5795	-0.7151	1	257	786	7	2010.643979
west spitsbergen	-0.9724	-0.335	1	225	722	7	2010.317308
west svalbard	-1.0171	-0.2597	1	389	1692	16	2013.236842
whale bones	0.832	-0.5811	3	191	582	8	2010.5
whale-fall	0.7243	-0.6497	3	182	534	7	2013.125
whales	0.7222	-0.5586	3	284	892	12	2010.62766
white	0.244	0.1731	2	273	808	10	2010.307692
white sea	0.1613	0.4308	2	190	586	8	2010
wind	-0.7397	0.7626	2	352	1406	13	2010.366929
wind speed	-0.7836	0.6257	2	198	628	6	2011.054286
winter	-0.4459	0.8177	2	491	2124	19	2011.016141
wood	0.6677	-0.7742	3	235	754	10	2010.985401
wood falls	0.8637	-0.6636	3	142	402	5	2014.6
work	-0.0451	-0.3456	3	646	2380	25	2012.585814
world	-0.1931	0.0809	5	594	2238	22	2011.293273
world ocean	-0.3044	0.7048	2	268	734	7	2007.82598
worms	0.5121	-0.779	3	630	3228	31	2011.4
x-ray	0.3388	-0.0843	5	270	676	7	2012.042017
yeti crab	1.0129	-0.7204	3	152	460	5	2014.2
young	0.1399	1.1041	2	203	630	6	2011.932203
young sound	0.1597	1.1417	2	172	530	5	2011.888889
zonation	0.2421	0.2353	2	473	1694	13	2007.984375
zone	-0.3062	0.0651	1	1418	18172	173	2010.917256
