id	x	y	cluster	weight<Links>	weight<Total link strength>	score<Avg year>
1960s	1.2319	0.1191	2	183	576	2007.723464
1970s	0.7024	0.4916	2	139	370	2008.301205
20th century	-0.4253	0.1858	3	517	3182	2009.625488
abrupt	0.4817	0.8202	4	191	590	2008.765363
absorption	-0.8352	0.8232	3	316	1474	2007.595437
acceleration	-0.2641	0.4394	3	360	1422	2010.334658
access	-0.56	-0.5626	1	390	1940	2011.56924
accumulation	0.3123	-0.4024	3	440	2010	2008.145056
accuracy	-0.4042	-0.3998	1	553	3354	2010.08255
acidification	-0.6513	-0.2946	1	217	646	2012.615128
action	0.1644	-0.2433	1	270	928	2008.283128
activity	0.6234	-0.0752	2	852	11374	2008.699084
adaptation	-0.4002	-0.7914	1	437	2204	2009.276196
addition	0.0629	0.0528	1	834	8812	2009.285986
adjustment	-0.6562	0.3438	3	520	3234	2010.059972
administration	-0.4273	-0.2627	1	266	996	2008.585608
advance	-0.3081	0.0067	1	489	2930	2009.278139
advection	0.7606	0.6641	4	738	8864	2008.192895
aerosol	-0.9543	0.1533	3	625	5848	2007.154489
africa	0.2047	-0.9018	1	466	2864	2008.243209
agcm	0.6588	0.322	2	446	2960	2008.143646
age	-0.5524	0.6824	3	253	878	2007.797965
agency	-0.1378	-0.8888	1	188	550	2011.612195
agreement	-0.512	-0.2693	1	835	9868	2007.890269
agriculture	-0.0393	-1.0088	1	177	486	2011.68272
air	0.4282	0.2403	4	1176	38946	2008.618101
air masses	0.5074	0.004	4	367	1808	2007.547564
air temperature	0.3998	0.1705	4	678	5936	2010.069914
air-sea	0.0631	1.1355	4	268	1004	2010.25
aircraft	-0.3034	-0.0436	1	239	796	2006.227098
al	0.1658	0.1629	4	357	1298	2007.388849
alaska	0.3428	-0.4724	2	713	5882	2008.146234
alaskan	-0.0637	-0.2893	1	312	1252	2008.305085
albedo	-0.8471	0.5768	3	741	9662	2009.324338
aleutian	1.1761	-0.4113	2	332	1706	2008.620981
algorithm	0.4134	-0.3407	2	641	4854	2010.210584
alternative	-1.1188	-0.3646	1	134	374	2009.029126
altitude	0.7608	-0.2756	2	149	400	2007.653347
amazon	-0.272	-0.9895	1	210	726	2010.429268
america	0.6142	-0.4873	2	943	16584	2008.697703
american	0.7321	-0.0865	2	396	1784	2008.42539
amo	0.8656	-0.0934	2	461	2860	2014.846667
amoc	-1.038	0.6453	3	432	2838	2014.607664
amplification	0.1862	0.7681	3	911	16848	2010.670509
amplitude	0.4117	0.4496	2	681	6140	2008.158367
analog	-0.3998	-0.8311	1	231	832	2009.372134
analogue	-1.2835	0.2719	3	172	494	2009.003268
analyses	0.6038	0.1376	2	797	8696	2009.301682
analysis	0.3792	-0.1837	2	1207	40542	2009.366286
annual	0.9516	-0.4057	2	162	464	2007.172557
annual cycle	-0.1512	0.0658	4	474	2714	2007.690078
annual precipitation	0.0288	-0.3146	3	278	1080	2010.141667
annual temperature	0.2199	-0.7149	1	158	440	2008.690789
annular mode	1.2069	0	2	268	1052	2012.46283
anomaly	0.7795	0.3463	2	1126	37464	2009.553394
antarctic	-0.7583	0.0264	1	738	8256	2007.820711
antarctic circumpolar current	-0.9022	0.3047	1	198	686	2007.99332
antarctic ice sheet	-0.2455	-0.8132	1	139	362	2011.123173
antarctica	-0.1454	-0.5283	1	568	4000	2007.877974
anthropogenic	-0.6183	-0.217	1	355	1734	2009.897004
anticyclone	0.9589	0.058	2	448	2574	2009.04646
ao	1.1612	0.0704	2	590	5578	2011.268478
application	-0.4568	-0.4106	1	747	6268	2010.011511
approach	-0.2046	-0.4462	1	944	12344	2011.153242
ar	0.7405	-0.3853	2	319	1402	2008.531532
archipelago	0.2189	0.2978	4	444	2246	2008.970938
archives	-0.6629	-0.0968	1	297	1054	2012.032657
arctic	0.1906	0.2691	4	1271	99896	2009.446222
arctic archipelago	0.0615	0.2188	4	285	1052	2009.927203
arctic climate	-0.0278	0.4775	4	429	2252	2010.487654
arctic ocean	-0.2979	0.4958	4	291	1070	2011.521277
arctic oscillation	1.0749	0.0149	2	742	10046	2011.438335
arctic regions	-0.8619	-0.1609	1	134	358	2009.653333
arctic sea ice	0.3672	0.535	4	637	5648	2013.34715
area	0.0985	-0.0414	4	1154	31758	2008.578401
array	-0.6267	0.0342	1	299	1060	2008.688032
art	0.1549	-0.3659	2	198	582	2011.464115
artifacts	0.4755	-0.3264	4	145	380	2008.355556
asia	0.9863	-0.1648	2	757	9246	2010.858426
asian	1.0533	-0.053	2	339	1554	2011.471582
asian monsoon	0.4148	-0.2951	2	141	386	2010.222892
aspect	-1.1139	0.269	1	194	628	2009.986813
assessment	-0.3369	-0.5626	1	907	12116	2011.123547
assimilation	-0.6104	0.0077	1	651	6234	2009.247808
association	1.1312	-0.0427	2	567	4160	2009.179096
asymmetry	0.6749	0.6752	3	351	1568	2008.648336
atlantic	0.4524	0.4444	2	1161	44286	2008.590945
atlantic meridional overturning circulation	-1.0105	0.3753	3	357	1798	2014.527473
atlantic multidecadal oscillation	0.8625	0.0104	2	449	2822	2014.897436
atlantic oscillation	0.9913	0.2559	2	807	11356	2010.686288
atlantic water	0.1749	1.3051	4	154	562	2009.77451
atm	0.3404	0.8877	3	150	448	2011.819026
atmosphere	0.0174	0.5471	4	1193	44060	2008.501913
atmospheric carbon dioxide	-0.9459	0.7488	4	159	484	2008.128205
atmospheric circulation	0.7629	0.3608	2	936	16094	2010.428462
atmospheric circulation patterns	0.5584	-0.5057	2	462	2392	2010.923567
atmospheric conditions	0.1146	-0.3216	1	273	942	2010.137931
atmospheric general circulation model	1.0179	0.313	2	532	4256	2007.428082
atmospheric model	0.3996	0.2694	2	442	2638	2009.393443
atmospheric response	0.8119	0.9506	4	509	4326	2010.796178
atmospheric temperature	-0.2879	0.9815	4	171	550	2008.816667
atmospheric variability	0.9651	0.6398	2	322	1524	2009.901554
attention	0.174	0.0186	2	593	3978	2010.284583
attribution	-0.7094	-0.4349	1	605	5294	2013.318937
australia	0.2263	-0.7812	2	357	1454	2008.106865
australian	0.2251	-1.022	2	196	610	2008.113497
autocorrelation	0.4911	-0.4251	2	159	484	2009.173585
autumn	0.8091	0.464	4	858	13520	2008.811221
availability	-0.0267	-0.6151	1	445	1966	2009.56451
averaging	0.2019	-0.389	4	156	442	2007.562814
background	0.5322	0.3247	2	547	3820	2009.681872
baffin	0.599	0.4495	2	379	1906	2007.975111
baikal	1.5373	0.1107	2	145	442	2008.551181
balance	-0.553	0.4173	3	781	7824	2009.168937
baltic	0.0046	0.1374	4	184	510	2007.775035
bands	-0.01	0.0843	1	331	1264	2007.694277
barents	0.598	0.7185	4	833	12460	2008.144333
barents sea	0.6043	0.848	4	299	1392	2009.642325
baroclinic	0.8709	0.512	2	488	3152	2007.866828
baroclinic instability	0.8942	0.6941	2	205	708	2008.2
barotropic	0.8907	0.586	2	413	2092	2007.533333
barrier	-0.2954	-0.4746	1	230	754	2008.988387
baseline	-0.2381	-0.6105	1	387	1726	2011.063023
basin	0.5605	-0.2719	2	835	8900	2008.451393
bay	0.6032	0.2651	2	429	2448	2007.629364
bayesian	0.05	-0.9023	2	210	636	2013.3809
beaufort	0.4673	0.49	4	595	4896	2009.491785
behavior	-0.5514	0.3719	3	582	4072	2008.780232
behaviour	-0.8568	0.0701	1	310	1194	2008.035198
belt	0.4718	0.4011	2	321	1188	2007.364949
benchmark	-0.7083	-0.0221	1	232	786	2012.336996
benefits	0.0826	-0.7075	1	449	2322	2011.531274
bering	0.542	0.5964	4	529	3574	2008.596391
bering strait	0.0593	0.7253	4	340	1616	2009.543269
bias	-0.5826	-0.2235	1	874	11046	2011.002385
biases	-0.6601	-0.3954	1	904	13968	2011.934239
bifurcation	-0.7463	0.5324	4	131	392	2008.32948
biogeochemistry	-1.0883	-5e-04	1	152	474	2011.871515
blocking	1.0781	0.0956	2	672	7904	2012.348901
body	0.0456	0.5773	4	164	460	2007.977291
boreal	0.2616	-0.2367	2	451	2800	2009.748786
boreal winter	0.8334	-0.1929	2	371	1970	2012.490909
boundary	0.0779	0.0069	1	536	3038	2007.239183
boundary conditions	-0.6628	0.009	3	442	2438	2007.871795
boundary layer	0.1422	0.6992	4	239	746	2006.497645
bounds	-0.502	0.2007	1	166	468	2008.568627
breakdown	0.1738	0.9778	4	139	374	2007.162996
bridge	0.2629	-0.3449	1	221	678	2010.550201
brightness temperatures	-0.6159	-0.3199	1	156	500	2009.269231
broadband	-0.6284	0.3905	1	175	584	2009.503198
budget	-0.4571	0.7729	4	803	9372	2008.970525
buoy	-0.5365	-0.4507	1	252	916	2008.525424
calibration	-0.7434	-0.4485	1	265	976	2009.197434
california	0.0925	-0.4104	1	339	1364	2007.408635
campaign	-0.1371	0.3154	4	206	726	2008.901876
canada	0.1868	-0.7295	1	700	5620	2008.358354
canadian	0.0485	0.0127	4	538	3258	2008.213722
capabilities	-0.7951	-0.2523	1	256	926	2010.500666
capacity	-0.7936	-0.1767	1	282	1006	2009.597315
capture	0.403	-0.6873	2	124	308	2008.679206
carbon	-1.0057	-0.003	1	666	6566	2009.564589
carbon cycle	-1.1553	-0.0802	1	285	1406	2011.26087
carbon dioxide	-1.1388	-0.1883	1	298	1290	2009.945455
care	-0.4523	0.3224	4	203	586	2009.432935
case	0.076	-0.0398	1	936	11508	2008.95177
cause	0.1887	0.4166	3	605	4296	2008.342905
cell	-0.2191	0.5784	3	462	2570	2008.211757
century	-0.2674	-0.0871	3	1095	28874	2010.371507
ch4	-0.9521	0.3123	3	170	478	2009.020747
chain	0.8071	-0.5835	2	269	964	2008.08967
challenges	-0.4337	-0.5082	1	708	5416	2013.058999
chance	-0.7449	-0.7194	1	264	928	2008.606061
changes	-0.083	0.0148	3	1270	93368	2009.682502
characteristics	0.4674	-0.3075	2	897	10868	2008.736404
characterization	-0.7763	-0.3516	1	271	870	2010.633346
chemistry	-0.8534	-0.2685	1	322	1466	2007.680636
china	0.9244	-0.395	2	558	4264	2011.999131
chukchi	0.4099	0.7295	4	442	2684	2011.003571
circulation	0.4021	0.3176	2	1225	59100	2008.948109
circulation changes	0.9674	0.3203	2	324	1546	2010.368421
circulation model	-0.3396	0.8186	3	260	992	2008.302789
circulation patterns	1.1081	-0.5744	2	343	1730	2009.422111
circumpolar	-0.83	0.01	1	227	774	2008.280533
citation	0.1034	0.6422	4	530	3786	2010.604072
class	-0.3842	-0.6268	1	201	608	2008.629702
classification	0.5854	-0.4341	2	377	1840	2009.286924
climate	-0.2808	-0.0571	1	1276	108596	2010.804187
climate change	-0.0969	-0.2367	3	1013	19040	2011.726653
climate dynamics	-0.5548	0.2023	3	309	1066	2011.636364
climate indices	0.5037	-0.7246	2	332	1330	2013.842424
climate model	-0.6177	0.2583	3	1095	27798	2011.501132
climate model simulations	-0.9453	-0.1517	1	491	2950	2013.512315
climate response	-1.0486	0.5826	3	386	2506	2011.084577
climate sensitivity	-1.1982	0.4042	3	518	4680	2011.210117
climate simulations	-0.4739	-0.2521	1	392	1760	2010.19898
climate system	-0.5921	0.5253	3	730	7222	2010.341853
climate variability	0.1832	-0.0091	2	894	12278	2011.231434
climate variations	-0.3919	0.6508	3	166	464	2010.072115
climatic conditions	0.689	-0.5489	2	255	794	2010.008439
climatology	0.1978	-0.4815	1	861	9480	2008.664945
cloud	-0.6282	0.6537	3	899	14244	2007.587105
cloudiness	-0.0959	0.6543	4	379	1814	2006.48368
cluster	0.8964	-0.7323	2	397	2248	2009.267877
cluster analysis	0.8922	-0.9106	2	135	406	2008.422897
cmip5	-0.648	-0.0239	3	975	19754	2015.851097
co2	-1.0179	0.3943	3	836	13912	2009.235732
coast	0.3998	-0.3332	2	764	6794	2007.916968
coastal	-0.0395	-0.3776	1	219	634	2008.750196
coastal areas	0.459	-0.5757	2	146	384	2008.556848
coastal erosion	-0.4142	-0.3907	1	234	826	2011.756757
coastal regions	-0.1955	0.0533	4	208	682	2008.885662
coastline	0.3224	-0.6415	1	337	1338	2009.082534
coefficients	-0.1804	-0.4592	1	411	2038	2007.85666
coherent	0.4785	-0.196	2	261	912	2008.626866
cold	0.7564	-0.0571	2	769	8534	2009.295106
cold air	1.0828	0.238	2	320	1418	2008.354839
cold events	1.0078	0.1509	2	358	1798	2010.406593
cold regions	-0.4364	-0.1094	1	187	526	2011.787565
cold season	0.679	0.4446	4	428	2288	2011.497817
cold temperatures	1.1981	0.3885	4	191	602	2009.007752
collaboration	-0.1647	-0.4879	1	160	410	2011.526627
collection	-0.8881	-0.5365	1	144	414	2009.184687
columbia	0.4154	-0.8702	1	214	646	2008.284146
column	0.0454	0.8708	4	406	1868	2007.520529
community	-0.3207	-0.0614	1	963	15602	2010.388476
comparison	-0.2445	-0.1861	1	927	12018	2007.950757
compensation	-0.4583	0.6824	3	273	1168	2007.767361
complex	-0.8622	-0.2048	1	476	2532	2008.626599
composition	0.6373	-0.3169	2	429	2098	2008.609526
concentrations	-0.3169	0.3463	4	1146	32238	2008.182298
concept	-0.1068	-0.2996	1	256	760	2009.039852
concerns	-0.5431	-0.6445	1	226	726	2011.148773
condensation	0.7193	0.9268	2	217	758	2007.275806
condition	0.3248	-0.1429	2	539	2998	2008.989432
configuration	-0.5522	-0.0652	1	498	2756	2009.544
consensus	-0.5553	0.0387	3	338	1404	2011.2949
consequences	-0.4946	-0.3679	1	528	2942	2010.388946
conservation	-1.1186	0.0703	1	167	494	2011.195486
consistency	-0.4444	0.0489	1	432	2092	2009.971397
constraints	-0.8949	0.4147	3	502	3270	2009.183622
content	-0.3545	0.5662	3	691	6122	2008.566458
context	-0.2206	-0.3921	1	671	4528	2011.030192
continent	0.7076	-0.0956	2	811	10026	2008.964696
continental	0.1219	-0.2093	1	221	678	2008.05522
contrast	0.156	0.5388	3	939	12830	2008.536194
control	-0.3774	0.1699	3	795	8658	2009.125056
convection	-0.3659	0.434	3	604	4416	2007.398389
convergence	0.1294	0.7073	3	630	5152	2008.020145
conversion	0.6374	0.758	2	196	660	2007.330144
cooling	0.1917	0.6179	3	849	10630	2008.320685
coordinates	-0.383	0.3466	1	131	328	2008.750442
copyright	0.6647	-0.8521	2	343	1654	2007.992246
core	-0.2897	0.2312	1	529	3034	2007.967995
correction	-0.6699	-0.5853	1	372	1772	2008.598508
correlation	0.3569	-0.1071	2	971	14900	2008.606178
correlation analysis	0.7897	-0.521	2	223	672	2011.239796
correlation coefficient	0.1178	-0.239	1	317	1320	2010.154098
correspondence	-0.8856	-0.0562	1	182	528	2007.499487
corridor	0.2938	-0.5206	1	162	426	2010.096154
costs	-0.5081	-0.3891	1	284	1000	2009.673817
counts	0.596	-0.0655	2	185	552	2008.352941
coupling	-0.6626	0.1031	3	976	21140	2010.327135
covariance	0.3677	0.1624	2	318	1386	2010.7125
cover	-0.1831	0.3324	4	1081	25842	2009.332353
coverage	-0.5517	-0.1138	1	642	4704	2010.04391
criteria	-0.1404	-0.5684	1	247	686	2008.509297
criterion	0.1631	-0.5827	1	206	556	2008.588571
cryosphere	-0.2004	-0.6264	1	387	1788	2012.880689
current	-0.5058	0.3804	3	598	4210	2008.021581
current climate	-0.4264	-0.5586	3	296	1178	2011.142045
cycle	-0.2341	0.1139	1	1026	16862	2009.115632
cyclogenesis	0.9244	0.3014	2	326	1468	2005.822581
cyclones	0.6909	0.06	2	848	11150	2009.363996
damage	-0.1022	-0.9806	1	255	842	2009.428672
dark	-0.303	0.4767	3	137	356	2007.577227
data	0.1423	-0.134	1	1228	46480	2008.849817
data assimilation	-0.6852	0.2034	1	324	1634	2011.91129
database	0.1257	-0.7228	1	323	1198	2011.009739
dataset	0.2014	-0.5089	1	726	6232	2012.492063
date	-0.0459	-0.3114	1	700	5704	2008.781013
davis strait	1.2425	0.6355	2	136	440	2008.421525
decadal	0.296	0.2128	3	760	9130	2011.563199
decadal oscillation	0.6723	-0.5933	2	437	2572	2012.632979
decadal variability	-0.1496	0.107	3	428	2298	2011.142857
decay	-0.1231	0.5469	1	292	978	2007.653232
decline	0.3218	0.4576	4	903	14308	2009.893655
decomposition	0.3378	0.7905	3	443	2714	2009.869063
deep	-0.8508	-0.3187	1	201	574	2007.233692
deep convection	-0.6576	0.5885	3	236	828	2007.788462
deep ocean	-0.9068	0.4199	3	219	760	2009.605505
deficit	-0.5452	1.1445	3	140	394	2008.087049
definition	-0.1767	-0.4043	1	377	1552	2008.873016
deformation	0.8331	0.4446	2	187	496	2007.663668
degradation	-0.0312	-0.6771	1	263	834	2011.065225
delay	-0.0234	0.4048	4	218	670	2008.579495
demand	0.1163	-0.6685	1	168	464	2009.740876
density	0.1344	-0.4061	1	496	2854	2008.013051
dependence	-0.1771	-0.0025	1	755	7136	2007.840071
depletion	-0.7016	0.6974	3	230	762	2006.739015
depth	-0.5417	0.1255	1	633	4702	2008.424673
description	-0.8068	-0.2708	1	412	2198	2008.463605
desert	-0.424	0.3766	1	156	428	2008.949606
design	-0.7157	-0.1867	1	434	2094	2010.581328
detail	-0.5301	0.2653	3	465	2296	2008.325282
detection	-0.0586	-0.5134	1	547	3292	2009.603252
determination	0.6111	-0.6074	2	148	386	2007.484902
development	-0.0118	-0.2425	1	852	8336	2008.720806
diagnosis	-0.326	0.0911	1	306	1060	2009.412781
diagnostics	0.3074	-0.2313	2	438	2176	2008.567084
difference	-0.1157	0.2063	3	756	7830	2008.353517
dipole	1.09	0.0955	2	557	4368	2011.0301
direct effect	-0.91	0.6814	3	215	776	2009.810127
discharge	-0.12	-0.3324	1	300	1208	2009.968547
discontinuities	-0.9157	0.0463	4	141	356	2006.533808
discrepancies	-0.5349	-0.1576	1	525	3148	2008.348934
dispersal	0.9121	0.0834	2	225	760	2009.272755
displacement	0.6904	0.4741	2	335	1380	2008.077434
distance	0.045	-0.3946	1	225	686	2008.760466
distribution	-0.0171	-0.2755	1	1002	17110	2008.398254
disturbance	0.7049	0.3727	2	343	1276	2008.857587
divergence	0.0641	0.6735	4	451	2218	2009.013309
diversity	0.5025	-0.9039	5	253	1048	2010.578345
domains	-0.0422	-0.7794	1	320	1326	2009.822976
dominance	1.0562	-0.4201	2	212	648	2008.872257
doubling	-0.9579	0.6924	3	324	1832	2006.720126
doubt	-0.9462	0.3364	4	124	346	2006.173684
downscaling	-0.3901	-0.9324	1	429	2500	2012.79878
downwelling	0.3226	0.8468	3	151	444	2008.992278
drift	-0.5639	0.7265	4	556	4032	2007.53137
drivers	0.0287	-0.3653	1	640	4940	2015.214206
drought	0.0489	-0.833	1	474	2860	2011.447977
drying	-0.891	-0.2735	3	258	876	2010.299595
duration	0.3269	-0.2864	2	688	5008	2008.532595
dust	-0.3403	0.1705	3	250	714	2009.168189
dynamics	0.13	0.3813	3	886	12182	2010.313072
early spring	0.4136	0.3698	2	200	650	2006.976027
earth	-0.8238	0.063	1	1043	21040	2010.179198
east	0.855	-0.1264	2	896	13142	2008.607533
eastern	0.9883	0.0426	2	410	2004	2008.869757
ecmwf	0.4173	-0.4171	2	635	5040	2008.705179
ecology	-0.1215	-0.7151	1	140	352	2009.579615
ecosystem	-0.3443	-0.5081	1	508	2688	2011.299513
eddies	0.6876	0.7948	2	580	4748	2008.668786
effects	-0.131	0.3215	3	1134	30396	2008.834618
efficiency	-0.822	0.5718	3	318	1370	2009.198697
effort	-0.3718	-0.1951	1	332	1218	2009.28
ekman	0.0247	1.523	4	137	434	2008.984483
el nino	0.3266	-0.5442	2	500	2806	2009.823227
el nino-southern oscillation	0.4545	-0.4127	2	496	3138	2011.67313
elements	-0.6077	-0.3236	1	298	1008	2008.706361
elevation	-0.2292	-0.6451	1	286	960	2009.824954
emergence	-0.5763	-0.6955	1	279	1116	2009.419162
emissions	-0.8465	-0.2918	1	883	12656	2009.691385
empirical	0.6943	0.2746	2	239	758	2009.435484
empirical orthogonal function	1.2311	-0.0022	2	252	1058	2010.773913
energy	-0.3598	0.6865	3	992	18256	2008.723489
energy balance	-0.7666	0.3382	3	282	1010	2008.914956
energy budget	-0.6366	1.1609	3	256	1192	2009.877193
engineering	-0.9044	-0.21	1	172	464	2011.966811
enhanced	-0.0377	0.1567	5	417	1840	2009.105949
ensemble	-0.7169	-0.3228	1	1012	22038	2012.843972
enso	0.5101	-0.4722	2	578	4252	2010.797727
environment	0.1174	-0.3318	1	674	4636	2009.620856
environmental	-0.1213	-0.1803	1	507	3110	2009.652452
environmental prediction	-0.5014	-0.2745	1	333	1406	2007.35
eof	1.1463	0.3745	2	278	1368	2009.340659
episode	0.5673	0.8812	4	187	632	2007.181633
equator	-0.3507	0.3436	3	369	1662	2006.840217
equilibrium	-1.1177	0.3209	3	531	4098	2007.331412
era-40	0.2369	-0.4697	2	450	2714	2009.710145
era-interim	0.4269	-0.0377	2	841	10742	2015.76381
erosion	-0.2322	-0.4427	1	300	1232	2008.588984
error	-0.5777	-0.1717	1	809	9216	2009.089766
eruption	-0.8949	0.7059	3	224	790	2008.698131
establishment	0.061	-0.3318	1	175	470	2009.077273
estimate	-0.7738	-0.1141	1	685	5832	2009.037943
eurasia	1.0826	0.0495	2	782	11320	2010.129179
europe	0.7017	-0.2127	2	897	13696	2009.264767
european	0.186	-0.4184	1	699	5820	2008.535922
evaluation	-0.6781	-0.458	1	805	8590	2010.494567
evaporation	-0.246	0.5	3	558	3882	2007.500434
evapotranspiration	0.0877	-0.7963	1	279	998	2010.7866
events	0.637	-0.2404	2	1114	28038	2008.940003
evolution	-0.1129	0.1771	3	877	9898	2009.317419
excess	0.1634	0.5942	2	263	770	2006.587452
exchange	0.0093	0.407	4	415	2088	2008.103913
expansion	-0.2152	0.2041	3	523	2834	2010.313347
expectations	-0.0586	-0.3678	1	171	460	2009.868534
expedition	0.0889	0.4034	4	201	678	2008.265986
experiments	-0.3339	0.4375	3	1114	31448	2008.056984
experts	-0.7308	-0.5441	1	122	282	2012.340659
explanation	9e-04	0.495	3	477	2432	2007.120259
exploitation	-0.3876	-0.1932	1	174	464	2009.632911
exploration	-0.7272	-0.2522	1	168	454	2009.280242
export	-0.0856	1.1717	4	280	1172	2009.527633
exposure	0.534	-0.9663	2	133	384	2009.120837
expression	0.5199	0.3735	2	194	562	2010.221853
extension	0.4017	0.4928	2	470	2460	2007.564542
extent	-0.0958	0.3165	4	1109	27378	2009.292904
extrapolation	-0.8398	-0.64	1	123	338	2007.606469
extratropics	0.3532	0.6984	3	428	2546	2009.921769
extreme	0.6191	-0.5354	2	973	18468	2011.052923
extreme events	0.4377	-0.7013	2	664	5830	2013.275093
failure	-0.7179	-0.7271	1	282	896	2009.185744
fall	0.5088	0.063	4	578	4298	2008.13205
family	0.4712	-0.7109	2	201	774	2008.985487
fast	-0.6906	0.826	3	207	696	2008.050903
feasibility	-0.5094	-0.4905	1	165	422	2009.413978
features	0.2426	-0.049	2	878	10452	2008.398624
feedback	-0.5929	0.6582	3	1053	26886	2010.893652
fidelity	-0.7777	-0.0066	1	320	1274	2009.813596
field	-0.0517	-0.115	1	987	15794	2008.149599
filter	-0.4098	0.0292	1	270	1046	2008.739821
fingerprints	-0.2175	0.3505	1	296	1246	2010.9046
finland	0.2379	-1.0197	2	152	436	2007.913074
fire	-0.1483	-0.9317	1	189	574	2009.826617
fjord	0.4502	-0.0563	4	144	422	2010.034467
flood	0.1217	-0.8439	1	528	3282	2008.873819
flow	0.7905	-0.0037	2	823	9668	2008.227829
fluctuations	0.1647	0.2704	3	545	3692	2007.651355
fluid	-0.9021	-0.6982	1	293	1240	2008.294565
flux	0.0731	0.8981	4	1015	23240	2008.597609
focus	0.1598	-0.3422	1	675	5136	2011.577425
focusing	0.3954	-1.0556	5	196	628	2010.075556
food	-0.4307	-0.8394	1	192	518	2008.346694
footprint	0.1566	-0.303	1	236	700	2010.881764
force	0.4074	0.3096	2	167	432	2008.698212
forcing	-0.5802	0.4327	3	1133	34304	2009.808603
forecasts	-0.1551	-0.346	1	1031	20916	2011.270248
forest	-0.5539	-0.7047	1	215	682	2009.036828
formation	0.4914	0.4445	2	657	5474	2008.321264
foundation	-0.6486	-0.4469	1	201	544	2010.923077
fraction	-0.5551	0.264	1	690	5752	2008.456562
fram strait	0.1414	1.0257	4	343	1612	2008.775306
frame	-0.274	0.2478	4	152	412	2009.852989
framework	-0.4455	-0.1797	1	729	6040	2011.28923
france	0.4692	-0.8507	2	169	444	2008.0625
freeze-up	-0.1177	0.4509	4	197	680	2009.512195
freezing	0.0792	0.4178	4	397	1884	2008.624187
frequency	0.7355	-0.3427	2	1010	20750	2008.248973
freshening	-0.665	0.3811	1	172	514	2009.964444
freshwater	-0.5603	0.0921	1	437	2220	2009.714453
front	0.6543	0.4031	2	338	1384	2007.825421
frontal	1.0204	-0.5399	2	193	644	2005.919765
frost	-0.0267	-0.8712	1	175	492	2008.151163
function	0.2694	-0.0442	2	656	5126	2008.530959
future	-0.3517	-0.5675	1	961	15384	2011.886201
future climate	-0.6009	-0.4768	1	613	4382	2012.298684
future research	-0.0881	-0.3682	1	193	554	2011.822917
gap	-0.5209	-0.198	1	315	1112	2011.364048
gas	-0.7515	0.0568	1	773	9060	2009.18628
gases	-0.8382	0.236	3	677	6662	2008.364299
gauge	0.0208	-0.7891	3	163	452	2009.200717
gcm	-0.1037	-0.4739	3	770	8564	2006.636275
general circulation	0.279	-0.6619	3	152	406	2004.754839
general circulation model	-0.4942	0.1103	3	627	5518	2008.289072
generation	-0.5436	-0.2257	1	684	6116	2009.018917
genesis	0.9934	-0.2433	2	197	580	2008.06422
geographic location	0.2497	1.1689	3	232	864	2010.843575
geophysical	-0.5702	-0.7688	1	369	1738	2008.193421
geopotential height	1.0087	-0.2861	2	350	1642	2008.960396
glacial	-1.009	0.3578	3	182	548	2009.051526
glacial maximum	-1.0783	0.343	3	183	570	2010.369629
glacier	-0.0256	-0.6535	1	209	616	2009.876697
global	-0.48	-0.1532	1	846	10394	2010.049364
global climate	-0.4056	-0.2566	1	651	4378	2010.399116
global climate models	-0.5917	-0.3891	1	817	9692	2011.371941
global model	-0.0863	-0.6867	1	140	354	2009.1875
global ocean	-0.9297	0.101	1	164	488	2011.23741
global scale	-0.2659	-0.8726	1	283	1074	2010.563923
global temperature	-0.8663	0.4348	3	404	2086	2011.383648
global warming	-0.4752	0.3646	3	479	2892	2011.050467
globe	0.2409	-0.215	3	566	3792	2010.753165
government	-0.2871	-0.7724	1	271	854	2012.723951
gradient	0.5321	0.6163	2	793	10392	2008.605746
greenhouse	-0.7825	0.1942	3	937	15762	2010.141546
greenhouse gas	-0.4972	0.6326	3	507	3500	2011.881188
greenhouse gas concentrations	-0.7903	0.4051	3	353	1820	2011.185897
greenhouse gas emissions	-0.754	-0.7474	1	221	858	2013.902597
greenhouse gases	-0.8889	0.3512	3	634	5918	2010.01027
greenland	0.6318	0.1698	2	899	13428	2008.04131
greenland ice sheet	0.3437	-0.4088	3	211	686	2012.734975
grid	-0.488	-0.4991	1	458	2452	2008.514164
gris	0.7949	-0.3253	3	143	450	2015.252525
group	-0.1394	-0.1706	1	413	1778	2007.95978
growth	0.3046	0.5023	4	647	5170	2007.964687
growth rate	1.1937	1.009	2	153	488	2006.557837
hadcm3	-0.9864	-0.3348	1	244	938	2009.640523
hand	-0.113	0.4679	3	574	3956	2008.390663
hazard	0.2059	-0.7369	2	289	1018	2012.14876
health	0.1825	-0.9203	1	159	454	2011.42961
heat	-0.0436	0.7875	4	1139	39064	2008.894185
heat content	-0.4523	0.8378	3	225	768	2011.271523
heat flux	0.0847	0.934	4	417	2172	2008.44591
heat transport	-0.4498	1.1332	3	387	2302	2010.233533
height	0.9253	0.0072	2	736	7754	2008.844619
hemisphere	0.6044	0.2027	2	1034	24906	2009.014397
heterogeneity	-1.0223	-0.2344	1	149	414	2010.395911
hiatus	0.2549	0.4743	3	492	3366	2010.078616
hierarchy	0.0845	-0.1971	1	286	1146	2008.192727
high latitudes	0.3414	0.5176	3	852	11190	2008.289567
high northern latitudes	-0.3913	0.4309	3	448	2316	2009.318267
high-frequency	0.5347	-0.4718	2	284	932	2009.040142
high-latitude regions	0.7743	0.2971	4	163	526	2011.291209
high-pressure	0.943	-0.0555	2	423	2388	2009.278161
high-resolution	-0.2204	-0.612	1	683	5576	2010.248214
hindcast	-0.0285	-0.2151	1	413	2274	2013.123894
historical	-0.6241	-0.5495	1	396	1888	2009.214912
history	-0.5987	0.0923	1	214	572	2008.523128
hole	-0.4663	0.9895	3	198	586	2006.361279
holocene	-0.4161	0.7423	3	260	930	2008.578947
homogeneity	0.2693	-0.5736	1	146	372	2007.956912
horizontal resolution	-0.4922	-0.0282	1	365	1742	2008.945455
hotspot	0.4667	-0.4286	2	208	652	2011.734551
hpa	0.7999	-0.0311	2	679	6568	2008.380522
hudson	0.1268	-0.1635	1	242	786	2006.643807
human activities	-0.6737	-0.5405	1	300	1308	2011.12845
humans	-0.2728	-0.4121	1	236	676	2010.156837
humidity	-0.1166	0.4759	4	623	4872	2009.347264
hydrological cycle	-0.5329	0.4866	3	383	1966	2010.619048
hydrology	-0.1208	-0.6675	1	366	1380	2010.90501
hypotheses	-0.6022	-0.3856	1	307	1164	2009.144207
hypothesis	0.4113	0.6364	2	438	2432	2008.194871
hysteresis	-0.8708	0.5352	4	157	532	2008.317895
ice	-0.0764	0.4395	4	1263	86718	2008.860178
ice age	-0.6579	0.7545	3	176	526	2008.966337
ice concentration	-0.3725	0.4638	4	377	1858	2009.527778
ice conditions	-0.5649	0.9458	4	184	606	2010.267606
ice cores	-0.2138	0.8181	3	172	552	2007.335439
ice edge	-0.1688	0.4606	4	239	840	2006.195122
ice extent	-0.0765	0.8482	4	404	2400	2009.219219
ice loss	0.8109	0.8449	4	554	5144	2014.487889
ice pack	-0.3695	1.063	4	198	638	2006.90625
ice retreat	0.5695	0.5989	4	230	824	2010.171103
ice sheet	-0.2881	0.1377	3	425	2236	2008.394118
ice surface	0.0131	0.8926	4	127	354	2007.998565
ice thickness	-0.5934	0.8204	4	343	1694	2009.211783
ice volume	-0.6968	0.7404	4	176	538	2008.747554
iceland	0.6509	0.1478	2	354	1632	2008.214375
identification	0.3711	-0.5085	2	521	2806	2009.939059
imagery	0.5027	-0.1989	2	172	458	2010.027404
images	-0.3664	0.3274	1	191	570	2009.851773
imbalance	-1.0148	0.6618	3	275	1114	2009.882784
impact	0.1242	-0.0774	1	1201	41460	2011.1545
implementation	-0.9822	-0.0471	1	322	1156	2012.128733
implications	-9e-04	-0.0821	1	821	8582	2008.957655
improvement	-0.6748	-0.2773	1	735	8044	2010.609009
incidence	0.7046	-0.6929	2	113	330	2007.699477
inclusion	-0.3359	0.0383	1	455	2144	2008.715721
independence	0.133	-0.5786	5	141	368	2008.945545
index	0.7246	-0.3497	2	812	9550	2009.733438
india	0.3217	-0.1003	2	158	440	2008.826418
indian ocean	-0.1319	0.6017	3	301	1428	2008.166667
indices	0.2277	-0.4689	2	874	9108	2009.479934
individuals	0.3999	-0.2377	2	196	604	2008.750418
industry	-0.4363	-0.7513	1	217	682	2011.629501
inertia	-0.8127	-0.6311	1	194	566	2008.902439
inflow	-0.0079	0.8822	4	290	1276	2008.946292
influence	0.4134	0.1801	2	1019	20556	2009.717142
information	-0.3362	-0.4155	1	810	7654	2009.67229
infrared	-0.2832	1.1184	4	223	928	2010.505226
infrastructure	-0.4763	-0.677	1	362	1366	2013.719864
initial conditions	-0.7844	0.3332	3	445	3228	2009.632653
initiation	-0.738	-0.0056	1	542	4546	2008.403696
inland	0.5423	-0.8021	2	304	1108	2008.910801
insight	-0.3226	0.0601	3	405	1594	2011.173112
insolation	-0.647	0.8089	3	333	1628	2009.002281
instability	0.5905	0.4289	2	357	1496	2008.089958
instrument	-0.5337	-0.2845	1	328	1278	2008.390639
integration	-0.4404	0.0858	1	477	2422	2009.269083
intensification	0.6876	0.0396	2	629	4524	2009.809342
intensity	0.7056	-0.1865	2	809	9658	2008.970237
inter-annual variability	0.582	-0.5991	2	290	1040	2011.49187
interactions	0.0614	0.3604	4	825	8662	2009.581424
interannual	0.8712	0.0409	2	430	2232	2007.764706
interannual variability	0.5233	0.0909	2	781	8330	2009.34307
interannual variations	0.7116	-0.2158	2	350	1646	2009.136035
intercomparison	-0.7693	-0.1862	1	989	19248	2012.078383
interface	-0.5298	-0.4398	1	162	444	2008.784137
interference	0.8962	-0.2975	2	185	574	2008.262806
interior	0.2508	-0.424	2	346	1374	2008.54476
internal variability	-0.5392	0.437	3	695	7794	2012.705263
international	-0.4135	-0.6243	1	272	922	2009.154964
interpolation	-0.5003	0.3115	4	254	938	2009.545906
interpretation	-0.1037	0.3984	3	419	1894	2007.927664
intertropical	-0.451	0.2975	3	172	508	2010.333333
introduction	0.0982	-0.7868	1	219	630	2009.308432
intrusion	0.8038	0.8213	2	299	1236	2007.462904
invasion	1.4022	0.3624	2	152	468	2010.464396
inversion	0.143	0.7886	4	389	1996	2008.510833
ipcc	-0.6867	-0.2374	1	587	4164	2010.65261
ir	1.0405	1.0917	4	263	1462	2007.455919
irradiance	-0.6252	0.2826	3	277	1068	2007.128945
isentropic	0.2072	0.9008	4	126	332	2004.492126
island	0.5922	-0.3706	2	375	1626	2007.713057
isolation	-0.6476	1.2084	3	163	524	2008.812901
isotope	-0.7823	0.6836	3	159	416	2009.3991
itcz	-0.8434	0.2891	3	282	1114	2009.342593
japan	0.7595	-0.0736	2	322	1368	2008.775189
jet	0.9193	0.1867	2	840	12338	2009.493425
jet stream	1.1496	0.2789	2	471	3288	2011.126316
kara	0.9216	0.4023	2	563	5044	2008.534553
key	-0.8516	0.3441	3	404	1984	2010.680262
knowledge	-0.4745	0.0763	1	511	2878	2011.311559
korea	0.4391	-0.608	2	159	440	2012.740659
kuroshio	1.1361	0.5997	2	146	430	2009.819005
laboratory	-0.6105	-0.6069	1	362	1594	2007.465259
labrador	0.4298	0.5729	2	479	2954	2007.444614
lag	0.2998	0.2219	4	357	1560	2008.722821
lagrangian	0.844	0.38	2	331	1416	2009.527778
lake	1.19	-0.3331	2	284	1108	2008.594336
land	-0.4326	-0.2437	1	1049	19108	2009.148895
land surface	-0.5602	-0.7046	1	326	1284	2010.371841
language	0.2735	0.46	3	679	6326	2016.599415
large	-0.0187	0.8242	4	526	3808	2008.616924
large-scale	0.46	-0.1332	2	496	2574	2008.937922
large-scale circulation	0.8365	-0.262	2	388	1966	2009.435644
late spring	0.526	0.5334	2	260	888	2008.015666
late summer	0.3704	0.2521	4	407	1894	2008.352034
latent	0.1799	1.0338	4	520	3600	2008.406082
latent heat	0.1995	0.8982	4	249	926	2008.125475
latent heat flux	-0.3749	0.8739	4	165	476	2007.890244
latitude	0.2126	0.2408	2	735	6250	2007.895631
law	-0.2882	-0.5679	1	126	320	2008.30754
layer	-0.1779	0.6324	4	795	7666	2008.050692
lead	-0.0196	0.3576	4	686	5532	2008.141769
lena	0.8232	-0.477	2	201	678	2009.526316
length	-0.0958	-0.7154	1	499	2772	2007.902115
levels	-0.3605	-0.4227	1	771	7932	2008.087057
lgm	-1.1002	0.3758	3	177	552	2009.82967
life	0.616	-0.0388	2	341	1462	2009.496831
life cycle	0.8366	0.0963	2	275	1032	2008.297638
lifetime	0.6689	0.3166	2	256	786	2008.148837
light	0.081	-0.5146	1	276	954	2008.497181
likelihood	-0.3373	-0.7873	1	382	1986	2010.108475
limit	-0.6376	-0.1232	1	630	4494	2008.405998
line	-0.6414	0.3267	3	460	2184	2008.353935
linear regression	0.3594	-0.2366	2	157	420	2010.284264
linkage	1.1504	0.2956	2	493	3778	2010.40874
links	0.7092	-0.1671	2	518	3098	2010.597109
list	-0.9514	-0.0151	3	173	506	2010.001938
literature	-0.3065	-0.4801	1	482	2404	2009.415346
little ice age	-0.5838	0.8846	3	143	420	2009.720812
loading	-0.5418	-0.7469	1	163	416	2008.487434
local scale	-0.3505	-0.9701	1	222	736	2010.141667
location	0.4405	0.0212	2	677	5256	2008.984732
long-term	0.5114	0.0447	2	263	928	2009.940375
long-term changes	0.7255	0.309	2	313	1286	2010.047945
long-term trends	0.6899	-0.3926	2	452	2522	2010.221667
longitude	0.9281	-0.3217	2	189	560	2007.1875
longwave	-0.2125	1.0108	3	582	5002	2009.39418
longwave radiation	-0.0444	0.902	3	439	2392	2010.547368
loss	0.2249	0.5345	4	1039	24416	2009.572836
low latitudes	-0.2833	0.6508	3	449	2510	2007.629032
low temperatures	1.0832	0.3244	2	255	962	2008.069861
mackenzie	0.0999	-0.9186	1	170	490	2007.76972
magnitude	-0.2052	-0.0625	3	1018	17602	2008.764211
maintenance	0.607	0.9321	2	216	708	2008.36166
management	-0.3801	-0.601	1	419	1654	2011.487395
map	0.4422	-0.6288	2	663	5810	2009.260049
mapping	-0.4235	-0.66	1	255	912	2009.719953
margin	0.3389	0.1063	4	305	1086	2007.943292
marginal ice zone	-0.0649	0.9272	4	275	1104	2007.277674
marginal seas	0.6373	0.657	4	316	1398	2009.918367
marine	-0.5636	-0.365	1	410	1858	2009.464672
marine ecosystems	-0.5442	-0.1603	1	223	684	2011.751724
maritime	-0.1267	-0.6	1	352	1418	2009.976892
markov	0.7047	-0.9165	2	153	470	2011.717105
mass	0.2435	0.2783	4	781	7520	2008.546102
match	-0.9205	-0.4295	1	173	478	2009.540171
maximum	-0.0549	-0.1657	3	771	7578	2008.02311
mean	-0.1738	0.004	3	1135	28044	2008.418412
measurements	-0.2354	-0.0508	1	779	6880	2008.052338
mechanisms	0.4011	0.5392	2	1020	20938	2009.236736
media	-0.7182	0.2454	3	125	324	2009.719376
mediterranean	0.412	-0.7378	2	463	2800	2008.764778
melt	0.1153	0.5087	4	855	11948	2009.845955
memory	0.1436	0.0645	4	434	2342	2009.85
meridional overturning circulation	-1.3858	0.4484	3	132	422	2013.450262
mesoscale	0.2288	-0.7902	1	154	408	2008.07772
meteorological	0.2727	-0.5763	2	702	5660	2007.852068
meteorological conditions	0.4096	-0.5983	2	158	408	2009.163205
meteorological stations	0.6294	-0.7385	2	268	1228	2012.078431
methane	-0.8521	-0.5379	1	197	662	2010.061798
method	-0.2914	-0.2775	1	1010	18494	2009.830294
methodology	-0.6868	-0.2954	3	449	2426	2011.295783
metrics	-0.6109	-0.4596	1	631	4964	2014.812392
mexico	0.7099	-0.6157	2	164	470	2007.779184
microwave	-0.3257	-0.1449	1	365	1662	2008.54041
mid-1990s	1.0257	-0.2281	2	200	660	2010.862559
mid-holocene	-1.0646	0.6435	3	180	646	2010.212276
mid-latitudes	0.7871	0.2596	2	967	20920	2008.595624
middle latitudes	1.0575	0.5913	2	237	904	2005.857651
migration	-0.1557	-0.436	1	319	1178	2008.7381
millennium	-0.7354	0.5874	3	209	638	2010.497959
minimum	0.2607	0.0987	4	654	5088	2007.387903
mission	-0.4956	0.2779	1	168	430	2010.545273
mitigation	-0.8961	-0.4501	1	465	2994	2013.45799
mixing	-0.2006	0.6361	4	329	1276	2008.011628
moc	-0.8959	0.94	3	170	536	2009.953271
mode	0.7203	0.0403	2	843	11454	2009.290859
model	-0.3285	0.1068	3	1272	107736	2009.337703
model performance	-0.7965	-0.7205	1	312	1408	2012.341463
model simulations	-0.4623	0.1141	3	633	5356	2010.372611
modeling	-0.4799	-0.2708	1	867	10294	2009.934739
modern	0.0762	-0.2489	1	179	502	2009.175637
modification	-0.0241	0.6026	1	263	918	2007.905808
modis	-0.469	-0.0361	1	233	760	2013.329356
modulation	0.8622	0.137	2	444	2352	2009.339816
moisture	0.5213	0.1872	2	937	15298	2009.760344
moisture transport	0.7125	0.354	2	503	3232	2011.156863
moment	0.0763	0.0926	1	231	670	2008.200787
momentum	0.4925	0.7253	2	297	1210	2008
mongolia	1.2955	-0.1459	2	155	494	2011.197183
monitoring	-0.2134	-0.665	1	381	1506	2010.807096
monsoon	0.5393	-0.267	2	533	3702	2010.687995
monte carlo	0.3702	-0.8458	2	165	538	2009.492891
motion	0.707	0.4145	2	377	1634	2007.241081
motivation	-0.9638	-0.6999	1	125	356	2011.484848
mountains	0.703	-0.4483	2	500	2712	2008.872376
movement	1.1146	0.3995	2	278	1176	2008.271565
multimodel	-0.1568	-0.9668	5	494	3772	2013.652174
multivariate	0.3114	-0.6141	2	301	1152	2009.5132
na	0.5257	0.5627	2	208	650	2007.245098
nam	1.1879	-0.1131	2	182	556	2009.926941
nao	0.9861	-0.0934	2	729	8280	2010.32948
nasa	-0.4013	-0.0049	1	415	1804	2008.399776
national	-0.4507	-0.3044	1	662	6118	2008.772338
natural	-0.9494	0.2573	3	168	566	2009.161002
natural variability	-0.1324	0.1337	3	596	4298	2010.189526
nature	-0.1911	0.0895	1	575	3344	2008.617072
navigation	-0.372	-0.7663	1	248	974	2012.838636
ncar	-0.898	0.5529	3	419	2266	2006.113402
ncep	0.2026	-0.1484	2	460	2586	2009.064426
ncep-ncar	0.6731	0.0773	2	326	1268	2007.715847
near-surface	0.325	0.2768	3	439	2196	2010.043197
negative correlation	0.8834	-0.4417	2	153	430	2009.317808
negative feedback	-0.0049	1.172	3	291	1204	2009.88961
net	-0.3116	0.8132	4	249	872	2007.445437
network	-0.1562	-0.3121	1	567	3152	2010.903467
noaa	-0.6471	-0.2385	1	299	1136	2007.517241
noise	0.0331	-0.0408	1	311	1312	2009.477697
nonlinear	0.3216	0.0127	1	381	1736	2009.752443
nordic	-0.0487	1.0028	4	442	2412	2009.580058
nordic seas	-0.053	1.0867	4	359	1610	2010.055728
north	0.5618	0.0932	2	1223	51674	2008.467015
north america	0.8851	-0.5487	2	307	1258	2011.308108
north atlantic	0.4975	0.724	3	193	600	2005.722841
north atlantic oscillation	0.9544	-0.0966	2	405	2328	2011.363296
north pacific ocean	0.843	-0.4493	2	158	430	2008.38404
northern	0.5436	-0.1129	2	1085	27546	2008.895353
northern hemisphere	0.7238	-0.2318	2	337	1458	2006.369048
northwest	0.15	-0.649	1	391	1908	2007.741751
norway	0.3419	-0.7537	2	268	938	2008.07857
norwegian	0.4737	0.121	4	413	2186	2006.948859
novaya	0.1183	1.2791	4	133	432	2008
novaya zemlya	0.1194	1.2795	4	133	432	2007.833828
novel	-0.7817	-0.1286	1	237	778	2011.739247
numerical	0.4011	0.6222	4	277	1082	2008.275796
numerical experiments	0.4303	0.076	2	372	1776	2008.379421
numerical model	-0.1015	0.2553	1	209	564	2009.402024
numerical simulations	-0.0523	0.0624	1	259	876	2010.703281
ny-alesund	0.7194	0.328	4	162	484	2008.436073
objective	0.0107	-0.4609	1	345	1218	2010.084737
observational data	-0.1465	-0.4998	1	476	2806	2009.774451
observations	-0.2395	-0.0974	1	1196	38546	2008.908539
occurrence	0.7829	-0.2493	2	881	12036	2008.878622
ocean	-0.2469	0.4031	4	1221	54300	2009.205801
ocean basins	1.197	-0.12	2	190	612	2009.233449
ocean circulation	-0.765	0.5191	3	387	1744	2010.079327
ocean currents	-0.6675	1.1766	3	139	424	2009.711055
ocean dynamics	-0.2701	1.0184	3	260	1082	2012.137566
ocean model	-1.0056	0.1134	1	333	1484	2009.497065
ocean surface	-0.5839	0.564	3	275	1012	2010.806647
ocean temperature	-1.1645	0.0734	3	332	1600	2012.016216
oil	-0.5749	-0.5144	1	125	358	2008.786318
okhotsk	0.8809	0.2574	2	348	1714	2009.301449
onset	0.1703	0.1165	4	637	4570	2008.982999
open ocean	-0.9182	0.5106	1	187	538	2009.287975
open water	-0.1653	0.9381	4	280	1140	2007.546044
opening	0.2223	1.2004	4	232	1024	2008.074957
operation	-0.4714	-0.5191	1	338	1358	2010.347293
optimization	-0.6735	-0.5589	1	206	606	2011.222714
options	-0.8381	-0.3635	1	198	606	2011.088957
order	-0.3325	-0.001	1	849	8886	2008.447395
organization	-0.2137	-0.8382	1	187	524	2009.610227
origin	0.4453	0.2563	2	528	3326	2007.989853
orography	0.462	-0.2513	2	334	1296	2007.740196
oscillation	0.8481	0.1388	2	1048	28220	2009.592581
outbreaks	1.087	-0.1117	2	361	1712	2010.198516
outcomes	-0.7486	-0.4471	1	249	786	2011.660682
outflow	0.4434	0.5454	2	219	618	2007.944625
overturning	-0.8877	0.5516	3	502	3362	2011.454405
overview	-0.7857	-0.3998	1	344	1478	2009.462544
ozone	-0.5624	0.2652	1	451	2554	2005.151365
pa	-0.0141	-0.0063	1	160	432	2007.85
pace	-0.6199	-0.7526	1	204	646	2010.591093
pacific	0.724	0.0817	2	1067	26884	2009.069612
pacific ocean	0.579	0.2345	2	456	2404	2008.600772
pacific sector	0.5917	0.8658	4	344	1640	2009.256705
pack	-0.1769	0.9432	4	312	1348	2006.469572
paleoclimate	-0.8431	0.5079	3	229	778	2010.143169
panel	-0.6741	-0.3676	1	491	2750	2010.594747
parallel	0.4504	-0.0473	2	169	450	2007.545553
parameterization	-0.8181	0.0415	1	521	3240	2009.170118
parameters	-0.5715	0.0531	1	809	8246	2008.858581
part	-0.0317	0.0216	1	962	13814	2007.996794
particles	-0.1043	-0.0521	1	180	510	2007.800157
partitioning	-0.1663	0.8013	4	246	910	2008.418708
past	-0.6861	-0.0716	1	444	2230	2009.286247
past century	-0.5862	0.9461	3	177	564	2010.043269
pathways	-0.4334	-0.0556	1	786	9190	2011.336845
patterns	0.5601	-0.0556	2	1201	49644	2008.797625
pdo	0.6948	-0.4374	2	432	2532	2013.030717
penetration	-0.4581	-0.2928	1	158	390	2007.556604
peninsula	0.5613	-0.3797	2	377	1626	2008.446514
perceptions	0.1561	-0.7435	2	116	324	2011.684964
performance	-0.6036	-0.5366	1	778	8124	2010.724359
period	0.2368	-0.0647	2	1186	35270	2008.42654
periodicity	0.9415	-0.1512	2	148	402	2007.922674
permafrost	-0.6122	-0.6477	1	410	2036	2011.237578
persistence	0.6552	-0.1307	2	756	7736	2010.336061
perspective	0.1414	0.0844	2	570	3848	2010.824219
perturbations	-0.495	0.7669	3	584	4606	2008.294041
phase	0.3993	0.4004	2	1038	25912	2008.459023
phenomena	0.3962	-0.0717	2	465	2432	2008.558488
physical	-0.3206	0.3129	3	220	688	2007.715556
physical mechanisms	0.6966	0.2222	2	340	1276	2010.5
physical processes	0.0542	0.4473	5	492	2682	2008.985554
physics	-0.6057	-0.0966	1	526	3204	2009.297674
place	-0.2022	-0.1886	1	408	1640	2007.525068
planet	-0.8422	-0.1587	1	206	644	2010.483081
planetary	1.0218	0.2718	2	134	362	2008.973118
planetary waves	1.2863	0.5008	2	332	1870	2009.51585
planning	-0.466	-0.7116	1	335	1306	2012.670807
plateau	0.8035	-0.3726	2	433	2116	2009.592112
platform	-0.4108	-0.072	1	179	456	2009.532067
play	-0.4241	0.0641	1	285	1078	2010.560976
pna	0.9007	-0.3746	2	304	1244	2009.853535
polar	0.2252	0.1468	2	802	8728	2007.443747
polar regions	-0.5171	0.0882	1	652	4936	2009.410444
polar stratosphere	1.3399	0.7725	2	132	442	2006.734982
polar vortex	0.9657	0.5557	2	397	2456	2006.346444
polarity	1.1721	0.2137	2	170	548	2007.296015
pole	0.2996	0.4907	2	537	2956	2006.940757
poleward	0.4034	0.8268	3	754	8774	2007.923077
policy	-0.6757	-0.5962	1	380	1862	2012.234091
pollution	0.0573	-0.7622	1	128	310	2008.384498
population	-0.0342	-0.7584	1	295	980	2008.672858
position	0.5112	-0.0178	2	548	3774	2008.392256
positive feedback	-0.4626	1.2015	3	258	1064	2009.79703
positive trend	0.7803	0.6024	4	337	1562	2011.244541
potential	-0.214	-0.1193	1	765	6426	2010.240353
potential impact	-0.1766	-0.4693	1	202	640	2010.782051
potential vorticity	0.755	0.5438	2	215	652	2006.125
power	-0.3947	0.1285	3	230	714	2009.270091
practice	-0.3168	0.6878	1	163	448	2011.243151
precipitation	0.1128	-0.5322	1	1125	33140	2009.731557
precursors	1.1622	0.2703	2	256	906	2008.874046
predictions	-0.123	-0.0637	1	1070	26340	2009.897678
predictors	0.6337	-0.4564	2	398	2020	2011.173313
present	-0.1618	0.2152	3	277	986	2007.990715
present day	-0.3281	-0.8517	1	318	1240	2009.056396
pressure	0.7192	-0.0854	2	1037	21296	2008.310217
principal component analysis	0.9782	-0.576	2	150	448	2008.970381
principle	-0.9081	0.2518	3	252	920	2008.446296
priority	-0.9944	0.1654	1	171	482	2011.372703
probability	0.1461	-0.8257	1	608	5232	2009.789859
procedures	-0.9017	-0.5464	1	198	644	2007.300565
processes	-0.2296	0.1741	1	1112	25168	2009.595773
production	-0.2576	-0.4887	1	469	2110	2008.41289
productivity	-0.5705	-0.0923	1	215	620	2009.327254
profiles	-0.1553	0.6475	4	554	3384	2007.935203
progress	-0.3827	-0.1834	1	497	2592	2009.283491
project	-0.6848	-0.2653	1	1058	23874	2009.951874
projection	-0.438	-0.5803	1	1015	22028	2012.897475
propagation	1.0713	0.5099	2	508	3732	2008.888573
properties	-0.4514	0.1812	1	647	4146	2009.393254
proportion	-0.0885	-0.5334	1	243	818	2007.916222
prospects	-0.6708	-0.1581	1	329	1288	2010.176471
protocol	-1.0674	0.0212	1	321	1486	2010.678419
proximity	0.6941	-0.0846	2	204	700	2009.550413
proxy	-0.1742	0.2524	3	330	1382	2011.318436
publications	-0.1623	-0.7137	1	146	380	2010.741127
pv	0.9152	0.4532	2	228	810	2008.32618
quality	-0.4457	-0.4177	1	599	3872	2010.189742
quantification	-1.0078	0.099	1	318	1314	2011.260355
quasi-biennial oscillation	0.9376	-0.1721	2	165	456	2009.712727
radar	0.0577	0.1538	4	158	428	2008.748589
radiation	-0.2876	0.8326	3	928	15698	2008.357553
radiative	-0.7473	0.5004	3	614	5104	2009.501534
radio	-0.2633	0.1657	1	160	440	2007.738883
radiometer	-0.5811	-0.1539	1	183	566	2007.88206
radiosonde	0.132	0.3335	4	363	1628	2008.264331
rain	-0.1762	-0.3173	1	301	1100	2008.573092
rainfall	0.1587	-0.5952	1	691	5990	2010.725018
range	-0.3057	-0.2259	1	991	14446	2008.574661
rapid	0.0872	0.3272	4	402	1838	2009.260784
rates	0.0069	0.0754	4	672	5128	2007.943562
ratio	-0.0568	-0.0867	3	564	3886	2007.736208
rcp	-0.9427	-0.3285	1	479	3162	2016.117021
rcp4.5	-0.6199	-0.6956	1	486	3260	2016.133333
rcp8.5	-0.3669	-0.6435	1	661	6132	2016.570342
re-analysis	0.601	0.1129	2	443	2530	2010.498127
reanalyses	-0.0083	-0.1985	1	798	8778	2012.894094
reanalysis	0.4135	0.0402	2	1108	27622	2012.692568
reanalysis data	0.6955	0.1107	2	821	9892	2012.770178
reason	-0.0995	0.6622	4	450	2332	2009.101523
recent	0.5984	-0.1169	2	738	7356	2008.930233
recommendations	-0.5545	-0.2446	1	175	466	2011.232852
reconstruction	-0.4159	0.2194	3	511	2972	2009.991292
record	0.0135	-0.1535	1	892	11172	2008.636847
recovery	-0.5452	0.4968	4	352	1448	2009.497477
redistribution	0.204	-0.1368	3	157	410	2009.02246
reduction	0.0646	0.4461	4	988	18170	2009.195696
reflection	-0.8388	0.4087	1	279	1138	2008.516981
regime	0.3583	-0.3393	2	705	6068	2008.761852
region	0.2615	-0.111	2	1260	65310	2009.213913
regional climate	-0.495	-0.8299	1	510	3534	2011.116505
regional climate model	-0.0783	-0.3798	1	467	3024	2012.050473
regional differences	-0.1355	-0.5086	1	311	1168	2009.450602
regional scale	0.0265	-1.022	1	265	908	2010.146771
regression	0.4333	-0.0371	2	681	6190	2009.585498
regression analysis	0.5831	0.4639	2	272	1000	2009.417476
related	-0.3279	0.871	3	181	480	2006.119565
relationship	0.6589	0.0276	2	1007	18444	2008.880832
relative contributions	0.2947	1.4348	3	248	1030	2009.370909
relative humidity	-0.5737	0.0345	1	236	800	2009.402439
relative importance	-0.8883	-0.0793	1	238	834	2008.995506
relaxation	0.7007	0.1186	2	272	1224	2007.482838
release	-0.1624	0.7966	4	507	3028	2009.408827
reliability	-0.3462	-0.6449	1	397	1934	2010.529737
remote	-0.3519	-0.0816	1	344	1430	2010.867397
remote regions	0.4548	-0.1937	4	223	692	2011.555556
remote sensing	-0.374	-0.493	1	223	652	2011.422546
removal	-0.869	0.2528	1	295	1148	2008.282275
representation	-0.7066	-0.1687	1	824	9842	2010.830294
reproducibility	-0.0843	-1.2184	1	162	438	2008.746114
reproduction	0.0984	-0.6688	2	204	584	2007.750979
requirements	-0.6114	-0.5984	1	205	524	2008.486324
res	0.221	0.5861	4	573	4198	2009.597305
research	-0.228	-0.4591	1	1020	17514	2010.476977
reservoir	-0.3638	0.2463	1	241	718	2009.794696
residues	-0.1037	1.0494	4	204	598	2007.610135
resolution	-0.4191	-0.3368	1	933	12912	2009.55055
resonance	0.7743	-0.2642	2	188	534	2008.954678
resources	-0.3773	-0.6884	1	467	2384	2010.858496
respect	-0.1073	0.0518	5	627	4462	2008.283557
response	-0.2918	0.627	3	1135	40946	2009.573466
rest	-0.6773	0.6376	3	358	1556	2007.845899
retreat	-0.0019	0.6992	4	703	6766	2010.543237
retrieval	-0.6476	0.2018	1	265	1002	2010.435006
retrospective	-0.5216	-0.1356	1	262	1090	2012.772152
reveals	0.3866	0.3503	4	671	5086	2010.570102
reversal	1.0566	-0.0589	2	239	776	2008.011494
review	-0.3257	-0.3445	1	477	2778	2009.601815
ridge	1.0741	-0.1606	2	450	2726	2007.505288
risk	-0.2599	-0.7829	1	683	5672	2011.114812
river	0.3476	-0.5079	1	779	6816	2009.320924
river discharge	-0.0893	-0.346	1	138	436	2010.513854
robustness	0.0737	-0.5597	2	515	3098	2012.541485
role	0.256	0.5321	4	1110	28132	2010.178923
root	-0.4908	-0.7596	1	277	1056	2009.331514
rossby	1.0233	0.3219	2	595	5138	2009.988811
routes	-0.5733	-0.7524	1	197	748	2010.541845
royal	0.6654	-0.9051	2	326	1538	2007.324771
runoff	-0.1	-0.7462	1	369	1514	2010.241084
russia	0.3653	-0.6034	2	506	3116	2008.97832
russian	-0.1371	-0.6385	1	328	1256	2009.19962
saf	-1.0813	-0.3591	1	223	962	2008.785714
safety	-0.279	-0.669	1	159	406	2012.662963
salinity	-0.9492	0.3498	3	496	3390	2008.2244
sam	1.01	-0.5674	2	160	482	2012.531667
sample	-0.2435	-0.3466	1	283	956	2008.715721
satellite	-0.234	0.0215	1	804	8670	2009.46691
satellite data	-0.5831	-0.399	1	311	1302	2009.788853
satellite measurements	1.3133	-0.2047	4	150	474	2009.345515
satellite observations	-0.3458	0.3095	4	420	2284	2011.156545
saturation	-0.5575	-0.0545	1	190	524	2008.751023
scale	-0.0402	-0.3082	1	1095	23368	2009.692551
scandinavia	0.2801	-0.9659	2	240	852	2006.946698
scandinavian	1.076	-0.4646	2	270	1064	2007.675182
scenarios	-0.6673	-0.4425	1	995	19394	2011.166554
science	-0.433	-0.4611	1	519	2780	2002.851791
sea	0.0408	0.4063	4	1270	101382	2008.689398
sea ice	-0.0422	0.5305	4	1221	59828	2010.083703
sea ice area	-0.2181	0.7899	4	554	4096	2013.304348
sea ice concentration	0.3016	0.4235	4	842	12044	2013.267038
sea ice conditions	0.2933	0.3289	4	404	2308	2012.019417
sea ice coverage	-0.6274	-0.1444	1	261	942	2010.682081
sea ice extent	-0.011	0.5112	4	892	14382	2011.431635
sea ice loss	0.3582	0.8718	4	788	11492	2015.4
sea ice model	-0.5706	0.4058	4	248	888	2008.585987
sea ice retreat	-0.3838	0.5711	4	456	2544	2014.370861
sea ice thickness	-0.3644	0.5334	4	532	4172	2011.967742
sea level	-0.581	-0.3099	1	296	1140	2008.698807
sea level pressure	0.7786	0.0011	2	717	7604	2008.889892
sea level rise	-0.5204	-0.4083	1	284	1114	2011.57856
sea surface	-0.4736	0.6503	4	336	1494	2008.069565
sea surface temperature	0.031	0.3723	3	963	18972	2009.815317
search	-0.6791	-0.2444	1	183	496	2009.995035
season	0.2785	-0.2237	2	1152	32290	2009.082749
seasonal cycle	-0.2579	0.46	3	564	4300	2008.792717
seasonal ice	-0.0603	0.9481	4	245	938	2009.353535
seasonal variability	0.2471	-0.6982	1	262	866	2009.932458
seasonal variation	0.2852	0.5156	3	367	1652	2007.929683
sections	0.5939	-0.1822	2	204	588	2007.337998
security	-0.5333	-0.8116	1	139	354	2013.61747
seesaw	0.7396	0.2269	2	209	660	2010.668394
selection	-0.6685	-0.4769	1	270	980	2009.482489
sensible heat flux	0.1017	0.8728	4	141	402	2007.631313
sensing	-0.7821	-0.3435	1	169	462	2011.019623
sensitivity	-0.8162	0.4184	3	927	16848	2009.595052
sensitivity experiments	-0.4711	0.7996	3	382	1804	2009.214286
sensors	-0.4121	-0.3037	1	350	1306	2009.759019
separation	-1.2544	0.5765	3	157	472	2007.566611
sequence	1.1431	-0.0203	2	221	706	2008.54367
series	0.2388	-0.1723	2	851	10046	2008.676664
service	-0.4284	-0.7	1	324	1178	2012.189453
severity	0.2503	-0.7478	2	370	1676	2010.095915
sh	1.051	-0.255	2	329	1380	2010.224176
shape	0.1715	0.0081	4	280	978	2008.770625
shear	1.0371	0.629	2	192	642	2007.066225
sheba	-0.2625	0.773	4	146	468	2006.307692
shelf	-0.2904	-0.3035	1	250	758	2008.672172
shift	0.4376	0.0936	2	951	15952	2010.334777
ship	-0.4997	-0.7641	1	416	2344	2010.548666
shortening	0.5318	-0.4146	2	171	456	2007.150794
shortwave	-0.4504	0.9335	3	430	2440	2010.126492
shortwave radiation	-0.7166	0.8941	3	245	954	2009.857143
siberia	0.9136	-0.0626	2	682	6426	2009.391116
siberian	1.0405	0.3998	2	673	7808	2010.123978
signal	0.092	0.1953	3	841	10444	2009.224031
significance	0.3149	-0.5191	4	478	2578	2008.013281
similarity	-0.2422	-0.5625	1	258	876	2009.020248
simulations	-0.5085	0.1443	3	1216	52046	2010.182554
sink	-0.3039	0.3171	1	233	700	2008.9164
sites	-0.1062	-0.4562	1	414	1740	2008.514265
size	-0.2238	-0.5279	1	516	2964	2008.248059
skill	-0.1186	-0.4405	1	854	13296	2012.574869
slab	0.0078	1.2474	3	215	858	2008.388298
slope	0.2166	-0.3577	2	347	1446	2008.522006
slp	1.0494	0.1495	2	518	3584	2008.94012
snow	-0.1996	-0.2644	1	803	9354	2008.843053
snow cover	0.5902	-0.6539	2	241	824	2012.370588
snow depth	-0.4003	-0.3116	1	372	1670	2011.340979
snow/ice	-0.8162	0.111	1	139	388	2010.232432
snowfall	0.4442	-0.4525	1	410	2068	2010.160714
snowmelt	-0.1002	-0.7984	1	334	1304	2009.443804
snowpack	-0.0055	-0.9541	1	347	1364	2009.730081
society	0.4801	-0.8304	2	545	3706	2008.419795
software	-0.7885	-0.8199	1	149	470	2011.491499
soil	-0.2292	-0.4372	1	630	4524	2010.0138
soil moisture	-0.0726	-0.2398	1	424	2110	2011.120729
solar	-0.7011	0.6909	3	295	1264	2008.730461
solar irradiance	-0.8705	0.5646	3	143	416	2008.133971
solar radiation	-0.5467	0.8113	3	475	2432	2009.055833
solution	-0.5346	0.1498	1	286	1016	2008.161376
som	0.8826	-0.5759	2	326	1570	2012.532189
sound	-0.0726	0.3911	4	194	544	2007.411115
sounder	-0.509	0.9782	4	217	804	2008.856481
source	-0.2119	-0.0058	1	883	10122	2008.933035
south	0.511	-0.3044	2	764	7128	2007.747219
southern	-0.1364	-0.0454	3	762	7670	2009.223665
southern ocean	-0.8667	0.2779	3	537	3724	2009.57408
southwest	0.6515	-0.3033	2	318	1302	2008.084584
space	-0.5277	-0.2327	1	659	4706	2009.666286
spacing	-0.9261	-1.0221	1	154	434	2008.075342
sparse	-0.4863	-0.7371	1	269	1056	2009.608974
spatial	3e-04	-0.5702	1	513	2834	2009.53617
spatial distribution	0.3592	-0.3727	2	533	2946	2010.361231
spatial patterns	0.1094	-0.5076	5	635	5526	2010.619556
spatial resolution	-0.1573	-0.6962	1	217	654	2010.654237
spatial scales	0.2714	-0.7383	2	279	992	2009.793421
spatial structure	-0.2204	0.7125	3	218	660	2009.726496
spatial variability	0.7691	-0.7069	2	169	492	2009.941935
spatial variation	-0.198	-0.2	1	238	734	2009.989535
species	-0.5342	-0.6624	1	139	364	2008.521336
spectral	-0.1593	0.4489	1	224	722	2008.296703
spectral analysis	0.974	-0.4797	2	125	456	2007.653846
spectrum	-0.0288	0.277	1	299	1032	2007.745108
speed	0.2858	0.1135	2	684	5174	2008.86489
spitsbergen	0.723	-0.1297	4	218	812	2008.405823
spread	-0.8357	0.0914	3	696	7476	2008.634921
spring	0.3881	-0.2268	2	936	14660	2008.097068
springtime	0.1912	0.4754	4	266	940	2007.071599
sst	0.1391	0.5489	3	923	15852	2010.05105
stability	-0.3513	0.3823	1	652	5188	2009.500887
stage	-0.1091	0.3387	3	378	1562	2008.259718
stakeholders	-0.589	-0.1819	1	273	978	2014.292419
standard	-0.674	-0.4689	1	359	1380	2008.650912
standard deviation	0.1402	-0.5135	2	462	2326	2009.368356
state	-0.5241	0.2236	3	951	14652	2009.742678
stations	0.4276	-0.5648	2	717	6752	2007.983598
statistical analyses	1.0222	1.0656	3	121	370	2010.479769
statistical analysis	1.1333	-0.384	2	129	344	2009.976139
statistical methods	0.3783	-0.4639	2	165	460	2009.143791
statistical model	0.7256	-0.4655	2	243	810	2009.650307
statistical significance	0.4415	-0.5779	4	245	836	2009.233333
statistics	0.252	-0.4776	2	679	5612	2009.312095
status	-0.5127	-0.4992	1	188	524	2009.341864
steps	-0.6063	-0.7869	1	184	536	2009.019451
storage	-0.6687	0.4929	3	427	2518	2010.328125
storm	0.6451	0.2834	2	869	12254	2008.742366
storm tracks	0.7727	0.4658	2	540	4008	2009.004717
strait	0.25	0.7373	4	538	3804	2007.897357
strategies	-0.721	-0.4059	1	428	2184	2010.305877
stratification	-0.4431	0.629	4	326	1360	2009.44012
stratosphere	0.9189	0.4921	2	586	5344	2005.653704
stratospheric polar vortex	1.1988	0.7104	2	324	2016	2011.04878
stream	0.9551	0.2486	2	732	8334	2008.836139
streamflow	0.1609	-0.8885	1	180	508	2011.25
strength	-0.3645	0.4694	3	855	10428	2009.266467
strengthening	0.2512	0.5994	2	518	3282	2011.476431
stress	-0.7413	0.1794	1	311	1250	2009.003348
structure	0.2305	0.4003	2	845	8972	2008.655706
subpolar gyre	-0.5077	1.105	3	258	1072	2011.330961
subsidence	-0.0081	-0.4287	2	224	576	2007.462963
subsurface	-0.3168	0.8065	3	372	1798	2009.927347
subtropical	0.3734	-0.2586	2	488	2720	2008.611801
suitability	-0.788	-0.5466	1	188	530	2011.117773
sulfate	-1.0986	0.4483	3	160	490	2007.17354
summer	0.3684	0.0565	4	1183	43136	2008.716639
summer precipitation	0.6706	-0.7468	2	261	996	2009.947059
summer season	0.7533	-0.4596	2	278	998	2009.599483
summer temperatures	0.5777	-1.2806	5	143	436	2008.977369
summertime	0.8115	0.1816	2	416	2098	2009.23617
sun	-0.6942	0.0747	1	175	456	2007.758571
supply	-0.4328	-0.6543	1	219	568	2008.462921
support	-0.3576	-0.0455	1	512	2488	2009.291409
surface	-0.0895	0.5035	3	1253	83602	2008.863385
surface air temperature	0.2815	0.6617	4	821	10634	2011.034003
surface albedo	-0.8499	0.6325	3	537	4322	2009.227533
surface conditions	0.098	0.7333	4	124	324	2009.117284
surface energy balance	-0.1747	0.7984	3	231	824	2009.363265
surface fluxes	-0.1106	0.6691	4	242	846	2007.677291
surface mass balance	0.0753	-0.886	3	195	624	2012.738255
surface temperature	-0.7217	0.4259	3	838	11504	2009.023148
surge	0.2444	0.11	1	254	822	2008.136111
svalbard	0.3255	0.3192	4	460	2746	2009.557134
swe	0.1799	-0.8392	1	258	942	2013
synoptic	0.9761	-0.2375	2	372	1872	2008.207547
synthesis	-0.2952	-0.8239	1	238	794	2009.662722
system	-0.5899	0.0929	1	1200	42992	2009.608581
system models	-1.0516	-0.3807	1	419	2350	2015.404444
taylor	-0.1537	-1.104	1	144	420	2007.334702
techniques	-0.2088	-0.2662	1	777	7034	2007.972333
technology	-0.8899	-0.3143	1	321	1164	2011.429895
teleconnection	0.887	-0.1677	2	735	8276	2011.542562
temperature	0.0634	0.136	3	1271	99760	2008.94464
temperature anomalies	1.0057	-0.0082	2	394	2044	2010.578125
temperature changes	0.2961	0.197	3	381	1730	2008.59375
temperature data	0.4226	-0.428	4	159	452	2008.432653
temperature gradient	0.5295	0.494	2	179	508	2009.025424
temperature increase	-0.0802	-0.6447	1	371	1582	2009.516234
temperature profiles	-0.0884	0.8046	4	188	630	2006.951852
temperature trends	-0.0827	-0.5489	1	371	1762	2010.497041
temperature variability	0.569	-0.8561	2	361	1862	2011.231959
temperature variations	0.6975	-0.3833	2	192	586	2008.694581
temporal	0.7166	-0.4856	2	259	788	2008.152526
temporal changes	0.279	-1.0541	2	150	416	2009.507895
temporal evolution	0.4824	-0.0074	2	364	1478	2010.339109
temporal resolution	-1.2234	-0.5142	1	151	418	2010.931953
temporal trends	0.8583	-0.6415	2	134	366	2010.166667
temporal variability	0.2616	-0.0275	2	350	1384	2009.54638
temporal variations	0.5177	-0.116	2	290	1042	2008.891602
term	-0.4701	0.3777	3	430	1994	2008.827225
termination	0.8801	-0.6835	2	142	380	2008.235075
terms	-0.0486	-0.014	1	883	10788	2008.49203
terrain	0.0519	-0.8709	1	259	862	2009.112619
terrestrial	-1.1841	-0.2288	1	140	370	2008.824144
territories	-0.3404	-0.7296	1	181	498	2007.423737
theory	0.0271	0.2107	1	369	1442	2008.181946
thermal	-0.3043	0.3314	3	320	1146	2009.266307
thermocline	-0.9344	0.6615	3	177	528	2006.735766
thermodynamics	-0.0486	0.1533	4	325	1276	2008.389098
thickness	-0.2752	0.6039	4	798	10592	2008.754418
thin ice	-0.539	0.7611	4	125	352	2007.283784
thinning	0.214	1.144	4	335	1654	2009.590299
threat	-0.4675	-0.6475	1	117	264	2012.027911
threshold	-0.3458	-0.4943	4	470	2804	2010.539227
time	-0.0501	-0.0022	1	1210	40560	2008.831798
time scales	0.3849	0.1105	2	619	4800	2008.537809
time series	0.1656	-0.1307	2	577	3718	2009.734317
timescales	0.0352	0.1372	3	738	6504	2010.244177
tools	-0.5313	-0.5764	1	330	1236	2011.918196
topography	0.2705	-0.7498	1	335	1454	2008.703566
total number	0.8435	-0.2986	2	174	512	2008.215054
tp	0.2816	-0.3353	4	144	372	2013.646825
tracer	-0.3075	0.7657	4	160	430	2007.33904
track	0.8044	0.1348	2	826	10976	2008.851477
trade	-0.4862	-0.7016	1	207	656	2009.910891
trajectories	-0.1127	-0.1908	1	553	2988	2008.784052
transfer	-0.5978	0.4634	1	446	2208	2008.40464
transformation	-0.0232	0.1497	1	329	1210	2009.214985
transient	0.2074	0.8329	3	605	4812	2009.22961
transition	0.0095	0.3417	4	631	4708	2009.289721
transport	-0.0065	0.6346	3	1052	22074	2008.638472
treatment	-0.6153	0.36	1	293	1032	2008.987517
trends	0.2612	-0.2125	2	1193	42906	2009.691924
tropical regions	0.0731	-0.7304	1	196	586	2009.928571
tropics	-0.2521	0.3266	3	765	9450	2009.002973
tropopause	0.6304	0.4662	2	289	1098	2006.618574
troposphere	0.5886	0.611	2	786	9016	2007.935145
trough	1.1179	-0.2213	2	398	2124	2008.165586
tundra	0.114	-0.824	1	180	496	2009.070476
turbulence	-0.0789	0.6371	4	171	468	2008.098326
turbulent fluxes	0.22	0.7339	4	180	578	2006.955414
twentieth century	-0.4335	0.1436	3	524	3098	2010.49537
types	0.0889	-0.579	1	662	4646	2008.677962
uk	-0.3224	-0.7685	1	332	1346	2008.548159
uncertainty	-0.679	-0.3516	1	994	18532	2011.023214
university	-0.5055	-0.4239	1	315	1124	2007.852518
upper ocean	-0.3052	0.8566	4	208	688	2008.896406
upper troposphere	0.4622	0.5254	2	437	2264	2008.47993
upstream	1.1135	0.4372	2	200	644	2008.743219
uptake	-0.8627	0.6086	3	473	3456	2008.324314
urals	1.3225	0.4536	2	407	3216	2009.983607
usa	0.7215	-0.5997	2	183	548	2008.230569
utilization	0.0397	-0.6914	2	346	1400	2009.166837
validation	-0.1427	-0.4224	1	579	3574	2010.014759
valley	0.3808	-0.5202	2	184	522	2008.373746
values	-0.0651	-0.2254	1	1044	17534	2008.134938
vapour	-0.2333	0.6943	3	409	2146	2007.90678
variability	0.2622	-0.068	2	1252	68152	2009.910572
variance	0.6414	0.1702	2	654	5338	2008.262238
variations	0.2719	-0.0262	2	1106	24800	2008.23722
vector	1.1149	0.2513	2	176	630	2009.067811
vegetation	-0.8146	-0.0807	1	470	2660	2009.373552
velocity	0.1287	0.612	2	233	762	2008.229763
verification	-0.5976	-0.6667	1	346	1620	2010.208038
vertical	-0.3215	0.5024	4	251	856	2006.365209
vertical structure	0.106	0.6752	4	336	1412	2008.841667
vessel	-0.4445	-0.7028	1	233	782	2009.364564
volcanic eruptions	-0.8273	0.7203	3	199	618	2009.941729
volume	-0.465	0.2459	1	684	6034	2008.390878
vortex	1.0043	0.5411	2	586	5594	2006.356941
vorticity	0.8111	0.484	2	482	2970	2006.184569
vulnerability	-0.1251	-0.7478	1	313	1124	2012.434676
warm period	0.1635	0.6247	3	177	532	2009.606838
warming	0.0269	0.2834	3	1218	55846	2011.01791
warmth	0.3961	-0.8111	5	269	1082	2009.851931
warning	-0.4973	-0.4703	1	189	512	2011.314607
water	-0.1387	0.3843	3	1119	26392	2008.522927
water resources	0.0744	-1.0149	1	228	766	2013.543269
water temperature	0.7577	1.0187	4	149	532	2008.738971
water vapor	-0.2952	0.8132	3	613	5160	2007.552846
water vapour	-0.5321	0.917	3	327	1576	2008.251121
watersheds	0.1656	-0.9653	1	184	596	2010.799687
wave	0.9001	0.1059	2	912	16196	2008.774981
wave activity	0.8582	0.2102	2	181	506	2008.229839
wave propagation	1.1836	0.5534	2	133	412	2009.858407
wavelet	1.006	0.256	2	166	480	2011.090379
wavenumber	0.6392	0.7257	2	129	356	2006.8
weather	0.3546	-0.4542	2	1091	26836	2009.837145
weather conditions	0.0737	-0.954	1	219	730	2010.590909
weddell	-1.0986	0.2851	1	145	390	2005.737398
weight	-0.5069	-0.6193	1	210	668	2006.661831
westerlies	1.0933	0.4027	2	363	1934	2010.017699
wetness	-0.6585	-0.6627	1	152	430	2010.75
wildfire	-0.2937	-0.8859	1	217	710	2013.150602
wind	0.5974	0.3433	2	1051	22906	2008.553573
wind speed	0.6526	0.4546	2	195	562	2009.668449
window	0.1194	0.1465	1	229	702	2010.073654
winter	0.7133	0.16	2	1200	54740	2008.309773
winter precipitation	0.9581	-0.5701	2	236	886	2010.462094
winter season	1.1714	-0.4415	2	324	1368	2009.407595
winter temperatures	0.9369	-0.5475	2	241	878	2008.816038
wintertime	0.6259	0.5796	2	696	6310	2009.628342
work	0.0364	-0.0347	1	809	8480	2010.485608
world	-0.4306	-0.4977	1	732	6400	2009.680768
wrf	-0.4835	-0.7992	1	352	1676	2014.850575
yangtze	0.8456	-0.4347	2	145	394	2012.048583
yield	0.2922	-1.0041	1	168	462	2007.793478
yukon	0.254	-1.093	1	132	364	2008.592034
zemlya	0.1553	1.2629	4	163	560	2007.96
zonal	0.3956	0.7784	2	364	1608	2008.282828
zone	0.0338	0.0493	1	788	6862	2007.966537
