id	x	y	cluster	weight<Links>	weight<Total link strength>	weight<Keyword count>	score<Avg year>
20th century	0.4721	-0.0595	6	398	1416	13	2011.125
ablation	0.3544	-0.2902	6	856	6252	66	2012.339583
absorption	-0.1064	-1.0219	2	261	930	11	2011.930081
acceleration	-0.1527	0.668	3	1060	11730	120	2012.217042
access	0.3829	-0.6576	2	872	6884	75	2013.769679
accretion	0.2962	-0.8097	2	697	4654	50	2009.336634
accretion ice	0.2815	-0.8797	2	507	2794	34	2009.195122
accumulation	-0.4405	-0.4418	6	1318	24232	254	2011.1675
accumulation rates	-0.7939	-0.4499	2	893	8420	90	2010.201613
accuracy	-0.7963	0.1622	4	1058	11548	133	2012.031588
action	0.1087	0.3491	3	404	1440	18	2009.595808
activity	-0.0477	-0.5805	2	845	5640	60	2011.741747
adaptation	0.3155	-0.0444	4	462	1644	18	2013.458029
addition	0.1281	-0.2401	1	1041	7946	84	2012.072879
adelie	0.2653	-0.6173	6	349	1216	12	2010.903226
adjoint	-0.6032	0.6282	4	312	1384	16	2010.905405
adjustment	-0.389	0.2904	5	684	3750	38	2011.543956
advance	0.0199	0.4648	5	962	8240	90	2012.223684
advection	0.7514	-0.176	1	880	6730	62	2010.324162
age	-0.007	-0.2205	5	922	7538	75	2010.368729
agreement	0.1984	0.1845	4	1115	10840	111	2010.554303
air	0.5214	-0.3225	6	863	6558	65	2011.976061
air temperature	0.748	-0.1018	6	639	3900	39	2012.218924
airborne	-0.8142	-0.6775	2	563	2802	30	2011.99435
airborne radar	-0.7637	-0.6719	2	717	4568	50	2012.707317
aircraft	-0.2241	-0.6569	2	380	1292	16	2010.584541
ais	0.2229	0.4011	6	677	3958	39	2014.4625
al	-0.1106	0.399	4	419	1512	18	2010.555118
algorithm	-0.6344	0.2168	4	792	4766	54	2011.916828
alternative	0.307	0.3872	4	342	1030	12	2011.356436
altimeter	-1.0584	-0.1528	3	758	6840	70	2009.018667
altimeter data	-1.0981	-0.2756	3	518	3036	30	2007.217143
altimetry	-1.0054	-0.0753	3	1089	15700	154	2011.731674
altimetry data	-1.1748	-0.1174	3	590	3508	32	2011.834356
altitude	-0.3544	-0.4897	6	335	1192	14	2011.218807
amery ice shelf	0.0677	-0.3835	3	837	6672	76	2010.068966
amplitude	-0.1686	-0.1102	3	826	5096	61	2010.372165
amundsen	0.6467	0.4715	5	1215	21318	197	2012.553846
amundsen sea	0.6473	0.4784	5	1182	19430	180	2013.842105
amundsen sea embayment	0.2523	0.6753	5	801	6608	61	2014.621622
amundsen sea sector	0.0903	0.951	5	658	4540	40	2013.240741
analogue	0.348	-0.1772	2	346	1146	14	2011.282609
analysis	-0.3503	-0.2013	3	1492	32630	368	2011.656462
analytical solution	-0.5739	0.9747	4	285	1236	16	2010.041096
angle	-0.552	-0.2409	2	275	836	12	2010.915493
annular mode	1.0607	-0.0555	1	413	1856	15	2012.262136
anomaly	0.3621	-0.2971	1	924	6736	69	2010.997204
antarctic	0.1394	-0.1115	6	1572	114308	1236	2010.797819
antarctic bottom water	1.4671	-0.0784	1	507	3066	25	2008.305764
antarctic circumpolar current	1.3201	0.2288	1	353	1446	12	2008.485816
antarctic coast	0.616	0.3144	1	416	1530	13	2011.285714
antarctic coastline	0.745	0.2389	1	383	1452	14	2015.347826
antarctic continent	0.2003	-0.4944	1	599	2720	29	2010.136364
antarctic continental shelf	1.2849	0.175	1	495	2556	21	2012.46875
antarctic expedition	-0.6793	-0.9674	2	363	1738	21	2010.220588
antarctic glacier	-0.3574	0.7433	3	341	1178	12	2012.1
antarctic glaciology	-0.6239	-0.1407	3	863	5996	68	2015.47619
antarctic ice	0.0585	0.0891	5	1569	75194	787	2012.455772
antarctic ice sheet	-0.0606	0.185	5	1529	56280	574	2012.616541
antarctic ice shelf	0.5995	0.0055	1	870	6516	68	2012.618421
antarctic ice shelves	0.7311	0.188	1	1134	13228	133	2013.526667
antarctic icebergs	0.412	-0.2542	3	287	986	14	2011.375
antarctic lakes	-0.4409	-0.9123	2	504	2510	26	2011.024096
antarctic margin	0.8229	0.3024	5	394	1550	12	2013.2
antarctic peninsula	0.2042	0.1477	6	1265	22728	245	2011.82716
antarctic peninsula ice sheet	0.557	0.5654	5	339	1400	14	2013
antarctic peninsula region	-0.2145	0.1149	3	312	1108	12	2011.944444
antarctic plateau	-0.5839	-0.7832	2	415	1846	19	2010.053333
antarctic research	-0.5257	-0.9021	2	357	1406	16	2011.169643
antarctic sea	0.9276	-0.0086	1	568	2878	29	2013.249337
antarctic sea ice	1.0468	-0.2648	1	406	1760	17	2013.381098
antarctic shelf	1.105	0.2368	1	506	2308	19	2012.952381
antarctic slope front	1.4593	-0.0298	1	330	1570	14	2010.588235
antarctic subglacial lakes	-0.3853	-0.9587	2	491	2662	28	2009.766667
antarctic surface mass balance	0.2134	-0.5902	6	337	1654	17	2013.037037
antarctic surface water	1.1964	-0.2734	1	368	1480	12	2009.521739
antarctica	-0.0962	-0.2607	2	1573	125882	1376	2011.220175
antarctica ice	-0.1407	-0.0749	3	1379	20588	209	2011.795666
antarctica ice sheet	-0.2159	0.1564	5	689	3562	36	2011.758065
antarctica lakes	-0.3381	-0.9045	2	271	1000	11	2012.214286
antarctica mass balance	-0.7347	0.2201	6	338	1276	13	2010.416667
antarctica peninsula	0.3432	-0.3857	6	324	1198	12	2013.348837
ap	0.2149	0.1107	6	469	1982	19	2012.867647
application	-0.4857	0.1171	4	1095	9720	115	2012.361823
approach	-0.3436	0.2441	4	1274	15626	175	2013.011682
approximation	-0.5405	0.8822	4	768	7292	94	2011.077491
architecture	-0.6079	-0.0756	2	384	1226	13	2011.802326
archives	0.1486	-0.4244	1	457	1568	14	2012.62249
arctic	0.2825	-0.4615	1	568	2262	28	2012.189504
area	-0.1934	-0.2954	2	1551	55088	577	2011.37466
array	0.0562	-0.5477	2	435	1490	19	2011.101235
ase	0.5498	0.7018	5	442	1988	18	2014.863636
aspect	-0.5554	0.6908	4	363	1302	16	2011.749104
aspect ratio	-0.2877	0.7287	4	235	782	11	2010.805556
assemblages	0.5982	0.3479	5	405	1858	18	2012.247588
assessment	-0.3862	0.0694	4	1001	8012	87	2013.024899
assimilation	-0.6664	0.5469	4	590	3262	34	2012.629787
aster	-1.0138	-0.0424	3	272	1012	11	2013.326733
atlantic	0.8133	0.358	1	440	1764	17	2010.236737
atmosphere	0.7452	-0.2602	6	805	5234	52	2011.581199
atmospheric circulation	0.8085	-0.0811	6	401	1708	15	2012.002058
atmospheric temperature	0.3977	0.5707	5	385	1298	12	2010.509554
attention	0.2534	0.2577	4	525	1982	22	2012.917808
attenuation	-0.5539	-0.759	2	537	2874	32	2011.218605
aurora	-0.4658	-0.6072	2	345	1354	14	2012.75
austral summer	0.352	-0.4695	1	792	4856	50	2012.0726
austral winter	0.7761	-0.4142	1	325	1096	11	2010.937853
australian	0.4447	-0.7413	1	340	1150	11	2010.832787
automatic weather stations	0.431	-0.6855	6	364	1702	18	2012.382813
autumn	0.998	-0.3894	1	349	1236	11	2011.726708
availability	0.1974	-0.2375	1	511	1926	20	2012.908905
backscatter	-0.0988	-0.4856	3	536	2362	26	2011.126712
balance	-0.2596	-0.0676	6	1455	37738	381	2011.539286
balance model	0.1961	-0.5888	6	399	1426	14	2011.842391
balance velocity	-1.0558	0.2847	4	304	1074	12	2009.111111
bands	-0.1987	0.0314	3	355	1260	15	2010.501538
barotropic	1.1455	0.0214	1	399	1830	17	2008.382671
barrier	0.8892	-0.2879	1	415	1476	16	2010.248366
basal	-0.0192	0.217	4	1524	54130	538	2012.568254
basal channels	0.6756	0.8472	1	292	1208	12	2014.785714
basal conditions	-0.8684	0.1332	4	756	5320	53	2013.780822
basal crevasses	-0.0504	0.6778	3	387	1574	16	2013.846154
basal friction	-0.5048	0.956	4	568	3342	32	2015.45283
basal ice	0.2448	-0.3169	2	1067	9590	90	2011.547945
basal mass balance	0.2516	-0.4663	1	504	2264	19	2011.666667
basal melt	0.8234	0.0418	1	1240	20232	181	2013.159817
basal melt rate	1.0517	-0.3491	1	520	2862	25	2012.592593
basal processes	-0.5881	-0.3565	2	466	1690	16	2012.291667
basal shear stress	-0.854	0.7948	4	430	2124	22	2012.733333
basal sliding	-0.484	0.9159	4	485	2454	26	2012.9
basal topography	-0.6685	0.1738	4	673	3680	38	2013.058824
basal water	-0.8208	-0.3297	2	491	2144	21	2013.2
baseline	-0.2278	-0.4408	3	377	1212	12	2012.74934
basin	-0.2725	0.0986	5	1300	21056	208	2010.09645
bathymetric	0.315	0.1424	5	392	1418	15	2010.923077
bathymetry	0.4926	0.2144	5	989	9560	89	2011.112299
bay	0.6369	0.0422	5	1016	9816	96	2010.11814
bayesian	-0.7378	0.4731	4	345	1422	17	2013.796296
bed	-0.7088	0.1937	2	1251	21818	232	2012.649281
bed conditions	-0.9896	-0.2651	2	302	1020	12	2012.277778
bed roughness	-0.829	-0.4562	2	284	1084	12	2012.352941
bed topography	-0.9517	0.427	4	624	3876	40	2013.670455
bedmap	-1.0556	-0.5307	2	307	1096	13	2011.153846
bedmap2	-0.9288	0.133	2	388	1662	17	2015.611111
bedrock	-0.5899	-0.0714	2	1220	16872	174	2011.093588
bedrock topography	-0.8582	-0.1688	2	663	3870	40	2012.448276
behavior	-0.1795	0.518	4	1059	9344	98	2011.103784
behaviour	-0.0858	0.5231	5	925	6840	73	2010.943662
bellingshausen	0.997	0.2253	1	644	3832	32	2010.935252
bellingshausen sea	1.058	0.1433	1	506	2352	19	2010.579545
benchmark	-0.5134	0.8945	4	394	1646	22	2013.198276
berkner island	0.6502	-0.0965	1	303	1068	11	2008.75
bias	-0.3645	-0.1376	3	553	2452	24	2013.065051
biases	-0.2103	-0.2008	6	461	1788	17	2013.826211
blue	-0.4086	-0.6086	2	299	1002	11	2012.196721
blue ice	-0.428	-0.5854	2	530	2494	26	2012.411765
blue ice areas	-0.5034	-0.5928	2	412	1746	18	2011.727273
body	-0.1446	-0.4784	2	862	5236	57	2011.227462
borehole	0.06	-0.9141	2	604	3330	41	2012.604563
bottom ice	0.5574	-0.4588	1	449	1724	18	2008.444444
bottom water	1.4115	-0.1015	1	642	4992	43	2008.220624
bottom water formation	1.3868	-0.1222	1	343	1378	11	2007.378049
boundary	0.1612	-0.1267	1	1173	11676	126	2008.420868
boundary conditions	-0.3937	0.4063	4	1020	9316	102	2010.430736
boundary layer	0.7145	0.2006	1	751	5382	57	2009.971272
bp	0.543	0.3746	5	585	3812	34	2012.006369
break up	0.048	0.6818	3	554	3044	33	2010.087912
break-up	0.0396	0.6748	3	545	2938	32	2009.916667
breakup	0.0746	0.5314	3	543	2732	34	2010.190083
brine	0.4897	-0.5627	1	301	1014	12	2008.817204
broadband	0.1109	0.1145	3	247	976	11	2011.408602
brunt	-0.0022	0.4708	3	339	1352	16	2011.1
brunt ice shelf	0.388	0.3561	3	310	1102	13	2012.466667
budget	0.3264	-0.4538	1	896	6674	61	2011.153068
buoyancy	0.9429	0.1463	1	692	4192	43	2009.220441
buttressing	-0.1611	1.041	5	807	6590	65	2014.9125
byrd	-1.0178	0.0147	2	617	3920	41	2009.828125
byrd glacier	-1.1806	0.0559	2	400	1858	21	2011.782609
calibration	-0.709	0.0063	4	442	1908	21	2011.99511
calving	0.0675	0.6491	3	1099	12780	138	2012.793722
calving front	-0.0982	0.6198	3	411	1648	16	2013.4
camera	0.162	-0.6981	2	324	1026	14	2013.671756
campaign	-0.3708	-0.4881	2	489	1814	19	2013.041363
capabilities	-0.263	0.2267	4	398	1442	16	2013
capacity	0.0229	0.5685	4	437	1528	16	2013.094099
caps	-0.3857	-0.054	4	425	1654	18	2011.769912
carbon	0.7161	-0.2593	1	530	2506	27	2013.107259
case	-0.2144	0.527	4	1183	12756	145	2010.847835
case study	-0.3818	0.2895	4	570	2396	27	2012.678179
catchment	-0.8547	0.0728	2	830	6446	64	2013.188825
cause	-0.0228	0.1864	3	940	6772	72	2011.675244
cavity	1.0687	-0.1387	1	1108	17160	164	2011.572072
cell	0.1375	-0.3234	1	489	1920	23	2011.359784
cenozoic	-0.3299	-0.6181	2	322	1178	11	2009.041667
century	0.5658	0.3693	6	1019	10042	104	2012.205869
challenges	-0.1802	-0.2514	2	761	4252	49	2014.48237
changes	-0.0061	0.2443	3	1569	77016	800	2012.206219
channel	0.0344	0.2073	5	990	9094	92	2009.903036
characteristics	0.0021	-0.4671	2	1195	10940	117	2010.936545
characterization	-0.4216	-0.8119	2	452	1876	22	2012.72969
chemical	0.4886	-0.8331	2	396	1488	16	2011.607029
chemistry	0.0323	-0.9584	2	317	1084	13	2012.465976
chinare	-0.8752	-0.9924	2	234	1030	11	2014.482759
chronology	0.0037	-0.313	5	424	1694	15	2010.47
circulation	1.0109	-0.1071	1	1307	26568	250	2010.44219
circulation model	1.3109	0.123	1	587	3952	36	2009.61811
circulation patterns	0.9291	-0.4752	1	371	1448	14	2010.597956
circumpolar	1.3557	0.0727	1	775	8232	72	2008.65295
circumpolar current	1.3202	0.231	1	353	1446	12	2008.384884
circumpolar deep	1.3403	0.0494	1	821	9436	82	2009.743363
circumpolar deep water	1.3144	0.0798	1	829	9206	79	2009.940625
citation	-0.2707	-0.1558	3	619	2988	38	2010.689507
classification	-0.5483	-0.2789	3	379	1344	15	2011.561043
climate	0.3689	0.059	6	1466	35798	368	2012.847305
climate change	0.4203	0.0996	6	1145	12748	140	2013.106897
climate forcings	0.5102	0.8326	6	520	2426	22	2012.930131
climate model	0.5419	-0.0493	6	952	10500	100	2013.16224
climate records	-0.0813	-0.8831	2	325	1084	12	2011.428571
climate system	0.5555	0.5265	4	465	2024	20	2012.717277
climate variability	0.6091	0.2799	6	521	2554	23	2012.20898
climate warming	0.442	0.6634	6	626	3288	31	2013.628339
climatic conditions	0.5075	0.1838	6	451	1690	16	2011.992424
cloud	-0.8791	-0.1628	3	611	3628	35	2010.976891
cluster	0.3127	-0.2898	2	432	1430	16	2011.949896
co2	0.964	0.1349	1	346	1228	12	2013.165022
coast	0.0608	-0.172	6	1246	14634	146	2010.134684
coastal	0.9064	-0.188	1	632	3134	29	2010.739865
coastal areas	-0.211	-0.3189	6	459	1616	17	2012.54386
coastal currents	1.0646	0.0071	1	323	1110	11	2008.525974
coastal regions	-0.0155	-0.5143	6	405	1454	14	2011.633188
coastline	0.1818	0.327	3	795	4892	50	2010.273529
coefficients	0.255	-0.2049	4	538	2432	26	2010.617647
coherent	-0.2673	-0.4315	2	597	2570	27	2010.047859
cold	1.15	-0.2768	1	512	2450	24	2011.824903
cold water	1.1524	-0.3173	1	392	1616	14	2009.137255
collapse	0.29	0.7434	5	1063	13640	147	2012.51938
collection	-0.1067	-0.5469	2	386	1284	17	2011.129412
column	0.7808	-0.4893	1	1058	11632	115	2010.224159
comment	0.006	-0.8277	2	120	364	11	2009.15
communication	-0.018	-0.4548	2	371	1134	17	2012.524476
community	0.1318	0.1406	4	810	4722	52	2013.620087
compaction	-0.3453	-0.4567	3	373	1352	14	2013.106796
comparison	-0.3957	0.1119	4	1318	17212	188	2010.70057
compilation	-0.4695	-0.0118	5	422	1672	18	2012.019048
complex	-0.0684	0.3819	4	601	2604	30	2011.908387
composition	0.5022	-0.7211	1	577	2884	34	2012.45256
computer	0.552	0.2729	4	436	1574	16	2010.773109
computer model	0.2842	0.6991	4	349	1148	12	2012.304348
concentrations	0.792	-0.3241	1	982	9206	99	2011.643222
concept	-0.1227	0.3317	4	459	1674	18	2011.306773
concordia	-0.5223	-0.9178	2	361	1468	14	2012.4375
condition	-0.5025	0.1365	4	803	5118	60	2010.79798
conductivity	0.1634	-0.902	2	495	2146	24	2011.544304
configuration	0.0762	0.2067	5	908	6124	60	2012.603053
consequences	0.7255	0.1424	1	713	3848	38	2012.275862
conservation	-0.4169	0.4134	4	564	2574	28	2011.717256
consistency	-0.4119	0.6056	4	369	1254	13	2011.881356
constituents	-0.3336	-0.2867	3	347	1368	16	2010.319372
constraints	-0.0179	0.1101	5	1084	9566	95	2011.060453
construction	-0.3386	-0.2986	2	382	1156	14	2011.684729
contact	0.4497	0.3591	1	865	6026	63	2011.307692
content	0.5741	-0.4832	1	848	5610	53	2011.761593
continent	0.1298	-0.1539	1	904	6008	64	2011.202884
continental	1.095	-0.0098	1	806	6020	54	2010.243993
continental ice	-0.0809	-0.0908	2	561	2498	26	2009.621053
continental ice sheets	-0.1927	-0.212	2	325	1106	11	2009.5
continental shelf	1.0449	0.1873	1	1170	19024	169	2010.424501
continental shelves	1.3156	0.0554	1	475	2346	21	2010.369565
continental slope	1.3044	-0.1171	1	588	3888	37	2008.694097
contrast	0.1467	0.3919	5	1048	8664	87	2011.509677
control	-0.1837	0.1976	5	1271	14754	150	2012.474255
convection	1.1442	-0.3948	1	480	2370	24	2009.024462
convergence	-0.3525	0.7931	4	558	2848	34	2010.408056
cooling	0.9401	-0.2094	1	556	2618	26	2010.829787
coordinates	-0.6186	-0.0713	4	328	1008	12	2010.443478
core	0.0078	-0.7032	2	1228	18414	198	2010.446523
coring	-0.3455	-0.9387	2	364	1346	14	2011.869565
correction	-0.8147	-0.0554	3	650	3244	36	2011.927948
correlation	-0.0498	-0.183	3	928	6336	68	2011.333794
costs	-0.382	0.2706	4	500	2134	28	2013.503597
coupled	0.5357	0.8481	4	406	1896	19	2014.46932
coupled models	0.8752	0.6677	1	339	1360	12	2015.212806
coupling	-0.1375	0.8721	4	711	4606	49	2011.935532
cover	0.6967	-0.3936	1	874	5770	55	2011.664763
coverage	-0.2415	-0.3282	3	790	4494	48	2012.329283
cracks	0.0757	0.2466	3	491	2104	23	2011
creep	-0.5624	0.7106	3	362	1362	15	2007.890511
crevasses	-0.3171	0.4459	3	814	6264	66	2012.55814
criteria	-0.6165	-0.1528	4	400	1484	18	2010.149038
criterion	-0.3726	0.5086	4	398	1386	14	2010.8125
crust	-0.5142	-0.8036	2	320	1348	14	2010.24359
cryosat-2	-0.8519	-0.195	3	552	3062	30	2016.797101
cryosphere	0.0675	0.0013	5	576	2436	27	2014.539877
crystals	0.7924	-0.6875	1	589	4194	49	2009.139752
current	0.9878	-0.123	1	1066	12028	119	2008.757215
curvature	-0.6331	-0.0238	4	306	924	11	2009.535714
cycle	0.2853	0.0539	5	1116	9554	95	2011.47296
damage	0.1036	0.4048	3	346	1112	12	2013.018116
data	-0.3079	-0.2229	2	1566	87382	926	2011.015066
data analysis	-0.7448	-0.652	2	469	1930	21	2011.003436
data assimilation	-0.5507	0.6014	4	526	2544	27	2013.092251
data set	-0.1009	-0.454	3	701	3428	33	2010.433246
data sets	-0.4804	-0.2484	2	799	4524	44	2011.63144
data/model	-0.179	0.0196	4	636	2824	30	2011.4
database	-0.5975	-0.4694	3	521	2430	26	2012.403509
dataset	-0.6128	-0.307	2	731	4078	46	2012.68054
date	0.0819	-0.1507	5	826	4910	47	2012.087051
dating	0.3074	-0.1226	5	352	1268	12	2010.925926
debris	0.2796	0.0413	5	536	2470	28	2009.221983
decadal	0.2622	0.3448	6	411	1604	16	2012.008761
decay	0.426	0.0761	1	466	1784	20	2010.074434
decline	0.4782	-0.1936	6	432	1524	15	2013.254217
deep	1.1167	-0.1462	1	1046	13634	127	2008.172697
deep ice core	-0.8446	-0.9697	2	348	1694	17	2006.645161
deep ocean	1.3922	-0.1045	1	367	1386	12	2011.244019
deep water	1.3073	0.0063	1	984	14552	130	2008.094223
deflection	-0.7524	0.5763	3	340	1188	12	2009.128205
deformation	-0.4862	0.2363	4	951	7560	84	2010.55336
deglaciation	0.374	0.736	5	703	5380	50	2010.986813
delay	0.4335	0.2351	6	481	1766	18	2011.240223
delivery	0.8593	0.0715	1	499	2108	20	2013.849246
dense water	1.3248	-0.1847	1	362	1448	12	2008.603604
densification	-0.2072	-0.6084	6	452	1976	19	2012.52381
density	0.4458	-0.4488	1	1157	12568	130	2009.879211
dependence	0.2726	-0.0788	4	711	3732	43	2010.591411
deployment	0.2569	-0.6449	2	429	1642	22	2011.833333
deposition	0.0455	-0.5232	2	695	4140	46	2012.094256
deposits	0.1243	-0.291	2	428	1646	18	2011.200561
depression	0.4586	-0.5364	1	730	4394	46	2010.355769
depth	0.2854	-0.5434	2	1378	22654	243	2010.672402
description	-0.1393	0.2331	4	793	4370	51	2009.996622
design	-0.1911	-0.5755	2	540	2530	32	2013.015625
detail	-0.299	0.1824	4	818	4286	44	2011.078886
detection	-0.6056	-0.4461	2	754	4422	52	2012.417625
determination	-0.5408	-0.208	2	514	2026	20	2010.57381
development	-0.1404	-0.0334	4	1104	9322	104	2011.773084
diameter	-0.0742	-0.8573	2	261	872	12	2010.091346
diatom	0.9035	0.1032	5	331	1362	13	2012.261803
difference	-0.2978	0.1226	4	984	7246	74	2011.163032
differential equations	-0.5293	0.7247	4	290	1008	14	2012.232558
diffusion	0.9793	-0.2423	1	360	1278	15	2008.759067
digital	-1.1764	-0.2247	3	345	1520	16	2011.621359
digital elevation model	-1.1261	-0.1555	3	798	6720	67	2012.770142
direct measurements	-0.2776	-0.7295	2	394	1346	15	2010.136752
discharge	-0.1437	0.5529	5	1177	14130	137	2012.354474
discovery	-0.1657	-0.6162	2	489	1898	21	2012.116822
discrepancies	0.046	-0.1204	6	633	2780	28	2011.321353
disintegration	-0.0871	0.6789	3	801	6986	79	2011.467105
displacement	-0.6735	0.1351	3	720	4446	48	2010.607877
dissipation	0.6165	0.0552	1	379	1540	18	2011.094156
distance	-0.1086	-0.0386	4	930	6192	67	2011.010448
distribution	0.1381	-0.2681	1	1442	25738	262	2010.907306
disturbance	-0.2169	-0.617	2	437	1528	17	2011.750678
diurnal	0.15	-0.3447	3	308	978	11	2009.134146
divergence	-0.0799	0.2009	4	602	2756	27	2010.679372
divides	-0.6254	-0.3467	2	470	2092	23	2011.02439
domains	-0.7149	0.5274	4	311	1018	14	2011.565217
dome	-0.6837	-0.7899	2	936	10158	109	2009.974138
dome a	-0.8653	-0.8788	2	391	2102	24	2012.466667
dome c	-0.6801	-0.8877	2	639	4288	45	2009.48
drag	0.0058	0.569	4	770	5300	53	2010.02139
drag coefficient	0.6157	0.3837	4	448	2062	19	2011.55814
drainage	-0.5645	0.1579	5	1104	12486	123	2012.254459
drainage basin	-0.511	0.4119	5	725	4432	43	2010.668367
drainage network	-0.5429	-0.3109	2	359	1398	13	2013.770833
drainage system	-0.9357	0.1031	2	458	2238	23	2013.272727
drawdown	0.5141	0.2596	5	411	1502	14	2012.950617
drift	0.5442	-0.1948	1	670	3240	32	2009.705986
drilling	-0.3473	-0.9272	2	767	5510	65	2011.883459
drivers	0.8454	0.152	1	546	2340	20	2015.864011
driving stress	-0.9211	0.6877	4	280	1036	12	2012.222222
dronning maud land	-0.5229	-0.5432	2	759	4992	50	2012.364583
duration	0.3754	-0.1234	6	581	2846	30	2012.189258
dynamic changes	-0.4366	0.3286	5	416	1490	14	2013.259259
dynamic response	-0.0898	0.8357	5	431	1772	16	2012.590909
dynamic thinning	-0.8729	0.7326	3	421	1898	17	2012.790698
dynamics	-0.2739	0.454	4	1516	41630	428	2012.382241
eais	-0.5995	-0.2142	2	474	2506	25	2013.833333
earth	-0.1322	0.182	4	1018	8064	90	2012.416212
earth model	0.2079	0.5794	4	311	1176	12	2013.043702
earth system	0.2813	0.4499	4	450	2032	22	2015.459227
earth system models	0.3464	0.525	4	346	1404	15	2016.009881
earthquakes	-0.0413	0.2852	3	287	1110	14	2011.096774
east	-0.3076	-0.4699	2	1499	41344	438	2011.088561
east antarctic	-0.3519	-0.4778	2	1145	13480	136	2012.333333
east antarctic ice sheet	-0.4737	-0.4373	2	956	9058	91	2012.854839
east antarctica	-0.4533	-0.506	2	1415	31376	334	2012.024096
eastern	1.3268	-0.1219	1	425	1880	16	2011.347648
echo sounders	-0.036	-0.6451	2	353	1172	13	2010.433333
echo sounding	-0.7969	-0.8286	2	508	2936	32	2009.7
ecosystem	0.3027	-0.7144	2	416	1580	22	2013.530062
eddies	1.2822	-0.1344	1	428	2134	19	2009.304565
effects	0.1711	0.2131	4	1472	31326	336	2011.624055
efficiency	0.135	0.5088	4	388	1512	20	2012.80663
effort	-0.0651	0.8725	4	317	1078	11	2012.512579
ekman	1.3743	-0.0108	1	430	2356	21	2010.002336
ekman transport	1.3158	-0.0271	1	334	1396	12	2010.917197
elements	-0.1529	0.6936	4	794	5404	64	2011.89258
elevation	-0.8506	-0.1123	3	1382	28900	290	2012.227186
elevation changes	-1.0844	-0.0571	3	820	7854	78	2012.632107
elevation model	-1.0885	-0.2737	3	621	3932	40	2012.230435
ellsworth	-0.4037	-0.8473	2	548	2906	32	2011.87234
ellsworth lake	-0.1344	-1.0621	2	255	1044	13	2013.875
ellsworth subglacial lake	-0.121	-1.0082	2	240	950	12	2013.866667
elmer/ice	-0.5763	1.0524	4	292	1244	14	2016.517241
embayment	0.1574	0.619	5	968	9616	90	2012.954887
emission scenarios	0.6412	0.7476	6	298	1286	13	2013.561404
emissions	0.4209	0.5447	6	557	3122	37	2013.550741
energy	0.4096	-0.2715	6	937	7162	77	2011.753532
energy balance	0.6726	-0.6865	6	374	1690	17	2012.273256
enhanced	0.5178	-0.1003	1	378	1242	13	2012.845902
ensemble	0.0089	0.7732	4	549	3084	32	2013.566298
ensemble simulations	0.3567	0.9692	4	280	1040	11	2013.448529
entrainment	1.0526	-0.1248	1	337	1224	13	2007.739437
environment	0.0222	-0.6791	2	1125	11000	131	2012.515563
envisat	-0.8309	-0.0671	3	449	2354	25	2012.962963
epica	-0.7072	-0.9531	2	323	1376	15	2008.444444
epoch	0.3485	0.7666	5	315	1120	11	2011
equilibrium	-0.5804	0.0689	3	897	6536	63	2010.171186
equipment	-0.291	-1.0106	2	283	1002	14	2011.708333
era-interim	0.2232	-0.7606	6	335	1524	16	2015.815725
erosion	-0.281	-0.1956	2	808	5510	56	2011.871716
error	-0.8419	0.1898	4	990	10326	116	2011.486384
ers	-0.835	0.2339	3	437	1976	21	2006.561404
ers-1	-0.9838	-0.112	3	561	3082	30	2002.786667
ers-2	-0.8936	0.0212	3	326	1282	13	2006.621622
estimate	0.0179	-0.3134	6	923	6312	66	2010.903093
estimation	-0.6255	-0.0764	4	733	4170	45	2012.012407
european	-0.3652	-0.8464	2	340	1282	14	2011.362949
eustatic sea level	0.5433	0.6315	5	422	1766	16	2008.6
evaluation	-0.2744	-0.0091	4	719	3572	39	2013.100503
events	0.1283	0.1763	3	1309	19744	210	2012.030986
evolution	-0.1017	0.4632	4	1395	23176	244	2012.05694
excess	0.4478	-0.5004	1	444	1522	14	2008.657895
exchange	1.0007	-0.2971	1	763	5696	53	2010.706601
expansion	0.0483	0.2348	5	592	2698	31	2012.969492
expedition	-0.5552	-0.8799	2	632	3858	46	2010.922432
experiments	0.1065	0.5797	4	1215	16658	182	2011.075205
explanation	0.1601	-0.1805	2	546	2228	24	2009.867769
exploration	-0.253	-0.8783	2	594	3058	38	2011.678466
export	0.9138	-0.4303	1	363	1242	14	2011.295396
exposure	0.1176	0.3369	5	451	1834	18	2012.977505
expression	-0.4143	-0.3563	2	462	1824	19	2012.171315
extension	-0.31	-0.1866	2	673	3100	32	2010.251641
extent	0.0978	-0.0015	5	1243	13870	139	2011.835219
extraction	-0.525	0.117	3	300	930	11	2013.323651
fabric	-0.2555	-0.6856	2	438	2008	22	2009.649123
face	0.7113	0.2065	1	337	1122	13	2012.258278
failure	-0.2575	0.1008	3	458	1850	22	2011.859477
fall	0.5199	0.4933	6	457	1928	19	2011.228402
fast	-0.3321	0.1085	3	557	2526	26	2012.105263
fast ice	-0.0521	-0.1717	3	639	3244	35	2010.587302
fate	1.0342	-0.0838	1	385	1438	15	2012.348684
fault	-0.5498	-0.3906	2	524	2642	30	2011.869565
feasibility	-0.8405	-0.0043	3	341	1042	11	2012.440559
features	-0.373	-0.1203	2	1350	20298	213	2010.384646
feedback	0.4195	0.6756	4	900	6784	70	2013.003957
field	-0.2859	-0.0347	4	1448	27278	295	2010.533445
field data	-0.3805	0.015	3	612	2774	27	2011.688136
field measurements	-0.4533	-0.3798	6	441	1880	20	2011.524345
field observations	-0.0518	-0.4484	6	512	2040	23	2011.242424
filchner trough	1.3548	0.1621	1	318	1306	11	2012.545455
filchner-ronne ice shelf	0.8734	-0.076	1	764	6370	61	2008.342857
fimbul ice shelf	0.8763	-0.2128	1	370	1520	15	2011.875
finite element	-0.2981	0.8423	4	799	6562	77	2011.713675
finite element method	-0.6132	0.8609	4	195	820	14	2012.510638
finite element model	-0.6203	0.9838	4	348	1334	15	2010.352941
finite-difference	-0.6522	0.8955	4	343	1564	20	2009.020408
firn	-0.351	-0.6137	6	788	6052	67	2012.838298
firn air	0.0048	-0.5218	6	349	1410	13	2016
firn cores	-0.4816	-0.9211	6	352	1842	18	2012.561404
firn densification	-0.645	-0.587	6	285	1066	11	2012.666667
firn density	-0.6308	-0.2613	6	379	1400	12	2013.176471
fit	-0.4469	0.2055	4	441	1490	15	2009.364583
fjord	0.0448	0.5053	5	453	1794	18	2013.427767
flexure	-0.781	0.4402	3	563	3320	39	2010.310345
flight	-0.6734	-0.6754	2	425	1630	16	2012.160714
floating	0.2403	0.5829	4	710	4258	46	2010.701493
floating ice	0.1973	0.5909	4	620	3354	37	2010.777778
flood	-0.6947	0.0186	2	425	1758	17	2013.016026
flotation	-0.7111	0.4644	4	415	1630	16	2010.255814
flow	-0.338	0.3005	4	1553	70256	737	2010.017411
flow direction	-0.6921	0.1357	2	558	2574	27	2010.147059
flow dynamics	-0.506	0.2332	2	650	3086	32	2011.146341
flow field	-0.6645	0.006	2	366	1276	13	2006.605505
flow models	-0.7608	0.6191	4	656	4152	45	2013.644737
flow path	-0.2299	-0.3045	2	428	1486	14	2012.76
flow patterns	-0.1616	0.6786	4	582	2594	26	2008.58156
flow rate	-0.3229	0.2236	3	518	2268	23	2011.462366
flow regime	-0.5302	-0.1053	2	595	3158	32	2009.807692
flow speed	-0.7077	0.3798	3	608	3026	29	2013.583333
flow velocity	-0.9491	0.1861	3	751	4938	52	2010.773585
flowline	-0.5396	0.4647	4	611	3152	34	2010.181818
flowline model	-0.4399	0.9326	4	368	1502	16	2012.583333
fluctuations	0.1589	0.0723	3	857	5588	58	2009.816514
fluid	-0.3192	0.2803	4	508	2696	37	2009.934901
flux	0.415	-0.1663	1	1414	28310	270	2010.974387
focus	0.1919	-0.4082	1	578	2370	25	2012.93921
fold	-0.8146	-0.3475	2	352	1370	17	2012.660714
force	0.1795	0.6633	4	850	6236	69	2011.140909
force balance	-0.7969	0.8785	4	328	1382	17	2011.813953
forcing	0.5826	0.6626	1	1225	18818	192	2011.371506
forecasts	0.0125	-0.3297	6	399	1502	16	2012.850526
formation	0.7568	-0.2132	1	1271	18098	183	2010.511811
foundation	-0.7151	-0.0789	2	491	2174	21	2011.355072
foundation ice stream	-0.786	-0.1278	2	339	1212	11	2010.727273
fraction	0.6312	-0.034	1	855	5258	53	2011.553026
fracture	-0.2219	0.4978	3	776	6404	73	2011.127273
fracture mechanics	-0.3938	0.7475	3	286	1126	13	2010.37037
fracturing	-0.3499	0.4989	3	366	1280	14	2012.76087
fragmentation	-0.1336	0.7195	3	279	964	11	2010.864198
fragments	-0.1169	0.3352	3	338	1166	14	2010.917127
framework	-0.0057	0.4392	4	875	5740	59	2013.208431
frazil	0.936	-0.5152	1	418	2066	24	2006.407407
frazil ice	0.8962	-0.5789	1	520	3302	38	2005.95
frazil ice crystals	0.9672	-0.5424	1	282	1184	13	2009.4
free surface	-0.3221	0.9136	4	362	1418	16	2010.396552
freeboard	0.0407	-0.4748	3	365	1426	15	2014.212121
freezing	0.6789	-0.6466	1	881	7336	76	2009.881557
freezing point	0.8163	-0.6819	1	397	1660	18	2006.911392
frequency	-0.1359	-0.3784	3	924	6760	76	2011.174374
fresh water	0.7775	-0.4511	1	541	2306	23	2007.859316
freshening	1.3158	-0.0211	1	468	2298	19	2010.903704
freshwater	0.8696	-0.2268	1	832	6402	63	2011.825688
freshwater flux	0.9759	-0.0747	1	457	2102	19	2011.361111
freshwater input	0.8428	-0.2773	1	339	1240	12	2012.597122
friction	-0.214	0.7482	4	825	6668	70	2009.340824
front	0.644	0.1903	1	1313	25522	256	2009.508357
function	-0.4273	0.2099	4	925	6636	78	2010.972155
future	0.33	0.5429	5	1063	10440	112	2013.712684
future climate	0.6283	0.3181	6	438	1846	18	2013.848387
future sea-level rise	0.3913	0.9927	6	325	1526	18	2013.244898
gap	-0.1062	0.0568	6	557	2198	23	2012.915572
gas	0.6872	-0.17	6	558	2916	33	2012.319686
general circulation	0.9863	0.1264	1	631	3454	31	2009.760621
general circulation model	0.9994	0.2514	1	604	3446	31	2010.017151
generation	-0.1873	0.1265	4	720	3434	39	2012.050847
geological data	0.564	0.8417	5	404	2020	17	2013.35
geology	-0.4079	-0.4275	2	508	2380	24	2011.073333
geometry	-0.1575	0.4276	4	1283	17426	181	2011.419355
geomorphology	0.1355	0.248	5	480	2518	27	2011.886878
geophysical	-0.4357	-0.7503	2	547	2522	28	2010.732794
geophysical data	-0.2652	0.0686	5	617	2898	28	2013.1875
geophysical surveys	-0.3014	-0.2867	2	354	1218	12	2012.325
george vi	0.3494	-0.0031	6	528	2360	26	2008.848485
george vi ice shelf	0.2857	0.087	6	421	1598	18	2009.666667
geoscience	-1.2868	-0.0689	3	220	840	11	2009.7
geothermal	-0.4879	-0.9781	2	300	1142	11	2011.396552
geothermal flux	-0.8363	-0.7409	2	325	1260	13	2013.181818
geothermal heat	-0.6235	-0.5823	2	545	3292	31	2013.071429
geothermal heat flux	-0.7554	-0.5038	2	494	2754	26	2013.22807
getz ice shelf	0.4248	0.6866	5	373	1426	12	2014
glacial	0.3763	0.4108	5	958	9100	80	2011.612378
glacial cycle	-0.0321	0.34	5	454	1906	18	2010.016949
glacial erosion	-0.5059	-0.0277	2	326	1130	11	2013.302326
glacial history	0.4517	0.2657	5	394	1712	15	2010.645833
glacial ice	0.452	-0.1428	1	731	3464	34	2010.732394
glacial isostatic adjustment	-0.8223	0.4082	5	348	1312	11	2012.284615
glacial maximum	0.4082	0.5365	5	832	7324	63	2011.882521
glacial meltwater	1.3933	-0.1389	1	355	1788	17	2014.267176
glacial period	0.1991	0.2817	5	495	2364	23	2010.808333
glacial retreat	0.3811	0.6798	5	350	1440	12	2012.927273
glacial trough	0.4251	0.4179	5	342	1368	11	2013.214286
glaciation	-0.0356	0.0819	5	525	2232	21	2009.656667
glacier	-0.3797	0.4312	3	1541	61084	657	2012.551157
glacier changes	-0.3132	0.9034	3	424	1740	17	2012.761905
glacier dynamics	-0.5132	0.6941	3	662	3700	39	2013.513661
glacier flow	-0.5845	0.7652	4	778	5432	54	2013.614907
glacier front	-0.443	0.7616	3	396	1650	18	2013.548673
glacier ice	-0.4168	0.4542	5	1036	10014	98	2011.885196
glacier mass	-0.6765	0.5992	3	437	1950	19	2013.400862
glacier mass balance	-1.149	0.4666	3	275	1004	11	2013.324503
glacier model	-0.6546	0.87	4	399	1684	20	2014.10989
glacier retreat	0.0936	0.7962	5	427	1862	21	2014.020513
glacier terminus	-0.2064	0.7115	3	283	988	11	2012.989362
glacier thinning	-0.8941	0.8423	3	283	1146	13	2011.55102
glacier tongue	-0.2352	0.3096	3	540	2732	31	2011.648936
glacier velocity	-0.7244	0.7749	3	304	1084	12	2012.741573
glaciological instruments and methods	-0.3807	-0.8864	2	330	1256	17	2015.216216
glaciology	-0.5977	0.0888	2	1070	9504	118	2012.355263
glas	-1.0675	0.0336	3	341	1326	13	2009.512195
global	-0.2941	-0.0532	3	736	3822	42	2012.401509
global climate	0.7326	0.1015	6	517	2202	22	2012.960148
global climate models	0.9415	0.3789	6	315	1190	11	2013.408482
global ocean	0.8314	0.1328	1	552	2446	20	2012.454839
global positioning system	-0.7608	-0.3022	3	479	2078	22	2011.209302
global sea level	0.4806	0.6835	5	1074	11708	108	2012.593596
gpr	-0.6304	-0.7375	2	318	1240	14	2012.49359
gps	-0.8059	-0.1661	3	991	9694	109	2011.867769
gps data	-1.0058	-0.0359	3	529	2760	29	2011.709302
gps measurements	-1.0209	-0.2068	3	484	2252	25	2010.886076
grace	-0.9741	-0.0408	6	359	1674	17	2013.178344
gradient	0.0181	-0.0296	4	1132	11600	125	2011.354256
grain	0.5439	-0.5156	1	381	1468	16	2011.304833
gravity	-0.475	-0.0046	2	892	6776	75	2010.857664
gravity anomalies	-0.747	-0.3315	2	292	1014	12	2007.810345
gravity data	-0.7397	-0.2151	2	500	2314	24	2011.91
greenhouse	0.795	0.6448	6	367	1782	20	2012.619866
greenhouse gas	0.8109	0.6547	6	378	1806	20	2013.545016
greenland	-0.4853	0.3781	4	1074	11754	139	2011.434214
greenland ice	-0.5144	0.4886	4	799	6028	70	2013.011636
greenland ice sheet	-0.4979	0.6244	4	667	4246	49	2013.335324
grid	-0.6217	0.4621	4	892	7274	79	2011.079167
grid resolution	-0.6545	0.2518	4	307	1042	11	2011.673077
ground ice	-0.3592	0.6687	5	328	1152	12	2012.7
ground-penetrating radar	-0.6709	-0.6827	2	423	1846	22	2012.766917
grounding	-0.1823	0.7878	5	1387	32540	325	2012.533875
grounding line	-0.2128	0.8611	5	1399	35058	351	2012.479695
grounding line dynamics	-0.2499	1.2099	4	354	1574	17	2013
grounding line migration	-0.3331	1.1171	4	382	1782	21	2011.75
grounding line position	-0.3887	0.8875	4	567	3138	34	2012.416667
grounding zone	-0.0079	0.7453	5	632	3970	38	2014.289474
grounding zone wedge	0.5021	0.8407	5	322	1718	14	2015.214286
grounding-line retreat	0.1212	1.1576	5	504	2816	27	2014.032258
group	0.1219	-0.1619	4	370	1204	14	2011.722362
growth	0.7197	-0.3539	1	954	8244	89	2011.406319
growth rate	0.9411	-0.6017	1	375	1434	15	2010.818356
habitat	0.1143	-0.7323	2	501	2026	24	2012.561584
hand	-0.1775	0.4193	4	451	1616	17	2010.96875
heat	0.8379	-0.3038	1	1287	23274	220	2011.129975
heat content	1.4508	0.1601	1	369	1612	13	2012.877419
heat exchange	1.1568	-0.0956	1	392	1456	13	2010.714286
heat flow	0.1681	-0.7351	2	403	1638	15	2010.268293
heat flux	0.6086	-0.508	1	923	8158	76	2010.709804
heat transfer	0.643	-0.37	1	498	2164	23	2009.898058
heat transport	1.4271	-0.0065	1	548	3580	33	2012.027726
heating	-0.0335	-0.3625	2	421	1564	15	2011.378428
height	-0.4199	-0.0699	3	946	7322	75	2010.601343
hemisphere	0.8165	0.3972	5	437	1770	19	2010.968158
high spatial resolution	-0.6558	0.3099	4	366	1230	12	2013.379085
high-frequency	-0.2086	-0.8454	2	385	1398	15	2011.689759
high-resolution	-0.172	-0.0934	3	1260	15246	149	2012.264879
high-salinity shelf water	1.3958	-0.3985	1	497	3388	30	2008.666667
higher-order	-0.5209	0.9581	4	400	1676	19	2013.657895
higher-order model	-0.5158	1.029	4	252	906	12	2012.714286
highlands	-0.7191	-0.6056	2	408	1706	16	2011.355932
hills	-0.6934	-0.7456	2	380	1632	19	2010.710843
history	0.0605	-0.0832	5	1042	10394	107	2011.001969
holocene	0.2334	0.4166	5	751	6576	66	2010.62959
horizontal resolution	0.2019	-0.3985	6	526	2384	24	2011.685824
hot water drill	-0.1139	-0.9793	2	233	1056	14	2012.066667
hydrofracture	0.1246	0.7826	3	310	1180	13	2016.04
hydrography	1.1391	-0.1243	1	423	1808	19	2009.277922
hydrological system	-0.8828	-0.5484	2	418	1724	18	2012.621212
hydrology	-0.8021	-0.3142	2	657	3970	41	2013.474126
hydrostatic equilibrium	-1.0064	0.0131	3	595	3280	30	2009.8
hypotheses	0.1436	0.2292	5	418	1594	17	2011.496
hypothesis	0.2085	0.2087	5	929	6106	61	2011.082126
ice	0.0063	0.006	4	1574	188282	2131	2011.721291
ice accumulation	-0.8481	-0.7391	2	414	1768	19	2008.294118
ice age	0.1936	0.0294	5	457	1800	17	2011.186842
ice bed	-0.6092	-0.1164	2	480	2116	24	2013.093023
ice cap	-0.0192	-0.2588	4	653	3136	33	2011.954907
ice cliff	0.3826	0.6902	5	326	1160	13	2012.176471
ice concentration	1.0871	-0.3333	1	406	1686	16	2013.492537
ice conditions	0.2782	0.0029	1	494	1940	22	2011.713198
ice core data	0.2646	-0.4613	2	375	1202	12	2008.833333
ice core drilling	-0.8445	-0.9482	2	332	1396	14	2013.5
ice core records	-0.2472	-0.8987	2	393	1558	15	2012.35
ice cores	-0.1965	-0.8483	2	1074	13332	149	2010.322795
ice coring	-0.3744	-0.8947	2	350	1292	15	2010.526316
ice crystals	0.8117	-0.658	1	518	3324	38	2009.356061
ice deformation	-0.2764	0.2039	4	471	1648	18	2010.425532
ice discharge	-0.2391	0.7333	5	857	6682	63	2013.796178
ice divides	-0.8029	-0.5248	2	732	5030	55	2011.555556
ice dome	-0.3861	-0.7232	2	420	1684	17	2008.636364
ice draft	0.7323	-0.1948	1	437	1948	17	2011.130435
ice dynamics	-0.5375	0.3108	4	1215	14460	149	2013.540943
ice extent	0.3832	0.0205	5	499	1932	18	2012.764347
ice flow	-0.731	0.2525	4	1430	38162	398	2012.942857
ice flow dynamics	-0.7501	0.1497	2	379	1320	14	2011.925926
ice flow model	-0.7246	0.397	4	834	6828	68	2013.807339
ice flow velocity	-1.0411	0.0349	3	508	2398	26	2011.725
ice flux	-0.6404	0.6885	4	736	4844	50	2010.752066
ice formation	1.0735	-0.4317	1	718	5296	53	2009.892857
ice front	0.5736	0.265	1	1033	11056	109	2010.638889
ice growth	0.9562	-0.5531	1	559	3194	35	2010.290179
ice layers	0.2113	-0.5521	2	695	3812	40	2011.030928
ice loss	0.3388	0.7684	5	942	9038	89	2014.762324
ice margin	-0.0558	0.5149	5	451	1904	20	2012.065421
ice mass	-0.4686	0.4103	3	936	7120	65	2012.600478
ice mass balance	-1.1226	-0.362	3	289	1022	11	2011.513514
ice mass loss	-0.2227	0.8403	5	511	2624	23	2014.797101
ice melange	-0.3081	0.6705	3	341	1246	12	2014
ice melt	1.1806	-0.3603	1	438	1846	16	2012.747368
ice melting	0.9818	0.1361	1	963	8934	83	2011.241071
ice model	0.3869	0.5926	4	889	7096	69	2011.207143
ice motion	-0.6316	0.1555	3	548	2294	23	2009.975904
ice production	1.3589	-0.313	1	360	1470	13	2010.6
ice properties	-0.0101	-0.419	2	390	1420	16	2012.084507
ice radar	-0.6543	-0.8003	2	493	2148	20	2011.105263
ice retreat	0.2601	0.8036	5	441	1830	17	2013.800752
ice rheology	-0.6816	0.4624	4	502	2336	26	2013.210526
ice rise	-0.6578	0.2611	3	680	4010	41	2011.040816
ice sheet	-0.2621	0.2557	4	1568	107578	1185	2012.194459
ice sheet changes	-0.0636	0.6214	5	646	3250	29	2012.6
ice sheet collapse	0.2729	0.8983	5	401	1902	21	2011.315789
ice sheet dynamics	-0.4501	0.4041	4	975	8796	91	2013.658683
ice sheet elevation	-1.2144	0.103	3	286	1214	12	2011.808511
ice sheet evolution	-0.0449	0.8282	4	644	3772	38	2013.577465
ice sheet flow	-0.5452	0.4369	4	679	3900	45	2012.972222
ice sheet geometry	-0.5976	0.7149	4	303	1004	12	2012.615385
ice sheet history	-0.3035	-0.4629	2	352	1384	14	2012.021739
ice sheet instability	0.0202	1.1261	5	640	4402	41	2015.132075
ice sheet mass balance	-0.7966	0.0011	6	730	4780	47	2012.192771
ice sheet model	-0.2725	0.8401	4	1243	25788	278	2014.003868
ice sheet response	0.2408	1.0095	5	453	2066	20	2014.111111
ice sheet retreat	0.4815	0.8669	5	586	3866	37	2013.776119
ice sheet stability	-0.1695	0.5421	5	600	3076	31	2014.170732
ice sheet surface	-0.5942	-0.5215	6	764	4934	47	2013.170124
ice sheet thickness	-0.7202	-0.1104	5	358	1266	14	2010.027027
ice sheet thinning	-0.425	0.8562	5	353	1350	14	2010.48
ice sheet topography	-0.9245	-0.1745	3	344	1242	12	2012.033333
ice shelf	0.4061	0.2166	1	1562	105496	1125	2011.573026
ice shelf basal melt	1.0447	0.3756	1	498	2386	19	2015.826087
ice shelf buttressing	-0.2835	1.1835	3	405	1812	19	2014.947368
ice shelf cavity	1.1581	-0.0829	1	894	9636	86	2011.956044
ice shelf channels	-0.6437	0.2492	2	311	1168	12	2014.333333
ice shelf collapse	0.396	0.6387	6	692	4718	50	2013.389831
ice shelf disintegration	-0.2035	0.5971	3	502	2538	28	2012.138889
ice shelf dynamics	-0.0728	0.7102	3	351	1224	11	2009.363636
ice shelf front	0.7897	-0.013	1	880	6850	63	2012.727273
ice shelf geometry	0.5253	0.6535	1	434	1844	19	2015.052632
ice shelf melt	1.0501	0.1969	1	652	4304	39	2014.931818
ice shelf melting	1.2373	0.3383	1	519	2784	27	2013.0625
ice shelf model	0.9479	0.3724	1	702	4748	44	2010.6
ice shelf retreat	0.1639	0.866	3	456	2060	19	2009.85
ice shelf stability	0.2343	0.2015	3	601	3448	37	2014.697674
ice shelf water	1.1826	-0.4357	1	721	6674	69	2006.90566
ice shelf-ocean interaction	1.2549	-0.1329	1	576	3592	33	2010.162162
ice stream dynamics	-0.9835	-0.0608	2	398	1634	17	2012.736842
ice stream retreat	0.3669	1.0116	5	271	1108	11	2013.333333
ice streams	-0.554	0.3777	5	1390	36968	389	2012.40249
ice stress	-0.4796	0.4715	3	370	1320	13	2013.633333
ice structures	0.06	-0.6704	2	370	1252	15	2010.705882
ice surface	-0.4947	-0.3028	2	1276	17362	177	2011.816258
ice surface velocity	-0.8918	-0.2463	3	422	1728	17	2013.512195
ice temperature	-0.0768	-0.3679	4	588	2622	27	2010.902256
ice thickness	-0.7091	-0.2191	2	1329	23448	241	2011.271053
ice thickness distribution	-0.9338	-0.5766	2	282	1074	11	2011.634146
ice thickness measurements	-0.6242	-0.8069	2	380	1606	16	2011.4
ice thinning	-0.5089	0.7475	3	433	1812	16	2011.8
ice tongue	-0.1748	0.2311	3	580	2718	28	2011.144737
ice velocity	-0.7992	0.1355	3	1059	10648	108	2012.877256
ice volume	-0.0693	0.4281	4	817	5418	54	2012.008571
ice-cover	0.7206	-0.4153	1	705	3572	33	2011.210019
ice-flow direction	-0.8232	0.0679	2	400	1476	15	2010.833333
ice-ocean interface	0.9634	-0.2225	1	414	1808	19	2011.322581
ice-penetrating radar	-0.694	-0.759	2	488	2238	23	2014
ice-shelf break-up	0.0446	0.6707	3	311	1212	14	2014.235294
ice-water interface	0.3933	-0.8566	2	378	1496	15	2008.708333
ice/ocean interactions	0.5808	0.082	1	939	7646	73	2014.813793
iceberg calving	0.362	0.6218	3	623	3424	34	2012.366667
iceberg ice	0.5136	0.4626	3	328	1124	11	2014.05
icebergs	0.39	0.0822	3	1188	15308	182	2011.523585
icebridge	-0.9795	0.0083	3	533	2628	24	2016.163636
icequakes	0.0397	0.0999	3	252	898	11	2013.461538
icesat	-1.1537	-0.1012	3	851	9098	89	2012.032558
icesat laser altimetry	-1.2035	-0.1583	3	475	2624	24	2012.525
icesat/glas	-1.1047	-0.0579	3	381	1584	16	2012.903226
identification	-0.4195	-0.502	2	724	3808	41	2011.944837
imagery	-0.6804	0.1794	3	1008	10508	114	2011.982143
images	-0.6194	-0.1014	3	1172	15014	168	2011.32506
imaging	-0.5808	-0.5473	2	550	2560	28	2012.991398
imbalance	-0.8877	0.1623	3	585	3296	33	2012.174242
impact	0.4204	0.0433	1	1315	18606	197	2013.206627
implementation	-0.1824	0.7162	4	593	3292	40	2013.145907
implications	0.2763	-0.1644	2	1237	12974	133	2011.871583
improvement	-0.23	0.0165	4	816	4548	48	2012.529851
in-situ	0.4651	-0.4323	1	365	1206	13	2013.712
inclusion	-0.0073	-0.3075	4	645	3362	36	2010.77907
incorporation	0.5702	0.2047	4	414	1398	14	2011.174419
index	0.3325	-0.4372	6	402	1502	17	2011.380952
indices	-0.3018	-0.3501	3	819	4486	45	2012.102711
inference	-0.6507	0.3535	4	424	1746	18	2011.260163
inflow	1.0806	-0.0627	1	823	6962	61	2009.568182
influence	0.2476	0.1095	1	1277	15098	153	2011.779275
information	-0.5601	-0.3564	2	1252	14776	156	2011.767792
initial conditions	0.0027	0.6971	4	325	1198	12	2011.614035
initiation	-0.4161	0.6001	3	431	1734	19	2010.927536
inland	-0.3403	0.4101	5	1032	9414	97	2012.551282
inland ice	-0.2932	0.7629	5	553	2624	27	2011.862745
inner shelf	0.7104	0.4152	5	442	2126	18	2009.673077
insar	-0.97	0.3848	3	688	4470	46	2012.138889
insight	0.1725	-0.2863	1	526	1868	19	2012.936061
instability	0.1195	0.9069	5	1004	9600	103	2009.776848
institute ice stream	-1.1024	-0.3095	2	308	1080	11	2012.545455
instrument	-0.0717	-0.5756	2	743	4102	48	2011.288956
instruments and methods	-0.4146	-0.8784	2	358	1380	18	2015.210526
integration	-0.3804	-0.3087	4	342	1148	15	2010.47619
integrity	0.0411	0.5266	3	370	1230	12	2012.383562
intensification	1.2075	0.2245	1	338	1180	11	2011.672775
intensity	-0.5793	-0.1145	3	332	1138	14	2011.663823
interactions	0.725	0.0562	1	1258	17948	172	2011.626733
interannual variability	0.5611	-0.6209	6	553	3084	32	2010.7663
intercomparison	0.0878	0.9672	4	524	2968	31	2014.488211
interface	0.2143	-0.5249	2	1126	12926	139	2010.689655
interferometric synthetic aperture radar	-1.0426	0.4583	3	533	2982	30	2011.780822
interferometry	-0.9846	0.3032	3	726	4994	53	2010
interglacial	0.7275	0.6214	5	269	996	11	2010.910891
interior	-0.2404	-0.2268	2	1021	8386	85	2010.221733
internal layers	-0.8546	-0.6234	2	623	4044	46	2010.559322
internal structure	-0.6405	-0.6426	2	371	1300	13	2011.160714
international	-0.7054	-0.687	2	522	2414	28	2009.59081
interpolation	-0.8925	0.4396	4	426	1678	18	2012.42515
interpretation	-0.3985	-0.495	2	967	6662	73	2010.411609
intrusion	1.0767	0.0018	1	786	5858	53	2011.398892
inventory	-0.1341	-0.7379	2	365	1260	14	2012.165029
inverse methods	-0.8781	0.6437	4	429	2296	25	2011.116279
inverse problem	-0.7513	0.4491	4	263	1026	12	2012.675
inversion	-0.687	0.452	4	891	7470	78	2010.501809
island	0.2015	0.4319	5	1386	27866	290	2009.956692
isochrones	-0.863	-0.594	2	501	3008	34	2010.487805
isolation	-0.0141	-0.7209	2	340	1094	14	2010.695946
isostatic adjustment	-0.7497	0.3964	5	409	1744	15	2012.225058
isotope	0.6243	-0.6465	1	660	3666	38	2011.966793
issm	-0.4395	0.807	4	339	1332	13	2016.259259
isw	1.3437	-0.4457	1	474	3044	30	2009
kamb ice stream	-0.9848	-0.1237	2	426	1794	19	2013.652174
keels	0.245	0.5981	5	379	1388	12	2007.230769
key	-0.3693	0.0038	3	433	1392	14	2013.075472
king	-0.0837	-0.5935	6	300	1050	13	2013.07113
knowledge	-0.2054	-0.4121	2	1070	8476	91	2012.895394
laboratory	-0.0061	0.0593	4	412	1626	22	2010.526248
laboratory experiments	0.3641	0.2441	4	247	908	13	2009.102804
lagrangian	0.4681	0.4365	1	419	1628	14	2011.144928
lake	-0.3593	-0.8023	2	1207	21960	266	2012.017794
lake area	-0.6823	-0.7205	2	389	1648	17	2013.272727
lake drainage	-1.1355	-0.0916	2	334	1512	14	2013.311927
lake ice	0.0225	-0.9337	2	642	4456	50	2010.060606
lake vostok	-0.1129	-0.9259	2	795	7272	96	2007.851485
lake water	0.0639	-1.0024	2	513	3024	33	2011.325444
lambert	-1.2079	-0.1796	3	347	1468	15	2008.884615
lambert glacier	-1.1511	-0.2191	3	332	1346	14	2009.173913
land	-0.2939	-0.2342	2	1295	16924	171	2012.42268
land ice	0.1649	0.4322	4	542	2200	24	2013.564935
landforms	0.0722	0.4606	5	509	2720	27	2011.537572
landsat	-0.8278	0.2942	3	693	5228	56	2012.128767
landsat imagery	-0.9466	0.428	3	334	1384	14	2013.055556
landsat images	-0.9388	0.4033	3	283	1050	12	2013.230769
landscape	-0.7676	-0.2963	2	540	2878	31	2013.677302
language	0.6411	-0.1582	1	903	6372	49	2018.048117
large	-0.288	-0.2792	3	594	2628	28	2011.479452
large-scale	0.0508	0.0554	6	1133	10624	105	2011.165527
larsen	0	0.3328	3	959	10688	120	2010.903226
larsen a	-0.044	0.7581	3	481	2300	24	2011.56
larsen b	-0.1349	0.684	3	662	4984	55	2011.467742
larsen c ice shelf	0.1115	-0.1352	3	701	5228	54	2014.241935
larsen ice shelf	0.1528	0.299	3	816	7464	82	2010.09
laser	-1.1672	-0.0511	3	792	7562	74	2011.969194
laser altimeter	-1.2213	-0.0622	3	448	2450	26	2010.571429
laser altimetry	-1.114	0.0168	3	761	6530	63	2011.973856
last glacial	0.5443	0.6904	5	408	2050	18	2011.632353
last glacial maximum	0.5609	0.6675	5	392	1902	16	2012.258621
late holocene	0.2055	0.2444	5	345	1224	11	2010.923729
latitude	0.3168	-0.3871	1	421	1632	16	2011.054819
law	-0.4162	0.6982	4	782	5928	65	2012.057895
layer	0.3688	-0.4219	1	1412	30476	318	2010.321275
layering	-0.7835	-0.7602	2	526	2986	33	2009.337349
lead	0.4586	0.0543	1	660	2992	31	2010.716069
least-squares	-0.9978	0.4689	4	252	836	11	2011.637363
length	-0.1914	-0.1365	3	1183	10772	122	2010.5328
level ice	0.189	0.7286	5	619	3372	35	2011.739837
levels	0.5564	0.332	1	915	6324	69	2011.25209
lgm	0.6297	0.6689	5	526	3320	29	2011.552083
life	0.0844	-0.8888	2	574	3252	47	2011.876747
light	0.2631	-0.0611	5	399	1312	14	2011.753582
likelihood	0.0305	-0.2541	2	330	1100	12	2011.660944
limit	0.1575	0.1346	5	901	5958	66	2010.544865
limitations	-0.355	0.0015	4	659	3068	35	2012.614846
line	-0.228	0.6398	5	1512	50908	516	2011.363128
liquid water	0.1429	-0.3912	6	331	1054	11	2011.138528
literature	-0.0777	0.248	4	428	1458	18	2011.726524
location	-0.2089	-0.2628	2	1211	12638	132	2010.881081
long-term	-0.0518	0.1175	6	1034	9082	97	2012.366366
loss	0.2206	0.6304	5	1415	33684	335	2013.251087
low resolution	-0.7196	0.3652	3	324	1034	11	2013.349398
lubrication	-0.6406	0.4856	4	424	1720	19	2013.38
magnitude	0.1999	0.1295	1	1293	15032	153	2011.364091
map	-0.7231	-0.2884	3	1132	11560	127	2011.727201
mapping	-0.7956	-0.1869	3	823	6036	64	2012.226667
margin	-0.0963	0.3214	5	1333	19498	198	2010.972504
marguerite bay	0.5475	0.0763	5	415	1590	14	2010.645833
marine	0.3499	0.4083	5	1170	14950	158	2012.020366
marine ice	0.0538	0.7858	4	1143	16292	174	2011.30198
marine ice sheet instability	0.0587	1.1589	5	595	3832	36	2016.390244
marine ice sheets	-0.1383	1.1473	4	878	10182	107	2013.433333
marine sediments	0.5302	0.3569	5	448	2108	20	2011.473418
mass	0.1739	0.0505	6	1554	60962	599	2010.941993
mass balance	-0.4537	-0.1076	6	1383	32298	319	2012.104996
mass balance estimates	-0.9949	-0.2392	6	345	1386	12	2012.403509
mass budget	-0.5905	-0.1046	6	640	3786	33	2012.867925
mass changes	-0.7704	0.2127	3	597	3262	30	2013.153226
mass conservation	-0.7743	0.6891	4	382	1662	18	2011.654545
mass flux	-0.3634	0.324	4	567	2862	26	2009.567376
mass gain	0.107	-0.5973	6	304	1116	11	2015.282051
mass loss	0.4574	0.6429	6	1104	15104	139	2014.261119
match	-0.756	-0.2239	3	361	1148	12	2011.964286
maud	-0.5313	-0.5412	2	789	5396	56	2010.953333
maximum	0.3151	0.3052	5	1040	10566	99	2010.287843
mcmurdo	0.6938	-0.5562	1	710	5136	55	2012.070652
mcmurdo ice shelf	0.5612	-0.4859	1	600	3238	34	2013.238095
mcmurdo sound	1.0344	-0.6491	1	480	3046	31	2009.431373
mcmurdo sound antarctica	1.0701	-0.7258	1	289	1442	15	2008.846154
mean	0.2231	-0.272	6	1048	8082	83	2010.953636
measurements	-0.1886	-0.4962	2	1481	40240	432	2010.932763
mechanisms	0.4351	0.3587	1	1271	17542	184	2011.610479
melange	-0.3395	0.6318	3	378	1474	15	2013.827586
melt	0.7335	-0.0055	1	1437	36902	348	2013.146853
melt rate	0.9161	0.066	1	1202	20356	182	2013.053672
melt season	0.3149	-0.31	6	333	1372	14	2013.926984
melt-water	0.7383	-0.4884	1	530	2326	22	2011.098684
melting	0.8054	0.0848	1	1423	32794	318	2012.110283
meltwater	0.6812	-0.1941	1	1200	15768	158	2012.781925
meltwater production	0.7555	-0.0062	1	423	1572	13	2014.492063
membrane	-0.4175	0.9756	4	300	1164	14	2012.060241
mertz glacier	-0.5223	0.3688	3	285	1072	12	2011.595745
mesh	0.0724	0.792	4	355	1520	17	2011.432432
meteoric ice	0.0361	-0.4365	2	451	2176	23	2008.4
meteorological	0.2252	-0.6438	6	307	1048	12	2009.80117
method	-0.644	0.1378	4	1404	29658	339	2012.144788
methodology	-0.367	0.107	4	486	1744	17	2012.912525
microbial life	-0.0705	-1.0462	2	249	940	12	2014.185185
microwave	0.0484	-0.3968	6	372	1490	16	2009.844327
mid-holocene	0.5446	0.1745	5	362	1350	13	2012.07874
migration	-0.2855	0.8431	4	879	7068	77	2011.023474
minimum	0.2214	-0.2967	1	504	1816	19	2009.779051
mission	-0.6475	-0.3566	3	725	4328	49	2012.55098
mixing	1.0684	-0.3189	1	727	5102	46	2009.902919
mixture	0.5376	-0.5612	1	340	1096	13	2010.906921
mode	0.4191	-0.1225	1	912	6012	60	2010.915266
model	0.0744	0.284	4	1572	107876	1146	2011.651901
model ice	0.1533	0.5112	4	1158	13486	139	2010.963788
model intercomparison	0.1397	0.9459	4	497	2630	27	2014.817568
model performance	-0.384	0.422	4	329	1064	12	2013.384236
model resolution	0.306	0.4327	4	460	1776	18	2011.979058
model sensitivity	0.117	0.8034	4	408	1556	16	2011.938776
model simulations	0.8051	0.3828	1	800	5610	53	2012.477137
model study	0.8759	0.4121	1	398	1510	15	2010.668478
modeling	-0.1439	0.1546	4	1459	30034	320	2012.080047
modification	0.2122	0.0906	4	523	2070	23	2009.923977
modis	-0.8485	-0.057	3	489	2176	22	2013.171111
modulation	-0.1677	0.369	3	445	2114	23	2010.980114
modulus	-0.6956	0.6455	3	305	1160	12	2011.5
moisture	0.1999	-0.8338	6	293	1040	11	2012.602086
momentum	0.3296	0.6412	4	439	1854	21	2008.74186
momentum balance	0.0555	0.8394	4	274	1010	11	2007.298246
monitoring	-0.0998	-0.3461	3	667	3542	42	2012.828676
monte carlo	-0.6803	0.023	4	281	914	11	2011.598684
moorings	1.1125	-0.3835	1	550	3376	33	2010.555556
moraines	0.3959	0.4924	5	394	1948	21	2010.095
morphology	-0.476	-0.4214	2	930	7226	74	2011.797508
mosaic	-0.8516	-0.2203	3	385	1678	20	2011.184466
motion	-0.4357	0.4293	3	1083	11032	120	2009.832335
mountains	-0.6865	-0.4681	2	912	7060	71	2011.617276
movement	-0.3105	0.0244	3	856	5356	58	2009.813333
multibeam	0.4081	0.3624	5	443	2220	21	2013.040541
nasa	-0.9828	-0.0702	3	532	2636	27	2012.319489
national	-0.5145	-0.8176	2	460	1864	20	2010.195652
nature	-0.3124	-0.3882	2	796	4676	53	2010.788145
navigation	-0.3861	-0.5141	3	333	1078	13	2014.113636
near-surface	0.4126	-0.5219	6	587	2652	27	2011.177419
network	-0.5336	-0.3189	2	855	5686	61	2012.964962
new data	0.1186	-0.4276	2	682	3332	34	2011.109375
new ice	-0.3186	-0.4035	2	472	1650	17	2008.838384
noise	-0.7369	-0.1829	2	520	2250	27	2011.653631
nonlinear	-0.4618	0.8379	4	270	856	11	2011.880282
north	0.387	-0.3359	1	936	6840	72	2010.374238
northern	0.3979	0.3367	5	504	1956	20	2011.106605
northern hemisphere	0.739	0.4747	5	323	1080	11	2010.714878
nucleation	0.5918	-0.3129	1	287	936	11	2011.300353
numerical	-0.3597	0.6538	4	726	4486	53	2009.72
numerical experiments	0.6489	0.4287	1	409	1536	15	2010.004255
numerical methods	-0.2721	0.6354	4	319	1084	14	2011.617647
numerical model	0.3396	0.2055	4	1057	9190	103	2009.365706
numerical modeling	0.4093	-0.3909	1	352	1232	12	2011.42735
numerical simulations	0.0191	0.8724	4	419	1762	21	2012.214493
numerical solutions	-0.146	0.7185	4	315	1132	14	2011.404255
nunataks	-0.5126	0.0436	3	411	1624	17	2009.06383
nutrients	0.4783	-0.748	2	385	1378	15	2011.870968
o-18	0.7932	-0.6477	1	356	1256	12	2011.806034
observational data	0.4438	0.0097	4	530	2146	20	2011.486413
observations	0.1899	-0.0156	1	1548	56214	594	2011.448164
occurrence	0.3236	-0.344	6	654	3162	36	2011.803551
ocean	0.7634	0.0995	1	1505	48950	492	2010.965167
ocean circulation	1.0086	0.2071	1	991	9740	91	2010.55339
ocean circulation model	1.5365	0.101	1	284	1202	11	2009.8625
ocean currents	0.958	-0.0263	1	559	2434	23	2010.666667
ocean dynamics	1.2064	0.2856	1	350	1432	15	2012.736842
ocean general circulation	1.2766	0.3124	1	352	1526	13	2009.590164
ocean general circulation model	1.3043	0.2909	1	330	1426	12	2009.438053
ocean heat	1.2267	0.1957	1	599	3818	33	2013.347917
ocean heat flux	1.1342	-0.3882	1	346	1420	12	2011.095745
ocean interactions	0.8794	0.0122	1	636	3452	31	2012.442308
ocean model	1.0725	0.2656	1	1005	12520	115	2010.792558
ocean modelling	1.0652	-0.1795	1	339	1234	11	2012.842975
ocean surface	1.0296	-0.1668	1	637	3496	31	2011.97351
ocean temperature	0.9842	0.3925	1	858	6956	64	2012.187952
ocean tides	-0.5984	0.2686	3	575	3672	42	2009.54023
ocean variability	1.0186	0.3797	1	388	1598	14	2011.174888
ocean warming	1.079	0.691	1	413	1850	18	2013.496894
ocean waters	1.0798	0.3282	1	435	2140	22	2011.075758
ocean waves	0.2168	0.3299	3	290	1180	14	2012.915493
oceanic forcing	0.9298	0.7034	5	364	1416	13	2012.6875
oceanographic data	1.1501	-0.5842	1	370	1556	16	2008.973333
oceanography	0.5722	-0.4453	1	393	1292	16	2009.138686
offshore	0.9761	0.2169	1	445	1654	14	2009.651466
old ice	-0.6947	-0.8262	2	282	1242	12	2014.125
one dimensional	-0.272	-0.0018	4	552	2530	27	2007.160622
onset	-0.4558	0.18	5	732	4244	41	2011.400894
onshore	1.2088	0.0273	1	367	1416	11	2010.793103
open ocean	1.1659	0.0721	1	673	4252	38	2011.015873
open water	0.6588	-0.2402	1	438	1736	18	2011.389671
opening	0.0641	0.6373	3	309	1042	11	2010.741722
operation	-0.5589	-0.3112	3	732	3852	39	2012.715909
operation icebridge	-0.9693	0.021	3	455	1908	17	2016.431818
optimization	-1.0159	0.3241	4	292	1020	14	2013.389313
orbit	-0.9549	-0.1619	3	309	978	11	2009.97479
order	-0.1456	0.1692	4	1347	17466	184	2010.598046
orientation	-0.5748	-0.3617	2	573	2566	28	2010.063415
origin	-0.094	-0.5671	2	884	6158	67	2010.187679
oscillation	0.4426	0.1374	1	657	3462	39	2010.801829
outer shelf	0.7139	0.6089	5	477	2802	22	2011.282209
outflow	0.8881	-0.2049	1	750	4696	44	2008.807601
outlet glaciers	-0.5678	0.6807	3	996	10120	101	2012.713287
outlets	-0.3922	0.6685	5	434	1802	17	2013.472222
overturning	1.3689	0.1303	1	368	1582	15	2012.406393
overturning circulation	1.2781	0.2556	1	306	1160	11	2013.703911
oxygen	0.7057	-0.7739	1	487	2398	25	2009.83871
oxygen isotopes	0.9687	-0.6412	1	375	1432	13	2009.387435
pacific	0.7473	-0.0254	1	503	2318	22	2010.950879
paleo-ice streams	0.4379	0.6898	5	315	1448	11	2013.461538
panel	0.6022	0.6937	6	391	1834	21	2011.552419
parallel	-0.1426	0.756	4	550	2610	28	2010.6875
parallel ice sheet model	-0.1481	1.2421	4	302	1216	12	2013.941176
parameterization	0.4242	0.7308	4	749	5434	55	2011.336207
parameters	-0.2963	0.2639	4	1284	16398	179	2010.962104
part	0.055	-0.1435	2	1445	23458	237	2010.410034
particles	0.126	-0.3807	2	645	3270	38	2011.108822
past	-0.2093	0.3974	5	772	4628	52	2012.316703
patches	-0.592	-0.2636	3	331	1012	11	2011.337979
pathways	0.7353	0.1597	1	811	5490	55	2013.213274
patterns	-0.1071	0.0232	3	1437	27488	284	2011.236066
penetrating radar	-0.652	-0.7929	2	440	1872	20	2012.703704
penetration	0.0695	-0.5202	2	493	1820	21	2009.4875
peninsula	0.2087	0.1311	6	1283	23666	253	2011.596904
performance	-0.4585	0.1919	4	759	4544	58	2013.489921
period	0.0374	0.025	3	1430	27664	288	2011.210316
persistence	0.1242	-0.5902	2	376	1218	14	2012.073254
perspective	0.3986	0.2522	6	360	1130	12	2012.901235
perturbations	-0.132	0.8447	4	925	7912	88	2010.583086
phase	0.2845	0.1853	5	1029	8138	84	2011.300144
phenomena	0.0312	-0.009	3	305	898	13	2011
photographs	-0.4088	-0.4015	3	285	996	11	2010.319372
physical mechanisms	0.8938	0.4526	1	301	978	11	2011.84
physical processes	0.3078	0.4856	4	434	1568	17	2012.057576
physical properties	0.1872	-0.4236	2	322	1042	13	2011.051724
physics	-0.0465	0.6906	4	611	2926	32	2011.674359
pig	-0.0653	0.8133	5	560	3154	31	2012.692308
pine	0.0941	0.7686	5	1191	18914	188	2012.13806
pine island	0.1074	0.7584	5	1201	19206	191	2012.597087
pine island bay	0.6276	0.6044	5	615	4090	37	2011.7
pine island glacier	-0.1199	0.8581	5	1055	13400	137	2012.394366
pine island glacier ice shelf	0.593	0.8448	5	363	1650	13	2014.461538
pinning	-0.2849	0.8943	5	374	1480	15	2013.909091
place	0.2364	-0.0658	5	849	4828	50	2009.958042
planning	-0.06	-0.8194	2	343	1086	14	2013.468421
plate	-0.3316	0.0217	3	490	1844	19	2010.542683
plateau	-0.4929	-0.7388	2	573	3160	33	2012.169659
platelet	0.9068	-0.7685	1	415	2880	33	2009.583333
platelet ice	1.0012	-0.7902	1	329	1786	20	2009.47619
pliocene	0.0873	0.7495	5	353	1398	13	2013.66129
plume	0.9023	-0.2807	1	683	4580	48	2009.9
plume model	1.103	-0.0808	1	326	1358	14	2009.351351
polar	0.0329	-0.5061	2	596	2520	31	2011.082686
polar ice	-0.6937	-0.077	4	702	3728	40	2010.186047
polar ice sheets	-0.7032	-0.044	4	577	2702	29	2010.508621
polar regions	-0.2694	-0.5705	2	512	2034	27	2011.606775
pole	-0.6662	-0.7596	2	457	1912	20	2010.226221
polynya	1.2251	-0.2851	1	505	2726	26	2008.42
ponds	-0.0774	-0.0036	3	356	1566	15	2013.328622
population	0.4813	-0.2252	1	326	1018	13	2011.362024
position	-0.3918	0.62	3	1116	12446	137	2010.689373
positioning	-0.8276	-0.3452	3	723	4430	48	2010.764957
positive feedback	0.6314	0.7084	1	341	1302	13	2012.122034
potential	-0.1353	-0.0053	2	1039	8450	85	2012.784435
power	-0.3025	-0.5677	2	725	4090	50	2011.834034
power-law	-0.2785	0.7921	4	390	1560	18	2012.595506
precipitation	0.4235	-0.4934	6	781	6358	67	2012.247478
precision	-0.9139	0.0519	3	556	2478	27	2011.580524
prediction	0.1664	0.3846	4	1099	9744	105	2012.073267
present	0.2467	0.4657	5	608	2732	27	2011.176606
present day	0.1513	0.4354	4	1066	10152	93	2011.295673
pressure	0.1093	-0.3014	2	1077	9934	109	2010.477108
principle	-0.1757	0.2879	4	382	1370	16	2010.684211
probability	-0.1066	0.2203	4	516	2306	27	2011.876866
process model	1e-04	0.1537	4	392	1278	14	2012.018868
processes	0.2648	-0.0029	1	1522	39206	405	2011.967406
processing	-0.7861	-0.3778	2	473	2058	26	2012.577495
production	0.9442	-0.3117	1	956	8608	83	2011.637878
productivity	0.8268	-0.1794	1	379	1300	13	2012.484007
profiler	0.9751	-0.1917	1	340	1134	11	2008.733083
profiles	-0.137	-0.4348	2	1297	17370	189	2010.526606
programme	-0.0417	-0.9986	2	296	924	11	2009.044118
progress	-0.0281	-0.0458	6	562	2286	27	2012.411765
project	-0.3751	-0.296	2	950	8038	87	2012.453668
projection	0.5142	0.8031	4	936	10322	99	2014.197635
propagation	-0.1813	0.331	3	908	7122	77	2010.734739
properties	0.1997	-0.1807	1	1272	17530	192	2011.071907
proportion	-0.043	0.2919	5	377	1184	12	2011.055556
proximity	0.6772	-0.5489	1	449	1564	17	2011.075099
proxy	0.2208	-0.3334	6	625	2726	27	2013.127907
prydz bay	1.0806	-0.4892	1	390	1784	18	2008.442308
pulses	0.0316	0.0808	5	515	2008	22	2011.138996
quality	-0.6954	-0.3484	3	520	2160	24	2012.741898
quantification	-0.0304	-0.147	4	327	1066	11	2013.40625
quaternary	0.3744	0.4406	5	362	1286	13	2010.108108
racmo2	0.22	-0.585	6	295	1210	12	2014.8
radar	-0.7933	-0.3647	2	1432	45086	482	2011.711931
radar altimeter	-1.1528	-0.2028	3	513	3274	33	2010.666667
radar altimeter data	-1.3482	-0.3371	3	281	1268	13	2007.904762
radar altimetry	-1.0655	-0.1776	3	694	5518	54	2011.055046
radar data	-0.7674	-0.5543	2	999	9632	99	2012.450777
radar interferometry	-1.1196	0.3242	3	478	2422	27	2011.169492
radar measurements	-0.702	-0.5121	2	477	1928	19	2011.901639
radar observations	-0.4536	-0.1485	6	453	1670	16	2013.740741
radar sounder	-0.7694	-0.622	2	280	958	12	2015.8125
radar sounding	-0.5806	-0.7894	2	384	1474	17	2014.37931
radarsat	-0.966	-0.2395	3	459	2010	23	2009.321429
radarsat-1	-0.986	0.1146	3	312	1202	13	2008.837209
radiation	0.3274	-0.5475	6	387	1526	16	2011.331925
radio	-0.7386	-0.8267	2	642	4114	44	2011.488636
radio echo	-0.7588	-0.7545	2	854	7772	85	2008.892157
radio-echo sounding	-0.8163	-0.7698	2	722	5716	63	2011.407895
radiocarbon	0.7958	0.5472	5	397	2228	18	2012.205298
range	-0.0187	-0.0089	4	1408	19134	201	2011.410547
rapid	0.5941	0.0535	1	554	2664	31	2012.463023
rapid retreat	-0.2509	0.8623	5	391	1704	16	2012.472973
rates	0.2018	0.011	1	1521	41588	410	2011.494306
ratio	-0.3776	-0.0239	4	832	4872	57	2010.925387
reanalyses	0.3349	-0.6389	6	322	1360	13	2013.477477
reanalysis	0.4069	-0.5505	6	518	2610	25	2012.860412
reanalysis data	0.4599	-0.4028	6	327	1132	11	2013.062413
reason	0.6402	-0.0798	1	395	1346	13	2011.71371
recent	0.0485	0.3089	5	1021	8518	91	2011.804991
recession	0.4062	0.6847	5	506	2458	24	2011.610063
recommendations	-0.2511	-0.5101	2	288	886	11	2012.785714
reconstruction	-0.124	0.4227	5	775	5230	51	2012.728025
record	0.2466	-0.1921	5	1122	10692	106	2011.508365
recovery	-0.6929	-0.3806	2	634	3236	33	2012.7654
redistribution	-0.0119	-0.7395	6	391	1416	16	2011.996795
reduction	0.1743	0.4986	4	930	6574	69	2012.202875
reflection	-0.491	-0.6419	2	712	4216	45	2010.990196
reflectivity	-0.6677	-0.8861	2	497	2718	30	2011.85
reflectors	-0.5597	-0.731	2	605	3224	35	2010.324074
refreezing	0.357	-0.5611	6	442	1632	15	2011.181818
regime	0.0747	0.1082	4	1117	10128	106	2010.768478
region	-0.0738	-0.2248	2	1555	56542	593	2011.608772
regional	0.461	0.0236	6	435	1880	18	2012.480198
regional atmospheric climate model	0.0988	-0.6154	6	392	2096	19	2013.428571
regional climate	0.1603	-0.2503	6	632	3968	38	2013.123404
regional climate model	0.1286	-0.3899	6	515	2600	24	2013.665714
regional model	0.9652	-0.1401	1	374	1470	14	2011.733333
regional scale	-0.4474	-0.5446	6	388	1272	11	2012.592334
relationship	-0.1281	-0.1913	6	1049	8104	86	2011.52721
relaxation	-0.1955	0.4684	4	374	1258	13	2009.702128
release	0.0431	0.2363	3	503	1988	20	2012.712924
reliability	-0.3568	-0.107	4	311	924	12	2012.402116
relief	-0.7983	-0.4569	2	521	2194	22	2010.812081
remote	-0.8365	-0.0427	3	689	3958	40	2012.899032
remote sensing	-0.8073	-0.0883	3	1052	10446	106	2012.958159
removal	-0.1542	0.7791	3	468	2112	23	2011.470833
repeat	-0.9265	-0.1422	3	497	2220	23	2011.037288
repeat tracks	-1.2287	-0.004	3	282	1068	11	2013.592593
representation	0.3275	0.3023	4	852	5522	52	2013.246886
requirements	-0.1263	-0.1341	4	488	1836	22	2011.322368
res	-0.6704	-0.6351	2	907	7606	88	2010.48537
research	-0.3473	-0.5495	2	1033	8508	100	2012.25614
reservoir	0.0293	-0.7318	2	395	1456	17	2012.909879
residence	0.256	-0.7688	2	514	2248	21	2010.135762
residence time	0.2255	-0.7777	2	461	1926	18	2009.992032
resistance	-0.7175	0.6404	4	539	2604	28	2013.068966
resolution	-0.3983	0.1291	4	1347	21040	214	2011.918993
resources	-0.24	0.1847	4	405	1354	17	2013.251701
response	0.2401	0.6419	5	1395	27404	281	2012.161066
retreat	0.1674	0.853	5	1335	31820	320	2012.69985
retreat rates	0.0632	1.06	5	382	1514	14	2011.844444
retrieval	-0.7541	-0.2352	3	337	1054	11	2011.428846
reversal	0.7835	0.4953	1	349	1218	12	2011.354497
rheology	-0.658	0.6299	4	680	4656	53	2009.785276
ridge	-0.1713	-0.3634	2	901	7080	72	2008.953586
rift	-0.2125	0.4536	3	889	7898	84	2010.891892
rift propagation	-0.276	0.515	3	295	1388	17	2010.555556
rift system	-0.3067	0.1193	3	397	1610	15	2014
rifting	-0.3272	0.3076	3	424	1730	19	2010.772727
ris	-0.1021	0.1352	3	447	2040	22	2011.5
risk	0.1256	-0.0146	2	560	2536	30	2014.229167
robustness	-0.5035	0.4405	4	405	1536	18	2013.84141
rocks	-0.3019	-0.4559	2	647	3168	34	2010.835085
role	0.3581	0.1608	1	1322	17198	179	2012.568357
ronne ice shelf	0.6926	-0.1569	1	992	10870	108	2006.472
ross	0.3627	-0.0326	1	1363	21528	218	2011.009202
ross ice shelf	0.3011	-0.1513	3	1047	9888	102	2011.611465
ross island	0.5675	-0.0832	1	486	2084	23	2009.922078
ross sea	0.5597	-0.0615	1	1016	9088	86	2010.810256
ross sea sector	0.2714	-0.2815	5	335	1188	11	2011.653846
roughness	-0.432	-0.5721	2	709	4278	46	2012.54023
salinity	1.0925	-0.447	1	947	11182	113	2009.248247
salt	0.9708	-0.4276	1	533	2568	27	2008.72546
sample	-0.2896	-0.7598	2	291	850	11	2011.599617
sampling	0.0875	-0.789	2	532	2242	26	2012.100775
sar	-0.7982	0.1156	3	1034	12428	135	2011.141707
sar images	-0.5436	0.052	3	406	1714	18	2011.09375
sar interferometry	-0.7665	0.3351	3	367	1392	13	2010.413793
satellite	-0.7576	-0.0414	3	1328	25506	265	2011.755822
satellite altimeter	-1.0862	-0.0472	3	332	1252	13	2008.958333
satellite altimetry	-0.9291	-0.1685	3	698	4704	44	2012.138138
satellite data	-0.1038	-0.0877	3	760	4140	40	2011.686028
satellite imagery	-0.581	0.2018	3	760	4996	54	2012.772222
satellite images	-0.6164	-0.0404	3	743	4860	52	2011.587189
satellite laser altimetry	-0.9422	0.2427	3	365	1404	14	2012.695652
satellite measurements	-0.6529	-0.2353	3	413	1422	14	2012.201389
satellite observations	-0.2421	0.1327	3	794	4532	44	2012.973832
satellite radar	-1.0861	0.0508	3	759	6346	66	2009.745763
satellite radar altimeter	-1.1168	-0.1835	3	351	1726	18	2008.909091
satellite radar altimetry	-1.0684	-0.1109	3	539	3100	30	2008.666667
satellite radar interferometry	-1.2763	0.4243	3	293	1222	14	2009.318182
scale	-0.1839	0.0539	4	1351	18646	195	2011.804989
scaling	0.0671	0.7736	4	388	1538	17	2011.411765
scattering	-0.492	-0.5772	2	356	1174	13	2010.183486
scenarios	0.5283	0.5222	6	1038	10382	100	2012.882212
science	-0.1295	-0.5996	2	746	4152	57	2005.441336
sea	0.6114	0.1521	1	1548	76594	778	2010.929745
sea floor	0.5531	0.4381	5	546	2504	24	2010.099237
sea ice	0.8677	-0.1302	1	1282	22680	224	2012.341204
sea ice cover	0.9881	-0.3437	1	479	1964	16	2012.742173
sea ice formation	1.3136	-0.3003	1	488	2520	21	2011.537037
sea ice growth	1.1282	-0.4863	1	327	1316	13	2012.772152
sea ice model	1.1849	0.0498	1	452	2114	19	2011.770171
sea level	0.2603	0.6731	5	1465	45394	464	2011.153319
sea level projections	0.3394	1.2147	4	317	1398	15	2015.763158
sea level rise	0.3934	0.7439	5	1314	27336	276	2012.696243
sea level rise projections	0.3407	0.9418	4	300	1048	11	2015.179487
sea surface	0.7038	0.0073	1	627	2986	28	2011.29989
sea water	0.7384	-0.2784	1	647	3510	38	2008.442735
sea-level changes	-0.2445	0.4646	6	538	2542	30	2010.962887
seabed	0.7504	-0.2854	1	505	2102	19	2011.466667
seafloor	0.5511	0.1179	5	542	2514	27	2012.700565
seals	0.8218	0.0033	1	449	1956	20	2012.111111
season	0.4118	-0.559	1	994	8166	86	2012.178114
seasonal cycle	1.1377	-0.2746	1	427	1766	16	2011.135957
seasonal variability	1.3002	-0.2599	1	309	1314	13	2011.582043
seasonal variation	0.9408	-0.4011	1	320	1134	12	2011.013917
seawater	0.8356	-0.5258	1	698	4428	49	2011.626116
sections	0.1688	-0.3757	3	797	4446	50	2007.846599
sediment cores	0.4892	0.2178	5	499	2724	25	2012.336207
sedimentary basin	-0.6075	-0.2014	2	322	1370	12	2012.75
sedimentation	0.2585	-0.126	5	526	2582	27	2009.867797
sediments	0.0682	-0.3524	2	1127	14926	153	2011.206075
segments	-0.6837	-0.3112	3	466	1758	18	2010.556701
seismic	-0.1808	-0.1963	2	566	2854	29	2011.044586
seismic data	-0.1188	-0.3732	2	380	1360	13	2011.941176
seismic reflection	-0.1697	-0.1321	2	388	1588	16	2009.328947
seismicity	-0.0889	0.1665	3	273	1078	13	2012.122449
sensing	-0.6728	-0.0573	3	692	3700	40	2012.945017
sensitivity	0.3596	0.5304	4	1279	20334	201	2012.152936
sensitivity analysis	-0.519	0.6053	4	354	1234	12	2013.137681
sensitivity experiments	0.8276	0.4055	1	413	1638	14	2012.352273
sensitivity study	0.5457	0.0601	4	463	1792	18	2009.188312
sensors	0.1144	-0.6162	2	685	3608	43	2011.517949
sequence	-0.1197	-0.3471	2	662	3218	37	2012.290017
series	-0.0266	0.019	3	1265	15550	153	2010.601012
shallow ice	-0.5177	0.8567	4	692	5554	68	2012.053763
shallow ice approximation	-0.6233	0.9946	4	469	3222	42	2012.320755
shallow water	0.4792	0.1104	3	376	1290	14	2010.653846
shape	-0.3261	-0.1284	3	856	5512	62	2010.573529
shear	-0.1717	0.4633	4	658	3400	37	2009.478827
shear margins	-0.6225	0.7655	4	385	1674	18	2014.794118
shear stress	-0.8111	0.6744	4	539	2880	33	2011.142857
shear zone	-0.5747	0.5933	3	262	964	11	2010.829268
sheet instability	0.0239	1.1273	5	645	4496	42	2015.166667
shelf	0.4896	0.2036	1	1555	96642	1005	2010.587376
shelf circulation	1.2899	0.0556	1	558	3126	29	2009.691176
shelf dynamics	-0.0656	0.7464	3	365	1326	12	2010.541667
shelf edge	0.6869	0.4694	5	686	4096	37	2008.781513
shelf front	0.6601	0.1283	1	987	9038	86	2011.641509
shelf ice	0.5621	0.2775	1	1301	20344	201	2010.705882
shelf seas	0.9939	0.1075	1	658	3836	36	2011.734043
shelf slope	1.144	0.0479	1	425	1648	15	2009.940928
shelf waters	1.2973	-0.3327	1	878	11818	114	2009.09329
shelf-break	1.0602	0.144	1	901	8608	80	2009.840909
shelves	0.5425	0.2617	1	1509	57336	588	2011.760377
shift	0.6095	-0.0377	1	665	3196	34	2012.333333
ship	0.6574	-0.4396	1	330	1064	12	2010.712
short-term	-0.6263	0.3205	3	545	2526	27	2012.055432
signal	-0.1917	-0.3475	3	1108	10320	114	2011.038817
signatures	-0.1073	-0.5273	2	448	1602	18	2011.86758
significance	0.0976	-0.0658	5	529	2012	20	2011.019928
sill	1.1796	-0.1715	1	351	1316	12	2008.400778
similarity	0.2306	0.6241	5	292	934	13	2011.516971
simulations	0.3922	0.5851	4	1360	28542	294	2012.277903
siple coast	-0.8115	-0.03	2	525	2606	25	2013.642857
sites	-0.0377	-0.7166	2	1257	17092	179	2011.507274
size	0.0012	-0.1253	3	1269	12884	137	2010.965923
size distribution	0.4522	-0.1304	1	385	1282	13	2010.853862
sliding	-0.5961	0.7713	4	705	5654	62	2011.945578
slip	-0.5448	0.6338	4	433	2264	29	2012.47619
slope	0.3581	0.1321	1	1372	22794	232	2010.341082
slope current	1.4465	-0.143	1	303	1252	12	2011.257143
slope front	1.484	-0.0186	1	364	1926	17	2010.536232
small icebergs	-0.1287	-0.0938	3	287	1016	11	2014.368421
small-scale	0.0056	-0.1516	2	657	2870	28	2011.469512
smb	-0.1323	-0.6121	6	614	4510	44	2014.447853
snow	-0.1308	-0.7451	6	877	6700	71	2012.043528
snow accumulation	-0.3978	-0.5679	6	812	6500	65	2012.351145
snow surface	-0.3819	-0.736	6	459	1920	20	2011.761905
snow/ice	-0.2652	-0.7905	6	440	1722	18	2012.216867
snowfall	-0.0403	-0.2458	6	646	3952	40	2012.353474
snowmelt	0.4201	-0.6204	6	352	1382	14	2012.207317
software	-0.6799	0.3212	4	389	1482	19	2012.686047
solution	-0.5071	0.6651	4	935	10316	139	2010.22668
sound	0.9554	-0.5861	1	581	3516	39	2009.438406
sounder	-0.367	-0.6721	2	479	2020	23	2011.227941
sounding	-0.7537	-0.7002	2	984	10560	119	2009.43314
source	0.3056	-0.2713	1	1335	17314	179	2011.544715
source waters	0.761	-0.6552	1	403	1556	16	2008.57967
south	-0.0435	-0.514	2	1034	8116	82	2009.816077
south pole	-0.7785	-0.7132	2	429	1800	19	2008.138889
southern	0.9585	0.1026	1	967	9278	91	2011.247603
southern annular mode	1.0508	-0.0859	1	383	1660	14	2013.425339
southern hemisphere	0.917	0.2252	1	344	1298	14	2010.882466
southern ocean	0.9037	0.0205	1	1050	11712	117	2011.310743
space	-0.3763	0.0675	4	902	5464	62	2011.281958
spacing	-0.8889	0.1863	3	509	2114	24	2010.686441
sparse	-0.6735	0.2362	4	323	1044	12	2011.660194
spatial	-0.166	-0.4536	6	756	4200	43	2011.877747
spatial distribution	0.3661	-0.2548	1	719	4164	42	2012.602028
spatial patterns	-0.1321	-0.2607	6	782	4880	49	2012.024523
spatial resolution	-0.683	0.0934	3	756	4032	38	2012.877034
spatial variability	-0.0576	-0.4915	6	785	4462	44	2011.858628
spatial variation	-0.6095	-0.3179	2	688	3766	39	2011.835735
species	0.3692	-0.5319	2	330	1076	14	2011.629341
speed	-0.2157	0.2102	3	1020	8462	88	2010.795455
spots	-0.7056	-0.121	3	404	1486	16	2012.598985
spreading	0.4436	0.7547	1	325	1078	12	2007.435233
spring	0.7072	-0.0659	1	486	2178	22	2011.445356
stability	0.0216	0.5012	5	1299	18482	192	2011.601934
stabilization	-0.0849	0.892	5	351	1200	11	2014.288235
stable isotopes	0.825	-0.7787	1	319	1114	12	2012.393939
stage	0.1318	0.0978	5	720	3704	37	2011.432692
standard	-0.0945	0.168	4	361	1098	12	2011.405751
standard deviation	-0.1054	-0.2092	3	523	2040	22	2011.034783
state	-0.0939	0.4527	4	1249	14926	152	2012.176355
stations	0.297	-0.5361	6	681	3788	42	2010.728667
statistics	-0.346	-0.4194	3	391	1284	15	2010.724252
steady state	-0.3232	0.5158	4	1029	9802	103	2009.695015
steps	-0.2085	0.1478	5	358	1126	12	2012.015873
stick-slip	-0.3871	0.3292	3	308	1482	18	2011.826087
stokes	-0.5744	0.8674	4	596	4834	62	2013.414141
stokes flow	-0.4772	0.9687	4	292	1110	14	2012.764706
storage	-0.4247	-0.5741	2	361	1276	13	2013.435429
storm	-0.0185	0.0748	3	310	1064	12	2010.368357
strain	-0.5813	0.1064	4	849	5734	62	2011.527632
strain rate	-0.5355	0.2656	4	735	4374	48	2011.218182
strategies	-0.4458	0.09	4	494	1986	26	2013.49449
stratification	1.1248	-0.0947	1	635	3832	37	2010.765734
stratigraphy	-0.7229	-0.578	2	703	4844	52	2010.59887
stream	-0.5673	0.3853	5	1394	36176	379	2011.208251
stream flow	-0.745	0.5213	5	605	3444	35	2011.59375
strength	0.428	-0.1094	1	896	5654	56	2011.147674
stress	-0.2107	0.6394	4	1272	20880	231	2010.771906
stress field	0.1423	0.5838	3	340	1172	11	2006.978261
structure	-0.0805	-0.4475	2	1298	15978	180	2010.587788
subglacial	-0.4113	-0.7073	2	1069	13950	151	2013.2
subglacial basin	-0.5979	-0.3417	2	546	3322	33	2012.909091
subglacial conditions	-0.6909	-0.4574	2	317	1040	11	2013.125
subglacial drainage	-0.3813	-0.2232	2	460	2142	21	2013.836207
subglacial environment	-0.2785	-0.9221	2	455	2218	26	2014.25641
subglacial geology	-0.3691	0.0188	2	353	1410	12	2013.538462
subglacial hydrology	-0.8883	-0.2541	2	557	3314	33	2015.690476
subglacial ice	-0.4603	-0.4849	2	299	968	11	2011.913043
subglacial lake vostok	-0.0433	-0.9242	2	545	3232	41	2008.911111
subglacial lake whillans	-0.358	-1.0183	2	304	1336	16	2014.9
subglacial lakes	-0.4596	-0.829	2	1079	18044	205	2011.664032
subglacial landscape	-0.866	-0.5551	2	303	1196	13	2015.3125
subglacial meltwater	0.3989	0.516	5	371	1704	16	2014.9375
subglacial sediments	-0.4049	-0.4171	2	534	2642	24	2014.283019
subglacial topography	-0.8362	-0.5384	2	689	4604	48	2012.958333
subglacial water	-0.7209	-0.542	2	853	8118	83	2013.41875
subglacial water system	-0.7792	-0.4872	2	285	1076	11	2014.166667
sublimation	0.1723	-0.8976	6	356	1734	18	2011.08
submarine	0.6665	0.4388	5	577	3192	30	2012.039088
subsurface	0.6069	-0.2173	1	768	4430	48	2011.621895
summer	0.5524	-0.3926	1	1176	14062	141	2011.747886
summit	-0.758	-0.7836	2	348	1382	15	2012.208092
supercooling	1.0534	-0.662	1	354	1768	21	2011.488372
supply	0.6172	-0.4095	1	547	2424	24	2011.339312
support	0.0253	-0.3509	2	741	3666	37	2012.160714
surface	-0.1182	-0.2103	6	1570	85750	898	2011.274886
surface air	0.9023	0.0437	6	345	1234	11	2012.202151
surface area	-0.0485	-0.4319	2	412	1354	14	2011.96
surface elevation	-0.8079	-0.0155	3	1151	13500	133	2011.86618
surface elevation changes	-0.9975	-0.167	3	642	3972	39	2012.655172
surface energy	0.5804	-0.7142	6	259	1134	11	2012.765396
surface features	-1.1323	-0.033	3	392	1760	19	2011.140351
surface flow	-0.8379	0.0746	3	401	1442	16	2009.817073
surface height	-0.4472	-0.3706	3	618	2984	27	2010.910364
surface layer	1.0422	-0.3488	1	384	1386	12	2009.563452
surface lowering	-0.7412	0.2963	3	347	1370	13	2011.02439
surface mass balance	-0.3661	-0.342	6	1010	12084	120	2014.124183
surface melt	0.4041	-0.0677	6	638	4212	41	2014.103333
surface melting	0.7825	-0.1337	6	348	1598	17	2012.791209
surface processes	-0.5073	-0.2066	6	379	1346	12	2013.341085
surface slope	-0.9923	-0.0996	3	739	4684	48	2010
surface temperature	0.2921	-0.0785	6	698	3932	41	2011.552855
surface topography	-1.1037	-0.3228	2	679	4328	48	2010.560284
surface velocities	-0.8959	0.435	4	974	9748	98	2011.325373
surface waters	1.0195	-0.3703	1	752	5466	49	2010.917469
survey	-0.4551	-0.4771	2	1246	16252	175	2010.854962
suture	-0.4418	0.5533	3	377	1656	18	2012.95
suture zones	-0.4002	0.6266	3	333	1454	16	2013
swath bathymetry	0.4837	0.6119	5	328	1430	12	2012.142857
synthesis	-0.3138	-0.449	2	325	1006	11	2012.494924
synthetic	-0.2734	-0.0757	3	363	1386	16	2012.439655
system	-0.389	-0.0439	2	1494	34792	377	2012.244703
tabular	0.6517	0.1156	3	338	1158	12	2010.071429
tabular icebergs	0.4613	0.0882	3	581	2742	31	2010.404762
tandem-x	-0.9006	0.3489	3	366	1354	12	2017.074074
techniques	-0.751	0.0171	4	1153	13182	154	2010.995925
technology	0.078	-0.4659	2	439	1610	23	2013.19378
tectonics	-0.5418	-0.6741	2	302	1166	11	2010.556962
temperature	0.651	-0.1728	1	1478	40278	413	2011.477652
temperature measurements	0.9132	-0.7439	1	326	1192	13	2010.47644
temperature profiles	0.0194	-0.6408	2	486	1922	19	2010
temporal	0.0747	-0.6782	6	369	1404	15	2010.883534
temporal changes	-0.7872	0.0123	3	431	1608	16	2011.742138
temporal evolution	-0.4439	-0.2138	3	354	1090	11	2012.72561
temporal resolution	-0.4422	-0.1894	3	346	1272	12	2013.873362
temporal variability	0.3754	-0.6686	6	589	3010	28	2011.288462
temporal variations	-0.2549	-0.5602	2	456	1866	19	2011.722063
termination	-0.282	0.526	5	362	1258	13	2011.142857
terminus	-0.3928	0.7611	3	499	2370	24	2013.057143
terms	-0.1564	0.0121	4	1029	8054	93	2011.105954
terrain	-0.7012	-0.4783	2	608	2860	30	2011.88664
terrasar-x	-0.9139	0.5235	3	385	1468	13	2015.818182
texture	-0.1698	-0.581	3	390	1436	15	2010.495238
theory	-0.4274	0.6444	4	739	4452	51	2009.714706
thermal regime	-0.165	0.0702	5	427	1566	15	2011.654434
thermocline	1.3686	-0.0833	1	372	1838	16	2007.472727
thermodynamics	0.3435	-0.2519	1	373	1318	15	2011.079268
thermohaline	1.3708	-0.1329	1	448	2394	19	2007.343511
thermohaline circulation	1.2693	-0.0343	1	400	1732	14	2007.122047
thickness	-0.3879	-0.1419	2	1477	35822	373	2010.814467
thickness change	-0.5598	0.329	3	335	1182	11	2010.121951
thickness distribution	-0.9342	-0.5752	2	282	1074	11	2012.254545
thinning	-0.0474	0.7244	5	1214	17816	180	2011.906393
three dimensional	-0.27	0.3752	4	871	7026	76	2009.329939
threshold	0.2246	0.4896	5	540	2362	28	2012.8
thwaites	-0.6334	0.6337	5	940	9610	95	2013.43
thwaites glacier	-0.8062	0.5882	5	818	7140	72	2013.52
tidal	0.0394	0.1734	3	624	3926	46	2009.893939
tidal currents	0.9512	-0.2505	1	401	1876	16	2008.020619
tidal flexure	-0.9109	0.466	3	301	1132	13	2009.25
tidal model	-0.4066	0.219	3	479	2376	25	2009.342466
tides	-0.2049	0.2018	3	934	10468	120	2010.001852
tidewater	0.1947	0.7391	5	464	2022	19	2013.496183
tidewater glaciers	0.2329	0.7346	5	410	1642	16	2013.673554
till	-0.2757	0.7047	5	553	3220	33	2011.048544
time	-0.0082	-0.0671	3	1516	38278	399	2011.191579
time scales	0.2368	-0.15	1	921	6488	64	2011.351464
time-series analysis	-0.2014	-0.0983	3	991	9202	90	2010.95228
timescales	0.0198	0.5842	5	981	8120	84	2011.525048
timing	0.26	0.4338	5	837	5832	56	2012.348348
tip	-0.1166	0.2527	3	460	1822	22	2009.34375
tongue	-0.2394	0.3571	3	777	5036	55	2010.029167
tools	-0.2084	-0.2129	4	580	2702	30	2013.795322
topographic	-0.632	-0.3058	3	354	1210	13	2010.856061
topography	-0.6252	-0.2042	2	1389	26268	277	2010.120382
total mass	-0.6837	0.4401	6	379	1790	18	2011.918367
totten	0.4326	0.3296	5	597	3382	29	2014.848485
totten glacier	0.201	-0.0956	5	516	2424	21	2014.958333
tracer	1.1164	0.0505	1	501	2346	22	2009.231405
track	-0.7824	-0.2537	3	671	3852	39	2010.190476
tracking	-0.1085	-0.4064	3	500	1910	22	2012.732026
trajectories	0.4734	0.1281	5	565	2302	27	2011.384117
transantarctic mountains	-0.8447	0.3221	3	334	1208	11	2011.484848
transect	-0.1141	-0.6232	2	664	3170	32	2011.199708
transfer	0.5646	-0.3681	1	773	4656	51	2010.678679
transformation	0.4687	-0.2541	1	327	994	13	2011.951786
transient	0.2066	0.8151	4	582	3102	31	2011.104545
transition	-0.2521	0.343	4	1135	10926	114	2011.648928
transition zone	-0.644	0.8888	4	355	1456	16	2010.954545
transmission	-0.5195	0.2791	4	310	1032	13	2011.062827
transport	1.0246	-0.0648	1	1087	12920	120	2010.537155
traverse	-0.8057	-0.8733	2	470	2404	28	2010.183673
treatment	-0.0657	0.7403	4	605	3230	37	2012.769355
trench	-0.6282	-0.6752	2	390	1566	14	2007.173913
trends	0.0784	-0.2208	6	1151	13026	134	2012.269204
tributaries	-0.8729	0.2039	2	689	4472	45	2012.627586
trough	0.5773	0.2142	5	1094	13760	126	2010.984962
turbulence	0.9535	-0.2752	1	392	1756	19	2009.838323
twentieth century	0.8732	0.0652	6	424	1854	19	2012.145055
types	-0.0734	-0.1776	4	745	3822	43	2011.720352
uncertainty	-0.2037	0.24	4	1251	16680	170	2013.221957
underwater	0.4959	0.0186	5	325	1214	14	2012.558824
university	-0.0365	-0.2572	5	532	2186	22	2010.400794
uplift	-0.7085	0.062	2	477	1948	19	2010.481605
upstream	-0.4481	0.3576	3	923	7562	77	2010.672862
upwelling	1.1268	-0.1478	1	417	1662	16	2010.661939
validation	-0.4587	-0.3213	6	646	3250	33	2012.727575
validity	-0.7125	0.6834	4	304	1020	12	2010.925
valley	-0.5858	-0.5114	2	707	4420	48	2011.024
values	-0.1935	-0.1868	4	1365	21100	222	2010.746562
variability	0.4241	-0.1932	6	1419	28004	282	2011.545737
variance	0.1167	-0.3466	6	389	1256	13	2010.046067
variations	-0.2008	-0.2198	2	1460	27992	300	2010.901917
vector	-0.5976	-0.135	3	522	2112	23	2010.835404
velocity	-0.5225	0.3187	4	1484	42578	454	2010.066944
velocity field	-0.9928	0.3279	4	691	4544	51	2009.17301
ventilation	1.2367	0.0855	1	291	1060	11	2008.841945
verification	-0.6321	0.7595	4	292	972	11	2012.835821
vertical	-0.0331	-0.4486	4	337	1100	11	2009.544379
vertical motion	-0.9598	0.4553	3	317	1138	11	2008.438017
vertical velocity	-0.4455	0.2417	4	272	908	11	2008.840336
vibrations	0.1139	0.0714	3	241	838	11	2012.956522
victoria	0.1097	-0.6482	2	447	1772	19	2009.108571
victoria land	0.1795	-0.62	2	424	1624	17	2008.485075
viscosity	-0.4498	0.7239	4	683	4240	45	2008.10119
volume	-0.1217	-0.0272	4	1283	16060	167	2010.936662
volume changes	-0.8399	0.3692	3	538	2838	28	2012.029762
vorticity	1.1635	0.0085	1	290	1122	12	2008.431221
vostok	-0.1898	-0.9175	2	876	9434	123	2007.333333
vostok ice core	0.005	-1.0561	2	390	1992	24	2006.37931
vostok station	-0.2393	-0.9397	2	454	2308	26	2005.34375
vulnerability	0.2858	0.5898	5	587	2800	28	2013.925926
wais	0.3043	0.6763	5	828	7416	70	2013.442105
walls	0.3972	0.1258	4	310	1030	11	2010.364865
warm	1.1863	0.0158	1	666	4770	42	2011.29985
warm deep water	1.3985	-0.0063	1	492	2812	24	2007.479452
warming	0.7354	0.4881	6	1160	15600	163	2012.978577
water	0.5888	-0.358	1	1543	70856	739	2010.775054
water bodies	-0.2792	-1.0048	2	385	1494	17	2012.701754
water circulation	0.4733	-0.901	2	437	1708	17	2007.634146
water column	0.9628	-0.444	1	939	10048	98	2010.123234
water depth	0.3748	-0.4412	2	524	2088	22	2011
water flow	-0.8449	-0.4008	2	586	3294	34	2010.588745
water formation	1.4121	-0.0862	1	488	2906	24	2008.600998
water ice	0.758	-0.4111	1	1067	11126	107	2010.074941
water masses	1.2749	-0.2005	1	881	8848	80	2009.047927
water surface	0.8483	-0.5998	1	404	1442	15	2010.707692
water system	-0.6708	-0.6085	2	547	2888	28	2012.770115
water temperature	1.1816	-0.3793	1	407	1652	17	2010.526448
water transport	0.4003	-0.4531	1	319	1228	12	2010.117647
wave	0.0773	-0.2674	3	852	6174	67	2010.934812
waveform	-0.3479	-0.4258	3	333	1092	13	2012.623529
wavelength	-0.3272	-0.0036	4	452	1666	18	2009.220077
weather	0.2534	-0.6413	6	632	4018	43	2012.202602
weather stations	0.4071	-0.6716	6	477	2654	27	2012.035461
weddell	1.0071	-0.0255	1	1083	13376	133	2008.661238
weddell sea	0.994	-0.0655	1	1065	12582	126	2008.40797
west antarctic	0.2382	0.5143	5	1300	25712	255	2012.620545
west antarctic ice sheet	0.1737	0.6348	5	1196	19522	192	2012.443182
west antarctica	-0.489	0.1627	5	1408	35714	374	2012.746114
whillans ice stream	-0.6843	-0.4375	2	581	3568	39	2013.02381
wilkes	-0.4775	-0.0625	2	577	3020	29	2012.22
wilkes land	-0.5272	-0.1818	2	439	1890	17	2012.114286
wilkins ice shelf	-0.0954	0.254	3	333	1332	14	2011.75
wind	0.7293	-0.3646	1	1044	11506	113	2010.366929
wind stress	1.3278	-0.0878	1	431	2166	19	2008.608177
winter	0.9656	-0.4713	1	905	8632	82	2011.016141
winter water	1.3213	-0.2949	1	298	1200	11	2010.432749
work	-0.3332	0.3177	4	1007	7598	87	2012.585814
world	0.6927	0.2601	1	543	2488	29	2011.293273
young	-0.6597	0.523	3	309	1170	13	2011.932203
zone	-0.4681	0.2276	3	1330	21270	222	2010.917256
