id	x	y	cluster	weight<Links>	weight<Total link strength>	weight<Keyword count>	score<Avg year>
20th century	0.4518	-1.0442	1	210	666	8	2011.125
absorbance	-0.3106	0.5601	2	834	5876	52	2013.26087
absorption	-0.8884	-0.0811	3	1049	12078	115	2011.930081
absorption coefficient	-0.934	-0.2073	3	549	2642	25	2011.888889
absorption spectra	-1.1677	-0.1193	3	277	1044	11	2012
abundance	-0.4836	0.2927	2	1048	8310	76	2012.159769
acceleration	0.5751	-0.722	1	233	634	7	2012.217042
accumulation	-0.2126	0.035	2	957	5816	56	2011.1675
accuracy	-0.0143	-0.5984	1	309	874	9	2012.031588
acidification	0.3023	-0.2377	4	295	868	8	2014.569472
acids	-0.5714	0.57	2	1052	10006	111	2009.964637
active layer	0.8432	0.1686	4	913	7728	65	2012.332634
active layer soils	0.3773	0.2546	5	397	1424	12	2014.593407
active layer thickness	1.1994	0.1332	4	357	1418	11	2013.05
activity	-0.1311	0.5504	2	999	7126	68	2011.741747
addition	-0.2701	0.271	2	1087	7924	74	2012.072879
adsorption	0.6771	0.919	4	486	2346	19	2009.962264
advance	0.4787	-0.182	1	213	586	7	2012.223684
aerosol	-0.4274	0.8871	2	421	1682	22	2011.217627
age	0.0431	-0.1157	5	784	4668	43	2010.368729
agreement	0.1053	-0.1351	1	578	2244	23	2010.554303
agriculture	0.4591	-0.2527	1	250	688	7	2013.323232
air	0.6664	-0.4989	1	782	4472	43	2011.976061
air temperature	0.7474	-0.6286	1	662	3752	36	2012.218924
al	0.8861	0.8713	4	740	6032	44	2010.555118
alaska	0.5684	-0.0672	1	983	8194	79	2010.597746
alaskan	0.5973	-0.0622	1	646	2994	27	2011.071579
alaskan arctic	0.4696	0.1629	1	345	1086	10	2012.864583
algae	-0.6514	0.1351	3	553	2486	26	2012.039501
algorithm	-0.2637	-0.9544	3	470	2246	21	2011.916828
alkalinity	0.4979	-0.2152	4	401	1456	14	2012.733333
alpine	0.4198	0.0438	1	338	1190	11	2012.280161
alteration	-0.2699	0.1103	5	587	2406	21	2012.662651
aluminum	0.81	0.8078	4	361	1224	11	2010.290323
amazon	0.1211	-0.2511	5	409	1418	12	2013.459459
america	0.2777	-0.6978	1	483	1944	21	2011.440252
amino acids	-0.8038	0.3263	2	666	3638	38	2012.884393
ammonium	0.2663	-0.4542	1	547	2404	23	2011.212264
analysis	-0.2682	0.0414	2	1402	24398	246	2011.656462
analytical techniques	-0.2776	0.8929	2	286	844	9	2010.655172
ancient	-0.1575	0.1019	5	337	1196	13	2012.618557
ancient permafrost	0.5963	0.0836	1	249	836	8	2014
angiosperms	-0.6736	-0.2862	5	266	828	7	2010.925926
anion	0.7037	0.8653	4	288	792	7	2011.425
annual	0.6674	-0.6406	1	403	1512	15	2010.264808
annual fluxes	0.6934	-0.5501	1	270	792	7	2011
annual precipitation	0.7675	-0.6826	1	328	1124	13	2011.851852
annual runoff	0.6234	-0.8359	1	247	716	7	2011.972973
anomaly	-0.002	-0.443	1	182	482	7	2010.997204
anoxic	-0.2796	0.9392	2	294	880	8	2011.109091
antarctic	-0.6967	0.5522	2	814	5890	70	2010.797819
antarctic lakes	-0.5424	0.9506	2	220	692	8	2011.024096
antarctic snow	-0.5168	0.896	2	115	384	7	2007.758621
antarctica	-0.6017	0.7573	2	738	5346	68	2011.220175
apparent oxygen utilization	-1.2345	-0.285	3	280	1068	9	2012.611111
application	-0.1222	-0.1711	1	750	3240	33	2012.361823
approach	0.0085	0.0541	2	1035	6826	64	2013.011682
aquatic	-0.2968	0.7164	2	377	1226	13	2012.291667
aquatic ecosystems	0.4681	0.3876	1	760	4608	40	2013.963964
aquatic environments	0.0521	0.8694	2	427	1388	12	2012.515152
aquatic systems	0.4451	0.4326	2	704	3606	35	2013.016393
archipelago	-0.6439	-0.4997	3	352	1264	13	2011.082609
arctic	-0.076	-0.3439	1	1490	49704	471	2012.189504
arctic basin	-0.1832	-0.5545	3	331	1040	10	2009.680952
arctic carbon cycle	-0.3333	0.4423	2	300	860	7	2016.333333
arctic catchments	0.8208	-0.0811	1	315	980	8	2015.666667
arctic climate	-0.0092	-0.4525	1	682	3332	28	2013.150824
arctic domain	0.4814	-1.0626	1	205	642	7	2012.184211
arctic ecosystems	0.3267	0.2906	2	399	1494	14	2014.429967
arctic freshwater	0.0148	-0.611	1	347	1102	11	2012.838983
arctic high	-0.04	-0.5219	1	522	1890	17	2013.101695
arctic lakes	0.2232	0.19	1	449	1814	21	2013.72807
arctic ocean	-0.1346	-0.592	3	1369	24488	222	2010.893127
arctic permafrost	0.3455	0.0411	5	664	3634	32	2014.890173
arctic regions	0.1408	-0.4954	1	866	4982	45	2013.278834
arctic river basins	0.5295	-0.9916	1	269	852	8	2011.882353
arctic river discharge	0.0823	-1.0214	1	332	1126	11	2009.55
arctic rivers	0.2728	-0.635	1	1207	14710	131	2011.739496
arctic sea ice	-0.7492	-0.1549	3	419	1484	12	2014.367364
arctic seas	-0.7027	-0.1368	3	505	2002	17	2014.010669
arctic shelf	-0.6964	-0.7198	5	602	3692	30	2011.55615
arctic shelves	-0.7796	-0.641	5	436	1868	14	2010.447761
arctic soils	0.1178	0.5275	2	439	1658	18	2013.785276
arctic spring	0.3407	-0.404	1	299	872	9	2012.048193
arctic streams	0.628	0.1359	1	289	888	9	2012.769231
arctic summer	-0.1081	-0.3303	3	336	1098	9	2013.466368
arctic surface waters	-0.6905	0.3931	3	390	1550	16	2012
arctic system	0.396	-0.7791	1	269	812	8	2013.735294
arctic tundra	0.496	0.2725	2	422	1520	14	2013.816872
arctic warming	0.7538	0.0164	4	363	1302	11	2014.481818
arctic waters	-0.6228	-0.3876	3	608	2626	25	2011.466431
arctic watersheds	0.6041	-0.2964	1	518	2196	19	2013.485714
area	0.1361	-0.1904	1	1436	25254	247	2011.37466
aromatic carbon	-0.4207	0.7407	2	261	748	8	2004.111111
aromatic compounds	-0.3593	0.6534	2	381	1358	12	2015.210526
aromaticity	0.0879	0.7234	2	765	4810	43	2014.461538
asia	0.3089	-0.6139	1	266	714	7	2013.012594
assemblages	-0.6013	0.4229	2	237	598	7	2012.247588
assessment	0.2092	-0.2975	1	880	4832	47	2013.024899
assimilation	0.495	0.4536	4	340	974	8	2012.629787
association	0.3405	0.3079	4	657	3114	26	2011.081886
atlantic	-0.8242	-0.4237	3	916	7652	77	2010.236737
atlantic ocean	-0.8494	-0.1651	3	554	2628	26	2009.615463
atlantic water	-1.1694	-0.2929	3	352	1400	13	2010.080056
atmosphere	0.3142	0.1784	1	1085	9216	85	2011.581199
atmospheric circulation	0.3448	-1.0571	1	227	718	8	2012.002058
atmospheric deposition	0.2152	-0.4484	1	288	888	10	2013.333333
atoms	-0.6601	0.8693	2	286	904	9	2010.941176
attention	0.272	0.0659	1	372	1108	11	2012.917808
attenuation	-0.8503	-0.1961	3	720	3878	37	2011.218605
attenuation coefficient	-0.8738	-0.4099	3	331	1224	11	2010.107143
autumn	0.6589	-0.1055	1	645	2938	27	2011.726708
availability	0.1953	0.0582	1	604	2468	23	2012.908905
ba	0.9319	0.9801	4	537	3630	23	2011.655172
bacteria	-0.0237	0.6112	2	751	4164	39	2012.900394
bacterial	0.1873	0.803	2	371	1312	11	2014.217252
bacterial activity	-0.1234	0.8479	2	395	1348	11	2012.565217
bacterial communities	-0.1217	0.731	2	359	1276	11	2014.916667
bacterial production	-0.0523	0.5234	2	452	1780	18	2012.678571
bacterioplankton	0.6085	0.8664	4	414	1634	13	2014.277108
balance	0.3513	-0.442	1	878	5634	55	2011.539286
balance model	0.0633	-0.3029	1	330	942	8	2011.842391
baltic	-0.1038	0.3476	2	421	1516	16	2011.08982
baltic sea	-0.2345	0.3226	2	354	1178	12	2011.529412
banks	0.3323	-0.8234	1	239	790	9	2009.070423
barents	-0.4387	-0.6966	3	348	1206	12	2010.39816
barents sea	-0.3747	-0.7184	3	299	964	10	2010.27735
base flow	1.0167	0.2859	4	476	2006	15	2012.133333
baseflow	1.2292	0.6192	4	344	1490	11	2015.25
baseline	0.6384	-0.4894	1	432	1594	15	2012.74934
basin	0.3097	-0.5511	1	1345	21164	201	2010.09645
bay	-0.4857	-0.3113	3	937	6600	68	2010.11814
bc	-0.2642	-0.2004	5	370	1318	12	2013.785498
beaufort	-0.7644	-0.4219	3	832	6164	56	2010.621769
beaufort sea	-0.7473	-0.3935	3	762	4876	45	2010.009921
beaufort shelf	-0.6969	-0.701	5	279	922	8	2009.78125
bedrock	0.7389	0.3977	4	322	970	9	2011.093588
behavior	0.4068	0.7565	4	781	4752	40	2011.103784
behaviour	0.085	0.3615	4	314	902	9	2010.943662
bering	-0.6164	-0.5773	3	578	2688	23	2009.747987
bering sea	-0.5777	-0.3874	3	483	1864	18	2009.417822
bering strait	-0.8713	-0.7279	3	287	898	7	2011.176923
bicarbonate	0.8875	-0.1481	1	278	836	9	2011.047619
binding	0.6758	0.8937	4	264	856	7	2013.608696
bioavailability	-0.2409	0.7599	2	630	2852	27	2013.853659
biodegradability	0.4982	0.5771	2	554	2684	22	2014.970588
biodegradation	0.52	0.7882	4	563	2514	21	2014.342466
biogeochemical	-0.5689	-0.163	3	365	1142	11	2013.144444
biogeochemical cycles	-0.0444	0.2204	2	580	2612	24	2013.854651
biogeochemical model	0.2798	-0.8936	1	232	708	7	2014.390805
biogeochemical processes	0.0063	-0.0581	1	638	2704	23	2013.733333
biogeochemistry	0.2381	0.1317	4	1038	7600	68	2014.025316
biological activity	-0.5238	-0.0173	3	407	1388	14	2012.109091
biological processes	0.443	0.6461	4	421	1526	12	2011.762963
biological production	-0.9073	0.003	3	314	1132	12	2012.25974
biological productivity	0.0545	-0.7648	1	243	682	7	2011.175824
biomarker	-0.5873	-0.3472	5	715	5034	42	2012.628169
biomass	-0.0696	0.2631	3	899	5120	48	2012.021332
black	-0.4861	0.1887	5	437	1586	15	2012.681373
black carbon	-0.4863	0.1282	5	520	2326	23	2013.369658
bloom	-0.8021	0.1811	3	640	3212	30	2012.055462
body	0.7609	0.3359	4	623	2796	24	2011.227462
bog	0.8876	0.5456	4	628	3244	24	2013.827273
border	0.8683	0.6977	4	287	874	7	2011.672897
boreal	0.82	0.3693	4	966	8480	76	2012.614137
boreal ecosystems	0.9351	-0.2195	1	284	804	7	2012.4
boreal forest	0.8211	-0.1159	1	486	1876	17	2011.745283
boreal lakes	0.6485	0.4248	4	393	1384	13	2014.12
boreal rivers	0.8313	0.675	4	363	1502	12	2010.3125
boreal zone	0.7745	0.8804	4	401	1538	10	2013.25
bottom sediments	-0.0212	0.0326	5	244	760	8	2010.605263
bottom water	-0.5871	0.1253	5	503	1926	16	2008.220624
boundary	0.6594	0.1352	4	545	2216	18	2008.420868
bp	-0.1379	-0.3449	5	524	1994	18	2012.006369
brazil	-0.673	0.1526	2	349	1210	12	2006.401914
breakup	0.2206	-0.9511	1	278	882	9	2010.190083
brine	-1.0533	0.0921	3	328	1204	11	2008.817204
budget	-0.2724	-0.6331	5	983	7422	69	2011.153068
burial	-0.2759	-0.6432	5	480	2416	23	2012.020619
burning	0.2126	0.0352	5	310	914	9	2012.551282
c cycle	0.8458	0.3165	4	333	1086	10	2015.142857
c cycling	0.8708	0.1857	1	387	1464	13	2014.96
c export	1.09	-0.1422	1	248	728	7	2015
c-13	-0.567	-0.0353	5	925	7562	66	2013.180371
c-13 nmr	-0.7063	0.9911	2	270	972	10	2010.2
c-14	-0.2808	-0.4292	5	896	7694	66	2010.938406
c-org	0.3327	0.4832	4	242	652	7	2011.578947
c/n ratio	-0.0199	-0.3382	5	544	2472	20	2011.188679
ca	1.004	0.8186	4	649	4544	31	2010.753333
ca2+	0.8086	0.0834	4	327	1082	10	2012.5625
calcium	0.835	0.2869	4	237	634	7	2011.801325
calibration	0.0543	-0.6213	1	274	808	9	2011.99511
canada	-0.045	-0.3984	1	1012	8078	79	2011.058788
canada basin	-1.1306	-0.2391	3	387	1706	16	2011.177966
canadian	-0.482	-0.1506	3	741	4060	40	2010.480463
canadian arctic	-0.4134	0.0116	3	645	2974	30	2012.163636
capacity	0.5051	-0.3875	1	776	4034	40	2013.094099
cape	-0.5572	0.3697	5	305	882	7	2009.255255
carbohydrates	-0.7921	0.5473	2	559	2582	24	2011.868852
carbon	0.0207	0.1344	5	1504	69632	658	2013.107259
carbon balance	0.9213	0.0412	1	410	1486	14	2013.392857
carbon budget	-0.2288	-0.431	5	622	3006	29	2012.466216
carbon burial	-0.448	-0.5881	5	263	932	9	2012.521739
carbon content	-0.435	-0.3084	5	397	1344	12	2012.688
carbon cycle	-0.2181	-0.2419	5	1128	12016	111	2014.082353
carbon cycling	-0.1874	0.2789	2	918	5858	56	2014.143411
carbon dioxide	0.4029	0.1506	1	874	5610	48	2013.148903
carbon dynamics	0.826	-0.0984	1	481	2040	18	2013.959016
carbon export	0.6833	-0.4557	1	614	3126	28	2013.471264
carbon flux	0.1856	-0.2962	5	619	2876	26	2012.72381
carbon isotope composition	-0.5637	-0.7403	5	227	684	7	2012.708333
carbon isotopes	-0.6497	-0.5595	5	712	4646	37	2012.083744
carbon monoxide	-0.6861	0.2523	3	386	1730	18	2011.884211
carbon pools	-0.18	-0.2714	5	736	4182	34	2013.806667
carbon sequestration	0.1582	0.2661	5	370	1040	10	2014.181818
carbon source	0.0395	-0.2332	5	530	2176	24	2012.515152
carbon storage	-0.2183	0.0065	5	282	770	7	2014.537313
carbonate	0.6671	-0.1382	4	465	1748	19	2011.940552
carrier	0.4622	0.589	4	372	1196	10	2011
case	0.3196	0.0684	1	784	3776	38	2010.847835
case study	0.7794	-0.3613	1	237	662	7	2012.678179
catchment	0.7205	-0.2792	1	1075	10722	103	2013.188825
catchment area	0.1213	-0.6212	5	380	1236	13	2011.321429
cation	0.7967	0.4191	4	467	1738	17	2011.468354
cause	0.3447	-0.7115	1	470	1702	16	2011.675244
cd	0.9151	0.9427	4	535	3430	24	2011.166667
cdom	-0.8652	-0.1614	3	1086	14148	132	2013.08046
cdom absorption	-0.9814	-0.3249	3	760	5736	52	2013
cell	0.277	0.8681	4	462	1908	16	2011.359784
central siberia	1.0115	0.4107	4	258	838	7	2011.703704
century	0.568	-0.8807	1	491	2278	26	2012.205869
ch4	0.7551	0.2696	4	686	3296	27	2014.017857
chain	-0.6505	0.4586	2	410	1262	12	2011.096866
challenges	0.3215	-0.2162	1	413	1356	14	2014.48237
changes	0.2753	-0.1612	1	1481	41390	390	2012.206219
channel	0.1105	-0.4752	1	716	3532	35	2009.903036
characteristics	-0.3091	-0.0091	3	1235	13994	134	2010.936545
characterization	-0.5968	0.5345	2	921	6560	65	2012.72969
chemical	0.1132	0.5674	2	1239	13162	122	2011.607029
chemical characteristics	0.1168	0.646	2	449	1670	15	2011.75641
chemical composition	0.3404	0.5934	4	1005	7572	63	2012.512915
chemical properties	-0.1045	0.3849	2	394	1304	11	2011.438017
chemical species	-0.2835	0.4748	2	282	780	7	2012.297297
chemical weathering	1.0167	0.2648	4	273	856	7	2008.5
chemistry	0.6162	0.192	1	891	5872	57	2012.465976
china	0.1327	-0.3043	1	506	2016	24	2013.948798
chlorophyll	-1.0406	-0.2332	3	497	2384	23	2011.700197
chlorophyll alpha	-0.6655	-0.6235	3	313	1010	9	2012.767568
chromatography	-0.6679	0.8859	2	503	2546	28	2010.861702
chromophoric	-0.7565	-0.1194	3	533	2522	23	2014.481481
chromophoric dissolved organic matter	-0.9263	-0.1322	3	391	1476	14	2013.352941
chukchi	-1.0074	-0.2677	3	557	3246	30	2012.695271
chukchi sea	-1.0421	-0.319	3	486	2388	22	2012.877751
circulation	-0.1257	-0.7584	1	802	4898	48	2010.44219
citation	0.0451	-0.6968	1	291	822	10	2010.689507
cl-	0.8872	0.0383	4	277	808	7	2011.666667
classification	-0.5572	0.411	2	296	798	8	2011.561043
clay	0.2451	-0.0384	5	305	828	8	2009.622093
climate	0.4341	-0.1782	1	1434	30340	271	2012.847305
climate change	0.3263	-0.3226	1	1308	17166	155	2013.106897
climate feedbacks	-0.3572	-0.0615	5	508	2062	17	2014.252595
climate impacts	0.3431	-0.5568	1	348	1042	8	2013.568493
climate model	0.5107	-0.9028	1	369	1336	14	2013.16224
climate scenarios	1.0231	0.0433	1	296	860	7	2013.937824
climate warming	0.7593	-0.0072	4	907	6558	54	2013.628339
climatic conditions	0.5323	-0.5907	1	326	1012	11	2011.992424
cluster	-0.6497	0.4756	2	325	930	8	2011.949896
co	0.4482	0.7487	4	809	6092	50	2011.599291
co2	0.3854	0.2319	4	1193	13850	127	2013.165022
co2 concentrations	0.7668	-0.1254	1	307	966	10	2012.696319
co2 emission	0.5866	0.1551	1	485	1836	18	2014.889447
co2 flux	0.8621	0.1922	4	379	1370	13	2014.428571
co2 production	0.0132	0.6873	2	276	818	8	2013.814815
coagulation	0.7533	1.053	4	398	2090	15	2011.525
coast	-0.532	-0.1261	5	799	4056	35	2010.134684
coastal	-0.4209	-0.4996	5	785	4142	40	2010.739865
coastal areas	-0.2192	-0.3399	5	449	1576	15	2012.54386
coastal erosion	-0.6178	-0.7717	5	557	3156	24	2012.326087
coastal ocean	-0.1573	-0.4797	5	427	1490	14	2011.345238
coastal regions	-0.0702	-0.3002	5	421	1426	12	2011.633188
coastal seas	0.0872	-0.7297	1	366	1146	10	2011.26087
coastal shelf	-0.5158	-0.6952	5	340	1046	9	2011.394737
coastal waters	-0.6348	-0.5096	3	796	5056	45	2011.971338
coastal zone	0.2342	-0.573	1	443	1550	13	2011.138158
coefficients	-0.6696	-0.019	3	754	4192	38	2010.617647
cold	0.041	-0.5235	1	292	810	8	2011.824903
cold season	0.7748	-0.9756	1	225	960	11	2012.664596
collapse	1.0549	-0.0582	1	276	816	7	2012.51938
collection	-0.0637	0.4495	2	308	846	8	2011.129412
colloids	0.8411	0.8773	4	791	7514	53	2013
color	-0.6005	-0.3562	3	549	2376	20	2011.308458
colored dissolved organic matter	-1.0016	-0.5673	3	438	2024	17	2013.25
colored dissolved organic matter (cdom)	-1.1962	-0.5155	3	293	1042	8	2013
colour	-0.1999	-0.5298	3	298	852	9	2009.793651
column	-0.616	0.1207	3	1054	8444	78	2010.224159
combustion	-0.1115	-0.0813	5	389	1332	14	2012.094937
community	-0.1336	0.1722	2	963	6244	57	2013.620087
community composition	0.1875	0.7287	2	319	1020	9	2014.941973
comparison	0.121	-0.0957	1	1112	8322	80	2010.70057
complex	0.2779	0.6701	4	901	6538	54	2011.908387
complexation	0.6179	1.0564	4	355	1312	11	2008.95
composition	-0.163	0.3722	2	1426	30760	275	2012.45256
compounds	-0.4617	0.646	2	1176	13870	134	2012.161238
concentrations	0.048	0.1629	4	1492	51114	478	2011.643222
conceptual model	-0.0572	0.152	3	304	868	8	2011.796178
condition	0.7001	-0.6641	1	328	1006	10	2010.79798
conductivity	0.7082	0.0427	1	433	1478	14	2011.544304
conduit	0.7766	-0.1416	1	336	1060	9	2012.589041
connectivity	0.5902	0.2259	1	513	2008	16	2015.170984
consequences	0.5171	0.0073	4	551	2264	20	2012.275862
consistency	0.371	-1.0595	1	172	544	7	2011.881356
constituents	-0.3672	0.0847	2	692	3138	28	2010.319372
constraints	-0.052	-0.1248	5	375	1174	10	2011.060453
construction	0.4723	-0.841	1	324	1140	12	2011.684729
consumption	0.2926	0.3836	4	606	2648	23	2011.012232
contaminants	-0.1211	0.6388	2	394	1398	17	2011.424242
content	-0.2175	0.1829	2	1124	10646	108	2011.761593
continent	-0.4196	-0.261	5	395	1216	14	2011.202884
continental	-0.0464	-0.684	5	367	1118	10	2010.243993
continental runoff	0.0263	-0.1666	3	360	1150	11	2012.958333
continental shelf	-0.6541	-0.7315	5	430	1614	13	2010.424501
continuous permafrost	1.0364	0.265	4	616	3084	24	2013.076923
contrast	-0.1163	-0.1036	5	1222	12368	107	2011.509677
control	0.4671	0.1153	1	1141	9890	89	2012.474255
copper	0.2621	0.6517	4	355	1066	11	2011.098039
core	-0.3753	0.0673	5	883	5308	52	2010.446523
correlation	-0.3375	-0.2825	3	1182	10586	104	2011.333794
coupling	-0.0966	0.3536	4	344	1084	10	2011.935532
cover	0.1457	-0.5358	1	932	6652	60	2011.664763
coverage	0.5948	0.0307	4	860	4902	42	2012.329283
cr	0.862	0.9441	4	549	3286	23	2012.397059
creek	0.2084	0.4209	2	595	2592	24	2010.423077
cruise	-0.8854	-0.0205	3	337	1088	11	2008.733524
cs	0.9095	0.993	4	413	2086	14	2012.594595
cu	0.907	0.9572	4	647	5058	36	2012.168831
culture	-0.4715	0.8222	2	266	756	9	2011.379653
cuo oxidation	-0.6923	-0.019	5	353	1134	10	2007.545455
current	-0.7858	-0.3887	3	610	2882	26	2008.757215
cycle	0.1323	-0.2598	1	1330	18730	179	2011.47296
cycling	0.0584	0.2211	2	1193	12110	115	2014.035763
cyclotron resonance	-0.7424	0.8686	2	707	5180	46	2013.653846
da	-0.8996	0.5085	2	341	1174	11	2011.527273
dam	0.5669	-0.8527	1	348	1352	14	2011.672131
dark	0.0628	0.8914	2	329	1058	13	2011.352113
data	-0.03	-0.409	1	1443	28586	292	2011.015066
data set	-0.2601	-0.7921	1	483	1852	17	2010.433246
data sets	-0.0167	-0.4474	1	516	1838	18	2011.63144
database	0.3866	-0.3384	1	375	1172	13	2012.403509
dataset	-0.1854	-0.5409	1	507	1894	18	2012.68054
date	0.3132	-0.5594	1	454	1656	18	2012.087051
debris	-0.1509	0.017	5	345	1052	9	2009.221983
decadal	0.0222	-1.1264	1	188	590	7	2012.008761
decay	-0.569	0.2965	2	473	1616	16	2010.074434
decline	0.087	-0.5024	1	555	2098	21	2013.254217
decomposition	0.059	0.5313	2	806	4304	38	2012.585736
deep	-1.0682	-0.1839	3	439	1784	17	2008.172697
deep ocean	-0.9711	0.0435	3	386	1466	15	2011.244019
deep sea	-0.8303	0.1467	2	436	1544	15	2010.4
deep water	-1.0282	0.043	3	654	3778	36	2008.094223
degradation	-0.1238	0.3339	5	1310	18680	169	2013.464824
degradation rates	-0.8802	-0.1289	5	436	1734	14	2013.465116
delivery	0.3509	-0.1396	4	799	4202	35	2013.849246
delta	-0.4366	-0.5261	5	1049	9992	90	2010.255844
delta c-14	-0.5694	-0.5625	5	582	3266	26	2013.38
density	-0.0451	0.1471	5	494	1726	17	2009.879211
dependence	0.1266	0.625	4	469	1556	16	2010.591411
depletion	-0.5227	0.5391	2	490	1678	16	2011.778068
deposition	-0.2327	-0.3641	5	751	3874	39	2012.094256
deposits	-0.0295	-0.3217	5	639	3216	28	2011.200561
depression	1.0179	0.6633	4	303	1032	7	2010.355769
depth	-0.1414	0.0768	3	1262	13352	125	2010.672402
description	-0.6848	0.3385	2	367	1074	10	2009.996622
desorption	0.3705	0.9874	4	318	1170	10	2013
detail	0.4556	-0.431	1	297	802	7	2011.078886
detection	-0.4258	0.3761	2	586	2408	26	2012.417625
determination	-0.4475	-0.0563	2	565	2180	24	2010.57381
development	0.1047	-0.1001	3	726	3416	31	2011.773084
diagenesis	-0.9084	0.0595	5	357	1218	11	2009.21875
dialysis	0.9515	1.1338	4	268	1142	8	2011.166667
diatom	-0.7437	0.2366	3	227	630	7	2012.261803
dic	0.8591	0.1813	4	754	4628	38	2012.614865
difference	0.0446	-0.0496	4	805	4088	36	2011.163032
diffusion	-0.1386	0.5904	2	281	742	8	2008.759067
dilution	-0.1453	-0.2015	3	506	1846	17	2009.094828
din	0.573	-0.5405	1	423	1678	17	2011.272727
discharge	0.405	-0.7287	1	1304	21396	212	2012.354474
discontinuous permafrost	1.1355	0.1759	4	660	4176	36	2012.089494
discontinuous permafrost zone	1.2379	0.5624	4	378	1706	11	2013.196429
dissolution	0.5234	0.1959	4	359	1240	15	2010.989744
dissolved	-0.0339	0.3879	2	1350	20032	180	2012.616949
dissolved carbon	0.256	0.0732	4	848	4926	43	2012.607143
dissolved inorganic carbon	1.0304	-0.018	4	282	818	7	2012.541667
dissolved nitrogen	0.2536	-0.3617	1	242	710	7	2014
dissolved organic	-0.283	0.2984	2	1411	26966	248	2013.264026
dissolved organic carbon	0.1833	0.0668	3	1123	10656	97	2012.772358
dissolved organic matter	-0.5463	0.3811	2	1284	18618	169	2013.261538
dissolved organic nitrogen	-0.2044	0.0457	1	310	978	9	2011.076923
distance	-0.4269	-0.3263	5	574	2606	22	2011.010448
distribution	-0.4473	-0.0762	3	1374	21564	208	2010.907306
distribution patterns	-0.6037	0.0717	3	322	954	9	2010.866972
disturbance	0.7783	0.0636	1	466	2004	18	2011.750678
diversity	-0.3643	0.517	2	528	2000	18	2013.553494
doc	0.142	0.1474	3	1462	37858	348	2012.69379
doc concentration	0.2947	0.3755	4	958	7342	65	2012.8
doc export	1.0067	-0.2085	1	592	3312	29	2013.354839
doc flux	0.5655	-0.7076	1	573	2914	28	2013.967742
doc production	0.144	0.3429	2	380	1276	12	2012.772727
dom	-0.4491	0.5375	2	1373	28674	260	2013.596491
dom composition	-0.3237	0.6648	2	811	5828	51	2014.942308
dom production	-0.7777	0.5187	2	256	770	7	2016.2
dom properties	-0.5608	0.2552	3	499	2136	17	2013.4
dom sources	-0.2203	0.746	2	513	2182	19	2014.052632
dominance	0.1187	0.2004	5	616	2510	24	2012.29375
don	0.0388	-0.5381	1	699	4398	44	2009.403226
drainage	0.5662	-0.5507	1	909	6036	56	2012.254459
drainage area	0.9608	-0.2648	1	234	658	7	2008.84375
drainage basin	0.5055	-0.7116	1	690	3402	32	2010.668367
drift	-1.0724	-0.3593	3	256	800	7	2009.705986
drivers	0.7026	-0.1424	1	517	1872	18	2015.864011
duration	0.6431	-0.3161	1	389	1282	13	2012.189258
dynamics	0.1725	-0.1831	1	1294	15126	142	2012.382241
earth	0.4492	0.3464	4	851	4716	40	2012.416212
earth elements	1.0865	0.9807	4	328	1384	9	2010.808989
earth system	0.0895	-0.8313	1	236	646	7	2015.459227
east	-0.7651	-0.5149	5	936	8136	71	2011.088561
east greenland	-1.2981	-0.5192	3	219	822	7	2008.67354
east greenland current	-1.2992	-0.5167	3	219	822	7	2007.42
east siberian arctic	-0.7547	-0.7846	5	393	1862	13	2014.723404
east siberian arctic shelf	-0.8303	-0.778	5	362	1566	11	2014.368421
east siberian sea	-0.8447	-0.7003	5	393	1742	14	2012.258427
eastern	0.0191	-0.1387	5	368	1140	12	2011.347648
ecology	0.5545	-0.1554	1	387	1262	14	2012.514768
ecosystem	0.3822	0.1453	1	1272	17688	164	2013.530062
eem-parafac	-0.7544	0.6093	2	287	958	9	2017.777778
effects	0.3899	0.0807	1	1332	17754	175	2011.624055
efficiency	-0.331	0.502	2	440	1456	16	2012.80663
electron	0.0209	0.823	2	258	726	8	2011.572917
electrospray	-0.8332	0.8584	2	254	880	9	2011.375
electrospray ionization	-0.7415	0.8952	2	373	1572	14	2013.178571
element concentrations	1.104	0.7171	4	318	1162	8	2011.525
elemental analysis	-0.5102	0.8981	2	223	672	7	2010.857143
elemental composition	-0.3028	0.6946	2	587	2472	21	2011.644737
elemental ratios	-0.5824	0.7688	2	355	1184	9	2009.692308
elements	0.7299	0.7743	4	997	10800	85	2011.89258
emissions	0.0633	0.2078	1	992	6800	67	2013.550741
end-member	-0.5253	-0.7694	5	350	1218	10	2010.849315
energy	-0.1293	-0.236	1	588	2676	28	2011.753532
enhanced	0.4373	-0.4993	1	367	1074	9	2012.845902
enrichment	0.0506	0.743	4	690	3388	30	2011.973485
environment	-0.1088	0.3269	2	1287	14468	140	2012.515563
environmental	0.3951	-0.4227	1	324	890	8	2010.845217
environmental changes	0.6571	0.2389	4	373	1202	10	2013.895683
environmental conditions	-0.0665	0.5463	4	392	1108	8	2013.912338
equilibrium	0.4207	0.4426	4	306	822	7	2010.171186
erosion	-0.2016	-0.743	5	825	5948	51	2011.871716
error	0.1595	-1.0093	1	311	1038	10	2011.486384
esi	-0.7864	1.0027	2	228	844	8	2011.769231
estimate	0.3618	-0.5797	1	450	1784	18	2010.903093
estimation	0.452	-0.0231	4	541	1862	15	2012.012407
estuarine	-0.1845	0.1387	4	677	3268	30	2010.194444
estuary	-0.2211	-0.0362	5	884	6360	60	2010.621212
eurasia	0.6822	-0.8283	1	379	1586	19	2012.876384
eurasian arctic	0.129	-0.8854	1	516	2318	22	2011.293651
europe	0.4516	-0.4342	1	389	1278	12	2011.79689
evaluation	-0.1499	-0.4035	1	581	2212	25	2013.100503
evaporation	0.64	-0.9417	1	297	1134	13	2011.268156
evapotranspiration	0.6039	-1.0378	1	227	810	9	2013.497207
events	0.5028	-0.5103	1	762	3740	34	2012.030986
evolution	0.8751	0.4443	4	546	2396	21	2012.05694
exchange	-0.0477	0.2751	2	866	4724	45	2010.706601
excitation	-1.0102	0.2327	3	426	1768	17	2009.456311
excitation-emission matrix	-1.0177	0.282	3	682	4036	36	2013.717949
exclusion	-0.7081	0.9545	2	296	1088	11	2011.8
expansion	0.7678	-0.2791	1	369	1186	12	2012.969492
expedition	-0.6723	-0.5512	3	524	2154	21	2010.922432
experiments	-0.0406	0.54	2	1126	9986	100	2011.075205
export	0.6404	-0.3772	1	1258	18408	172	2011.295396
export flux	0.741	-0.4235	1	291	946	7	2010.470588
exposure	-0.3139	0.5017	2	853	5012	43	2012.977505
extent	0.137	-0.4095	1	959	6040	56	2011.835219
extraction	-0.5929	0.8846	2	512	2562	29	2013.323651
extracts	-0.5022	0.7499	2	475	2018	21	2011.888889
extreme	0.671	-0.5047	1	319	972	9	2013.461538
fa	-0.5583	1.0864	2	251	880	12	2010.75
factor analysis	-1.0959	0.057	3	573	3212	30	2013.271186
fall	0.3705	-0.5941	1	666	3046	26	2011.228402
fate	-0.2521	0.2117	5	1082	10330	90	2012.348684
fatty acids	-0.7055	0.0061	5	507	2236	19	2009.789855
fdom	-0.9566	0.112	3	607	3252	30	2015.225806
fe	0.7124	0.8417	4	891	9208	74	2012.054167
fe-rich	1.0156	1.0518	4	321	1334	8	2010.8
features	0.0439	0.3603	2	753	3584	36	2010.384646
feedback	-0.2298	-0.2188	5	860	6234	51	2013.003957
fen	0.9821	0.3489	4	415	1572	14	2013.736264
field	-0.0736	0.0544	3	985	6364	60	2010.533445
field measurements	-0.3027	-0.5379	3	259	776	7	2011.524345
filter	-0.521	0.4491	2	372	1086	11	2011.920139
filtration	0.6753	1.1392	4	381	1814	13	2010.576271
fingerprints	-0.6727	0.2262	2	498	2050	19	2013.054726
finland	0.7903	-0.2577	1	304	982	10	2011.297143
fire	0.9635	-0.0493	1	468	2036	22	2011.534884
fjord	-0.6087	0.0984	2	461	1802	18	2013.427767
flocculation	0.0675	0.5139	4	324	1124	10	2012.454545
flood	0.8245	-0.2125	1	763	5334	50	2013.016026
floodplain	0.1531	-0.7408	1	366	1248	14	2013.242857
flow	0.7948	-0.3419	1	1169	13924	135	2010.017411
flow field	0.0862	0.8578	4	259	840	8	2006.605505
flow path	0.9447	-0.0231	1	540	2590	23	2012.76
flow regime	0.931	-0.6336	1	286	948	10	2009.807692
flowpaths	1.0954	-0.4115	1	238	768	8	2011.117647
fluctuations	-0.0466	-0.4414	1	402	1360	14	2009.816514
fluid	0.4895	0.9126	4	376	1174	10	2009.934901
fluorescence	-0.7618	0.3338	3	1181	15144	148	2012.243386
fluorescence spectra	-0.8948	0.3431	3	329	992	10	2011.214286
fluorescence spectroscopy	-0.5546	0.6782	2	671	3800	36	2012.833333
fluorescent organic matter	-0.9154	0.2338	3	329	1116	13	2010.857143
flushing	0.602	-0.2566	1	306	882	7	2008.862069
fluvial	0.1555	-0.7992	1	382	1304	13	2013.054054
flux	0.4608	-0.3683	1	1363	23954	224	2010.974387
food	0.3365	0.0201	4	554	2670	25	2012.031915
food web	0.3631	-0.0171	4	555	2594	24	2013.363874
forcing	0.242	-0.8329	1	415	1414	12	2011.371506
forest	0.7199	-0.2591	1	673	3726	38	2011.961222
forest fires	0.9452	-0.2851	1	242	730	9	2011.134615
formation	-0.3083	0.4217	2	1090	8276	81	2010.511811
fourier	-0.7588	0.8927	2	694	5262	47	2012.255034
fourier transform	-0.7138	0.8661	2	743	5730	50	2012.968504
fraction	-0.2454	0.5451	2	1340	21142	193	2011.553026
fractionation	0.3922	0.9054	4	781	4972	42	2011.073171
fram strait	-1.0296	-0.4127	3	284	922	8	2009.019324
framework	0.0335	-0.4418	1	396	1302	13	2013.208431
frequency	0.6812	-0.3777	1	519	2118	22	2011.174374
fresh water	-0.3482	-0.6793	1	265	764	8	2007.859316
freshet	0.4926	-0.5612	1	628	3318	29	2012.42
freshwater	0.0332	-0.3372	1	1141	10216	96	2011.825688
freshwater discharge	0.0784	-0.9772	1	353	1254	13	2012.191176
freshwater ecosystems	0.7437	0.1102	1	327	960	9	2013.857143
freshwater input	-0.4091	-0.7417	3	257	720	7	2012.597122
freshwater systems	0.5371	0.1169	1	309	954	10	2013.931818
front	-0.3967	0.008	3	537	2060	19	2009.508357
frozen peat	1.0512	0.7856	4	351	1394	9	2015.571429
ft-icr	-0.754	0.9462	2	492	2494	21	2014.173913
ft-icr ms	-0.6811	0.9232	2	667	4628	40	2014.6
fuel	-0.1624	-0.0441	5	469	1662	17	2012.496479
fulvic acids	-0.4399	0.9964	2	675	4346	57	2005.786885
function	0.057	0.3106	2	701	3114	29	2010.972155
functional groups	-0.5479	0.7402	2	340	1094	11	2013.383178
future	0.3905	-0.4376	1	733	3506	30	2013.712684
future climate	0.4798	-0.5271	1	570	2330	19	2013.848387
gap	0.083	-0.1751	1	475	1592	15	2012.915572
gas	0.6079	0.6023	4	793	4852	39	2012.319686
gas chromatography	-0.4473	0.4093	2	278	900	8	2010.857143
gas chromatography-mass spectrometry	-0.5129	0.4067	2	261	808	7	2009.722222
gas emissions	0.8415	-0.2847	1	256	782	7	2014.400901
gas exchange	-0.1213	0.0845	3	249	716	7	2011.252632
gases	0.3369	0.2868	1	699	3436	28	2012.066763
gc-ms	-0.4291	0.4303	2	283	812	7	2010.142857
generation	0.1399	0.048	1	562	2104	22	2012.050847
geochemical	0.1915	-0.0601	5	308	880	8	2011.369231
geochemistry	0.6297	0.0315	4	553	2236	18	2011.778947
glacial	-0.4515	-0.2099	5	315	1022	10	2011.612378
glacier	-0.1314	-0.0977	1	648	3104	29	2012.551157
global	0.1697	-0.4347	1	526	1862	18	2012.401509
global carbon cycle	-0.2316	-0.0482	5	737	4316	39	2014.357616
global climate	0.2602	-0.0938	1	614	2632	24	2012.960148
global ocean	-0.6506	-0.5291	3	405	1470	15	2012.454839
global river	0.4579	-0.6265	1	314	994	10	2012
global scale	-0.2314	-0.0961	1	419	1482	15	2012.819495
glucose	-0.6966	0.67	2	227	708	7	2010.846154
gradient	0.007	0.1196	4	1073	8316	72	2011.354256
greenhouse	0.6077	0.0439	1	593	2614	22	2012.619866
greenhouse gas	0.7933	-0.04	1	426	1550	13	2013.545016
greenhouse gases	0.6347	0.0283	1	497	1908	15	2012.497653
greenland	-0.7683	-0.2245	3	672	3292	31	2011.434214
greenland current	-1.2984	-0.5178	3	219	822	7	2007.828283
greenland ice	-0.642	0.0841	2	236	704	7	2013.011636
groundwater	1.0577	0.0584	4	772	5296	47	2013.564784
group	0.0377	0.7705	2	480	1592	13	2011.722362
growth	-0.0229	0.4301	3	693	3336	30	2011.406319
gymnosperm	-0.5536	-0.4528	5	332	1138	10	2010.571429
h-1 nmr	-0.748	0.8731	2	253	830	7	2014.461538
h2o2	-0.4621	0.6604	2	260	860	10	2012.75
habitat	0.2512	0.3092	1	429	1360	14	2012.561584
halocline	-1.2266	-0.5872	3	318	1302	11	2008.752727
hand	-0.3121	0.0861	2	441	1498	13	2010.96875
headwater	0.8551	-0.257	1	635	3280	31	2014.318182
headwater streams	0.7604	-0.1135	1	396	1420	13	2013.28
heat	0.3019	-0.799	1	499	2294	24	2011.129975
heating	-0.7393	-0.0838	3	357	1150	10	2011.378428
heavy metals	0.5343	0.3009	4	240	714	8	2012.068966
hemisphere	0.2679	-0.7148	1	285	916	9	2010.968158
heterogeneity	0.2521	0.2304	2	387	1208	12	2014.002481
heterotrophic bacteria	0.3953	0.8807	4	343	1110	9	2013.697674
hf	1.0687	1.0412	4	438	2762	16	2012.983333
high arctic	0.0091	0.0597	5	398	1494	16	2013.319239
high concentration	0.1592	0.6869	4	354	1012	10	2010.051724
high discharge	0.5872	-0.7587	1	369	1202	12	2012.333333
high flow	1.1301	-0.3547	1	278	852	8	2012.7
high latitudes	0.7206	-0.3028	1	1051	9086	77	2011.932029
high northern latitudes	0.5391	-0.3422	1	458	1724	14	2013.173913
high performance	-0.8105	0.7623	2	260	758	8	2013.72
high resolution mass spectrometry	-0.4155	0.8247	2	322	1100	10	2015.5
high-latitude regions	0.9359	0.0117	1	342	1002	7	2012.707317
high-resolution	-0.3676	0.3363	2	753	3998	36	2012.264879
holocene	-0.3048	-0.3871	5	433	1586	15	2010.62959
horizon	0.7044	0.5476	4	600	2624	20	2012.354286
hot spots	0.5244	0.0466	4	294	812	7	2014.903846
hotspot	0.8702	0.0936	1	235	654	7	2015.44586
hudson	-0.3238	-0.7002	3	430	1716	18	2008.012876
hudson bay	-0.3262	-0.6621	3	377	1408	14	2008.175879
human activities	0.3349	-0.6231	1	342	1146	12	2013.345725
human impact	0.574	-0.5835	1	288	896	8	2013.236842
humic	-0.4344	0.9178	2	584	2848	37	2006.547619
humic acids	-0.4111	0.8365	2	523	2504	35	2008.294118
humic lake	0.6736	0.9025	4	316	1078	10	2008
humic substances	-0.5948	0.7925	2	645	3580	45	2008.616667
humic-like	-1.2086	-0.0869	3	370	1636	15	2015.473684
humification	-0.5031	0.5511	2	483	1872	20	2011.916667
hydrocarbons	-0.6279	0.5141	2	412	1364	14	2010.627692
hydrogen	-0.5287	0.6813	2	448	1730	19	2011.895706
hydrogen peroxide	-0.5339	0.6209	2	246	858	10	2010
hydrographic	0.1979	-0.7953	1	375	1384	12	2008.115894
hydrography	-0.7871	-0.5714	3	293	960	9	2009.277922
hydrological conditions	-0.3703	-0.1195	3	310	916	7	2013.403509
hydrological connectivity	0.8726	-0.0734	1	366	1284	10	2015.486486
hydrological cycle	0.3574	-0.9105	1	439	1906	22	2012.589286
hydrological model	0.6092	-0.884	1	465	2154	21	2014.325397
hydrological processes	0.756	-0.8385	1	252	798	8	2014.58156
hydrological regime	0.9642	-0.3526	1	310	1040	11	2012.837209
hydrology	0.7522	-0.6735	1	818	6272	61	2013.474126
hydrolysates	1.2576	0.8807	4	299	1270	7	2015.083333
hydrolysis	-0.3539	0.8337	2	281	804	8	2009.490196
hydroxyl	-0.3397	1.0034	2	267	1062	14	2013.65625
hydroxyl radicals	-0.2579	1.0047	2	209	816	11	2013.692308
hypothesis	-0.0225	0.2404	2	548	2022	22	2011.082126
ice	-0.5195	-0.2617	3	1287	17008	158	2011.721291
ice algae	-1.0795	-0.008	3	274	964	9	2013.987179
ice breakup	0.2803	-0.9417	1	250	748	7	2010.064516
ice complex	-0.6308	-0.6799	5	352	1568	11	2012.576271
ice cores	-0.7551	0.4756	2	208	580	7	2010.322795
ice formation	-0.366	-0.2644	3	455	1742	15	2009.892857
ice melt	-0.9557	-0.2614	3	468	1884	17	2012.747368
ice sheet	-0.377	0.1881	2	418	1630	16	2012.194459
ice surface	-0.8186	0.0605	3	347	1106	10	2011.816258
ice-cover	-0.6068	-0.0662	3	633	3074	27	2011.210019
ice-free	-0.1633	-0.1969	3	608	2524	21	2013.322981
icp-ms	0.8097	1.0761	4	268	1050	7	2011.304348
identification	-0.6635	0.2016	2	447	1472	16	2011.944837
imagery	-0.2397	-0.8179	3	314	1126	11	2011.982143
images	-0.0959	-0.718	3	286	838	9	2011.32506
impact	0.3317	-0.1525	1	1270	14770	137	2013.206627
implications	-0.1087	-0.23	3	1063	7800	72	2011.871583
improvement	-0.1079	-0.2848	1	285	798	9	2012.529851
inclusion	-0.29	-0.4954	3	267	718	8	2010.77907
incorporation	-0.2801	0.2906	2	368	1064	10	2011.174419
incubation	-0.1073	0.4894	2	730	3782	36	2012.64375
index	-0.1674	-0.0196	2	783	3990	40	2011.380952
indices	0.0861	-0.0482	1	1039	7516	72	2012.102711
infiltration	0.7004	-0.9238	1	396	1738	19	2011.933884
inflow	-0.0755	-0.6961	1	625	2560	20	2009.568182
influence	0.0689	-0.2901	1	1250	12434	117	2011.779275
information	-0.3981	0.1469	2	996	6734	63	2011.767792
inherent optical properties	-1.0076	-0.4399	3	247	866	8	2013.233333
inland	0.6439	0.1724	1	580	2606	25	2012.551282
inland waters	0.6012	0.3741	4	602	2918	26	2015.518519
inorganic carbon	0.4853	0.1914	4	884	5852	51	2012.45614
inorganic nitrogen	0.4122	-0.395	1	558	2636	26	2010.986301
inorganic nutrients	-0.4376	-0.7524	5	446	1938	15	2011.982143
insight	-0.199	0.4779	2	341	1022	10	2012.936061
intensity	-0.142	0.0392	3	732	3368	33	2011.663823
interactions	0.2461	0.288	4	1068	7752	76	2011.626733
interannual variability	-0.0699	-1.0146	1	341	1156	10	2010.7663
interannual variations	0.4072	-0.9838	1	251	716	7	2010.739437
interface	-0.1957	0.2109	2	548	2080	24	2010.689655
interior	-0.2088	-0.4603	5	415	1292	10	2010.221733
intermediate	-0.8119	0.5915	2	482	1952	20	2007.833333
intermediate waters	-1.2305	0.0636	3	332	1296	11	2007.72884
international	-0.7809	0.4863	2	395	1342	13	2009.59081
interpretation	-0.5325	0.2663	2	338	954	10	2010.411609
inventory	-0.8584	-0.1852	5	379	1404	14	2012.165029
ion	-0.4153	0.806	2	957	8016	75	2012.411616
ion cyclotron	-0.7443	0.874	2	730	5568	48	2013.518519
ionization	-0.6183	0.9066	2	473	2228	21	2011.269231
iron	0.253	0.7418	4	829	4968	46	2012.176678
irradiance	-0.6271	0.2556	3	420	1590	16	2010.337793
irradiation	-0.7529	0.4432	2	355	1132	11	2012.117647
island	-0.3696	-0.2564	3	671	3044	32	2009.956692
isolate	-0.4875	0.985	2	278	880	10	2011.588083
isolation	-0.4464	0.8364	2	417	1594	17	2010.695946
isotope	-0.4185	-0.4015	5	977	8064	68	2011.966793
isotope ratios	-0.6258	-0.1928	5	401	1380	13	2011.051724
isotopic analysis	-0.3157	0.493	2	265	756	7	2012.230769
isotopic composition	-0.3173	-0.315	5	705	3814	34	2011.032751
john	0.4191	-0.3991	1	524	2094	23	2008.988287
kara	-0.344	-0.549	3	530	2582	24	2011.634058
kara seas	-0.3437	-0.571	3	517	2468	23	2012.917722
karelia	0.886	1.0073	4	297	1084	7	2013.888889
kinetics	-0.5711	0.6296	2	387	1340	14	2012.178808
knowledge	0.3537	0.1953	1	762	3586	31	2012.895394
kolyma	0.1312	-0.5314	1	731	4138	38	2013.126761
kolyma river	0.1845	0.2759	2	430	1676	16	2013.517241
kuparuk	0.8792	-0.4372	1	286	962	9	2006.823529
labile	-0.0414	0.6613	2	652	3072	27	2014.549296
laboratory	-0.3809	0.5149	2	603	2420	27	2010.526248
laboratory experiments	-0.6897	0.2802	3	176	488	7	2009.102804
labrador	-0.8075	-0.6058	3	223	670	8	2008.853808
lagoon	-0.5569	-0.2866	5	232	616	7	2011.571429
lake	0.3788	0.5041	4	1265	19142	191	2012.017794
lake area	0.5142	-0.167	1	203	554	7	2013.272727
lake catchment	0.398	-0.1007	1	240	626	7	2011.833333
lake ecosystems	0.6697	0.0579	1	283	836	8	2012.25
lake sediments	-0.0925	0.5721	5	250	778	9	2012.512658
lake water	0.4929	0.5036	4	636	3056	28	2011.325444
lambda	-0.8903	-0.3283	3	470	1872	18	2011.3625
land	0.6141	-0.4334	1	1060	8838	77	2012.42268
land cover	0.6554	-0.6245	1	245	704	7	2013.554795
land surface	0.6876	-1.0235	1	332	1620	16	2013.553603
land surface model	0.607	-1.1104	1	231	910	9	2014.643836
land use	0.5389	-0.4402	1	359	1084	11	2012.561111
landscape	0.8076	0.1899	4	1011	8744	75	2013.677302
language	-0.1789	-0.3252	3	484	1600	13	2018.048117
laptev sea	-0.6458	-0.7457	5	614	3608	30	2011.257143
laptev sea shelf	-0.8624	-0.7595	5	279	908	7	2011.714286
large	0.5678	-0.4279	1	538	2220	23	2011.479452
large lakes	0.9092	0.5285	4	402	1438	12	2012.35
large rivers	0.441	-0.6683	1	629	2724	24	2012.421053
large-scale	0.3493	-0.8078	1	484	1890	19	2011.165527
late summer	0.0572	-0.1913	3	507	1988	17	2011.54902
latitude	0.6735	-0.1005	1	732	3598	31	2011.054819
latitudinal gradient	0.9552	0.2386	4	308	958	8	2012.966942
layer	0.0336	0.0252	3	1325	18902	169	2010.321275
leachates	0.678	0.5369	4	473	2016	16	2012.542857
leaching	0.7588	0.5501	4	632	3112	23	2013.183673
lead	0.33	-0.2827	1	378	1180	13	2010.716069
lena	0.1085	-0.9257	1	943	8764	83	2011.554054
lena delta	-0.7451	-0.7498	5	299	1018	7	2012.754098
lena river	-0.0995	-0.9085	5	739	5196	49	2011.964539
length	0.1308	-0.3658	1	480	1644	16	2010.5328
levels	-0.1667	0.0225	3	1048	7428	72	2011.25209
li	0.9501	1.1125	4	364	1790	11	2012.368421
ligands	0.52	1.0968	4	345	1348	10	2011.058824
light	-0.5788	0.2052	2	876	5262	48	2011.753582
light absorption	-0.9327	-0.1637	3	373	1390	13	2013.121951
light attenuation	-0.7489	-0.2075	3	441	1750	16	2009.580645
lignin	-0.6136	-0.2888	5	927	8344	74	2011.555556
lignin phenols	-0.7001	-0.5047	5	716	4424	36	2010.135135
limit	-0.3241	0.0826	2	420	1332	13	2010.544865
limitations	0.0679	-0.4675	1	635	2540	22	2012.614846
line	-0.3706	-0.5736	3	459	1702	15	2011.363128
linear regression	-0.2864	-0.8452	3	397	1398	13	2012.840304
lipids	-0.6521	0.1007	5	479	1984	17	2011.738351
literature	0.3248	-0.2071	1	590	2476	27	2011.726524
lithology	1.1359	0.5399	4	350	1320	10	2011.018868
litter	0.8271	0.5222	4	624	3250	25	2013.5
loading	-0.1743	-0.5751	5	434	1394	12	2011.31401
loads	0.7453	-0.602	1	412	1608	17	2009.628099
location	-0.2056	-0.0785	1	610	2296	23	2010.881081
long-term	0.5583	-0.4196	1	968	7008	69	2012.366366
loss	-0.0098	0.1304	2	1070	8640	84	2013.251087
low flow	0.7579	-0.3906	1	502	2020	19	2011.634146
low salinity	-0.9843	-0.2988	3	407	1500	12	2007.542553
mackenzie	-0.1104	-0.6902	5	945	8066	72	2009.683007
mackenzie delta	-0.2473	-0.3004	5	430	1844	17	2007.78
mackenzie river	-0.2024	-0.6871	5	792	5322	47	2009.6375
mackenzie shelf	-0.8333	-0.3474	5	364	1420	11	2007.658537
magnetic resonance	-0.5259	0.8362	2	494	2396	22	2013.555556
magnitude	0.247	0.0164	1	1076	7952	74	2011.364091
major components	0.5159	0.4444	4	311	848	7	2011.641509
major elements	1.0657	0.7841	4	355	1394	10	2009.655172
major ions	0.7877	0.4715	4	257	790	7	2014.391304
management	0.7097	-0.43	1	348	1160	12	2013.088766
mangrove	-0.679	0.0899	2	266	856	8	2010.076923
map	-0.3646	-0.759	3	337	1104	12	2011.727201
margin	-0.4157	-0.6044	5	651	3202	29	2010.972504
marine	-0.7637	0.1878	2	1115	12370	123	2012.020366
marine aerosols	-0.2293	1.034	2	196	626	10	2009.921569
marine ecosystems	-0.3731	-0.4534	3	446	1598	14	2013.642259
marine environment	-0.6711	-0.0949	5	554	2296	23	2012.287625
marine organic matter	-0.9216	0.2494	2	289	894	9	2007.875
marine sediments	-0.7422	-0.0658	5	603	3192	30	2011.473418
marine waters	-0.756	0.3107	2	522	2050	18	2011.891566
markers	-0.544	-0.2643	5	438	1500	13	2013.021898
mass	-0.7082	0.454	2	1234	17254	162	2010.941993
mass balance	-0.2915	-0.408	5	388	1382	13	2012.104996
mass spectra	-0.7324	0.7885	2	254	820	8	2011
mass spectrometry	-0.6371	0.7911	2	940	9990	92	2012.604502
materials	-0.3659	0.3059	2	755	3758	39	2011.458333
matrix	-0.878	0.3198	3	668	3280	30	2011.695341
maximum	-0.3945	-0.3187	3	839	4482	39	2010.287843
mean	-0.0397	-0.7733	1	670	3214	30	2010.953636
measurements	0.0459	-0.1603	1	1311	14982	145	2010.932763
mechanisms	0.0204	0.2296	2	1063	7430	70	2011.610479
melt	-0.2078	-0.5099	3	807	4998	46	2013.146853
melt season	-0.1919	-0.4141	1	288	934	9	2013.926984
melting	0.0463	-0.0137	3	463	1596	15	2012.110283
meltwater	-0.5187	-0.4031	3	497	1920	19	2012.781925
membrane	0.4768	1.0382	4	402	1594	12	2012.060241
mesocosm	0.2442	0.4579	4	313	902	8	2013.306667
metabolism	0.199	0.2867	2	634	3280	32	2013.696486
metals	0.7066	0.8141	4	919	8500	68	2012.223108
meteoric water	-0.755	-0.4252	3	263	828	7	2012.964912
methane	0.6662	-0.0274	1	551	2130	17	2013.074286
methane (ch4)	0.9359	-0.049	1	378	1328	11	2015.144886
method	-0.1933	0.3097	2	998	7212	81	2012.144788
methodology	0.4897	-0.1601	1	265	686	8	2012.912525
mexico	-0.6311	-0.288	5	275	804	9	2010.818182
mg	0.5131	0.5237	4	1055	8760	75	2010.971279
mg2+	0.5958	0.4425	4	353	1122	10	2011.371429
microbes	-0.453	0.6558	2	435	1584	16	2014.433213
microbial	-0.1732	0.5947	2	503	2118	20	2014.133333
microbial activity	-0.453	0.681	2	495	2114	19	2013.911565
microbial communities	-0.3047	0.6237	2	474	1952	18	2014.731973
microbial degradation	-0.7733	0.3785	2	406	1342	13	2013.957447
microbial food web	0.0659	0.2559	4	248	790	7	2013.307692
microbial production	-0.3482	0.7426	2	276	792	7	2014.5
microlayer	-0.6087	0.6711	2	237	706	8	2012.266667
micronutrients	0.9503	0.8166	4	414	1912	12	2014.151515
microorganisms	-0.0485	0.8843	2	519	1920	15	2013.878151
migration	0.8411	0.5494	4	451	1686	13	2011.023474
mineral soils	0.8466	0.0839	4	540	2328	19	2012.409396
mineralization	0.1931	0.511	4	817	4536	41	2012.943299
minerals	0.7981	0.521	4	652	3312	29	2012.390313
minimum	-0.3165	-0.645	3	457	1584	16	2009.779051
mire	0.7069	0.6074	4	379	1236	11	2012.142857
mixing	-0.327	-0.1858	5	989	7464	65	2009.902919
mixing model	-0.2545	-0.7162	5	463	1918	15	2009.194805
mixture	-0.3076	0.517	2	734	3690	35	2010.906921
mn	0.9458	0.8886	4	714	6016	43	2010.849624
mobility	0.7407	0.733	4	325	940	8	2011.8625
mobilization	0.88	0.1792	4	816	5742	47	2013.656863
mode	-0.4111	0.0193	2	521	1912	18	2010.915266
model	0.0972	-0.5616	1	1349	18948	187	2011.651901
model simulations	0.4702	-0.9547	1	318	1054	10	2012.477137
modeling	0.3321	-0.1991	1	936	5578	49	2012.080047
modification	0.0153	0.1258	2	381	1158	11	2009.923977
moisture	0.7271	-0.6953	1	395	1498	15	2012.602086
molecular	-0.6964	0.6215	2	633	3366	30	2012.319372
molecular composition	-0.6099	0.6515	2	724	4228	37	2013.8
molecular mass	-0.7921	0.7737	2	255	888	8	2011.76
molecular size	-0.5606	0.9866	2	347	1266	12	2008.538462
molecular weight	0.0406	0.6836	2	1051	8820	77	2011.919355
molecules	-0.5759	0.7373	2	817	5376	51	2011.769231
monitoring	0.1204	-0.7043	1	638	3144	30	2012.828676
monoxide	-0.6873	0.2504	3	386	1730	18	2011.926316
moss	0.5379	0.6572	4	453	1648	14	2010.479651
mountains	0.6432	-0.2902	1	422	1440	16	2011.617276
mouth	0.0681	-0.4252	5	645	2968	26	2011.528409
movement	0.6723	-0.2907	1	263	704	7	2009.813333
ms	-0.7351	0.9408	2	583	3346	30	2012.072727
multiple linear regression	-0.2764	-1.0187	3	257	864	8	2013.257143
multivariate	-0.2856	0.2332	2	284	750	8	2013.099057
n-15	-0.4722	0.1429	2	321	936	8	2013.565217
n-alkanes	-0.4837	-0.3324	5	332	1148	11	2011.125984
na	1.0135	0.8025	4	505	2774	20	2012.122449
natural	-0.27	0.715	2	377	1218	12	2012.904762
natural organic matter	-0.5216	0.7422	2	448	1720	19	2011.8
natural waters	-0.4216	0.7758	2	495	1840	18	2012.205882
nature	-0.4042	0.3148	2	857	5060	50	2010.788145
near-surface	0.073	0.2612	2	426	1370	13	2011.177419
nearshore	-0.3305	-1.0255	5	276	872	8	2010.655462
negative correlation	-0.3928	-0.4617	3	483	1850	18	2012.188235
network	0.7511	-0.244	1	726	4080	36	2012.964962
ni	0.9735	0.9999	4	593	4612	30	2011.57
nitrate	0.3522	-0.5148	1	642	3378	31	2010.126471
nitrogen	-0.0533	-0.0334	1	1208	13642	130	2012.807923
nmr	-0.587	0.9225	2	591	3662	38	2012.099099
nmr spectra	-0.6932	0.9428	2	230	706	7	2008.166667
nmr spectroscopy	-0.6538	0.9444	2	454	2056	19	2013.148936
no3	0.5118	-0.2481	1	246	654	7	2010.672414
no3-	0.8528	-0.1428	1	239	774	8	2011.56
nom	-0.5402	0.8365	2	317	970	10	2011.3
north	-0.3126	-0.4198	3	1133	10588	107	2010.374238
north america	0.4497	-0.7467	1	403	1538	17	2011.532207
north american	-0.2064	-0.8169	5	348	1166	11	2010.662844
north atlantic	-0.8234	-0.4713	3	614	3212	33	2010.017846
north atlantic deep water	-1.1623	-0.1245	3	231	774	7	2005.77451
north pacific	-0.926	-0.2842	3	328	1084	12	2010.653333
north sea	-0.5947	0.6466	2	287	932	9	2009.958333
north slope	0.817	-0.0959	1	296	942	8	2011.833333
northern	0.4869	-0.2261	1	859	4874	49	2011.106605
northern hemisphere	0.3676	-0.6986	1	281	950	10	2010.714878
northern regions	0.7551	-0.8062	1	224	694	7	2013.05618
northern rivers	0.7198	-0.6861	1	326	1176	11	2013.461538
northwest	0.3603	-0.5467	1	377	1092	9	2011.701835
norwegian	-0.8869	0.1815	3	228	664	7	2008.200426
nuclear magnetic resonance	-0.5274	0.8352	2	494	2396	22	2013.782609
nutrient concentrations	0.2342	-0.6915	1	434	1702	14	2011.871795
nutrient fluxes	0.3538	-0.6596	1	386	1358	12	2011.357143
nutrients	0.1681	-0.0737	1	1152	10488	93	2011.870968
o-18	-0.4943	-0.6056	3	468	1904	16	2011.806034
o-2	-0.1298	0.7944	2	312	916	9	2010.632353
ob	0.4111	-0.7554	1	821	5730	56	2010.213592
ob river	0.5642	-0.4806	1	470	1944	19	2010.481481
objective	0.1209	-0.0048	2	381	1208	12	2011.917647
observations	0.0699	-0.6688	1	1130	9700	92	2011.448164
oc	0.2366	0.1584	5	999	9294	82	2013.484305
occurrence	-0.1828	0.1879	3	579	2146	22	2011.803551
ocean	-0.3133	-0.3757	3	1454	36468	346	2010.965167
ocean basins	-0.4749	-0.5716	3	428	1540	13	2010.322222
ocean circulation	0.2396	-1.0047	1	292	928	9	2010.55339
ocean color	-0.8062	-0.5229	3	412	1626	13	2012.620438
ocean sediments	-0.4359	-0.2389	5	328	976	9	2010.039474
ocean surface	-0.9307	-0.0884	3	399	1558	16	2011.97351
ocean waters	-0.8032	-0.2848	3	540	2140	20	2011.075758
offshore	-0.6963	-0.2521	5	475	1656	14	2009.651466
onset	0.0293	-0.4908	1	317	908	9	2011.400894
open ocean	-0.6817	0.0517	3	488	1882	20	2011.015873
open water	0.3196	-0.3036	1	481	1832	16	2011.389671
optical	-0.6859	-0.0058	3	609	2958	26	2011.902703
optical properties	-0.7928	-0.0464	3	935	7964	69	2011.915033
order	0.1591	0.3387	4	1167	10854	100	2010.598046
organic	-0.1587	0.3817	2	1284	14942	135	2013.072464
organic c	0.565	0.0111	1	603	2560	25	2011.8625
organic carbon	0.0856	0.0892	5	1498	56684	526	2012.96863
organic carbon content	-0.4225	-0.4092	5	366	1164	10	2011.984615
organic compounds	-0.4425	0.5961	2	466	1676	17	2012.030075
organic ligands	0.4585	1.1005	4	308	1072	8	2014.666667
organic material	-0.6457	0.0625	3	692	3098	30	2010.225
organic matter	-0.4539	0.2661	2	1485	58114	555	2012.485771
organic matter composition	-0.3696	0.7479	2	464	1980	19	2014.653846
organic matter degradation	-0.3458	0.3878	5	333	942	8	2014.846154
organic matter sources	-0.5964	-0.1926	5	375	1266	11	2011.16
organic nitrogen	-0.1693	-0.3601	1	788	4960	47	2011.771739
organic pollutants	-0.0511	0.7128	2	209	580	7	2013.736842
organic soils	1.0516	0.237	4	387	1556	13	2012.926606
organic substances	-0.5505	0.1777	3	277	732	7	2008.833333
organisms	-0.8224	0.2983	3	382	1316	14	2012.67134
origin	-0.7128	0.1264	3	1103	9680	99	2010.187679
oscillation	0.3208	-0.9714	1	235	796	11	2010.801829
outer shelf	-0.9395	-0.7692	5	330	1162	8	2011.282209
outflow	-0.6571	-0.2491	3	390	1274	11	2008.807601
outlets	0.4012	-1.0343	1	333	1108	11	2013.472222
oxidants	-0.3768	0.9235	2	208	610	7	2010.45
oxidation	-0.3528	0.3851	2	908	5278	50	2011.836614
oxygen	-0.5886	0.3406	2	946	5896	52	2009.83871
oxygen utilization	-1.234	-0.2868	3	280	1068	9	2010.35
ozone	-0.354	0.5103	2	322	1098	10	2010.865415
pacific	-0.7658	-0.4306	3	783	5006	50	2010.950879
pacific ocean	-0.873	-0.3753	3	417	1630	17	2010.089431
pan-arctic	0.1806	-0.8874	1	360	1218	13	2012.617647
par	-0.9073	-0.0967	3	310	1116	10	2013.039216
paradigm	0.4715	0.6398	4	326	934	8	2013.025316
parafac	-0.9865	0.0624	3	646	3802	36	2014.805556
parallel	-1.0914	-0.0511	3	247	892	9	2010.6875
parallel factor analysis	-1.0955	0.0593	3	573	3212	30	2014.933333
parameterization	-0.0433	-0.8561	1	273	834	9	2011.336207
parameters	-0.1688	-0.2282	3	1094	9344	92	2010.962104
part	-0.2008	-0.1779	5	1172	10568	97	2010.410034
particles	-0.0076	0.3395	4	961	7232	63	2011.108822
particulate	-0.255	-0.3356	5	1179	13308	120	2012
particulate carbon	-0.3573	-0.8297	5	672	4104	36	2012.166667
particulate matter	-0.5506	-0.3331	5	929	6450	57	2012.141264
particulate nitrogen	-0.475	-0.839	5	337	1228	11	2012.285714
particulate organic	-0.4419	-0.5577	5	1046	10056	88	2012.208791
particulate organic carbon	-0.2928	-0.7595	5	873	6990	61	2012.516854
particulate organic matter	-0.6629	-0.366	5	726	4290	36	2011.806122
particulate organic matter pom	-0.669	-0.5116	5	407	1520	11	2012.066667
partitioning	0.6091	-0.1963	1	420	1280	11	2012.216749
pathways	-0.0103	0.2214	5	967	6140	53	2013.213274
patterns	0.2951	-0.0783	1	1312	14752	139	2011.236066
pb	0.9973	0.9125	4	604	4518	30	2010.315789
pca	-0.7468	0.2765	2	245	612	7	2012.184466
peat	0.8443	0.5989	4	867	6742	55	2013.503205
peat soils	0.9095	0.887	4	364	1328	9	2014.3
peatlands	1.0243	0.0854	1	690	4234	40	2014.40553
penetration	-0.9344	-0.25	3	398	1372	12	2009.4875
peninsula	0.2859	0.4834	4	373	1074	11	2011.596904
peptide	-0.6524	0.7422	2	228	684	7	2014.516129
performance	0.002	-0.5653	1	404	1414	14	2013.489921
period	0.5026	-0.3666	1	1250	14486	142	2011.210316
permafrost	0.6245	-0.0389	1	1368	30956	279	2012.799678
permafrost carbon	0.0937	-0.2979	5	639	3734	31	2015.553191
permafrost coverage	1.2223	0.0251	4	351	1300	11	2013.958333
permafrost degradation	0.9692	-0.2516	1	626	3446	31	2013.978261
permafrost distribution	0.9616	-0.2318	1	246	666	7	2011.981481
permafrost peatlands	1.1984	-0.1622	1	269	934	9	2015.829787
permafrost regions	1.0104	0.1628	4	619	3366	29	2014.282051
permafrost soils	0.3578	0.3029	5	768	4286	37	2014.196203
permafrost thaw	0.6782	0.2294	4	1048	9992	83	2014.917369
permafrost zone	1.0718	0.488	4	664	4248	33	2013.321586
peroxide	-0.5343	0.6202	2	246	858	10	2009.352941
ph	0.4707	0.5415	4	767	4118	40	2013.361345
phase	-0.2	0.5072	2	750	3784	38	2011.300144
phenolic compounds	-0.124	0.8671	2	254	720	7	2014.045455
phenols	-0.6289	-0.1668	5	913	7424	64	2011.44186
phosphate	-0.0584	-0.3275	5	531	2532	21	2010.048128
phosphorus	0.3993	-0.1665	1	700	3772	36	2012.723926
photo-degradation	-0.2744	0.7879	2	342	1026	9	2015
photo-oxidation	0.3603	0.7972	4	342	1060	9	2010.266667
photobleaching	-1.0064	0.1414	3	333	1314	14	2011.266667
photochemical	-0.2151	0.845	2	386	1282	12	2014
photochemical processes	-0.6784	0.4232	2	295	918	8	2011.761905
photochemical production	-0.6564	0.5588	2	231	756	8	2010
photochemistry	-0.83	0.4325	2	504	2236	21	2011.217391
photodegradation	-0.4798	0.5748	2	775	4406	41	2013.276596
photolysis	-0.3627	0.9777	2	304	1094	14	2012.28
photooxidation	-0.7186	0.5737	2	278	824	9	2010.851852
photoproduction	-0.741	0.4479	2	482	2244	23	2009.88
photoreactivity	-0.816	0.5053	2	383	1490	16	2012.235294
photosynthesis	0.2235	0.5065	4	443	1764	17	2012.442424
phytoplankton	-0.7027	-0.0779	3	982	8218	74	2012.529026
phytoplankton biomass	-0.8167	-0.273	3	328	1118	10	2013.33125
phytoplankton bloom	-0.7922	0.1544	3	439	1630	15	2012.516129
phytoplankton production	-1.0377	-0.4209	3	234	726	8	2009.969231
pigments	-1.0416	-0.1523	3	240	728	7	2012.420814
place	-0.2422	0.2713	2	555	1940	19	2009.958042
plankton	0.0223	0.3817	4	509	2064	17	2010.853821
plant	0.1575	0.2813	5	1113	10090	85	2012.538334
plant litter	1.0061	0.5458	4	490	2096	15	2013.076923
plateau	0.8256	0.0154	1	577	2706	27	2012.169659
pleistocene	-0.4155	-0.5512	5	390	1760	14	2009.611702
plume	-0.5892	-0.7658	5	463	1870	14	2009.9
poc	-0.0992	-0.7656	5	865	7336	64	2011.81457
polar	-0.9666	-0.1483	3	591	2730	24	2011.082686
polar waters	-1.0938	-0.2259	3	247	796	7	2010.440367
pollutants	-0.0561	0.5276	2	441	1458	17	2012.312139
pollution	0.4672	0.2135	1	389	1274	14	2012.161202
polysaccharides	-0.72	0.4834	2	301	800	8	2011.531915
pom	-0.6732	-0.5733	5	458	1986	15	2011.24
ponds	0.4756	0.7588	4	663	3568	31	2013.328622
pony	-0.6477	1.1096	2	287	1354	17	2009.529412
pony lake	-0.6473	1.1104	2	287	1354	17	2009.529412
pools	-0.0151	-0.0793	5	939	5622	47	2013.203252
population	0.0889	0.5067	2	404	1286	14	2011.362024
pore	0.3516	0.9274	4	611	3302	25	2011.924837
pore size	0.9314	1.172	4	304	1602	10	2010.318182
pore water	0.0706	0.68	2	542	2370	21	2012.637306
position	0.6493	0.5135	4	434	1582	13	2010.689373
positive feedback	-0.3743	-0.3647	5	480	2016	16	2012.122034
potential	0.216	-0.2106	1	878	5010	48	2012.784435
potential impact	0.284	-0.1877	1	251	760	7	2012.009804
power	0.2496	-0.1215	1	274	736	7	2011.834034
precipitation	0.6951	-0.57	1	1043	9618	97	2012.247478
prediction	0.5915	-0.1753	1	697	2962	26	2012.073267
preference	-0.2517	-0.198	5	258	730	7	2012.214286
present	-0.4917	0.3013	2	560	2048	21	2011.176606
preservation	-0.4983	-0.0157	5	458	1760	15	2011.649533
pressure	0.3858	0.1287	1	399	1266	14	2010.477108
prevalence	-0.4432	0.1155	2	320	920	8	2013.013245
primary	0.1444	0.3705	2	347	948	8	2011.961353
primary production	-0.5238	-0.4203	3	784	5680	54	2012.113402
primary productivity	0.2941	0.1191	4	564	2072	16	2013.138889
principal component analysis	-0.7554	0.132	2	408	1402	13	2010.580645
principal components	-0.8253	0.1307	2	483	1862	17	2010.402597
pristine	0.7173	0.3697	4	382	1324	11	2013.857143
processes	0.0198	0.171	2	1457	26966	255	2011.967406
processing	0.1969	0.4937	2	859	5290	46	2012.577495
production	-0.3273	0.2673	2	1333	20226	195	2011.637878
production rates	-0.536	0.4084	2	402	1364	12	2011.385714
productivity	-0.0755	-0.208	3	991	7010	62	2012.484007
profiles	-0.4	0.1044	3	836	4472	42	2010.526606
progress	-0.7961	0.2269	2	328	1000	11	2012.411765
project	-0.3881	-0.3631	3	339	1112	13	2012.453668
projection	0.5094	-0.5899	1	431	1660	16	2014.197635
properties	-0.631	0.0487	3	1204	15168	136	2011.071907
proportion	0.1746	0.4211	4	1009	7610	65	2011.055556
protein	-0.7206	0.6105	2	456	1788	17	2012.85274
protocol	0.103	0.7083	2	298	898	8	2014.140541
proxy	-0.5496	-0.2927	5	801	4238	37	2013.127907
pulses	0.0895	-0.3573	1	371	1084	10	2011.138996
pump	-0.7161	0.2248	3	217	614	7	2013.685393
pyrolysis	-0.6486	-0.2176	5	301	938	9	2011.090909
quality	0.1133	0.0082	1	1003	6936	66	2012.741898
quantification	0.0724	-0.2219	1	347	1020	10	2013.40625
quantum yield	-0.7817	0.4763	2	378	1506	15	2013.382979
radiation	-0.5364	0.0963	3	788	5164	49	2011.331925
radicals	-0.269	0.9807	2	224	866	12	2012.130435
radiocarbon	-0.1478	-0.435	5	809	6098	57	2012.205298
radiocarbon ages	0.0069	-0.2097	5	515	2314	22	2012.69697
rain	0.857	-0.2702	1	285	850	7	2011.945455
rainfall	0.4198	-0.4719	1	369	1190	11	2011.97561
range	-0.0566	0.0568	1	1293	13280	127	2011.410547
rapid	-0.0112	-0.0977	4	238	690	7	2012.463023
rare earth elements	1.0032	1.0521	4	511	3792	24	2010.398551
rate constants	-0.834	-0.0305	5	313	1132	11	2009.064516
rates	-0.0923	-0.0114	2	1221	11686	115	2011.494306
ratio	-0.3966	0.0413	5	1335	19062	177	2010.925387
rb	0.9708	1.0779	4	465	2954	18	2012.84
reaction	-0.1461	0.7759	2	798	4234	40	2010.924119
reactive oxygen species	-0.0877	0.8806	2	277	782	7	2014.212121
reactivity	-0.5108	0.561	2	714	3724	34	2012.537037
reanalysis	0.4389	-1.0038	1	246	808	9	2012.860412
recalcitrance	-0.4982	0.7258	2	270	806	9	2013.16
recent	-0.0646	-0.1614	1	730	3304	33	2011.804991
recession	0.3084	-0.7439	1	297	864	8	2011.610063
record	0.193	-0.8358	1	515	2172	23	2011.508365
recovery	0.4219	0.3947	1	284	770	8	2012.7654
redox	0.1823	1.0521	4	341	1130	11	2012.1875
reduction	-0.0153	0.0992	2	739	3438	37	2012.202875
reflectance	-0.3649	-0.6674	3	340	1152	12	2011.972414
regime	0.346	-0.3318	1	1126	9312	84	2010.768478
region	0.1695	-0.2158	1	1468	31384	291	2011.608772
regional	0.3719	-0.9544	1	273	776	7	2012.480198
regional scale	0.0791	-0.9132	1	275	822	7	2012.592334
regression	-0.1143	-0.7297	3	633	2926	27	2011.924945
regulation	0.5203	-0.8357	1	311	1196	13	2011.631579
relationship	-0.2579	-0.3855	3	1166	10894	100	2011.52721
relative abundance	-0.7509	0.451	2	408	1544	14	2013.82
relative importance	0.3064	-0.2091	1	354	1094	10	2010.879562
release	0.2735	0.159	5	1127	9174	82	2012.712924
remineralization	-0.4875	-0.1739	3	645	2888	25	2012.768421
remote	-0.5483	-0.7986	3	444	2066	18	2012.899032
remote sensing	-0.3634	-0.8777	3	411	1766	16	2012.958159
removal	-0.198	0.4542	4	912	6370	55	2011.470833
representation	0.1605	-0.5683	1	285	748	8	2013.246886
res	-0.027	-0.4993	1	312	882	11	2010.48537
research	-0.024	-0.0347	1	905	5246	53	2012.25614
reservoir	0.4323	-0.3024	1	817	4710	48	2012.909879
residence	0.0643	0.1016	5	834	4778	38	2010.135762
residence time	0.1936	0.1388	5	788	4392	35	2009.992032
resin	-0.4639	0.9827	2	324	1084	13	2008.708333
resolution	-0.3087	0.3654	2	922	6362	59	2011.918993
resonance	-0.6611	0.8406	2	831	7070	64	2012.957447
resources	0.5445	-0.3236	1	375	1254	13	2013.251701
respiration	0.364	0.5556	4	671	3480	34	2013.448352
respiration rates	0.018	0.6244	2	280	886	8	2012.580247
response	0.5105	-0.2896	1	1020	7748	76	2012.161066
rest	0.0757	-0.3666	5	367	1006	9	2011.1893
retention	0.5218	0.1916	1	312	870	9	2011.192053
retreat	-0.1564	-0.7013	1	330	1080	11	2012.69985
retrieval	-0.232	-1.0095	3	297	1118	10	2011.428846
risk	0.4924	-0.3567	1	260	686	7	2014.229167
river	0.2296	-0.3037	1	1490	55966	537	2011.920886
river basins	0.5681	-0.9065	1	536	2704	28	2012.561798
river delta	-0.4259	-0.5173	5	495	2132	18	2011.6
river discharge	0.2014	-0.8741	1	1014	8594	87	2011.398406
river export	0.6306	-0.4821	1	414	1416	13	2011.357143
river flow	0.5426	-0.7468	1	353	1208	13	2012.075472
river ice	0.9947	-0.4142	1	271	916	9	2011.190476
river input	-0.5085	-0.7641	5	248	746	7	2006.846154
river mouths	-0.1466	-0.6238	5	366	1168	10	2012.307692
river plume	-0.6395	-0.8097	5	360	1262	10	2011.19697
river runoff	-0.076	-0.9199	1	549	2682	28	2009.62963
river sediments	-0.0355	0.2206	5	436	1602	15	2011.472222
river system	0.3054	-0.5295	1	446	1572	15	2012.522727
river transport	0.111	-0.6902	5	259	742	7	2014.071429
river water	0.1079	-0.4361	1	913	6302	58	2010.944785
riverine	-0.0773	-0.361	5	1195	13388	117	2012.516432
riverine carbon	0.5248	-0.7689	1	438	1820	17	2015.5
riverine export	0.579	-0.3693	1	246	726	7	2013.5
riverine input	-0.5306	-0.6678	5	334	1114	10	2008.863636
riverine organic carbon	0.2905	-0.9222	1	266	808	7	2014.142857
riverine organic matter	-0.4012	-0.7263	5	294	858	7	2012.166667
riverine transport	0.6873	-0.6094	1	250	748	7	2013.777778
rivers ocean	0.2974	0.5818	4	305	872	8	2009.125
rocks	0.706	0.3764	4	573	2636	24	2010.835085
role	0.1368	0.0974	1	1363	17792	163	2012.568357
runoff	0.3611	-0.5963	1	1190	13340	135	2012.212743
runoff processes	0.5871	-0.548	1	266	794	7	2014.125
russia	0.7611	0.4066	4	707	3876	33	2012.192015
russian	0.2805	-0.2181	1	486	1706	17	2010.807018
russian arctic	-0.0058	-0.8416	5	362	1178	12	2011.16
salinity	-0.7457	-0.0829	3	1022	9732	91	2009.248247
salinity gradients	-0.4192	-0.1777	5	311	968	9	2009.568182
sample	-0.4576	0.5961	2	731	3916	41	2011.599617
sampling	0.4682	-0.0268	1	794	4276	40	2012.100775
satellite	-0.2292	-0.9498	3	474	2360	23	2011.755822
satellite data	-0.1775	-1.0489	3	337	1274	11	2011.686028
saturation	0.3305	0.1845	4	374	1160	11	2011.875
scale	0.1806	-0.3173	1	1146	9808	94	2011.804989
scenarios	0.649	-0.046	4	850	5182	40	2012.882212
science	-0.4333	0.0342	5	638	2804	29	2005.441336
se	-0.0727	-0.2659	5	406	1264	11	2011.945205
sea	-0.6064	-0.1358	3	1395	31028	300	2010.929745
sea ice	-0.8578	-0.3624	3	934	8236	73	2012.341204
sea ice cover	-0.7508	-0.4942	3	307	1114	9	2012.742173
sea ice formation	-0.9231	-0.293	3	218	714	7	2011.537037
sea ice melt	-1.2275	-0.2183	3	254	882	8	2013.874074
sea surface	-0.8104	0.0942	3	626	3110	29	2011.29989
sea water	-0.8261	0.3288	2	389	1456	17	2008.442735
season	0.5383	-0.3782	1	1295	18250	171	2012.178114
seasonal cycle	0.7002	-0.8232	1	285	1082	10	2011.135957
seasonal ice	0.2317	-0.4864	1	297	856	7	2012.547486
seasonal pattern	0.837	-0.4848	1	305	1044	10	2011.586207
seasonal variability	0.3532	-0.0137	5	419	1502	13	2011.582043
seasonal variation	0.6179	-0.3542	1	485	1990	19	2011.013917
seawater	-0.8651	0.2582	3	836	5900	64	2011.626116
sections	-0.2192	-0.5791	3	338	1040	11	2007.846599
sediment cores	-0.5969	-0.0481	5	463	1892	18	2012.336207
sedimentary organic carbon	-0.8841	-0.1406	5	320	1066	8	2011.2
sedimentary organic matter	-0.8174	0.2319	5	305	970	8	2012.48
sedimentation	-0.1443	-0.4591	5	582	2524	25	2009.867797
sediments	-0.2623	-0.1515	5	1277	17994	174	2011.206075
self-organizing map	-0.1123	0.549	2	446	1738	16	2014.61745
sensing	-0.3952	-0.6144	3	546	2484	21	2012.945017
sensitivity	0.4345	-0.5476	1	575	2452	25	2012.152936
sensors	-0.3124	-0.6872	3	443	1578	15	2011.517949
separation	0.2467	0.9044	4	478	1798	16	2009.887195
sequence	-0.0758	0.6039	5	378	1062	11	2012.290017
sequestration	-0.2698	-0.0146	5	555	2146	18	2014.109827
series	0.0579	-0.2233	1	756	3740	38	2010.601012
sewage	0.3445	0.0744	1	251	662	7	2010.705882
shallow lakes	-0.0871	0.1331	3	268	858	9	2014.210526
shelf	-0.771	-0.5432	5	1091	13998	121	2010.587376
shelf seas	-0.698	-0.5875	5	414	1772	14	2011.734043
shelf sediments	-0.7981	-0.4954	5	438	1804	15	2009.302083
shelf slope	-1.0202	-0.5859	5	317	1004	8	2009.940928
shelf waters	-0.7868	-0.6639	3	550	2678	23	2009.09329
shelves	-0.8433	-0.6608	5	595	3546	28	2011.760377
shift	0.3741	0.1449	1	1147	10960	95	2012.333333
shore	-0.2611	-0.6837	3	296	904	9	2010.122222
short-term	0.862	0.0845	1	356	1092	10	2012.055432
si	0.8392	0.4058	4	706	4476	32	2010.8
siberia	0.8456	-0.0918	4	1064	11368	97	2012.538153
siberian	0.0039	-0.572	5	1054	10382	90	2012.301282
siberian arctic	-0.4639	-0.7174	5	594	3482	27	2013.052288
siberian arctic shelf	-0.7677	-0.8299	5	411	1974	14	2014.357143
siberian shelf	-0.572	-0.861	5	387	1670	12	2010.74359
signal	-0.6284	-0.135	3	819	4434	41	2011.038817
signatures	-0.5415	0.1136	5	826	4536	39	2011.86758
significance	0.1332	-0.3505	1	428	1372	16	2011.019928
silica	0.3919	0.4446	4	435	1536	15	2009.009901
silicate	0.1666	-0.4055	5	594	2924	24	2008.463158
similarity	-0.1164	0.6345	2	454	1502	14	2011.516971
simulations	0.4116	-0.9336	1	662	3940	36	2012.277903
sink	-0.1956	0.0032	5	740	3622	35	2013.060748
sites	0.1633	0.2616	2	1135	9836	93	2011.507274
size	0.3162	0.6691	4	1073	10444	89	2010.965923
size distribution	0.0999	0.787	4	467	1916	18	2010.853862
size exclusion chromatography	-0.703	1.0315	2	285	1060	10	2009.583333
size fractions	0.3427	0.9167	4	649	3290	23	2011.341772
slope	-0.4576	-0.2581	3	1117	11008	104	2010.341082
snow	0.3346	-0.3566	1	568	2836	31	2012.043528
snowfall	0.5799	-0.8119	1	273	832	7	2012.353474
snowmelt	0.8761	-0.6217	1	713	4534	42	2012.207317
snowmelt period	0.9101	-0.5337	1	287	890	9	2010.090909
snowmelt runoff	0.7746	-0.9342	1	291	1198	12	2010.16129
snowpack	0.2385	-0.1491	1	260	736	7	2013.287234
soc	-0.1236	-0.3023	5	381	1392	12	2014.450331
society	-0.486	0.8497	2	254	728	8	2010.520354
soil	0.5262	0.2779	4	1387	28600	255	2012.887856
soil c	0.3589	0.2769	2	256	698	7	2013.963303
soil carbon	0.5937	0.1164	5	668	3562	32	2014.460993
soil horizons	0.6385	0.8323	4	359	1302	11	2012.867647
soil layers	0.5175	-0.1363	5	471	1730	15	2013.275676
soil moisture	0.6891	-0.8052	1	248	746	8	2013.428315
soil organic carbon	0.4937	0.1621	5	569	2648	25	2014.684426
soil organic matter	0.049	0.5771	2	564	2544	24	2014.61236
soil surface	0.3045	0.136	5	518	2022	18	2012.076577
soil temperature	0.8826	0.1452	1	314	980	9	2013.124498
soil water	0.7986	0.3812	4	581	2470	21	2012.424242
solar radiation	-0.2341	0.4044	3	432	1498	13	2011.997753
solid-phase extraction	-0.7885	0.8165	2	368	1520	15	2013.5
solutes	0.7511	0.2307	4	597	2730	23	2011.511628
solution	0.3945	0.9513	4	663	3928	38	2010.22668
solvent	-0.5131	0.9855	2	255	888	9	2014.571429
sorption	-0.1056	0.6077	5	343	1016	10	2011.625
source	-0.1893	0.0669	5	1479	37078	353	2011.544715
source waters	0.2639	-0.5208	1	478	1882	17	2008.57967
south	-0.0504	-0.3765	1	721	3348	31	2009.816077
southern	-0.7215	-0.0394	3	558	2374	24	2011.247603
southern ocean	-1.1052	0.1506	3	360	1468	16	2011.310743
space	0.3922	-0.1421	1	676	2846	25	2011.281958
spatial	0.1443	-0.6731	1	575	2458	23	2011.877747
spatial distribution	-0.4175	-0.7081	3	515	2086	18	2012.602028
spatial patterns	0.4104	-0.7988	1	291	910	9	2012.024523
spatial resolution	0.1691	-0.8782	1	297	988	8	2012.877034
spatial scales	0.6253	-0.7034	1	237	670	7	2012.42723
spatial variability	0.6164	-0.0693	1	442	1516	13	2011.858628
spatial variation	0.5324	-0.6493	1	357	1190	12	2011.835735
spe	-0.7237	1.0366	2	322	1444	13	2013.705882
speciation	0.6375	0.9678	4	581	3440	27	2010.54878
species	0.2168	0.5991	2	962	6354	61	2011.629341
spectra	-0.8415	0.4563	2	884	6056	61	2010.240566
spectral	-0.9887	0.264	3	320	998	9	2011.032967
spectral characteristics	-0.8204	-0.0194	3	300	896	7	2011.675676
spectral slope	-0.9403	-0.2174	3	656	4136	38	2013.781818
spectrometry	-0.629	0.7883	2	946	10036	93	2012.332298
spectroscopy	-0.6022	0.6622	2	928	7832	74	2012.548387
spectrum	-0.6522	0.4364	2	508	1926	22	2010.348901
sphagnum	0.4857	0.5242	4	402	1260	9	2011.862069
spitsbergen	-0.761	-0.394	3	296	964	8	2012.274752
spots	0.5975	-0.0308	4	326	904	8	2012.598985
spring	0.5061	-0.3642	1	1255	15404	148	2011.445356
spring discharge	0.2974	-0.9158	1	237	744	8	2010.052632
spring flood	0.934	0.4854	4	568	3048	24	2013.558824
spring freshet	0.387	-0.6534	1	579	2850	25	2013.625
spring melt	0.7905	-0.8102	1	264	994	9	2012.638889
spring thaw	0.6774	-0.2131	1	224	722	7	2012.083333
sr	0.6758	1.0011	4	690	4662	31	2011.925676
stability	0.419	0.8084	4	447	1676	14	2011.601934
stable carbon	-0.7049	-0.5376	5	619	3490	29	2011.428571
stable carbon isotopes	-0.5884	-0.5192	5	528	2480	20	2011.747664
stable isotopes	0.1123	-0.137	5	546	2236	21	2012.393939
stage	0.038	0.4126	5	595	2422	22	2011.432692
standard	-0.5904	0.3759	2	330	992	11	2011.405751
state	-0.0908	0.2861	2	775	3814	40	2012.176355
stations	-0.2133	-0.5459	1	968	6978	68	2010.728667
statistics	0.0066	-0.0338	2	438	1256	11	2010.724252
status	0.5788	0.3911	4	566	2676	22	2011.737569
stock	0.5725	0.1902	4	625	2828	24	2011.522491
stoichiometry	-0.2196	-0.1299	1	305	980	9	2013.463415
storage	0.2838	-0.4573	1	769	3912	38	2013.435429
store	0.7422	-0.4189	1	306	884	8	2014.584615
storm	0.9361	-0.3592	1	378	1362	12	2010.368357
strait	-0.9593	-0.4751	3	607	3010	26	2008.864542
strategies	0.0954	0.3275	1	292	764	8	2013.49449
stratification	-0.507	-0.2494	3	449	1692	15	2010.765734
stream	0.7548	0.1046	1	1170	14392	134	2011.208251
stream discharge	1.0156	-0.5818	1	278	874	8	2012.956522
stream flow	1.0195	-0.2869	1	254	712	7	2011.59375
stream water	0.8349	-0.17	1	462	1772	18	2011.148148
streamflow	0.6505	-0.9753	1	497	3034	33	2012.533784
strength	-0.2341	0.4494	2	304	926	10	2011.147674
structure	-0.3842	0.5887	2	1018	7472	78	2010.587788
subarctic	0.9626	0.3817	4	466	1842	17	2012.483254
subarctic regions	0.4838	0.5847	4	290	768	7	2013.014493
subarctic rivers	1.0345	0.3958	4	324	924	7	2012.111111
substrate	-0.0135	0.7963	2	633	2962	28	2012.694517
subsurface	-0.1313	0.2005	3	757	3856	35	2011.621895
subsurface flow	1.1832	0.3614	4	268	848	7	2012.682927
sugars	-0.8025	0.822	2	347	1266	12	2011.542169
sulfate	0.3225	0.4623	4	333	962	9	2010.319209
sulfur	-0.6167	0.7046	2	379	1358	14	2010.858065
summer	0.2552	-0.1452	1	1351	19534	181	2011.747886
summer season	-0.0423	0.5511	2	343	1100	11	2012.634409
sunlight	-0.4347	0.4967	2	512	2262	22	2013.547619
sunlight exposure	-0.1219	1.0444	2	285	826	8	2012.2
supersaturation	0.6356	0.3824	4	310	974	8	2009.990385
supply	-0.4866	-0.4528	5	712	3764	34	2011.339312
support	-0.1603	-0.3896	1	290	780	9	2012.160714
surface	-0.1884	0.014	3	1483	42588	389	2011.274886
surface air	0.7212	-0.7831	1	282	944	9	2012.202151
surface air temperature	0.7205	-0.7844	1	282	944	9	2012.177381
surface area	0.8308	0.2003	4	491	1998	16	2011.96
surface layer	-0.7431	-0.2506	3	652	3020	26	2009.563452
surface samples	-0.8382	0.2944	2	263	736	7	2011.078947
surface seawater	-0.9745	-0.1459	5	214	630	7	2012.511628
surface sediments	-0.6745	-0.4386	5	675	4556	37	2010.917355
surface temperature	-0.0934	-0.5824	1	265	754	7	2011.552855
surface waters	-0.3709	0.1052	3	1358	22018	197	2010.917469
survey	0.0267	-0.405	1	592	2402	22	2010.854962
susceptibility	-0.4939	0.3321	3	366	1132	9	2013.078125
suspended	-0.3229	-0.645	5	362	1184	10	2009.90625
suva	0.493	0.6742	4	608	3048	23	2015.125
suwannee river	-0.6068	1.104	2	328	1650	19	2010.772727
svalbard	-0.954	-0.3095	3	318	1098	10	2012.982836
sweden	0.7156	0.2088	1	495	1922	21	2011.298755
synthesis	0.4012	-0.1356	1	370	1178	12	2012.494924
system	0.0394	-0.4512	1	1244	12378	118	2012.244703
taiga	0.6037	-0.3586	1	441	1564	14	2010.772152
tdom	-0.5798	0.3494	2	301	952	8	2014.777778
techniques	-0.1639	0.7567	2	841	4898	49	2010.995925
temperate	0.0017	0.0259	1	629	2600	27	2011.666667
temperate regions	0.447	-0.0947	1	236	634	7	2011.4875
temperature	0.4398	-0.2785	1	1313	16652	157	2011.477652
temperature precipitation	0.7794	-0.5781	1	451	1708	16	2012.677122
temporal	0.1911	-0.5889	1	390	1272	11	2010.883534
temporal changes	0.1448	-0.3944	1	299	784	8	2011.742138
temporal patterns	0.3816	-0.5728	1	314	926	9	2011.927711
temporal resolution	-0.0065	-0.1258	1	271	710	7	2013.873362
temporal variability	0.4652	-0.4433	1	330	958	9	2011.288462
temporal variations	0.6885	-0.4534	1	520	2170	20	2011.722063
terms	0.0217	-0.1616	1	862	4698	46	2011.105954
terrain	1.1307	0.3715	4	305	884	7	2011.88664
terrestrial	-0.1288	-0.4436	1	595	2544	22	2012.64094
terrestrial carbon	-0.0991	-0.2857	5	704	3982	35	2013.911765
terrestrial ecosystems	0.3007	0.4046	2	407	1450	12	2013.432836
terrestrial inputs	-0.7407	-0.3404	3	609	2766	24	2012.44186
terrestrial organic carbon	-0.4744	-0.4398	5	607	3176	28	2012.179487
terrestrial organic matter	-0.5505	-0.5539	5	585	2726	24	2012.425926
terrestrial sources	-0.4778	0.4452	2	352	1084	11	2010.8
terrigenous	-0.7986	0.0609	5	395	1328	10	2007.571429
terrigenous organic carbon	-0.6938	-0.6762	5	375	1504	12	2012.2
terrigenous organic matter	-0.7077	-0.5986	5	550	2722	22	2010.806452
territories	0.91	0.3245	4	437	1602	12	2011.376997
tes	1.1439	1.0437	4	327	1428	8	2013.4
th	1.0414	1.0567	4	464	2996	18	2011.107143
thaw	0.8319	0.2615	4	1065	11114	94	2013.405618
thaw depth	1.218	-0.1752	1	260	850	9	2011.907895
thaw lakes	1.0326	0.6841	4	305	1120	7	2011.826923
thaw ponds	0.9706	0.6816	4	298	1080	8	2014.818182
thawing	0.4047	0.145	5	768	4200	36	2013.173362
thermal erosion	0.3474	-0.941	1	164	592	7	2012.225
thermohaline circulation	-0.4677	-0.4243	1	254	728	7	2007.122047
thermokarst	0.7845	0.631	4	486	2046	17	2014
thermokarst lakes	0.884	0.7719	4	500	2526	19	2014.014019
thickness	0.935	0.1605	4	665	3602	30	2010.814467
ti	0.9826	0.9737	4	548	3766	23	2013.911111
tibetan plateau	0.5576	-0.4134	1	373	1418	15	2014.317191
time	0.1526	-0.0658	1	1402	19176	178	2011.191579
time scales	-0.4683	-0.0723	2	371	1198	13	2011.351464
time-series analysis	0.3606	-0.7584	1	576	2432	23	2010.95228
timescales	-0.3185	-0.234	5	530	2240	21	2011.525048
timing	0.7788	-0.7695	1	462	2202	24	2012.348348
tissue	-0.5353	-0.1563	5	442	1604	14	2011.777778
tn	0.2277	-0.7271	1	268	764	8	2013.45614
toc	0.0793	-0.3053	5	660	3038	28	2011.084906
tools	-0.6309	0.2392	2	470	1596	15	2013.795322
topography	0.6671	-0.5122	1	392	1414	13	2010.120382
topsoil	0.5905	0.6002	4	390	1374	10	2014.829787
total carbon	-0.3038	0.0509	5	319	862	7	2010.186813
total nitrogen	0.3116	-0.399	1	311	966	9	2015.066667
total organic carbon	-0.1861	-0.1436	5	618	2816	26	2011.958678
total organic carbon toc	0.2734	-0.2821	5	375	1286	12	2011.75
total phosphorus	0.5225	-0.1727	1	335	1124	11	2012.88
trace	0.6552	0.7985	4	949	8708	68	2011.307692
trace elements	0.9384	0.8744	4	759	7526	52	2013.723404
trace gases	-0.3218	0.3974	2	329	1054	9	2012.337349
trace metals	0.6652	0.7709	4	664	3860	31	2011.452381
tracer	-0.4032	-0.1182	5	843	4964	44	2009.231405
tracing	-0.9071	-0.3482	5	274	856	8	2011.157895
transect	-0.3196	0.0039	3	859	4908	41	2011.199708
transfer	-0.0464	-0.224	1	756	4030	38	2010.678679
transform	-0.6899	0.9029	2	652	4284	38	2011.990385
transformation	-0.1153	0.6619	2	1070	8888	82	2011.951786
transition	0.0814	0.4281	4	663	2892	24	2011.648928
transition zone	-0.2416	-0.3998	5	364	1068	8	2010.954545
transport	0.1801	-0.2255	5	1299	18472	163	2010.537155
traps	-0.2385	0.2264	2	279	756	8	2009.907104
treatment	0.0994	0.6134	2	576	2280	22	2012.769355
trees	0.6361	-0.1015	1	292	832	8	2012.336557
trend analysis	0.3138	-1.081	1	243	852	10	2013.09434
trends	0.2915	-0.4683	1	1259	14642	142	2012.269204
tributaries	0.6178	-0.3356	1	766	4182	43	2012.627586
tropics	0.1509	-0.5649	1	269	758	8	2010.699313
tundra	0.4585	-0.0304	5	797	4524	39	2013.196825
tundra soils	0.4495	0.647	2	261	806	8	2013.178218
turbidity	-0.5177	-0.445	3	271	752	7	2011.172414
turnover	-0.4107	0.512	2	650	2948	26	2013.246637
types	0.292	0.2546	4	917	5426	51	2011.720352
ultrafiltration	0.3899	1.1199	4	516	2552	19	2009.857143
ultrahigh resolution	-0.5233	0.7957	2	600	3218	29	2015.545455
ultrahigh resolution mass spectrometry	-0.519	0.7139	2	502	2280	20	2015.913043
ultraviolet	-0.6136	0.1883	3	622	3110	27	2011.227848
ultraviolet radiation	-0.7855	0.242	3	321	1144	11	2010.317073
uncertainty	0.1332	-0.6568	1	846	4826	47	2013.221957
under ice	-1.0199	-0.0439	3	305	1126	10	2013.021739
united states	0.6519	7e-04	1	239	668	7	2011.349593
upland	0.9166	0.2065	1	357	1112	12	2012.932039
upstream	0.5425	-0.8234	1	233	740	8	2010.672862
uptake	0.4918	0.3847	4	668	3160	25	2012.895082
usa	0.1462	0.3559	2	467	1712	18	2010.335681
utilization	-0.9413	-0.2462	3	446	1934	18	2011.783251
uv	-0.5962	0.3511	3	885	6534	59	2011.051948
uv absorption	-0.6346	0.6914	2	309	930	9	2007.4
uv light	-0.7454	0.1018	3	323	992	8	2011.545455
uv radiation	-0.5044	0.2945	3	417	1788	16	2011.105263
uv-b	-0.5585	0.2791	3	318	1116	9	2007.259259
uv-vis	-0.3274	0.9829	2	309	944	8	2014.733333
uv-visible	-0.5585	0.558	2	260	724	7	2013
valley	0.1619	0.1395	2	367	1276	13	2011.024
values	-0.3712	-0.1895	3	1378	20268	198	2010.746562
variability	0.1894	-0.4096	1	1333	17016	163	2011.545737
variance	0.2057	-0.4441	1	311	920	9	2010.046067
variations	0.3877	-0.2136	1	1338	18002	170	2010.901917
vascular	-0.3204	-0.2556	5	287	868	8	2011.532787
vascular plants	-0.6443	-0.2534	5	449	1790	15	2011.583643
vegetation	0.5778	0.0822	4	1100	10444	87	2012.521246
vegetation cover	0.801	-0.3358	1	266	760	7	2012.287671
vegetation types	0.8816	-0.0569	1	336	1158	10	2012.763948
velocity	-0.2038	-0.8403	3	296	904	9	2010.066944
vertical	-1.2167	-0.0995	3	196	682	8	2009.544379
vertical distribution	-1.1708	-0.3075	3	341	1388	13	2010.595331
vertical profiles	-0.9682	-0.1097	3	193	586	7	2011.336
volume	0.3751	-0.282	1	706	3274	31	2010.936662
vulnerability	0.2947	-0.1914	5	322	998	9	2013.925926
warm	-0.3386	-0.7084	3	334	1058	9	2011.29985
warm permafrost	0.5062	-0.702	1	491	2040	18	2013.175
warm season	0.183	-0.8088	1	216	608	7	2011.738636
warming	0.5288	-0.2406	1	1209	14034	120	2012.978577
water	-0.0448	0.0014	3	1507	67754	656	2010.775054
water balance	0.6445	-0.91	1	203	600	7	2012.68
water bodies	0.6697	0.4342	4	540	2206	18	2012.701754
water chemistry	0.8898	-0.0162	1	559	2522	24	2013.770833
water column	-0.6513	0.0394	3	1017	7918	73	2010.123234
water depth	-0.5275	-0.3762	5	300	800	7	2011
water discharge	0.3865	-0.7622	1	438	1744	17	2013.045455
water flow	0.8557	-0.5304	1	354	1226	13	2010.588745
water ice	-0.4923	0.1176	3	334	1052	11	2010.074941
water level	0.4219	-0.7336	1	308	1056	10	2011.696429
water masses	-1.0945	-0.0666	3	748	5208	48	2009.047927
water quality	0.3557	-0.3242	1	429	1488	16	2012.568966
water residence time	0.7151	0.5871	4	364	1162	8	2011.9375
water samples	-0.1705	0.4564	2	910	5630	51	2012.208738
water surface	0.3389	-0.1686	1	472	1616	15	2010.707692
water temperature	0.637	-0.3144	1	522	2150	20	2010.526448
watersheds	0.7139	-0.1851	1	1167	12508	114	2012.420863
wavelength	-0.7845	0.148	3	559	2442	25	2009.220077
wax lipids	-0.5794	-0.5515	5	259	1030	8	2015.444444
weathering	0.8482	0.0635	4	562	2690	24	2009.277372
web	0.3695	-0.0108	4	382	1356	12	2013.376068
weddell	-0.9906	0.6518	2	251	824	8	2008.661238
weddell sea	-1.006	0.6672	2	261	922	9	2008.40797
weight	-0.0251	0.7097	2	1048	8792	79	2010.632353
wetlands	0.7651	0.0815	1	654	3294	34	2014.02029
white	0.5939	0.7454	4	391	1816	16	2010.307692
white sea	0.5776	0.8449	4	372	1754	15	2010
wildfire	0.5644	0.0396	1	386	1364	13	2014.10177
winter	0.5136	-0.4509	1	1122	10896	104	2011.016141
woody	-0.3722	-0.0964	5	335	1012	9	2013.412698
work	0.2226	0.4737	4	832	4204	44	2012.585814
world	0.2892	-0.3223	1	909	5802	55	2011.293273
world ocean	-0.2995	-0.5115	3	277	836	9	2007.82598
xad	-0.6017	0.9629	2	274	912	10	2007.3
xad-8	-0.5209	1.0727	2	252	784	8	2007.875
yangtze	-0.0132	-0.7352	5	249	792	8	2013.226804
yedoma	0.3126	-0.0457	5	412	1498	12	2014.986667
yellow	0.2759	-0.6879	1	233	720	8	2014.752475
yenisei	0.2785	-0.8559	1	841	5928	57	2010.214286
yenisei river	0.0461	-0.7571	1	542	2434	23	2011.384615
yield	-0.0775	0.1613	2	770	3986	38	2011.766667
yukon	0.7503	-0.4975	1	767	5242	48	2011.735915
yukon river	0.8885	-0.2716	1	554	2968	29	2011.466667
yukon river basin	0.965	-0.2375	1	461	2138	21	2011.583333
zn	0.9257	0.9049	4	578	3840	28	2010.944444
zone	0.2961	0.2954	4	1303	16360	143	2010.917256
zr	1.0007	1.0364	4	492	3398	20	2013.413793
