id	x	y	cluster	weight<Links>	weight<Total link strength>	weight<Keyword count>	score<Avg year>
20th century	0.0642	-0.6627	2	936	7394	62	2011.125
500-hpa geopotential height	1.149	-0.3453	1	310	1090	3	2010.190476
aa	0.2842	0.7703	4	510	2508	11	2013.261905
absorption	-0.723	0.8882	4	415	1860	17	2011.930081
acceleration	0.1155	0.3367	3	492	1842	12	2012.217042
access	-0.5203	-0.4896	3	466	2048	19	2013.769679
accumulation	0.1582	-0.0544	1	579	2528	13	2011.1675
accuracy	-0.2323	-0.4766	3	737	4252	27	2012.031588
action	0.302	-0.1713	2	345	1210	11	2009.595808
activity	0.5863	-0.1277	1	1183	14828	74	2011.741747
adaptation	-0.6056	-0.7323	2	564	2716	27	2013.458029
addition	-0.0184	0.0244	3	1161	11308	75	2012.072879
adjustment	-0.535	0.0552	4	730	4156	29	2011.543956
administration	-0.5011	-0.5492	3	324	1198	9	2011.614679
advance	-0.3463	0.191	3	668	3850	26	2012.223684
advection	0.8005	0.4737	1	1045	11924	49	2010.324162
aerosol	-1.0069	-0.373	2	856	7698	55	2011.217627
aerosol forcing	-1.0887	-0.4571	2	386	1534	8	2012.561404
africa	-0.1733	-0.9681	2	633	3708	27	2009.943515
agcm	0.2686	-0.4719	2	636	4182	20	2011.12381
age	0.106	0.1784	2	326	1052	6	2010.368729
agreement	-0.3762	-0.3699	2	1141	12636	86	2010.554303
air	0.4641	0.1475	1	1466	51962	279	2011.976061
air masses	0.9725	0.0969	1	702	4732	23	2011.64881
air temperature	0.2925	0.118	1	1417	39274	220	2012.218924
air temperature trends	-0.3483	0.4908	4	343	1258	6	2013.75
air-sea	0.1097	0.8857	4	366	1348	7	2011.236364
air-sea interaction	-0.0558	0.403	4	430	1802	8	2011.566667
al	0.1773	0.1503	1	464	1686	11	2010.555118
alaska	0.4909	-0.5018	1	912	7360	34	2010.597746
alaskan	0.322	-0.2346	3	402	1556	9	2011.071579
albedo	-0.8139	0.7575	4	1005	13140	100	2012.060567
albedo feedback	-0.8456	0.8668	4	880	10628	78	2013.383234
aleutian	0.9998	-0.2566	1	474	2284	12	2009.607143
aleutian low	0.8785	-0.0377	1	344	1310	9	2010.541401
algorithm	0.4692	-0.3013	1	829	5912	32	2011.916828
america	0.668	-0.5111	1	1250	21850	123	2011.440252
american	0.8054	-0.4825	1	518	2306	12	2010.565574
amip	-0.1789	-0.7742	2	415	1620	12	2012.514286
amo	0.7381	-0.5902	1	639	3820	22	2014.908333
amoc	-1.0943	0.2226	4	632	4104	28	2015.163347
amplification	0.056	0.7049	4	1250	23130	146	2013.330357
amplitude	0.2227	0.0625	1	983	8056	48	2010.372165
analog	-0.1577	-0.5249	2	312	1106	10	2012.234043
analysis	0.3514	-0.1115	1	1489	61206	347	2011.656462
analysis method	-0.5374	0.6108	4	347	1426	12	2012.439024
and climatology	-0.2939	0.6308	4	421	1646	10	2015.611111
annual cycle	-0.5096	0.2098	3	654	3672	23	2009.189944
annual precipitation	0.1456	-0.9382	2	411	1676	15	2011.851852
annual variability	0.6571	-0.4616	1	417	1616	7	2012.096045
annular mode	0.6576	0.1011	1	541	2636	15	2012.262136
anomaly	0.7441	0.2368	1	1444	50192	232	2010.997204
antarctic	-0.8596	0.0775	4	1024	10768	76	2010.797819
antarctic ice	-0.5379	0.0737	4	415	1604	9	2012.455772
antarctic sea	-1.1298	0.1256	4	575	3402	22	2013.249337
antarctic sea ice	-1.1298	0.1223	4	575	3402	22	2013.381098
antarctica	-0.4815	-0.3391	2	782	4992	36	2011.220175
anthropogenic	-0.6415	-0.4979	2	483	2222	18	2012.98995
anthropogenic forcings	-0.3489	-0.791	2	450	2158	18	2013.054545
anticyclone	1.0915	0.0497	1	646	3626	14	2010.766562
ao	1.012	-0.1014	1	858	7466	29	2011.098916
aogcm	-0.9811	-0.0118	4	572	2832	22	2010.912621
application	-0.3575	-0.52	3	978	7862	49	2012.361823
approach	-0.253	-0.501	2	1247	15600	118	2013.011682
aquaplanet	-0.7493	1.0278	4	256	1174	10	2013.4375
ar	0.5883	-0.4186	1	380	1684	8	2013.013333
archipelago	0.4404	0.107	3	601	2944	13	2011.082609
archives	-0.3305	0.2149	3	385	1302	11	2012.62249
arctic	0.2329	0.2844	3	1502	133826	802	2012.189504
arctic amplification	0.519	0.5619	1	1131	16920	96	2015.908213
arctic antarctic	-0.989	0.2866	4	596	3342	23	2012.938182
arctic archipelago	0.4515	0.0529	3	391	1454	5	2012.018987
arctic areas	-0.2493	0.578	4	516	2324	14	2012.19708
arctic atmosphere	0.2124	0.4879	4	640	3240	15	2011.826087
arctic basin	0.4922	0.193	3	694	3962	24	2009.680952
arctic change	0.0175	0.357	4	553	2682	18	2013.297297
arctic circulation	0.9579	0.4521	1	552	2914	13	2010.846154
arctic climate	-0.107	0.5837	4	1319	22338	206	2013.150824
arctic climate change	-0.4805	0.5955	4	653	3916	40	2014.55814
arctic climate system	-0.0556	0.85	4	557	2754	23	2013.39726
arctic clouds	-0.6292	0.8972	4	407	1718	10	2010.096463
arctic cyclone	0.5788	0.0389	1	544	2934	11	2014
arctic dipole	0.9825	0.7107	1	491	2590	10	2015.758621
arctic environments	0.3859	0.0608	1	330	1154	11	2012.708108
arctic greenland	0.9013	-0.2091	1	389	1606	8	2011.165468
arctic high	0.4701	0.5062	1	662	3580	17	2013.101695
arctic ice	0.1525	0.6546	3	1244	19744	99	2013.034188
arctic ice loss	0.7883	0.7411	1	667	5240	26	2016.387755
arctic latitudes	0.4743	0.5206	1	339	1208	9	2011.888889
arctic marine	-0.2583	-0.4114	3	333	1218	10	2013.75576
arctic observations	0.4102	-0.4887	3	362	1362	6	2013.9125
arctic ocean	0.1392	0.5847	3	1330	26266	139	2010.893127
arctic ocean sea ice	-0.1388	0.8916	3	401	1612	7	2011.955882
arctic oscillation	1.0119	-0.164	1	1087	14586	72	2011.24912
arctic oscillation index	0.9344	-0.5146	1	299	1166	5	2010.910714
arctic precipitation	-0.2288	0.41	4	435	1898	12	2012.674419
arctic regions	0.1328	0.3032	3	1154	12960	78	2013.278834
arctic sea ice	0.2281	0.6179	3	1472	69052	389	2014.367364
arctic sea ice concentration	0.6902	0.5721	3	723	5234	21	2015.447368
arctic sea ice cover	0.2932	0.8032	3	852	7130	41	2013.896552
arctic sea ice decline	0.7255	0.6347	1	721	5398	29	2015.863636
arctic sea ice extent	0.013	0.5794	3	1059	12166	66	2015.271084
arctic sea ice loss	0.7094	0.6496	1	1082	14988	85	2016.202614
arctic sea ice prediction	-0.7412	-0.016	3	300	1196	7	2017.727273
arctic sea ice reduction	1.184	0.5355	1	441	2420	10	2014.44
arctic sea ice retreat	0.0601	0.8723	3	500	2282	11	2015.269231
arctic sea ice thickness	-0.6438	0.4856	3	470	2150	11	2014.541667
arctic sea ice variability	0.6375	0.8046	3	569	3118	14	2014.444444
arctic sea ice volume	-0.8274	0.4932	3	400	1578	9	2012.764706
arctic seas	0.2232	0.6144	3	1475	71390	407	2014.010669
arctic snow	-0.4402	0.3413	3	387	1478	10	2013.477778
arctic summer	-0.0892	0.3677	3	842	6168	44	2013.466368
arctic system	0.2129	-0.4506	1	464	1920	12	2013.735294
arctic temperature	0.2493	0.5176	4	971	8800	54	2012.593301
arctic variability	1.0481	0.1799	1	320	1078	5	2012.953488
arctic warming	0.5516	0.5322	1	1167	16862	89	2014.481818
arctic waters	0.1767	0.4879	3	488	2210	13	2011.466431
arctic weather	0.7893	-0.3718	1	459	2102	11	2014.212121
arctic winter	0.5501	0.6353	1	918	7700	43	2011.690678
area	0.0772	-0.0545	3	1469	41208	250	2011.37466
array	-0.3608	-0.2143	4	394	1332	9	2011.101235
asia	0.9463	-0.2368	1	1039	12244	49	2013.012594
asian	1.1835	-0.1461	1	458	2014	9	2012.876
assessment	-0.3026	-0.6994	2	1195	15424	124	2013.024899
assimilation	-0.5622	-0.1004	3	876	8068	41	2012.629787
association	1.0041	-0.1195	1	781	5416	22	2011.081886
asymmetry	0.0798	0.0321	4	514	2116	16	2011.45509
atlantic	0.4383	0.0922	1	1469	59416	330	2010.236737
atlantic circulation	-0.1453	0.2889	4	451	1820	14	2010.478788
atlantic climate	-0.4524	0.1964	4	387	1374	11	2011.57265
atlantic meridional circulation	-1.003	0.3162	4	603	3652	26	2014.038889
atlantic meridional overturning	-1.1588	0.1229	4	556	3058	21	2014.908714
atlantic meridional overturning circulation	-1.1686	0.1428	4	520	2786	19	2014.995726
atlantic multidecadal oscillation	0.8995	-0.5771	1	672	4666	27	2014.897436
atlantic ocean	-0.0507	0.31	4	897	7128	41	2009.615463
atlantic oscillation	1.0329	-0.0254	1	1148	16984	86	2010.516074
atlantic region	0.8206	-0.3206	1	526	2368	13	2010.526667
atlantic sea surface temperature	0.4316	-0.4248	1	440	1958	9	2010.897059
atlantic sector	0.5434	0.7102	3	672	3762	12	2011
atlantic sst	0.4561	-0.0895	1	491	2266	12	2010.514563
atlantic water	0.4138	1.1092	3	400	2012	9	2010.080056
atmosphere	0.0141	0.3846	4	1486	58694	353	2011.581199
atmosphere interactions	0.5744	0.2778	1	354	1252	8	2011.572917
atmosphere ocean model	-0.6618	0.4014	3	333	1188	10	2011.628571
atmosphere-ocean interaction	0.3588	0.6992	4	582	3112	15	2013.489655
atmospheric anomalies	0.9988	0.4119	1	345	1326	2	2011.785714
atmospheric blocking	1.0821	-0.1645	1	338	1296	5	2014.666667
atmospheric carbon dioxide	-1.0915	0.2537	2	331	1276	11	2012.649351
atmospheric circulation	0.7334	0.2261	1	1411	39386	204	2012.002058
atmospheric circulation anomalies	1.1373	0.2243	1	491	2342	7	2012.641509
atmospheric circulation changes	1.1323	0.3747	1	396	1698	6	2013.019608
atmospheric circulation patterns	0.8467	-0.0619	1	870	6316	31	2012.309392
atmospheric conditions	0.6149	0.1484	1	485	1958	13	2011.328431
atmospheric dynamics	0.1431	0.4686	4	685	3710	23	2011.504348
atmospheric energy	-0.4129	1.0602	4	503	2558	18	2013.924528
atmospheric energy transport	-0.3943	1.1729	4	310	1156	9	2013.941176
atmospheric flow	0.9102	0.6341	1	330	1120	6	2011.632653
atmospheric gcm	0.5747	-0.2668	1	970	10696	49	2010.549091
atmospheric general circulation	0.6341	-0.2003	1	978	10858	50	2010.583333
atmospheric heat transport	-0.6098	0.9201	4	448	2084	14	2014.26087
atmospheric model	0.1739	-0.2293	2	1036	10802	64	2012.346154
atmospheric model intercomparison project	-0.1132	-0.8744	2	379	1580	9	2011.4
atmospheric moisture transport	0.1476	0.5234	4	361	1330	8	2014.277778
atmospheric patterns	1.0973	0.0791	1	429	1794	6	2011.185185
atmospheric processes	-0.4382	0.2404	4	495	1908	11	2012.0125
atmospheric reanalyses	0.0928	0.232	3	491	2118	7	2015.023256
atmospheric reanalysis	0.1076	0.1523	3	708	3664	15	2014.7
atmospheric response	0.6236	0.7619	1	892	9168	41	2011.692308
atmospheric rivers	0.5372	-0.3401	1	634	3766	13	2016.85
atmospheric teleconnections	0.8711	0.2139	1	463	1990	9	2012.504587
atmospheric temperature	-0.2304	0.7599	4	559	2418	16	2010.509554
atmospheric variability	0.8972	0.1601	1	700	4420	21	2010.788382
atmospheric water	-0.2669	0.707	4	595	3004	16	2010.789474
atmospheric water vapor	-0.3334	0.8624	4	467	2082	11	2009.522727
attention	0.261	-0.1477	1	832	5194	39	2012.917808
attribution	-0.3669	-0.5026	2	824	6936	55	2014.063636
australia	0.1954	-0.8184	2	456	1778	12	2010.617438
autumn	0.7109	0.4366	1	1213	18460	92	2011.726708
autumn arctic sea ice	1.1341	0.2713	1	498	2630	10	2016.741935
availability	-0.0768	-0.7775	2	563	2416	17	2012.908905
baffin	0.7647	0.3558	1	535	2558	9	2010.510917
baffin bay	0.7714	0.3784	1	529	2496	9	2010.593939
balance	-0.5933	0.5172	4	1044	10194	70	2011.539286
balance model	-1.0256	0.8053	4	433	2276	17	2011.842391
bands	-0.3784	0.2601	4	422	1534	11	2010.501538
barents	0.6949	0.691	1	1134	16864	77	2010.39816
barents sea	0.5398	0.8152	3	997	11886	61	2010.27735
barents sea region	0.5155	0.9796	4	338	1482	6	2012.518519
baroclinic	0.8722	0.2592	1	674	4060	17	2009.016779
barotropic	0.8582	0.5336	1	560	2688	6	2008.382671
baseline	-0.5716	-0.4601	2	518	2164	20	2012.74934
basin	0.3925	-0.2685	1	1142	11482	64	2010.09645
bay	0.7831	0.2098	1	627	3326	12	2010.11814
beaufort	0.6987	0.5121	3	813	6548	29	2010.621769
beaufort sea	0.7425	0.5472	3	638	3912	16	2010.009921
behavior	-0.5125	0.1577	4	814	5298	37	2011.103784
behaviour	-0.5721	-0.1704	2	412	1508	13	2010.943662
belt	0.5731	-0.0524	1	420	1472	7	2010.458182
benchmark	-0.7718	-6e-04	3	306	1020	7	2013.198276
benefits	-0.3002	-0.6678	3	616	2972	21	2014.038732
bering	0.719	0.5189	1	730	4720	22	2009.747987
bering sea	0.9898	0.3214	1	490	2178	9	2009.417822
bering strait	0.5266	0.6806	3	484	2236	12	2011.176923
bias	-0.621	-0.2611	3	1173	14428	101	2013.065051
bias correction	-0.6845	-0.755	2	468	2230	17	2015.744186
biases	-0.7344	-0.4166	2	1196	18180	129	2013.826211
blocking	1.1395	-0.0768	1	928	10324	39	2013.430147
blocking index	1.1719	-0.3196	1	312	1270	6	2016.181818
boreal	0.3757	-0.1594	1	652	3744	20	2012.614137
boreal summer	0.5409	-0.0472	1	509	2198	9	2012.541176
boreal winter	0.5034	-0.2426	1	615	3216	18	2012.990698
boundary	-0.0196	0.2394	4	739	3958	26	2008.420868
boundary conditions	-0.2269	-0.7354	2	770	5148	37	2010.430736
boundary layer	-0.043	0.5526	4	564	2408	8	2009.971272
budget	-0.4534	0.713	4	1113	12446	77	2011.153068
budget analysis	-0.0947	0.6442	4	344	1174	8	2013.702128
buoy	-0.3535	-0.3622	3	310	1096	3	2007.544828
calibration	-0.8208	-0.6755	2	303	1142	10	2011.99511
california	0.4761	-0.7196	1	441	1740	12	2009.673387
canada	0.2671	-0.5769	2	935	7054	49	2011.058788
canadian	0.1198	-0.0318	3	730	4258	24	2010.480463
canadian arctic	0.3159	-0.2164	3	547	2574	11	2012.163636
canadian arctic archipelago	0.4885	-0.1023	3	346	1242	5	2012.547826
capabilities	-0.7162	-0.4374	3	337	1164	10	2013
capacity	-0.7085	-0.1668	3	372	1278	9	2013.094099
carbon	-1.1273	-0.0518	2	856	8220	72	2013.107259
carbon cycle	-1.3058	-0.2835	2	444	2782	26	2014.082353
carbon dioxide	-1.1027	0.23	2	601	3748	32	2013.148903
carbon emissions	-1.0943	-0.5311	2	272	1130	10	2014.470588
case	0.0589	-0.0781	1	1246	14650	84	2010.847835
case study	0.625	-0.1517	1	567	2540	14	2012.678179
causality	1.0789	0.0547	1	292	1066	6	2014.921053
cause	-0.0098	0.2864	4	1163	12962	84	2011.675244
ccsm3	-0.7486	0.2784	4	455	1914	14	2010.563636
ccsm4	-0.7066	0.1804	4	703	4332	33	2013.969697
cell	-0.472	0.371	4	618	3258	21	2011.359784
century	-0.1872	-0.4748	2	1405	37852	298	2012.205869
cesm	-0.7507	0.3995	2	664	3594	22	2016.740741
cesm1	-0.9121	0.0023	2	412	1650	12	2015.911765
cfsr	-0.0948	-0.1867	3	524	2602	16	2015.490566
cfsv2	-0.7974	0.2635	3	385	1674	12	2016.510204
chain	0.6468	-0.6079	1	344	1166	8	2011.096866
challenges	-0.339	-0.4941	2	910	6684	52	2014.48237
chance	-0.6063	-0.6807	2	369	1356	9	2012.111111
changes	-0.0701	-0.0122	2	1502	122250	906	2012.206219
characteristics	0.2548	-0.3903	1	1219	13796	89	2010.936545
chemistry	-1.0278	-0.3696	2	430	1888	17	2012.465976
china	0.8394	-0.5573	1	757	5398	25	2013.948798
chukchi	0.492	0.7641	3	623	3624	16	2012.695271
chukchi sea	0.5533	0.6967	3	369	1416	7	2012.877751
circulation	0.3407	0.1639	1	1490	79492	457	2010.44219
circulation anomalies	1.0519	0.1985	1	784	5610	20	2012.122324
circulation changes	0.7713	0.3976	1	881	7564	39	2012.23125
circulation model	-0.0953	0.1082	4	1168	16030	85	2009.61811
circulation patterns	0.8649	-0.153	1	1129	12976	63	2010.597956
circulation regimes	1.0119	-0.4011	1	385	1646	7	2008.4
circulation variability	0.5384	-0.5069	1	470	2004	13	2010.532995
citation	0.015	0.3091	3	804	5248	40	2010.689507
classification	0.7242	-0.3746	1	486	2292	16	2011.561043
climate	-0.3047	-0.1069	2	1502	142972	1403	2012.847305
climate change	-0.3026	-0.3833	2	1486	62060	564	2013.106897
climate change impacts	-0.4512	-0.7409	2	377	1398	16	2013.417178
climate change projections	-0.8871	-0.7805	2	530	2808	23	2014.9
climate data	-0.303	-0.6885	3	505	2236	21	2012.201878
climate dynamics	-0.3794	0.2754	4	422	1418	14	2013.25
climate extremes	0.4042	-0.9338	2	680	4418	37	2014.132743
climate feedbacks	-1.004	0.6708	4	797	7612	70	2014.252595
climate forcings	-0.8762	-0.0794	2	587	3036	30	2012.930131
climate forecast system reanalysis	-0.317	-0.2027	3	470	2208	16	2015.173913
climate forecasts	-0.4747	-0.6856	3	303	1036	10	2013.172414
climate impacts	-0.4305	-0.6427	2	803	5230	47	2013.568493
climate indices	0.6059	-0.6538	1	533	2530	19	2013.721925
climate model	-0.6132	-0.0031	2	1485	77338	717	2013.16224
climate model simulations	-0.5792	0.0039	2	920	7596	74	2013.895455
climate prediction	-0.7713	-0.3021	3	842	6946	59	2014.380952
climate projections	-0.7179	-0.572	2	958	8836	79	2014.908629
climate research	-0.7533	-0.6164	2	395	1554	14	2012.00885
climate response	-1.074	0.0458	2	854	8248	70	2012.136364
climate scenarios	-0.4998	-0.6878	2	461	1758	16	2013.937824
climate science	-0.6356	-0.0076	2	396	1296	13	2014.981481
climate sensitivity	-1.2101	0.2206	4	846	8862	79	2013.225434
climate simulations	-0.6324	-0.4225	2	838	6520	61	2012.537778
climate states	-0.6446	0.6651	4	395	1354	12	2013.25
climate studies	-0.1327	-0.5529	2	368	1234	14	2011.889908
climate system	-0.6399	0.2458	4	1245	19340	168	2012.717277
climate system model	-0.7904	0.1965	4	860	6992	56	2011.883871
climate trends	-0.0413	-0.8049	2	589	2694	24	2011.671053
climate variability	0.1072	-0.2646	2	1334	24098	191	2012.20898
climate variables	-0.7147	-0.384	2	568	2668	26	2013.439024
climate variations	-0.5574	0.3628	4	475	2086	18	2011.1875
climate warming	-0.6123	0.2154	4	959	7882	75	2013.628339
climatic conditions	0.2511	-0.5898	2	654	2994	25	2011.992424
climatic events	0.1233	-0.8668	2	484	2084	17	2012.435644
climatology	0.2276	-0.4856	1	1129	11868	85	2010.440048
cloud	-0.6667	0.7119	4	1180	18886	133	2010.976891
cloud cover	-0.453	0.5974	4	674	3844	21	2010.770548
cloud feedback	-1.0341	0.8026	4	640	5480	43	2013.487805
cloud radiation	-0.2308	0.8693	4	366	1294	10	2009.87931
cloudiness	-0.2028	0.6559	4	564	2428	15	2008.987097
cluster	1.0171	-0.6061	1	445	2100	11	2011.949896
cluster analysis	1.0538	-0.6655	1	323	1248	6	2012.636905
clustering	0.8948	-0.6855	1	330	1148	9	2012.80292
cmip	-1.038	-0.2952	2	356	1388	13	2014.625
cmip3	-0.8991	-0.5499	2	757	5704	50	2012.53211
cmip3 models	-0.8167	-0.8174	2	325	1284	11	2012.714286
cmip5	-0.6867	-0.2256	2	1314	26228	209	2015.883929
cmip5 climate models	-0.0503	-0.7661	2	503	2396	25	2015.891304
cmip5 models	-0.5331	-0.1555	2	1018	10906	85	2015.970588
cmip5 simulations	-0.1979	-0.1257	2	552	2686	21	2015.267857
cmip6	-1.282	-0.2129	2	479	2676	20	2018
co2	-1.0341	0.4087	4	1093	18630	154	2013.165022
co2 concentrations	-1.1193	0.2336	2	663	4618	39	2012.696319
co2 emission	-1.1545	-0.2125	2	441	2516	24	2014.889447
co2 forcing	-0.9543	0.7763	4	522	2822	24	2013.487179
coast	0.465	-0.2972	1	1029	8658	43	2010.134684
coastline	0.1085	-0.307	3	438	1640	4	2010.273529
coefficients	-0.1983	-0.455	3	567	2580	16	2010.617647
coherent	0.5902	-0.5862	1	336	1124	8	2010.047859
cold	0.859	-0.2224	1	1053	11374	59	2011.824903
cold air	1.1606	0.0128	1	785	6120	20	2012.833333
cold air outbreaks	1.082	-0.1526	1	447	1958	7	2011.871795
cold anomalies	1.2513	0.2528	1	440	2092	7	2014.285714
cold events	1.2087	-0.072	1	563	3162	16	2013.268293
cold extremes	1.0558	-0.4796	1	768	6328	33	2015.340426
cold season	0.6682	-0.0803	1	653	3700	17	2012.664596
cold spells	1.2993	-0.314	1	444	2236	6	2015.324324
cold temperatures	1.067	-0.2827	1	530	2488	15	2013.184874
cold weather	1.1949	-0.1419	1	324	1158	6	2012.724138
cold winters	1.2794	-0.0049	1	666	5054	26	2012.5
column	0.051	0.7281	4	566	2490	14	2010.224159
communication	0.1283	-0.4656	2	396	1308	12	2012.524476
community	-0.4202	0.0727	2	1284	20090	129	2013.620087
community atmosphere model	0.155	0.2257	1	571	2780	13	2013.738095
community climate system model	-0.7154	0.1365	4	805	5810	45	2011.565574
community earth system model	-0.8073	0.2295	2	876	7214	43	2016.6
comparison	-0.3892	-0.1928	3	1253	15454	101	2010.70057
compensation	-0.7561	0.6339	4	397	1566	13	2012.083333
complex	-0.9311	-0.2424	2	632	3230	26	2011.908387
composite analysis	0.9987	0.2477	1	517	2370	9	2012.784173
composites	0.6829	-0.4001	1	483	2084	11	2010.381974
concentrations	-0.2699	0.233	3	1463	43416	258	2011.643222
concept	0.0039	-0.3682	2	306	878	8	2011.306773
concerns	-0.3422	0.1675	2	303	942	8	2012.89313
condition	0.2901	0.2122	1	744	3908	20	2010.79798
configuration	-0.7478	-0.1118	2	661	3494	27	2012.603053
consensus	-0.4583	-0.4709	3	456	1810	17	2014.058824
consequences	-0.2401	-0.1544	2	700	3688	30	2012.275862
consistency	0.0275	-0.5949	2	578	2622	22	2011.881356
constraints	-0.9999	0.1477	4	690	4226	35	2011.060453
content	-0.5513	0.4196	4	979	8164	49	2011.761593
continent	0.7127	-0.1106	1	1113	13162	65	2011.202884
contrast	0.0659	0.3726	4	1250	16626	105	2011.509677
control	-0.5366	0.2159	4	1128	11606	82	2012.474255
convection	-0.4304	0.2482	4	832	5546	38	2009.024462
convergence	-0.14	0.5187	4	903	6842	36	2010.408056
cooling	0.2807	0.5414	4	1145	13566	89	2010.829787
cordex	-0.1505	-0.8664	2	334	1338	11	2016.545455
core	0.0926	-0.2836	2	691	3788	26	2010.446523
correction	-0.6608	-0.5489	2	525	2390	17	2011.927948
correlation	0.2028	-0.062	3	1294	19208	112	2011.333794
correlation analysis	0.6047	-0.2983	1	376	1344	8	2011.104167
correlation coefficient	0.0155	0.2288	3	483	2168	13	2012.125
costs	-0.4205	-0.7155	2	353	1200	11	2013.503597
coupled	-0.9088	-0.2388	2	1251	22956	171	2014.46932
coupled climate	-0.745	-0.1772	2	454	1988	17	2013.888889
coupled climate model	-0.8335	-0.288	2	354	1338	12	2013.652174
coupled models	-0.892	-0.2717	2	1270	23820	177	2015.212806
coupling	-0.2799	0.513	4	870	6732	42	2011.935532
covariance	0.1647	0.1089	3	457	1854	12	2012.039146
cover	-0.1625	0.495	3	1389	34932	213	2011.664763
coverage	-0.5759	0.0266	3	883	6178	42	2012.329283
cryosphere	-0.0852	-0.3476	2	501	2234	19	2014.539877
current	-0.3801	0.0328	4	846	5482	34	2008.757215
current climate	-0.3612	-0.6993	2	560	2864	26	2013.02963
cycle	-0.3981	0.095	4	1324	21212	145	2011.47296
cyclogenesis	0.9066	0.1779	1	448	1856	6	2010.246377
cyclone activity	0.7272	-0.0597	1	624	3524	13	2010.404959
cyclone frequency	0.6891	-0.3541	1	420	1738	7	2011.372093
cyclone intensity	0.7937	0.2007	1	310	1146	4	2011
cyclones	0.6774	-0.0933	1	1124	14262	64	2011.69697
damage	0.4455	-0.713	1	346	1146	8	2013.018116
data	0.1809	-0.1829	3	1481	59486	330	2011.015066
data analysis	0.3685	-0.0833	3	412	1610	11	2011.003436
data assimilation	-0.5394	-0.2227	3	714	5066	24	2013.092251
data set	-0.0839	-0.5224	3	694	4026	26	2010.433246
data sets	0.0826	-0.5328	3	902	6496	41	2011.63144
data/model	0.146	-0.4202	3	622	3098	18	2011.4
database	-0.1846	-0.7944	2	413	1470	12	2012.403509
dataset	0.1568	-0.5007	3	986	7856	44	2012.68054
date	-0.3061	-0.1295	3	935	7386	47	2012.087051
decadal	0.0083	-0.3943	1	1041	12212	79	2012.008761
decadal climate prediction	-0.9848	-0.4587	3	350	1374	10	2014.444444
decadal oscillation	0.3979	-0.5913	1	748	5516	39	2012.751979
decadal predictability	-0.8229	-0.2682	3	381	1496	10	2014.84
decadal prediction	-0.9738	-0.3556	3	541	3466	26	2015.193548
decadal variability	-0.1115	-0.203	3	791	5276	32	2011.26893
decay	-0.0815	0.4775	3	367	1208	7	2010.074434
decline	0.4873	0.5645	1	1221	19666	113	2013.254217
decomposition	0.0776	0.6722	4	629	3636	28	2012.585736
deep convection	-0.9381	0.2271	4	396	1492	9	2008.798561
deep ocean	-1.0844	0.3231	4	434	1836	15	2011.244019
definition	-0.0407	-0.4304	2	502	1930	15	2010.611111
density	0.0761	-0.583	1	647	3476	23	2009.879211
dependence	-0.4297	0.0175	2	1039	9242	70	2010.591411
depth	-0.432	0.0079	3	867	6042	33	2010.672402
description	-0.9141	-0.3091	2	539	2744	22	2009.996622
design	-0.6664	-0.429	2	580	2660	22	2013.015625
detail	-0.6677	0.0218	2	630	2924	19	2011.078886
detection	0.2113	-0.6453	2	687	3946	28	2012.417625
development	0.0074	-0.1959	2	1126	10384	64	2011.773084
diagnosis	-0.7192	-0.0971	4	386	1298	8	2012
diagnostics	0.2532	-0.036	1	618	2844	19	2011.205405
difference	-0.3146	0.0357	2	1052	10014	69	2011.163032
dipole	1.0689	0.3108	1	786	5946	22	2012.531646
dipole pattern	1.0754	0.4209	1	375	1486	5	2012.012658
discharge	-0.1888	-0.0552	2	390	1506	12	2012.354474
discrepancies	-0.5029	-0.1225	2	716	4006	33	2011.321353
displacement	0.2534	-0.1216	1	458	1796	10	2010.607877
distribution	-0.2085	-0.3841	2	1322	21910	153	2010.907306
disturbance	0.7424	0.163	1	431	1500	7	2011.750678
diurnal temperature range	0.3296	-0.9869	2	310	1102	9	2012.03125
divergence	0.2941	0.5722	1	601	2778	12	2010.679372
diversity	-0.568	-0.6249	2	369	1450	14	2013.553494
domains	-0.1286	-0.7177	2	446	1724	13	2011.565217
doubling	-0.9348	0.7105	4	478	2550	22	2011.518868
downscaling	-0.4314	-0.9046	2	582	3250	28	2014.086022
downward longwave radiation	0.1326	1.0925	4	501	2518	12	2012.681818
drift	-0.4877	0.4925	3	782	5392	30	2009.705986
drivers	0.2092	-0.5739	2	871	6290	44	2015.864011
drought	0.3767	-0.9459	2	625	3586	27	2012.975684
drying	-0.0776	-0.945	2	326	1076	11	2013.294737
duration	0.4966	-0.4206	1	862	6142	37	2012.189258
dynamics	-0.044	0.1644	4	1222	15938	102	2012.382241
early 20th century	0.3496	-0.5982	2	358	1300	10	2011.12766
earth	-0.8712	0.0255	2	1347	27906	204	2012.416212
earth model	-0.9933	-0.0627	2	1057	12366	81	2013.043702
earth system	-0.9943	-0.1184	2	1225	20442	147	2015.459227
earth system models	-1.0371	-0.0779	2	1173	17356	122	2016.009881
east	0.8612	-0.0691	1	1212	17168	76	2011.088561
east asia	1.1286	-0.0279	1	741	5790	23	2013.696023
east atlantic	1.065	-0.5994	1	286	1078	7	2012.490909
east siberian sea	0.5187	0.7585	3	360	1356	3	2012.258427
eastern	0.8041	-0.1492	1	583	2686	14	2011.347648
ec-earth	-0.6771	0.5852	3	499	2394	20	2015.433333
echam5	0.2814	-0.4793	2	419	1776	10	2013.175
ecmwf	0.2589	-0.5283	1	865	6354	32	2010.330601
ecmwf model	0.0274	-0.7059	1	320	1216	5	2010.744681
ecosystem	-0.1488	-0.369	2	631	3224	26	2013.530062
eddies	0.5202	0.6594	1	815	6188	31	2009.304565
eddy activity	0.3969	0.658	1	364	1314	6	2009.548387
eddy heat flux	0.6265	0.798	1	364	1422	6	2011.485294
eddy-driven jet	0.6239	0.7437	1	373	1548	11	2014.275
effects	-0.1713	0.3183	4	1455	39922	274	2011.624055
efficiency	-1.0061	0.5779	4	438	1820	12	2012.80663
effort	-0.341	-0.1153	3	437	1552	13	2012.512579
el nino	0.1384	-0.6405	1	975	9002	57	2011.439268
el nino-southern oscillation	-0.0902	-0.6648	1	942	8124	55	2011.537252
elements	-0.4256	-0.3399	2	386	1270	9	2011.89258
elevation	-0.5434	-0.3195	2	358	1146	9	2012.227186
emergence	-0.219	-0.3561	2	622	2908	20	2012.277778
emission scenarios	-0.7575	-0.6529	2	805	6348	48	2013.561404
emissions	-0.888	-0.413	2	1156	16590	142	2013.550741
empirical orthogonal function	1.0473	-0.2483	1	507	2460	10	2009.847087
energy	-0.4039	0.7491	4	1297	24302	154	2011.753532
energy balance	-0.752	0.7547	4	777	5608	39	2012.273256
energy balance model	-1.0098	0.8188	4	447	2360	19	2012.070588
energy budget	-0.4519	0.8612	4	798	6102	35	2012.758621
energy fluxes	-0.2476	0.9411	4	691	4320	24	2012.005128
energy transport	-0.4409	1.0125	4	648	4388	28	2014.380282
enhanced	-0.1099	0.1903	4	582	2400	14	2012.845902
ensemble	-0.5943	-0.4111	2	1371	29334	223	2013.566298
ensemble experiments	-0.5825	0.3	3	394	1412	8	2012.066667
ensemble forecasts	-0.7739	-0.2087	3	387	1664	9	2015.419355
ensemble simulations	-0.3241	-0.749	2	857	7112	52	2013.448529
entity	-0.1825	0.6301	4	378	1328	9	2014.294118
environment	0.1407	-0.3219	1	865	5698	40	2012.515563
environmental	-0.0375	-0.2983	3	716	4010	21	2010.845217
environmental prediction	-0.0374	-0.1634	3	649	3340	15	2008.673469
eof	1.2086	0.011	1	360	1716	8	2009.453216
eof analysis	1.304	-0.1133	1	308	1230	6	2009.975904
equator	-0.4186	0.1242	4	513	2158	16	2007.514563
equilibrium	-1.1182	0.3407	4	724	5540	44	2010.171186
equilibrium climate sensitivity	-1.3249	0.0995	4	427	2238	18	2015.47619
era-20c	0.3498	-0.5157	3	411	1572	9	2017.391304
era-40	0.3999	-0.5357	1	641	3514	22	2009.925532
era-interim	0.2832	-0.0302	3	1210	15548	72	2015.815725
erosion	0.1332	-0.6341	2	390	1526	9	2011.871716
error	-0.5763	-0.2779	3	1054	11728	79	2011.486384
estimate	-0.7872	-0.277	2	801	5372	38	2010.903093
estimation	-0.4822	-0.114	3	518	2254	16	2012.012407
eurasia	1.0301	0.0927	1	1090	15368	74	2012.876384
eurasian arctic	1.1641	0.5134	1	429	1870	10	2011.293651
euro-atlantic	0.7288	-0.3317	1	526	2740	15	2012.095238
europe	0.6683	-0.4964	1	1229	17800	106	2011.79689
european	0.3449	-0.6568	1	932	7376	41	2011.362949
evaluation	-0.6367	-0.5118	2	1073	10978	77	2013.100503
evaporation	-0.299	0.4372	4	772	5106	37	2011.268156
evapotranspiration	-0.2296	-0.8348	2	357	1230	10	2013.497207
events	0.7318	-0.3792	1	1400	36280	197	2012.030986
evolution	-0.2416	0.1337	3	1177	12808	83	2012.05694
exchange	0.1447	0.7521	4	561	2730	19	2010.706601
expansion	-0.298	0.0696	2	701	3668	26	2012.969492
experiments	-0.3588	0.2395	4	1430	42212	274	2011.075205
explanation	0.0433	0.2068	2	652	3156	17	2009.867769
export	0.153	0.688	3	463	1856	9	2011.295396
extension	0.3363	0.146	1	675	3278	15	2010.251641
extent	-0.0782	0.3856	3	1413	37146	216	2011.835219
external forcings	-0.6707	-0.3784	2	496	2292	19	2013.478873
extratropical cyclones	0.7966	-0.097	1	654	4082	19	2013.608696
extratropics	0.1043	-0.1602	1	789	4940	32	2011.27451
extreme	0.7125	-0.6886	1	1239	23922	147	2013.461538
extreme events	0.6467	-0.7381	1	926	8658	54	2013.8
extreme heat	0.3997	-0.942	2	307	1126	7	2015.5
extreme precipitation	0.4601	-0.967	1	717	5122	36	2013.959596
extreme precipitation events	0.5226	-0.9081	1	525	2676	17	2013.829787
extreme weather	0.9146	-0.5137	1	849	8468	46	2015.583942
extreme weather events	0.8364	-0.5753	1	619	3750	20	2015.245902
fall	0.2963	0.3621	3	820	5810	31	2011.228402
features	0.1944	-0.2768	1	1184	13444	81	2010.384646
feedback	-0.6073	0.7127	4	1376	36524	257	2013.003957
fidelity	-0.7858	-0.4385	2	440	1674	12	2012.853659
field	0.0174	-0.1324	3	1324	20248	119	2010.533445
filter	-0.9182	-0.0651	3	301	1214	6	2011.920139
fingerprints	-0.1057	-0.1002	2	414	1624	13	2013.054726
flood	0.3148	-0.8787	2	575	2952	20	2013.016026
flooding	0.5161	-0.885	2	427	1770	10	2012.61745
flow	0.8105	-0.032	1	1102	12444	48	2010.017411
fluctuations	0.1488	0.0842	3	799	4984	34	2009.816514
fluid	-0.6781	-0.7331	2	426	1698	11	2009.934901
fluid dynamics	-0.552	-0.7056	2	445	1744	11	2011.611111
flux	0.0155	0.8129	4	1360	31472	160	2010.974387
flux convergence	0.3444	0.7088	4	484	1922	6	2011.564103
focus	0.2877	-0.2972	3	923	6476	47	2012.93921
forcing	-0.5378	0.2294	4	1455	45866	325	2011.371506
forecast skill	-0.4473	-0.4052	3	652	4216	18	2013.568627
forecasting	-0.1687	-0.4634	3	981	7824	43	2014.057851
forecasts	-0.2754	-0.2816	3	1281	23274	127	2012.850526
formation	0.5639	0.4576	1	938	7358	42	2010.511811
fraction	-0.4379	0.1849	4	973	7532	54	2011.553026
fram strait	0.1243	0.8481	3	495	2178	10	2009.019324
framework	-0.6373	-0.272	2	978	7794	60	2013.208431
freeze up	-0.0688	0.5599	3	334	1264	6	2011.792683
freezing	-0.2373	0.5693	3	404	1540	9	2009.881557
frequency	0.7623	-0.4126	1	1325	26820	145	2011.174374
freshwater	-0.5359	0.134	4	587	2854	20	2011.825688
front	0.6548	0.1642	1	443	1728	7	2009.508357
function	0.1741	-0.293	1	881	6474	43	2010.972155
future	-0.282	-0.5407	2	1266	20230	166	2013.712684
future climate	-0.5767	-0.6038	2	1094	12216	113	2013.848387
future climate projections	-0.6762	-0.4072	2	500	2376	21	2014.658537
future projections	-0.4659	-0.7146	2	728	4942	36	2015.109375
future scenarios	-0.8545	-0.4959	2	355	1390	12	2012.958904
gap	-0.5796	-0.1663	3	407	1410	10	2012.915572
gas	-0.7033	-0.0501	2	1049	11948	89	2012.319686
gas emissions	-0.8645	-0.4535	2	572	3274	29	2014.400901
gases	-0.8054	-0.0751	2	937	8684	63	2012.066763
general	-0.6336	-0.5424	2	555	2786	21	2011.369942
general circulation	-0.255	0.1034	4	1273	22966	138	2009.760621
general circulation model	-0.328	-0.049	2	1341	28578	186	2010.017151
generation	-0.6458	-0.446	2	799	5170	39	2012.050847
geoengineering	-1.0336	0.2409	2	343	1268	10	2014.6
geophysical	-0.4803	-0.7422	2	515	2260	16	2010.732794
geophysical fluid dynamics	-0.5541	-0.7048	2	445	1744	11	2011.210526
geopotential height	0.9792	-0.079	1	952	8614	32	2010.169261
gfdl	-0.8	-0.5605	2	393	1482	10	2012.940299
global	-0.5017	-0.4753	2	1171	13452	101	2012.401509
global circulation	-0.3078	-0.2945	2	383	1260	10	2009.888889
global circulation models	-0.2951	-0.33	2	371	1208	10	2009.695652
global climate	-0.6309	-0.244	2	1325	23616	218	2012.960148
global climate models	-0.5955	-0.4467	2	1176	16022	148	2013.408482
global model	-0.6474	-0.4794	2	553	2444	16	2012.089474
global ocean	-0.9154	0.2288	4	489	2170	14	2012.454839
global scale	-0.3335	-0.7203	2	492	2080	16	2012.819495
global surface temperature	-1.0836	-0.1377	2	408	1752	16	2012.794118
global temperature	-0.8242	-0.0635	2	724	4908	41	2012.932331
global warming	-0.4139	-0.0428	2	739	4820	35	2012.884793
globe	-0.0977	-0.3376	2	771	4760	34	2012.275862
government	-0.3246	-0.5033	3	319	978	6	2014.5
gradient	0.4512	0.5075	1	1097	13704	78	2011.354256
greenhouse	-0.7041	0.0508	2	1248	20920	155	2012.619866
greenhouse effect	-0.6078	0.7413	4	390	1580	9	2008.830769
greenhouse gas	-0.6957	-0.0841	2	1052	12330	93	2013.545016
greenhouse gas concentrations	-0.5621	-0.3884	2	566	3132	23	2012.376238
greenhouse gas emissions	-0.8629	-0.4553	2	572	3274	29	2014.455556
greenhouse gas forcing	-0.7144	0.5292	4	389	1542	10	2012.58
greenhouse gases	-0.855	-0.091	2	947	9152	66	2012.497653
greenland	0.7615	-0.0149	1	1206	17608	92	2011.434214
greenland blocking	1.1528	-0.2519	1	402	1826	10	2015.424242
greenland ice	0.5802	-0.54	1	482	2348	17	2013.011636
greenland ice sheet	0.5662	-0.5406	1	442	1988	14	2013.335324
greenland sea	0.697	0.7105	1	580	3276	15	2005.833811
grid	-0.4787	-0.7652	2	583	3062	21	2011.079167
group	-0.3816	0.1515	3	541	2158	15	2011.722362
growth	0.2343	0.6309	3	878	6774	38	2011.406319
growth rate	0.4718	0.3828	1	347	1274	8	2010.818356
gulf stream	0.7204	0.3362	1	399	1658	7	2009.5
hadcm3	-0.9498	-0.3394	2	332	1224	12	2009.710526
hadley circulation	-0.5216	0.6992	4	349	1340	10	2012.378788
hand	-0.1458	0.1891	4	823	5176	30	2010.96875
hazard	0.2296	-0.885	2	360	1228	10	2012.855072
heat	-0.1654	0.6693	4	1445	49794	300	2011.129975
heat budget	-0.1568	0.8705	4	560	2720	14	2008.665541
heat content	-0.9061	0.3885	4	737	5286	36	2012.877419
heat flux	0.0345	0.94	4	1166	17474	92	2010.709804
heat loss	-0.3658	0.8009	4	339	1290	6	2009.828326
heat storage	-0.4514	0.8719	4	505	2238	15	2012
heat transport	-0.4696	0.876	4	1052	12716	86	2012.027726
heat uptake	-1.0371	0.5992	4	626	3886	28	2014.861111
heat waves	0.5387	-0.8127	2	727	4826	34	2015.045455
heating	0.4087	0.6786	4	863	6828	30	2011.378428
heavy precipitation	0.434	-0.9488	1	440	1868	14	2014.772727
height	0.8672	-0.013	1	1029	10136	43	2010.601343
hemisphere	0.4181	-0.0052	1	1385	32942	191	2010.968158
hiatus	0.408	-0.1563	1	694	4484	25	2016.107692
hierarchy	-0.7119	0.3841	4	379	1518	12	2011.6125
high latitudes	0.0889	0.2526	4	1350	25506	148	2011.932029
high northern latitudes	-0.426	-0.0999	2	696	3920	26	2013.173913
high sea	1.0396	0.3766	1	423	1866	5	2011.047619
high-frequency	0.5582	-0.3816	1	378	1170	4	2011.689759
high-latitude regions	-0.4053	-0.5727	2	361	1200	8	2012.707317
high-pressure	0.9289	0.1011	1	733	4966	19	2012.414729
high-resolution	-0.3147	-0.6922	2	982	8846	61	2012.264879
hindcast	-0.671	-0.2529	3	726	5252	35	2013.59322
historical	-0.4999	-0.7488	2	529	2398	21	2011.854651
historical climate	-0.8415	-0.5639	2	494	2050	19	2014.395833
historical records	0.3304	-0.3996	3	416	1534	9	2011.023529
holocene	-0.2248	0.2819	2	342	1160	12	2010.62959
horizontal resolution	-0.6902	-0.2997	2	679	4060	20	2011.685824
hpa	0.7633	0.0101	1	943	8422	35	2010.355159
human activities	-0.7521	-0.3128	3	474	2046	13	2013.345725
humidity	-0.153	0.4093	4	837	6172	35	2011.561033
hydrological cycle	-0.3205	0.2566	4	722	4746	38	2012.589286
hydrological model	-0.2266	-0.957	2	311	1098	8	2014.325397
hydrology	-0.4293	-0.6322	2	453	1668	14	2013.474126
hypotheses	0.2445	-0.63	2	404	1470	9	2011.496
hypothesis	0.3703	0.1595	1	611	3172	14	2011.082126
ice	-0.011	0.4216	3	1502	117308	709	2011.721291
ice albedo	-0.6439	0.8943	4	830	7238	51	2013.056338
ice circulation	0.8914	0.6988	1	472	2174	10	2008.931507
ice concentration	0.2308	0.5539	3	1248	22530	104	2013.492537
ice conditions	0.2806	0.415	3	937	8296	36	2011.713198
ice cores	0.4782	-0.3306	2	310	1062	9	2010.322795
ice coverage	-0.7564	0.3411	3	548	2774	20	2012.512195
ice distribution	-0.8018	-0.428	3	343	1260	8	2010.592593
ice drift	0.2481	1.0786	3	352	1454	4	2009.019608
ice edge	-0.2739	0.4102	3	514	2608	15	2010.185455
ice extent	-0.0868	0.5195	3	1300	26860	151	2012.764347
ice formation	0.5551	0.4542	3	352	1286	9	2009.892857
ice growth	-0.2208	0.8768	3	475	2214	10	2010.290179
ice hemisphere	0.0721	0.7903	4	355	1314	8	2012.583333
ice loss	0.4967	0.6844	1	1265	24808	143	2014.762324
ice mass	-0.249	0.8825	3	368	1448	8	2012.600478
ice melt	0.1217	0.8795	3	731	4446	19	2012.747368
ice melting	0.2548	0.8635	3	534	2528	12	2011.241071
ice model	-0.7831	0.3352	3	853	7124	45	2011.207143
ice modeling	-0.7392	0.5442	3	327	1460	7	2014.870968
ice predictability	-0.6167	0.3253	3	371	1676	12	2014.736842
ice retreat	-0.0082	0.7929	3	892	7146	47	2013.800752
ice sheet	0.0043	-0.0807	2	719	4568	32	2012.194459
ice surface	-0.4419	0.723	3	805	5564	32	2011.816258
ice surface temperature	-0.7153	0.2846	3	372	1452	7	2011.140845
ice temperature	0.1578	0.6225	3	524	2236	10	2010.902256
ice thickness	-0.5894	0.5264	3	922	10122	54	2011.271053
ice volume	-0.6466	0.565	3	714	5214	31	2012.008571
ice zone	0.0673	0.9466	3	441	2020	10	2011.325359
ice-albedo feedback	-0.6145	0.992	4	680	4880	33	2013.217391
ice-cover	0.0457	0.746	3	1261	21524	123	2011.210019
ice-free	-0.342	0.6637	3	893	8082	57	2013.322981
iceland	0.859	0.0104	1	495	2176	11	2009.361905
identification	0.3863	-0.5388	1	648	3416	20	2011.944837
imbalance	-0.9768	0.5985	4	380	1490	11	2012.174242
impact	0.0964	-0.0691	2	1487	54520	344	2013.206627
implementation	-0.9393	-0.1986	2	416	1462	11	2013.145907
implications	-0.0562	-0.1007	2	1090	11092	79	2011.871583
improvement	-0.7364	-0.2753	3	997	10568	72	2012.529851
inclusion	-0.5343	-0.2563	3	613	2780	20	2010.77907
index	0.7499	-0.4333	1	1089	12128	65	2011.380952
indian ocean	-0.4111	-0.3136	3	500	2316	13	2010.03125
indices	0.3507	-0.5443	1	1125	11470	95	2012.102711
inflow	0.205	0.7463	3	415	1736	12	2009.568182
influence	0.3556	0.1437	1	1378	26944	168	2011.779275
information	-0.3896	-0.4976	3	1060	9590	72	2011.767792
infrared	0.2193	1.0507	4	310	1198	5	2012.41573
infrastructure	-0.3334	-0.7664	2	431	1604	14	2014.216606
initial conditions	-0.6834	-0.2104	3	710	5024	30	2011.614035
initialisation	-1.0217	-0.145	3	359	1638	11	2015.68
initialization	-0.9043	-0.115	3	692	5824	36	2013.963636
inland	0.4719	-0.7949	1	367	1326	7	2012.551282
insight	0.0761	-0.16	2	548	2062	16	2012.936061
insolation	-0.781	0.8957	4	470	2154	18	2010.586826
instability	0.521	0.3849	1	469	1840	12	2009.776848
instrument	-0.813	-0.1625	3	347	1244	9	2011.288956
instrumental records	-0.168	-0.1347	2	356	1292	9	2013.05618
integration	-0.7553	0.2528	3	554	2508	17	2010.47619
intensification	0.7411	-0.0299	1	838	5764	30	2011.672775
intensity	0.6688	-0.3838	1	1106	12360	67	2011.663823
inter-annual variability	0.5251	-0.5388	1	364	1302	6	2012.122807
interactions	0.0555	0.3641	4	1108	11334	70	2011.626733
interannual	0.4106	0.295	3	611	2976	14	2009.011628
interannual variability	0.3464	0.2692	3	1142	13214	70	2010.7663
interannual variations	0.7115	0.3562	1	504	2476	10	2010.739437
intercomparison	-0.8395	-0.341	2	1321	25870	190	2014.488211
interior	0.0798	-0.4128	1	460	1712	13	2010.221733
intermodel spread	-1.1977	0.4977	4	407	1876	15	2014.833333
internal atmospheric variability	0.8934	-0.446	1	338	1338	7	2014
internal climate variability	-0.6954	-0.5027	2	618	3652	32	2014.848485
internal variability	-0.1724	-0.2933	2	1018	11972	84	2013.845528
international	-0.0703	-0.5437	2	330	1080	11	2009.59081
interpolation	-0.5385	-0.2762	3	346	1214	5	2012.42515
interpretation	-0.2908	0.1413	4	566	2452	16	2010.411609
intertropical convergence zone	-0.8947	0.167	4	431	1862	13	2010.952381
introduction	-0.4848	-0.6364	2	268	760	8	2010.370629
intrusion	0.9663	0.5841	1	411	1644	7	2011.398892
inversion	0.0157	0.7264	4	545	2678	12	2010.501809
ipcc	-0.6524	-0.4304	2	781	5266	50	2011.552189
ir	0.9711	0.8078	1	387	1998	2	2010.370968
irradiance	-0.8784	0.0763	2	316	1106	10	2010.337793
island	0.6138	-0.5513	1	483	1982	11	2009.956692
itcz	-0.8618	-0.1077	2	391	1480	10	2009.907692
japan	0.6564	-0.4343	1	435	1718	8	2010.171958
jet	0.8927	-0.0927	1	1110	15918	77	2011.139834
jet stream	1.0451	-0.2672	1	883	8602	36	2012.729927
jra-55	0.4257	-0.3326	3	408	1606	8	2017.595745
kara	0.9438	0.5281	1	810	6736	26	2011.634058
kara seas	1.0762	0.5245	1	983	13092	52	2012.917722
kernel	-0.9755	0.6179	4	340	1288	11	2013.347826
key	-0.4573	0.3015	2	574	2570	14	2013.075472
knowledge	-0.235	0.0438	3	722	3790	31	2012.895394
la nina	0.4045	-0.4697	1	511	2268	14	2011.664474
laboratory	-0.5684	-0.6947	2	498	2102	12	2010.526248
labrador	0.2464	0.4085	1	700	4080	20	2008.853808
labrador sea	0.4511	0.4338	1	641	3526	16	2008.747813
lag	0.3361	0.4747	1	507	2076	10	2010.653179
lagrangian	0.9519	0.1426	1	438	1792	5	2011.144928
lake	1.013	-0.5711	1	378	1388	6	2012.017794
land	-0.4765	-0.3157	2	1367	24428	171	2012.42268
land cover	-0.8295	-0.3174	2	328	1134	7	2013.554795
land surface	-0.5015	-0.5728	2	886	7226	49	2013.553603
land surface model	-0.5957	-0.4957	2	386	1394	7	2014.643836
language	0.0692	0.3337	4	981	8480	49	2018.048117
lapse rate	-0.8659	0.9107	4	544	3934	34	2012.04
large	0.1021	0.4966	3	771	5192	30	2011.479452
large ensemble	-0.2319	-0.2605	2	897	8310	54	2016
large ensemble simulations	0.1261	-0.9715	2	349	1380	10	2016.6875
large-scale	0.6315	-0.0506	1	1342	25726	146	2011.165527
large-scale atmospheric circulation	1.0692	0.2965	1	635	3474	17	2012.778846
large-scale circulation	0.8784	0.0873	1	795	5358	23	2010.523622
late spring	0.0095	0.9024	3	368	1260	5	2010.732026
late summer	0.3127	0.564	3	596	3038	15	2011.54902
latent	0.1103	0.8991	4	743	4818	24	2010.884298
latent heat	0.0479	0.9308	4	813	5986	30	2010.158824
latent heat flux	-0.1053	0.9585	4	643	3486	19	2010.739645
latitude	0.1857	0.1149	4	995	7824	51	2011.054819
layer	-0.3497	0.6219	4	1033	9860	60	2010.321275
lead	-0.083	0.0651	3	997	7424	44	2010.716069
lead time	-0.2985	-0.2905	3	519	2456	12	2014.240964
length	-0.111	-0.5787	2	650	3430	27	2010.5328
levels	-0.4627	-0.5224	2	1029	10154	75	2011.25209
life	0.8292	-0.0117	1	448	1794	8	2011.876747
life cycle	0.8403	0.0748	1	434	1736	7	2011.540698
lifetime	0.8171	0.1693	1	306	912	4	2011.436242
light	0.3492	-0.2016	1	367	1220	8	2011.753582
likelihood	0.2063	-0.9113	2	523	2616	17	2011.660944
limit	-0.758	-0.1943	2	602	2762	20	2010.544865
limitations	-0.535	-0.2723	2	698	3490	26	2012.614846
line	-0.3198	0.2632	3	622	2774	18	2011.363128
linear regression	0.6379	0.0433	1	462	1982	11	2012.840304
linear trend	0.2257	-0.3682	3	673	3816	21	2012.20765
linkage	1.0674	0.2858	1	708	5038	20	2012.484733
links	0.9117	-0.0801	1	700	4030	27	2012.592814
literature	-0.3014	-0.1516	2	656	3036	22	2011.726524
local climate	-0.9635	-0.1989	2	382	1370	14	2012.290698
local scale	-0.2415	-0.962	2	399	1454	10	2013.690476
location	0.472	-0.1937	1	908	6726	39	2010.881081
long-term	0.0491	-0.1916	3	1248	16256	110	2012.366366
long-term changes	0.6659	0.2155	1	450	1724	7	2012.387324
long-term trends	0.1081	-0.4916	3	705	4092	25	2012.589226
longwave	-0.2088	0.9696	4	826	6750	32	2010.941176
longwave radiation	-0.1648	0.9926	4	902	7738	41	2011.647541
loss	0.3153	0.5842	1	1368	33766	200	2013.251087
low latitudes	-0.2729	0.5471	4	641	3578	27	2010.434286
low pressure	0.727	0.1025	1	656	3558	20	2011.422018
low pressure systems	0.6212	-0.08	1	372	1236	7	2012.465517
low resolution	-0.5561	-0.0959	2	389	1432	9	2013.349398
low temperatures	1.1865	-0.3972	1	409	1806	7	2011.076759
low-frequency variability	0.219	0.433	3	374	1320	7	2008.596491
magnitude	-0.2099	-0.1659	2	1347	22998	165	2011.364091
management	-0.122	-0.7813	2	511	1990	17	2013.088766
map	0.584	-0.5255	1	885	7372	38	2011.727201
mapping	-0.3089	-0.8165	2	330	1138	11	2012.226667
margin	0.4528	0.5763	3	414	1450	7	2010.972504
marginal ice	0.1908	0.9002	3	480	2168	11	2011.113924
marginal ice zone	0.1416	0.9543	3	442	1936	11	2011.202899
marginal seas	0.6639	0.5566	3	517	2482	14	2011.022222
marine	-0.2912	-0.3472	3	497	2206	18	2012.020366
maritime	0.1233	-0.3092	3	458	1754	8	2011.981865
mass	0.3237	0.291	1	1037	9632	52	2010.941993
mass balance	-0.0043	-0.151	3	471	2098	13	2012.104996
maximum	0.0654	-0.4454	2	1051	9538	66	2010.287843
maximum temperature	0.3897	-1.0495	2	509	2862	21	2011.316832
mean	-0.2812	-0.15	2	1437	36504	258	2010.953636
mean state	-0.1871	0.0701	3	405	1392	10	2013.567164
mean surface temperature	-0.9785	0.0567	2	655	3868	34	2012.704918
mean temperature	-0.7887	-0.3667	2	620	3396	27	2010.841667
measurements	-0.1742	-0.035	3	986	8364	46	2010.932763
mechanisms	0.4139	0.4715	1	1364	28000	157	2011.610479
mediterranean	0.3359	-0.6929	1	662	3698	23	2009.594488
melt	0.0108	0.7206	3	1030	11390	64	2013.146853
melt onset	-0.0228	0.6609	3	432	1824	10	2014.384615
melt season	-0.1996	0.5539	3	672	4656	28	2013.926984
melting	0.0653	0.5692	3	872	6310	35	2012.110283
memory	-0.1443	0.3966	3	589	3102	18	2012.1
meridional circulation	-0.7348	0.3941	4	739	4818	32	2011.967742
meridional overturning	-1.1945	0.1251	4	584	3554	25	2014.108635
meridional overturning circulation	-1.2062	0.1424	4	552	3282	23	2014.37574
meridional temperature gradient	0.4914	0.6494	1	553	2930	16	2012.119403
merra	0.2421	-0.2139	3	506	2330	11	2014.859375
meteorological	0.1477	-0.6682	2	922	6776	42	2009.80117
meteorological stations	0.625	-0.8785	1	411	2096	14	2012.914474
method	-0.2866	-0.3082	3	1334	23580	176	2012.144788
methodology	-0.5898	-0.5861	2	597	3040	24	2012.912525
metrics	-0.4016	-0.4476	2	862	6524	42	2015.541833
microwave	-0.2852	0.1802	3	475	2070	9	2009.844327
mid-latitude weather	1.2048	-0.2418	1	318	1406	11	2016.529412
mid-latitudes	0.6839	0.122	1	1318	27712	144	2012.022549
middle latitudes	0.7918	0.6968	1	467	2220	12	2010.535294
midlatitude circulation	1.1151	0.417	1	491	2864	14	2014
midlatitude weather	1.1266	0.079	1	476	2482	10	2016.321429
migration	0.1022	-0.2424	2	433	1488	9	2011.023474
minimum	0.1849	0.3077	3	911	6718	39	2009.779051
minimum temperature	0.3105	-1.044	2	576	3464	23	2010.516667
mitigation	-1.0463	-0.4827	2	595	3856	37	2014.985849
mixing	-0.0904	0.8431	4	410	1566	9	2009.902919
mode	0.5147	-0.1323	1	1158	14950	81	2010.915266
model	-0.4109	-0.0026	2	1502	142944	1067	2011.651901
model biases	-0.8235	-0.1764	2	800	5584	37	2014.04321
model development	-1.0816	-0.0816	2	383	1492	13	2012.987805
model ensemble	-0.5862	-0.714	2	906	7436	61	2014.22069
model errors	-0.851	-0.0414	3	382	1428	9	2011.836957
model evaluation	-0.612	-0.5317	2	550	2668	16	2014.933824
model experiment	-0.3537	0.6844	3	420	1596	8	2013.717391
model forecasts	-0.6153	-0.1169	3	562	2762	14	2012.12
model ice	-0.7625	0.4188	3	394	1438	6	2010.963788
model intercomparison	-0.8936	-0.3402	2	1283	24184	182	2014.817568
model performance	-0.8683	-0.578	2	605	3444	26	2013.384236
model resolution	-0.5291	-0.5154	2	622	3672	19	2011.979058
model sensitivity	-0.474	0.5265	4	386	1502	11	2011.938776
model simulations	-0.2843	-0.1016	2	1273	19046	149	2012.477137
model skill	-0.5444	-0.2942	3	331	1260	9	2012.573529
model study	-0.1783	-0.1919	2	441	1562	11	2010.668478
model uncertainty	-0.9979	-0.3283	2	421	1530	11	2014.721311
modeling	-0.5717	-0.1886	2	1155	13250	87	2012.080047
modulation	0.6755	0.0516	1	634	3296	15	2010.980114
moistening	-0.4553	0.7095	4	350	1210	7	2013.083333
moisture	0.4757	0.1479	1	1261	19728	108	2012.602086
moisture flux	0.5497	0.5204	1	646	3620	17	2012.666667
moisture sources	0.8114	-0.1252	1	316	1450	8	2012.52381
moisture transport	0.5583	0.4431	1	859	6758	33	2013.549618
momentum	0.534	0.6678	1	411	1582	9	2008.74186
monitoring	0.0191	-0.3193	3	460	1784	14	2012.828676
monsoon	0.4007	-0.5618	1	734	4802	33	2012.152749
motion	0.6769	0.3216	1	504	2072	6	2009.832335
mountains	0.7377	-0.3827	1	681	3408	16	2011.617276
movement	1.1384	0.1705	1	367	1494	5	2009.813333
multi-model	-0.5903	-0.8754	2	668	4240	31	2014.425
multi-model ensemble	-0.6525	-0.8228	2	555	3028	24	2014.553571
multidecadal oscillation	0.8833	-0.593	1	678	4774	28	2014.697531
multidecadal variability	0.0768	0.0527	4	553	2874	17	2013.051852
multimodel	-0.9119	-0.3655	2	698	4948	43	2014.835938
multivariate	0.2171	-0.609	3	386	1438	9	2013.099057
nao	0.9738	-0.2188	1	997	10888	53	2010.288076
nao index	1.0768	-0.5153	1	348	1352	8	2008.017143
nao pattern	1.0711	-0.0874	1	329	1226	5	2009.5
nasa	-0.391	-0.2602	3	538	2230	14	2012.319489
national	-0.2745	-0.4175	3	973	8072	51	2010.195652
natural climate variability	-0.0911	-0.5708	2	466	1994	18	2012.62963
natural variability	0.0393	-0.3845	2	865	5928	49	2011.995781
nature	-0.0353	0.3896	4	791	4314	26	2010.788145
navigation	-0.3776	-0.5782	3	309	1194	7	2014.113636
ncar	-0.8038	0.1319	4	603	3082	19	2009.302326
ncep	-0.1643	-0.2352	3	630	3302	15	2009.805085
ncep-ncar	0.6457	0.1252	1	432	1540	7	2008.246575
near surface air temperature	-0.1207	-0.0589	3	533	2360	11	2012.6
near-surface	-0.0385	0.0445	3	1066	10054	52	2011.177419
near-surface air temperature	-0.2107	0.0012	3	379	1376	6	2013.447368
negative correlation	0.8859	-0.6269	1	282	1074	7	2012.188235
negative feedback	0.1144	0.9628	4	500	2264	13	2011.92562
net	-0.2779	0.7818	4	333	1116	5	2010.964126
network	0.0292	-0.4219	3	726	3866	21	2012.964962
noaa	-0.5908	-0.7453	3	355	1348	12	2008.907609
noise	-0.4038	-0.5538	2	418	1616	13	2011.653631
nonlinear	0.3134	0.2459	1	505	2214	17	2011.880282
nordic	-0.1412	0.7456	3	617	3240	15	2010.496583
nordic seas	-0.0885	0.7821	3	544	2630	12	2010.261658
north	0.5992	-0.1421	1	1485	68200	380	2010.374238
north america	0.7932	-0.4507	1	1196	19888	112	2011.532207
north american	0.838	-0.5378	1	786	5486	33	2010.662844
north atlantic	0.6205	0.0104	1	1410	40906	226	2010.017846
north atlantic ocean	-0.2503	0.3448	4	646	3746	25	2009.960733
north atlantic oscillation	1.0497	0.0036	1	1128	16384	81	2010.430401
north atlantic region	0.8672	-0.3468	1	412	1630	7	2010.5
north atlantic sst	0.6079	-0.0437	1	387	1530	7	2011.040816
north pacific	0.7231	-0.0819	1	1104	12694	60	2010.653333
north pole	0.8131	0.2797	1	405	1532	5	2010.25
northern	0.435	-0.2537	1	1415	36314	216	2011.106605
northern eurasia	1.0481	-0.1779	1	390	1644	7	2013.520833
northern hemisphere	0.5196	-0.1622	1	1363	30308	172	2010.714878
northern hemisphere winter	0.9024	-0.4394	1	596	3448	15	2010.147059
northern latitudes	-0.3772	-0.0843	2	555	2608	19	2011.839378
northern sea route	-0.308	-0.5128	3	287	1154	9	2015.28
northwest	0.3432	-0.5616	1	524	2414	17	2011.701835
norway	0.3207	-0.7604	2	353	1170	7	2011.264414
norwegian	0.5498	0.0567	1	590	2788	10	2008.200426
nudging	-0.6693	-0.1277	3	454	1830	10	2012.457143
numerical	0.5786	0.4406	1	375	1444	8	2009.72
numerical experiments	0.3658	0.2189	1	561	2552	13	2010.004255
numerical simulations	0.1597	0.0286	3	376	1306	3	2012.214493
numerical weather prediction	-0.3787	-0.4421	3	378	1534	6	2012.239437
nwp	-0.3091	-0.6778	3	297	1066	7	2013.142857
objective	0.1447	-0.3574	2	443	1488	8	2011.917647
observational	0.5885	0.2455	1	602	2782	13	2011.533742
observational data	0.1715	-0.4356	3	871	6098	36	2011.486413
observations	-0.2567	-0.2186	3	1460	48262	324	2011.448164
observing system	-0.4303	-0.2512	3	449	1858	11	2013.706667
occurrence	0.8528	-0.4581	1	1146	15450	78	2011.803551
ocean	-0.3386	0.3825	4	1495	72514	458	2010.965167
ocean basins	0.2866	0.0488	1	405	1474	4	2010.322222
ocean circulation	-0.7458	0.2655	4	811	5482	33	2010.55339
ocean climate	-0.7662	0.405	4	585	2746	24	2011.955932
ocean data	-0.528	-0.223	3	379	1472	8	2010.227273
ocean dynamics	-0.8905	0.5188	4	432	1850	10	2012.736842
ocean general circulation	-1.03	0.0582	4	571	2854	20	2009.590164
ocean general circulation model	-0.9951	0.0839	4	426	1692	12	2009.438053
ocean heat	-0.8062	0.6581	4	1047	13258	96	2013.347917
ocean heat content	-0.9541	0.3442	4	657	4072	26	2014.3875
ocean heat flux	-0.1878	1.0558	4	432	1686	11	2011.095745
ocean heat transport	-0.5181	0.9043	4	806	6746	45	2014.265306
ocean heat uptake	-1.0668	0.5578	4	552	3034	23	2014.840909
ocean model	-0.8337	0.2194	4	898	7388	53	2010.792558
ocean modelling	-0.697	0.3484	3	423	1882	11	2012.842975
ocean response	-0.7673	0.6088	4	450	1824	11	2010.018182
ocean surface	-0.5992	0.5176	4	783	5244	31	2011.97351
ocean temperature	-0.4958	0.1688	3	742	4390	30	2012.187952
ocean variability	0.6395	0.0632	1	376	1282	8	2011.174888
ocean warming	-0.5407	0.5676	4	552	2688	20	2013.496894
okhotsk	0.8756	0.3663	1	479	2254	7	2010.130719
onset	0.1588	0.3607	3	870	5886	31	2011.400894
open ocean	-0.3553	0.5221	3	387	1298	8	2011.015873
open water	-0.1001	0.6847	3	669	4050	24	2011.389671
opening	0.0312	1.139	3	340	1410	9	2010.741722
operation	-0.2667	-0.5982	3	345	1260	5	2012.715909
order	-0.3078	-0.0561	2	1128	11234	77	2010.598046
origin	0.3751	-0.0722	1	738	4310	26	2010.187679
orography	0.2629	-0.4181	1	419	1600	12	2009.057143
oscillation	0.8034	-0.1942	1	1383	37584	203	2010.801829
outbreaks	1.1416	-0.1977	1	481	2216	8	2011.853659
outlook	-0.5276	-0.5283	3	335	1274	10	2014.875
overturning	-0.9827	0.1805	4	709	4634	33	2012.406393
overturning circulation	-1.0652	0.1869	4	675	4340	31	2013.703911
ozone	-0.6527	0.0111	2	613	3164	23	2010.865415
pacific	0.5351	-0.0961	1	1411	35886	181	2010.950879
pacific arctic	0.6304	0.258	1	543	2222	8	2014.617188
pacific decadal	0.485	-0.5546	1	710	4740	32	2012.792717
pacific decadal oscillation	0.5102	-0.5939	1	687	4492	31	2012.919403
pacific north america	0.9976	-0.2205	1	414	1680	4	2010.959596
pacific north american	0.9433	-0.6064	1	441	1982	10	2010.584615
pacific ocean	0.3821	-0.2996	1	808	4906	25	2010.089431
pacific sector	0.5438	0.7828	3	588	3012	12	2010.587571
pack	0.19	0.9568	3	417	1756	7	2009.298805
pack ice	0.2164	0.9339	3	388	1540	7	2008.853081
panel	-0.4965	-0.5052	2	623	3422	34	2011.552419
parameterization	-0.8258	-0.0508	2	718	4214	32	2011.336207
parameters	-0.6642	-0.0245	2	1089	10380	73	2010.962104
paris agreement	-0.9278	-0.6511	2	350	1490	13	2017.83871
part	-0.0742	-0.1685	2	1286	17890	118	2010.410034
passive microwave	-0.2015	0.2544	3	371	1428	6	2009.005714
past	-0.2508	-0.3831	2	577	2800	19	2012.316703
past climate	-0.2712	-0.3299	2	353	1156	11	2012.666667
pathways	-0.2367	-0.4737	2	1109	12272	84	2013.213274
patterns	0.5021	-0.0703	1	1492	65690	378	2011.236066
pdo	0.6	-0.4655	1	618	3346	25	2012.991071
peninsula	0.5965	-0.5323	1	503	2038	9	2011.596904
perfect model	-1.015	-0.0896	3	393	1952	14	2016.142857
performance	-0.7101	-0.5041	2	1019	10354	76	2013.489921
period	0.2232	-0.2828	3	1470	45534	262	2011.210316
permafrost	-0.6053	-0.6583	2	533	2568	22	2012.799678
persistence	0.4914	-0.0195	3	1030	10286	51	2012.073254
perspective	0.5237	-0.0123	1	800	4974	33	2012.901235
perturbations	-0.6	0.6131	4	827	6180	42	2010.583086
phase	0.1815	-0.0106	1	1390	35044	210	2011.300144
phenomena	0.4411	-0.1887	1	632	3130	21	2011
physical mechanisms	0.3405	0.6825	4	576	2596	12	2011.84
physical meteorology and climatology	-0.2915	0.6318	4	421	1646	10	2015.611111
physical processes	-0.0183	0.0932	4	807	4832	28	2012.057576
physics	-0.6423	0.0235	2	726	4200	31	2011.674359
place	0.067	-0.1598	2	528	1996	14	2009.958042
planetary scale	1.032	0.5152	1	414	1882	8	2013.7125
planetary waves	1.0674	0.3433	1	642	4484	18	2011.019886
planning	-0.4477	-0.4166	3	413	1560	14	2013.468421
plateau	0.7059	-0.5	1	563	2624	17	2012.169659
play	-0.5331	0.2962	4	392	1386	8	2012.752809
pna	0.7605	-0.6803	1	390	1564	7	2009.758824
polar	0.0303	0.2417	4	1099	11188	70	2011.082686
polar amplification	-0.6846	0.7353	4	813	6954	54	2013.918605
polar climate	-0.6361	0.5531	4	406	1500	14	2012.2
polar jet	1.082	-0.2489	1	479	2204	8	2012.492063
polar jet stream	1.1047	-0.2397	1	391	1612	6	2014.291667
polar regions	-0.288	0.0489	4	945	6780	40	2011.606775
polar vortex	1.0367	0.417	1	792	7214	30	2012.166118
pole	0.4524	0.235	1	735	3816	15	2010.226221
poleward	0.1391	0.7028	4	1073	11738	70	2010.827273
poleward energy transport	-0.6649	0.7667	4	312	1180	10	2014.285714
poleward moisture transport	0.4839	0.4536	1	361	1372	7	2013.842105
poleward shift	0.2293	0.2069	1	395	1588	8	2013.262295
policy	-0.7986	-0.6761	2	483	2316	22	2014.121693
population	-0.0851	-0.8093	2	331	1106	10	2011.362024
position	0.5115	-0.0043	1	753	4828	23	2010.689373
positive feedback	-0.0114	0.8556	4	596	2866	14	2012.122034
positive trend	0.6818	0.2216	1	539	2470	13	2012.22335
potential	-0.2411	-0.1756	3	1029	8242	56	2012.784435
potential predictability	-0.305	0.1313	3	523	2676	20	2012.2375
potential temperature	0.6681	0.2752	1	341	1114	6	2007.691099
potential vorticity	0.9689	0.2649	1	428	1748	3	2008.589286
precipitable water	0.6346	0.4354	1	399	1566	6	2008.340909
precipitation	-0.0076	-0.6809	2	1418	42794	304	2012.247478
precipitation anomalies	0.7464	-0.7131	1	351	1252	6	2012.5625
precipitation change	-0.3733	-0.7744	2	466	1810	14	2013.714286
precipitation events	0.3428	-0.9581	1	695	5044	35	2012.820513
precipitation trends	-0.0331	-0.8794	2	370	1372	11	2013.058824
precipitation variability	0.2276	-0.8873	2	422	1510	10	2011.4
predictability	-0.2383	0.0269	3	1088	14368	90	2013.231855
prediction	-0.4386	-0.1195	3	1353	28002	189	2012.073267
prediction skill	-0.6395	-0.1381	3	803	7256	46	2014.662577
predictive	-0.8793	-0.2124	3	372	1558	13	2012.616667
predictive models	-0.6011	-0.2849	3	472	1966	12	2012.813084
predictors	0.1767	-0.2062	3	548	2670	10	2013.270142
present	-0.0245	-0.6261	2	382	1288	9	2011.176606
present climate	-0.32	-0.7338	2	420	1580	18	2011.438356
present day	-0.6629	-0.5449	2	880	7168	63	2011.295673
pressure	0.706	-0.189	1	1362	27922	151	2010.477108
pressure anomalies	0.9531	0.0903	1	393	1340	6	2010.023077
principal components	0.968	-0.1409	1	350	1246	8	2010.402597
principle	-0.7866	0.5083	4	345	1200	10	2010.684211
probability	0.2076	-0.8996	2	832	6768	47	2011.876866
probability distribution	-0.2763	-1.0921	2	420	1708	12	2012.010101
processes	-0.2156	0.2635	4	1417	32062	203	2011.967406
production	-0.1644	-0.408	2	607	2600	16	2011.637878
profiles	-0.181	0.5069	4	735	4208	25	2010.526606
progress	-0.2864	-0.158	4	670	3260	27	2012.411765
project	-0.7387	-0.4439	2	1372	31680	233	2012.453668
projection	-0.5554	-0.5453	2	1347	29020	246	2014.197635
propagation	0.9889	0.465	1	707	4932	26	2010.734739
properties	-0.3368	0.0113	2	840	5138	40	2011.071907
prospects	-0.6225	0.1354	3	439	1700	11	2012.401575
protocol	-0.9921	-0.0501	2	457	2006	15	2014.140541
proxy	0.0302	-0.278	2	412	1694	13	2013.127907
quality	-0.3771	-0.5852	3	754	4638	28	2012.741898
quantification	-0.8521	0.3584	4	434	1710	15	2013.40625
quasi stationary	1.1846	0.1463	1	465	2100	7	2010.575758
radiation	-0.242	0.8298	4	1246	20910	116	2011.331925
radiation budget	-0.9839	0.6475	4	349	1366	12	2009.443609
radiative	-0.7245	0.5996	4	859	6716	52	2011.175287
radiative effect	-0.5374	0.8648	4	392	1492	10	2013.5
radiative feedbacks	-0.8583	0.8777	4	535	3072	24	2014.04878
radiative fluxes	-0.3816	0.7051	4	576	2706	14	2011.190184
radiative forcing	-0.9552	0.3597	4	556	2934	25	2012.94697
radiative kernels	-1.0067	0.7427	4	397	1844	15	2015.277778
radiosonde	0.2537	0.2174	3	501	2338	6	2011.151685
radiosonde observations	0.3741	-0.1214	3	312	1128	1	2011.347826
rain	-0.03	-0.7069	2	425	1574	13	2011.945455
rainfall	-0.0302	-0.7216	2	942	7550	52	2011.97561
range	-0.3949	-0.405	2	1270	18354	146	2011.410547
rapid	0.326	0.5027	3	578	2546	15	2012.463023
rapid decline	0.7689	0.9759	3	316	1170	6	2013.709677
rates	-0.0078	0.1223	2	923	6576	48	2011.494306
ratio	-0.5043	-0.2028	2	780	4956	38	2010.925387
rcp	-0.7838	-0.6545	2	889	8018	60	2016.081081
rcp scenarios	-0.8342	-0.7339	2	377	1518	11	2016
rcp2.6	-1.0561	-0.7434	2	332	1554	12	2016.660377
rcp4.5	-0.7461	-0.6846	2	688	4340	33	2016.159664
rcp8.5	-0.6222	-0.6549	2	904	8102	59	2016.429293
real-time	-0.6981	-0.5181	3	337	1254	4	2012.398907
reanalyses	-9e-04	-0.1898	3	1064	11144	58	2013.477477
reanalysis	0.3868	-0.0566	1	1431	37692	198	2012.860412
reanalysis data	0.5043	0.1289	1	1219	16048	75	2013.062413
reanalysis products	0.4481	-0.1258	1	600	2902	19	2014.317073
reason	0.1284	0.3917	3	608	3042	16	2011.71371
recent	0.6903	-0.0067	1	1023	9644	57	2011.804991
reconstruction	-0.3029	-0.0096	3	684	3776	24	2012.728025
record	0.2669	-0.1786	3	1195	14554	93	2011.508365
recovery	-0.4192	0.484	3	489	1972	14	2012.7654
reduction	0.0894	0.5041	4	1328	24698	147	2012.202875
regime	0.4731	-0.3653	1	955	7878	43	2010.768478
region	0.2494	-0.1732	1	1499	82198	504	2011.608772
regional	-0.1217	-0.5368	2	913	6800	55	2012.480198
regional climate	-0.2204	-0.7451	2	1177	15022	140	2013.123404
regional climate change	-0.6796	-0.8647	2	308	1056	10	2014.2
regional climate model	-0.0551	-0.731	2	869	7802	73	2013.665714
regional differences	-0.2242	0.0122	3	543	2228	14	2012.228758
regional model	-0.2873	-0.2942	2	415	1530	12	2011.733333
regional scale	-0.1289	-0.766	2	591	2610	20	2012.592334
regression	0.4877	-2e-04	1	930	7976	47	2011.924945
regression analysis	0.678	0.2336	1	451	1736	9	2012.005714
regression model	0.338	-0.3586	3	459	2050	13	2012.350785
relationship	0.5361	0.1138	1	1352	24382	137	2011.52721
relative contributions	0.2915	1.0626	4	379	1400	7	2012.530435
relative humidity	-0.6771	0.3586	4	337	1216	9	2011.380645
relative importance	-0.7636	0.541	4	334	1132	8	2010.879562
relaxation	0.4117	-0.1846	1	365	1532	10	2009.702128
release	-0.1535	0.8222	4	726	4106	22	2012.712924
reliability	-0.4193	-0.7393	3	530	2450	21	2012.402116
remote	0.0672	-0.0265	3	506	1966	9	2012.899032
removal	-0.8322	0.2532	2	412	1510	12	2011.470833
representation	-0.7075	-0.1833	2	1109	12726	86	2013.246886
res	0.0799	0.2377	3	858	5722	41	2010.48537
research	-0.1174	-0.462	2	1332	22122	140	2012.25614
research community	-0.8649	-0.2106	2	385	1558	11	2012.403226
resolution	-0.4902	-0.5217	2	1180	16576	117	2011.918993
resources	-0.3177	-0.8163	2	583	2856	23	2013.251701
response	-0.2865	0.4201	4	1455	55296	374	2012.161066
response model	-0.5389	-0.1391	2	380	1452	10	2010.820513
response surface	-0.1976	0.9268	4	571	2922	16	2012.773585
rest	-0.5366	0.3874	4	503	2064	14	2011.1893
retreat	0.0321	0.7518	3	1003	9332	60	2012.69985
retrieval	-0.4345	0.5144	3	312	1168	4	2011.428846
retrospective	-0.2738	-0.0553	3	379	1448	7	2014.375
retrospective analysis	-0.0837	-0.2503	3	454	1936	11	2014.914894
reversal	0.1961	0.0856	1	457	1674	9	2011.354497
ridge	1.1047	-0.2111	1	600	3470	14	2008.953586
risk	0.0164	-0.8608	2	906	7054	52	2014.229167
river	0.3546	-0.5586	1	968	8226	44	2011.920886
robustness	-0.153	-0.5777	2	827	5212	39	2013.84141
role	0.2339	0.4057	4	1433	37514	220	2012.568357
root	-0.3722	-0.6029	3	376	1364	11	2012.083538
root mean square error	-0.4716	-0.3093	3	356	1184	7	2014.467391
rossby	0.947	0.2237	1	859	6866	31	2010.884413
rossby wave train	0.9783	0.3459	1	446	2002	8	2014.191919
rossby waves	1.0634	0.1901	1	804	6510	28	2011.729614
royal	0.458	-0.9081	1	419	1844	11	2007.399225
runoff	-0.2535	-0.7609	2	454	1806	15	2012.212743
russia	0.7202	-0.5727	1	653	3858	27	2012.192015
russian	0.0794	-0.7188	2	414	1528	13	2010.807018
saf	-1.0033	0.4035	4	318	1292	12	2008.482143
salinity	-0.9159	0.0708	3	684	4494	31	2009.248247
satellite	-0.18	0.2813	3	1062	11142	58	2011.755822
satellite data	-0.3583	0.0896	3	569	2768	16	2011.686028
satellite era	0.2135	0.42	3	556	2670	15	2014.240964
satellite observations	-0.3279	0.4656	3	725	4274	23	2012.973832
scale	-0.075	-0.2881	2	1425	28840	194	2011.804989
scaling	-0.5491	-0.5328	2	467	1962	15	2011.411765
scandinavia	0.0304	-0.8617	2	316	1054	7	2009.753425
scandinavian	0.9757	-0.2941	1	380	1404	3	2011.19697
scenarios	-0.69	-0.5149	2	1289	25520	205	2012.882212
science	-0.3909	-0.4305	2	667	3430	29	2005.441336
sea	0.0802	0.3179	3	1502	136536	813	2010.929745
sea ice	-0.0373	0.4066	3	1502	122896	748	2012.341204
sea ice albedo	-0.5707	0.8049	4	576	3050	20	2012.983051
sea ice anomalies	0.8051	0.6198	1	740	5958	27	2011.598214
sea ice area	-0.3831	0.5655	3	980	9508	57	2013.829787
sea ice change	-0.0948	0.8736	3	446	1896	11	2014.511111
sea ice changes	0.3546	0.7019	1	784	5588	34	2014.34188
sea ice concentration	0.3025	0.519	3	1224	20884	98	2014.074
sea ice conditions	0.3064	0.2566	3	863	6834	30	2012.497942
sea ice cover	0.1409	0.7851	3	1197	17250	98	2012.742173
sea ice coverage	-0.7683	0.2952	3	527	2512	18	2013.327586
sea ice data	-0.1925	0.5349	3	423	1792	9	2011.197368
sea ice decline	0.6882	0.6987	1	947	9550	48	2015.847826
sea ice distribution	-0.7967	-0.4492	3	334	1206	8	2010.789474
sea ice edge	-0.3774	0.155	3	379	1552	9	2012.476744
sea ice extent	-0.0588	0.4994	3	1296	25716	144	2013.195775
sea ice feedback	-0.7135	0.9492	4	443	2018	15	2013.5
sea ice growth	-0.2646	0.8259	3	376	1370	5	2012.772152
sea ice impacts	0.2379	0.4637	4	373	1474	8	2016.521739
sea ice loss	0.5304	0.6983	1	1250	23694	137	2015.52349
sea ice melt	0.1469	0.8254	3	603	2912	13	2013.874074
sea ice melting	0.2771	0.7933	3	447	1772	8	2014.061224
sea ice minimum	0.4019	0.8102	3	350	1368	6	2014.2
sea ice model	-0.7672	0.3036	3	885	7674	48	2011.770171
sea ice predictability	-0.6796	0.1649	3	560	3904	23	2015.704545
sea ice reduction	0.6685	0.8085	1	791	6496	30	2014.333333
sea ice retreat	0.0259	0.7682	3	836	6074	38	2014.660606
sea ice snow	-0.5686	0.4073	3	494	2216	15	2012.409091
sea ice surface	-0.6078	0.6271	3	617	3238	20	2012.084967
sea ice temperature	0.1066	0.5279	3	463	1742	8	2011.208333
sea ice thickness	-0.6349	0.4759	3	865	8652	46	2013.572289
sea ice trends	-0.8786	0.2962	3	415	1798	13	2015.126761
sea ice variability	0.5704	0.8084	3	849	7008	32	2013.147059
sea interaction	-0.2409	0.3153	4	364	1292	8	2010.461538
sea level	0.4922	-0.2495	1	1275	20908	127	2011.153319
sea level pressure	0.7568	-0.1535	1	1186	17394	100	2009.567201
sea level rise	-0.85	-0.4054	2	420	2100	21	2012.696243
sea surface	-0.0095	-0.0602	1	1419	39106	227	2011.29989
sea surface temperature	0.002	-0.0265	1	1425	40660	231	2011.542882
season	0.1353	-0.0999	3	1457	42100	256	2012.178114
seasonal climate	-0.3441	-0.54	3	345	1226	12	2012.845361
seasonal cycle	-0.3722	0.3659	4	854	6182	40	2011.135957
seasonal forecasts	-0.3668	-0.2392	3	627	3822	18	2015.371681
seasonal ice	-0.1623	0.7253	3	618	3452	20	2012.547486
seasonal predictability	-0.079	0.1512	3	366	1438	7	2013.309524
seasonal prediction	-0.4932	-0.1865	3	741	5722	32	2015.21831
seasonal sea ice	-0.479	0.5465	3	487	2056	8	2014.051471
seasonal variability	0.2864	-0.4438	2	478	1788	8	2011.582043
seasonal variation	-0.4828	0.1891	4	539	2358	16	2011.013917
selection	-0.6448	-0.6919	2	332	1202	11	2012.335938
self-organizing map	0.7946	-0.271	1	652	4044	19	2014.61745
sensible heat	0.2654	0.9836	4	471	2020	14	2010.128205
sensible heat flux	0.384	1.01	4	362	1402	9	2010.732283
sensitivity	-0.8152	0.2627	4	1279	22624	160	2012.152936
sensitivity experiments	-0.4327	0.455	4	705	3810	18	2012.352273
sensors	-0.2423	-0.4238	3	421	1516	9	2011.517949
september arctic sea ice	-0.1275	0.7146	3	506	2906	19	2014.878788
series	0.3653	-0.3037	1	1138	12874	71	2010.601012
service	-0.3313	-0.682	3	408	1412	10	2013.140288
severity	0.4949	-0.7372	2	489	2168	15	2012.643617
sh	0.6762	-0.1328	1	451	1780	7	2012.506667
shape	0.2697	-0.3029	1	378	1238	7	2010.573529
shift	0.4115	0.0073	1	1287	20984	129	2012.333333
shipping	-0.3576	-0.5625	3	421	2052	16	2015.439024
short-term	-0.2381	0.1795	3	473	1708	10	2012.055432
shortwave	-0.3974	0.9444	4	629	3306	16	2011.441558
shortwave radiation	-0.1618	0.9589	4	501	2182	9	2012.5
siberia	0.8789	0.04	1	930	8290	36	2012.538153
siberian	0.8804	0.4163	1	1001	10696	39	2012.301282
siberian arctic	0.9923	0.3944	1	411	1694	6	2013.052288
siberian high	1.1728	0.2709	1	379	1584	7	2012.224138
signal	0.1599	-0.2804	2	1131	13546	95	2011.038817
significance	0.1117	-0.1254	3	665	3344	18	2011.019928
similarity	-0.7767	-0.1347	3	346	1110	9	2011.516971
simulation model	-0.8354	0.204	2	465	1912	13	2010.530973
simulations	-0.4727	-0.0654	2	1485	69728	535	2012.277903
sites	0.1377	-0.5089	2	532	2088	13	2011.507274
size	-0.3098	-0.6594	2	689	3774	28	2010.965923
skill	-0.5133	-0.3497	3	1143	17800	113	2013.67325
skill score	-0.8156	-0.5796	3	373	1558	12	2013.71875
slope	0.0295	-0.717	2	438	1768	13	2010.341082
snow	-0.2574	0.0431	3	1063	12164	77	2012.043528
snow albedo	-0.9909	0.148	4	353	1514	12	2013.479592
snow cover	0.186	-0.3032	1	699	4604	29	2011.871212
snow depth	-0.0735	-0.3923	3	507	2234	11	2013.175439
snow surface	-0.8869	0.496	4	409	1750	12	2011.761905
snow-albedo feedback	-1.0906	0.1351	4	263	1046	8	2013.96
snow/ice	-0.5385	0.33	3	541	2506	18	2012.216867
snowfall	0.496	0.0837	1	572	2844	11	2012.353474
snowmelt	-0.3631	-0.422	2	448	1780	11	2012.207317
snowpack	-0.0061	-0.657	2	456	1700	12	2013.287234
society	0.4669	-0.85	1	719	4568	34	2010.520354
soil	-0.3774	-0.5641	2	805	5656	40	2012.887856
soil moisture	-0.2042	-0.6455	2	638	3612	24	2013.428315
solar	-0.7682	0.6918	4	389	1612	15	2010.551351
solar irradiance	-0.8745	0.1169	2	291	1110	10	2010.02521
solar radiation	-0.4091	0.6924	4	768	4580	31	2011.997753
solution	-0.63	0.0906	3	373	1276	9	2010.22668
source	-0.2729	0.0492	4	1179	12956	80	2011.544715
south	0.2767	-0.4017	1	1030	9154	54	2009.816077
south america	-0.1871	-0.9484	2	460	1984	13	2010.900662
southern	-0.4593	-0.1077	4	1038	9754	67	2011.247603
southern hemisphere	-0.2185	0.1072	4	786	5140	32	2010.882466
southern ocean	-0.9019	0.2452	4	756	5342	34	2011.310743
southern oscillation	0.0424	-0.6489	1	891	6954	46	2011.761165
southwest	0.8388	-0.3598	1	418	1620	10	2010.224324
space	-0.564	-0.2748	3	839	5786	41	2011.281958
sparse	-0.1202	-0.7374	2	361	1334	8	2011.660194
spatial	-0.0258	-0.5234	3	708	3588	26	2011.877747
spatial distribution	0.1087	-0.5555	1	750	4180	25	2012.602028
spatial patterns	-0.1898	-0.2195	4	1042	9674	67	2012.024523
spatial resolution	-0.3942	-0.6584	2	551	2548	20	2012.877034
spatial scales	-0.2213	-0.6022	2	470	1898	12	2012.42723
spatial structure	-0.1381	0.5379	4	389	1290	9	2010.597156
spatial variability	0.1816	-0.6885	3	380	1314	7	2011.858628
specific humidity	-0.0984	0.3789	4	544	2658	16	2012.103896
spectrum	-0.3924	0.003	4	390	1270	9	2010.348901
speed	0.2382	-0.1217	3	899	6468	34	2010.795455
spitsbergen	0.7582	0.0576	1	277	982	4	2012.274752
spread	-0.9397	0.1092	4	961	9744	80	2013.442623
spring	0.2143	0.0684	3	1277	19108	111	2011.445356
spring snow	-0.5547	-0.222	3	329	1318	10	2013.204082
sres	-0.1078	-0.9081	2	442	2018	16	2011.084507
sres a1b	-0.1011	-0.9482	2	385	1620	14	2011.914286
sst anomalies	0.8254	0.1462	1	805	5982	24	2010.894292
sst changes	0.0047	0.6928	4	373	1564	8	2010.8
sst variability	-0.0135	0.1786	3	366	1494	8	2011
stability	-0.2765	0.6124	4	790	4810	30	2011.601934
stabilization	-1.1988	-0.2005	2	431	1996	16	2014.288235
stage	0.3072	0.3344	1	516	1952	11	2011.432692
stakeholders	-0.4321	-0.0016	3	372	1312	10	2016
standard	-0.9105	-0.3614	2	437	1696	16	2011.405751
standard deviation	0.1589	-0.7382	2	623	3150	22	2011.034783
state	-0.4954	0.1338	3	1282	19232	125	2012.176355
static stability	0.4015	0.8178	4	425	1576	8	2009.291667
stationary waves	1.0399	0.2401	1	492	2582	12	2011.418301
stations	0.4585	-0.7071	1	904	8280	48	2010.728667
statistical methods	0.4125	-0.3733	3	431	1630	10	2010.873239
statistical model	0.0965	-0.045	3	494	2082	11	2011.85
statistical significance	0.4426	-0.1434	3	351	1260	5	2010.061728
statistical techniques	0.4245	-0.1998	1	324	1018	8	2013.857143
statistics	0.0937	-0.587	2	922	7110	52	2010.724252
storage	-0.546	0.8164	4	615	3476	23	2013.435429
storm	0.6036	-0.0978	1	1203	15810	91	2010.368357
storm activity	0.5493	0.043	1	384	1454	7	2009.386364
storm tracks	0.6275	-0.0692	1	1080	11988	70	2010.462428
storminess	0.5056	-0.8219	1	387	1598	9	2011.92
strait	0.4619	0.6176	3	762	5050	24	2008.864542
strategies	-0.9514	-0.3451	2	561	2814	23	2013.49449
stratification	-0.5589	0.5087	4	439	1758	14	2010.765734
stratosphere	0.7744	0.3931	1	802	6874	33	2010.953635
stratosphere-troposphere coupling	0.8958	0.7976	1	323	1476	6	2015.269841
stratospheric polar vortex	1.1347	0.5153	1	533	3468	15	2013.473077
stream	0.918	-0.132	1	1023	10968	46	2011.208251
strength	-0.3131	0.322	4	1186	13710	86	2011.147674
strengthening	0.3277	0.4039	1	734	4328	23	2012.132404
stress	-0.0417	-0.3202	2	418	1572	8	2010.771906
structure	0.2138	0.265	4	1142	11426	67	2010.587788
subpolar gyre	-0.6545	0.2004	3	411	1754	11	2011.12782
subsurface	-0.6209	0.4538	3	526	2394	12	2011.621895
subtropical	0.0114	-0.5351	2	669	3432	26	2009.910959
subtropical jet	0.8744	-0.2778	1	428	1664	7	2011.888889
summer	0.3172	0.0847	3	1480	57092	323	2011.747886
summer precipitation	0.2985	-0.9208	2	468	2078	13	2012.772727
summer season	-0.0205	-0.569	2	414	1466	11	2012.634409
summer temperatures	0.4449	-0.7296	2	435	1904	12	2011.835484
summertime	0.7059	0.3632	1	563	2710	12	2011.985294
support	0.149	-0.2899	3	664	3108	16	2012.160714
surface	-0.1037	0.327	4	1500	111580	689	2011.274886
surface air	0.2438	0.3235	1	1351	28612	164	2012.202151
surface air temperature	0.261	0.297	1	1336	27370	156	2012.177381
surface air temperature anomalies	1.0473	0.0638	1	343	1346	8	2014.090909
surface albedo	-0.8563	0.8363	4	874	9598	74	2012.661808
surface albedo feedback	-1.0066	0.9218	4	516	3756	32	2014.153846
surface climate	-0.7158	0.1255	4	650	3446	29	2012.326087
surface conditions	0.3775	0.308	1	547	2508	13	2010.87907
surface energy	-0.2634	0.964	4	790	5664	28	2012.765396
surface energy balance	-0.3318	0.9357	4	363	1356	6	2012.916667
surface energy budget	-0.5406	0.9893	4	477	2266	13	2013.283019
surface energy fluxes	0.1024	0.9875	4	436	1718	7	2012.428571
surface fluxes	0.1794	0.5751	4	449	1768	7	2010.612022
surface heat fluxes	0.0588	0.9885	4	733	4744	23	2010.370833
surface heating	0.1086	1.0237	4	336	1282	5	2012.707317
surface observations	-0.1114	-0.6004	3	359	1348	9	2011.739837
surface pressure	0.6134	-0.1328	3	475	1964	9	2009.187166
surface radiation	0.02	0.8287	4	552	2604	12	2011.605263
surface temperature	-0.2051	0.0802	4	1477	60670	379	2011.552855
surface warming	-0.3456	0.7608	4	794	5770	33	2012.889706
surface wind	0.3538	0.6532	3	643	3470	13	2010.352381
svalbard	0.5345	0.1442	1	608	3340	15	2012.982836
synoptic	0.8844	-0.396	1	485	2342	12	2011.683673
synoptic climatology	0.8189	-0.6241	1	462	2388	14	2011.303571
synoptic patterns	0.8755	-0.6142	1	303	1180	6	2012.121212
synoptic scale	0.9325	0.0411	1	657	3744	16	2011.432432
system	-0.5942	-0.0107	2	1487	56854	410	2012.244703
system models	-1.0115	-0.2657	2	697	4614	39	2015.409091
techniques	-0.2217	-0.2407	2	1043	8866	65	2010.995925
technology	-1.0137	-0.4138	2	401	1438	10	2013.19378
teleconnection	0.8063	-0.2356	1	1041	11014	55	2012.106926
teleconnection patterns	0.7748	-0.3291	1	595	2842	15	2010.813492
temperature	0.0277	-0.0194	2	1501	131818	858	2011.477652
temperature advection	0.9744	0.3749	1	405	1598	7	2011.103448
temperature anomalies	0.9469	0.152	1	1047	11644	62	2011.546191
temperature bias	-0.545	0.4229	3	394	1442	10	2013.309524
temperature biases	-0.5897	-0.1122	2	482	2172	17	2015.394737
temperature changes	-0.614	0.1635	4	1063	13358	103	2012.055092
temperature data	0.3028	-0.6663	2	448	1774	11	2009.906752
temperature extremes	0.8637	-0.753	1	798	7508	49	2014.153846
temperature gradient	0.4496	0.6234	1	857	7288	42	2011
temperature increase	-0.412	-0.0494	2	787	5010	36	2011.880309
temperature inversions	0.0335	0.8792	4	392	1538	6	2010.257576
temperature precipitation	-0.3245	-0.8207	2	1088	11826	90	2012.677122
temperature profiles	-0.1485	0.5855	4	362	1294	12	2010
temperature records	0.1077	-0.4998	2	481	2088	16	2010.766839
temperature response	-0.803	0.6503	4	714	5072	40	2012.819767
temperature rise	-0.7661	-0.1414	2	442	1670	11	2012.474359
temperature trends	0.0249	-0.3027	2	909	7580	51	2012.249147
temperature variability	0.642	-0.3018	1	840	6320	43	2012.481229
temperature variations	0.1318	-0.5594	2	517	2404	15	2010.665354
temperature warming	0.2045	-0.5852	2	295	1058	8	2012.666667
temporal evolution	0.2725	-0.4236	1	493	1938	11	2012.72561
temporal variability	0.1272	-0.5464	3	493	1964	15	2011.288462
temporal variations	0.2278	0.0435	1	433	1634	10	2011.722063
terms	-0.2876	-0.0609	2	1256	15846	109	2011.105954
theory	-0.1395	-0.0081	2	449	1712	12	2009.714706
thermal	-0.0899	0.1932	4	420	1450	9	2011.557652
thermodynamics	-0.1208	0.1587	3	453	1644	8	2011.079268
thickness	-0.3282	0.5642	3	1099	14432	80	2010.814467
thinning	0.097	1.0996	3	476	2246	13	2011.906393
threshold	-0.5169	-0.5983	2	641	3532	29	2012.8
tibetan plateau	0.7031	-0.5614	1	452	1784	13	2014.317191
time	-0.0618	-0.1463	3	1484	48136	295	2011.191579
time scales	0.069	0.1079	3	1257	16164	94	2011.351464
time-series analysis	0.2819	-0.501	1	968	8134	47	2010.95228
timescales	-0.18	-0.117	2	1005	8452	58	2011.525048
timing	-0.1361	0.2454	3	882	6234	40	2012.348348
tools	-0.2396	-0.6504	2	420	1506	11	2013.795322
topography	0.1948	-0.7715	2	433	1812	11	2010.120382
track	0.6587	-0.17	1	1130	13522	74	2010.190476
tracking	0.7032	-0.2427	1	321	1080	4	2012.732026
trajectories	-0.0521	-0.2729	2	737	3792	26	2011.384117
transfer	-0.455	0.4446	4	633	2872	19	2010.678679
transient	-0.12	0.5582	4	879	6482	42	2011.104545
transient climate response	-1.302	-0.2097	2	390	1894	16	2014.526316
transient eddies	0.5198	0.6479	1	563	2770	16	2010.311111
transition	-0.0316	0.4739	4	874	6214	47	2011.648928
transport	-0.0664	0.6272	4	1356	28988	180	2010.537155
treatment	-0.6018	0.2897	3	390	1332	8	2012.769355
trend analysis	0.6588	-0.5661	1	364	1374	10	2013.09434
trends	0.2092	-0.2107	1	1483	55858	345	2012.269204
tropical	0.1634	0.2973	4	590	2678	14	2011.862319
tropical convection	0.7581	0.5337	1	301	1092	6	2011.759259
tropical cyclones	0.1841	-0.9531	2	413	1880	13	2012.816794
tropical regions	-0.3488	-1.0205	2	318	1064	10	2012.1875
tropics	-0.6873	0.1029	4	994	10142	79	2010.699313
tropopause	0.7248	0.3063	1	357	1308	3	2009.748148
troposphere	0.5897	0.4483	1	1086	11720	52	2010.961094
tropospheric circulation	0.6256	0.3988	1	483	2070	13	2011.280303
trough	1.0463	-0.3172	1	554	2736	11	2010.984962
turbulent fluxes	-0.0283	0.9394	4	397	1532	9	2011.098592
turbulent heat fluxes	0.2629	0.9449	4	555	2744	10	2012.207207
twentieth century	0.1074	-0.2519	3	991	8912	66	2012.145055
twentieth century reanalysis	0.4149	-0.6231	3	461	2070	15	2014.958333
types	0.1463	-0.5839	2	891	5856	41	2011.720352
uk	-0.0521	-0.8317	2	441	1690	13	2011.816794
uncertainty	-0.6274	-0.3723	2	1308	23908	184	2013.221957
united kingdom	-0.3723	-0.8742	2	364	1236	8	2010.382979
united states	0.6464	-0.7066	1	855	7112	45	2011.349593
university	-0.6566	-0.5786	2	396	1400	10	2010.400794
upper air	0.3496	-0.096	3	377	1428	6	2010.383562
upper ocean	-0.6775	0.3235	4	615	3174	20	2010.440079
upper troposphere	0.4775	0.2932	1	683	3924	20	2011.20068
uptake	-1.0064	0.5688	4	669	4736	36	2012.895082
ural blocking	1.4166	0.3593	1	385	2072	4	2016.681818
urals	1.3551	0.2651	1	559	4230	7	2015.346535
utility	-0.0148	-0.8521	2	468	1792	15	2012.942222
validation	-0.3533	-0.6287	2	686	3726	28	2012.727575
values	-0.0526	-0.4328	2	1358	22240	153	2010.746562
vapour	-0.1835	0.5941	4	565	2720	16	2011.530769
variability	0.2077	-0.1245	1	1501	89336	581	2011.545737
variance	0.4826	0.0395	3	902	6898	43	2010.046067
variations	0.1345	0.0789	1	1414	31920	204	2010.901917
vegetation	-1.0118	-0.2006	2	589	3256	25	2012.521246
verification	-0.5891	-0.6041	3	472	2056	14	2012.835821
vertical structure	0.021	0.6641	4	463	1950	9	2010.285714
volume	-0.6214	0.4152	3	904	8126	51	2010.936662
vortex	0.9982	0.4295	1	798	7310	31	2011.311409
vorticity	0.862	0.3541	1	637	3678	12	2008.431221
vulnerability	-0.3165	-0.6157	2	421	1438	10	2013.925926
warm	0.726	0.0573	1	1002	8952	44	2011.29985
warm air advection	0.8863	0.5701	1	436	1732	6	2012.955556
warm anomalies	0.9911	-0.0486	1	422	1628	10	2013.780488
warm extremes	0.8993	-0.7377	1	430	1966	12	2014.785714
warming	-0.0643	0.2218	4	1480	68762	492	2012.978577
warming hiatus	0.4809	-0.5869	1	484	2462	15	2016.827586
warming response	-0.7372	0.784	4	362	1388	13	2014
warming temperature	0.5224	-0.5973	1	394	1388	11	2012.196078
warming trend	-0.1846	0.4004	4	409	1712	12	2012.527778
warmth	0.5709	-0.3149	2	376	1406	11	2011.625
water	-0.1678	0.3928	4	1423	34258	202	2010.775054
water cycle	-0.327	0.0238	4	469	1842	13	2012.931624
water equivalent	-0.0953	-0.6596	3	430	1764	10	2012.877005
water resources	-0.0444	-1.0193	2	437	1834	16	2014.535912
water temperature	0.4804	0.8004	3	328	1392	6	2010.526448
water vapor	-0.177	0.6891	4	1081	12390	67	2011.155556
water vapor feedback	-0.8658	1.0592	4	436	2574	21	2011.310345
water vapor transport	0.6079	-0.1653	1	344	1286	6	2013.321429
water vapour	-0.2055	0.5554	4	595	2950	18	2011.403361
wave	0.9498	-0.0314	1	1219	21314	103	2010.934812
wave activity	0.942	0.1447	1	463	2048	10	2011.927757
wave propagation	1.07	0.6708	1	339	1662	8	2011.029586
wave train	1.0821	0.1409	1	695	5058	15	2013.265683
weather	0.5246	-0.4973	1	1373	34692	196	2012.202602
weather conditions	0.7246	-0.6113	1	458	1918	12	2012.712
weather events	0.9439	-0.5175	1	740	5776	34	2014.969697
weather forecasts	0.1718	-0.5691	3	1029	9756	42	2011.889868
weather patterns	0.9877	-0.3709	1	645	4466	21	2013.369565
weather regimes	0.7426	-0.4985	1	380	1388	5	2012.277778
weather stations	-0.0267	-0.8534	2	394	1552	9	2012.035461
weather systems	0.9099	-0.2891	1	375	1262	4	2011.348485
west coast	0.7053	-0.6403	1	307	984	4	2010.449541
westerlies	0.9794	0.2049	1	562	2828	15	2011.018405
western pacific	0.6502	-0.7352	1	386	1424	6	2012.195402
wind	0.6119	0.2074	1	1377	29912	150	2010.366929
wind field	0.2051	0.0125	3	532	2112	13	2008.951515
wind pattern	1.0921	0.4678	1	392	1594	7	2012.014706
wind speed	0.2555	-0.1139	3	685	3834	19	2011.054286
winter	0.6601	0.0974	1	1479	72960	397	2011.016141
winter air temperatures	0.9752	0.012	1	408	1628	6	2010.59322
winter atmospheric circulation	1.1857	0.6233	1	353	1480	8	2012.357143
winter circulation	1.1217	0.6087	1	467	2660	16	2010.632075
winter climate	0.8476	0.1605	1	636	3518	31	2011.949438
winter cooling	1.3523	0.3264	1	317	1208	5	2011.021739
winter monsoon	1.237	0.0047	1	376	1582	9	2013.632258
winter precipitation	0.2548	-0.7613	2	586	2812	16	2012.153374
winter sea ice	0.405	0.9153	3	819	7024	39	2012.321053
winter season	0.6956	-0.24	1	615	2664	14	2011.059908
winter storms	0.5748	-0.7022	1	465	2010	11	2010.316667
winter temperatures	1.0153	-0.0209	1	830	6546	38	2011.726962
winter warming	0.398	0.61	4	374	1450	10	2013.409836
winter weather	1.2439	-0.1656	1	501	2550	14	2014.135593
wintertime	0.6423	0.3498	1	982	8464	45	2011.622989
work	-0.0663	-0.0371	3	1124	11036	70	2012.585814
world	-0.3705	-0.4506	2	967	8132	71	2011.293273
wrf	-0.3718	-0.8432	2	449	2122	11	2015.416667
wrf model	-0.4211	-0.7878	2	398	1622	7	2015.5
zonal	0.5006	0.5569	1	498	2052	11	2008.993976
zonal wind	0.9661	0.4191	1	320	1080	5	2010.512195
zone	-0.0477	0.0886	3	1068	8926	61	2010.917256
