id	x	y	cluster	weight<Links>	weight<Total link strength>	weight<Keyword count>	score<Avg year>
11 year solar cycle	1.0353	-0.6574	2	536	3628	39	2009
11-year solar cycle	1.0391	-0.6423	2	518	3314	34	2009.5
20th century	-0.7188	-0.528	1	821	6372	63	2011.125
500-hpa geopotential height	-0.2097	0.4215	3	781	5582	49	2010.190476
abrupt	0.1841	0.5331	2	339	1236	12	2013.461538
acceleration	1.151	-0.0084	2	569	3022	30	2012.217042
accumulation	-0.7877	-0.115	1	631	3508	35	2011.1675
accuracy	0.0257	-0.3374	1	586	2810	28	2012.031588
action	0.0235	-0.2686	1	900	7800	79	2009.595808
activity	0.6131	0.2024	2	1493	40790	405	2011.741747
addition	0.0304	0.1223	2	1370	20982	199	2012.072879
adjustment	0.3647	0.0429	2	531	2662	24	2011.543956
administration	-0.6718	0.4486	1	362	1358	13	2011.614679
advance	0.0024	0.065	3	790	4994	52	2012.223684
advection	-0.086	0.6078	3	1107	13238	123	2010.324162
aerosol	0.6087	-0.605	2	606	3750	33	2011.217627
africa	-0.8498	0.0324	1	822	6626	59	2009.943515
agcm	0.2943	0.1932	2	699	4634	39	2011.12381
age	-0.7568	-0.6973	1	513	2580	26	2010.368729
agency	0.8256	-0.1688	2	350	1548	18	2012.539216
agreement	0.2655	-0.5142	2	1065	9740	92	2010.554303
air	-0.5624	0.4355	3	1518	54750	509	2011.976061
air masses	-0.5769	0.3077	1	809	5858	56	2011.64881
air pressure	-0.8115	-0.1742	1	401	1450	14	2010.137931
air temperature	-0.6498	0.4517	3	1412	38698	353	2012.218924
air temperature variations	-0.462	0.5343	3	359	1358	11	2011.214286
air-sea	0.0587	0.8279	3	497	2368	21	2011.236364
air-sea interaction	-0.0162	0.9783	3	473	2368	21	2011.566667
al	0.048	-0.2895	1	702	3898	35	2010.555118
alaska	-0.1517	0.0805	1	1067	10748	101	2010.597746
alaskan	-0.1066	0.4642	3	429	1632	15	2011.071579
albedo	-0.1264	0.3517	3	482	2110	19	2012.060567
aleutian	0.0829	0.6829	3	1142	15166	136	2009.607143
aleutian low	-0.1063	0.8127	3	917	9176	81	2010.541401
algorithm	0.2097	-0.3178	1	590	2670	29	2011.916828
altitude	0.4893	-0.4355	2	503	2142	24	2011.218807
america	-0.1045	0.1577	1	1416	32012	282	2011.440252
american	-0.2981	0.0495	1	1021	12058	107	2010.565574
amip	0.4384	0.6034	3	412	1724	14	2012.514286
amo	-0.9167	-0.4967	1	625	3974	35	2014.908333
amplification	0.776	-0.0182	2	831	5826	55	2013.330357
amplitude	0.785	-0.0997	2	1260	19702	198	2010.372165
analysis	-0.1362	-0.18	1	1610	111030	1105	2011.656462
analysis method	-0.194	-0.3985	1	458	1824	18	2012.439024
angular momentum	0.7465	-0.1792	2	434	2032	24	2006.62963
annual	-0.9195	-0.4067	1	439	2028	22	2010.264808
annual cycle	0.502	-0.3604	2	734	4556	45	2009.189944
annual precipitation	-0.9852	-0.265	1	416	1612	16	2011.851852
annual variability	-0.3931	-0.1464	1	446	1732	17	2012.096045
annular mode	0.8679	-0.337	2	1269	26098	272	2012.262136
anomalous circulation	0.0818	0.8023	3	497	2250	21	2011.487805
anomaly	0.1441	0.4343	3	1602	120026	1141	2010.997204
antarctic	0.6011	-0.1869	2	1039	9940	105	2010.797819
antarctic oscillation	0.3329	-0.2393	2	590	3392	35	2010.889381
antarctic ozone	1.007	-0.3691	2	267	998	14	2010.850575
antarctic ozone hole	1.0322	-0.3189	2	224	772	11	2009.714286
antarctica	0.461	-0.1376	2	663	3338	38	2011.220175
anticyclone	0.0835	0.535	3	990	9392	87	2010.766562
anticyclonic circulation	-0.3669	0.8773	3	457	1924	16	2009.144444
ao	-0.4446	0.1772	1	1506	51552	524	2011.098916
ao index	-0.3307	0.3837	3	917	8166	86	2010.672
aogcm	0.0645	-0.6709	2	500	2518	21	2010.912621
application	0.119	-0.595	1	867	6026	61	2012.361823
approach	-0.0089	-0.611	1	1157	12816	126	2013.011682
ar	0.0065	-0.5415	1	292	1106	12	2013.013333
archives	-0.493	-0.6963	1	365	1414	15	2012.62249
arctic	-0.2285	0.121	1	1602	107286	1074	2012.189504
arctic antarctic	0.4142	-0.3139	2	382	1426	14	2012.938182
arctic climate	-0.0537	-0.0065	1	566	2704	25	2013.150824
arctic high	0.0756	0.4744	3	491	1932	17	2013.101695
arctic ice	-0.7152	0.933	3	354	1474	13	2013.034188
arctic ocean	-0.3313	0.4997	3	724	4614	44	2010.893127
arctic oscillation	-0.3888	0.0786	1	1583	79072	794	2011.24912
arctic oscillation index	-0.2244	-0.5693	1	498	2088	24	2010.910714
arctic oscillation/north atlantic oscillation	-0.8966	-0.1972	1	431	1860	17	2010.045455
arctic polar vortex	1.0031	-0.23	2	410	1788	18	2012.56
arctic regions	-0.1188	0.4963	3	679	3816	38	2013.278834
arctic sea ice	-0.422	0.7794	3	930	9428	82	2014.367364
arctic sea ice concentration	-0.2907	0.9578	3	510	2690	22	2015.447368
arctic sea ice cover	-0.4247	1.0829	3	314	1328	12	2013.896552
arctic seas	-0.3664	0.7534	3	970	10212	90	2014.010669
arctic stratosphere	1.1616	-0.2947	2	448	2362	28	2011.555556
arctic summer	-0.3304	0.8923	3	335	1202	12	2013.466368
arctic temperature	-0.0141	-0.3413	1	441	1714	18	2012.593301
arctic vortex	1.1049	-0.0345	2	406	1904	19	2013.230769
arctic warming	0.152	0.4269	3	527	2348	23	2014.481818
arctic winter	0.3839	-0.1552	2	517	2098	20	2011.690678
area	-0.5717	-0.0798	1	1494	36814	360	2011.37466
asia	-0.247	0.8808	3	1374	34054	308	2013.012594
asian	-0.175	1.0493	3	1122	18258	162	2012.876
asian continent	-0.3425	1.0594	3	485	2370	20	2012.147059
asian jet	-0.0839	1.243	3	700	5926	49	2012.196078
asian monsoon	-0.0841	0.8553	3	698	4272	37	2011.204819
asian summer monsoon	-0.4973	0.9758	3	631	4022	34	2011.95122
asian winter monsoon	-0.3199	1.0814	3	956	12730	114	2013.912698
aspect	0.2721	-0.0903	2	521	2066	20	2011.749104
assessment	-0.359	-0.3226	1	886	6290	60	2013.024899
assimilation	0.6991	-0.341	2	469	2098	22	2012.629787
association	-0.4207	0.2921	3	1253	17576	165	2011.081886
asymmetry	0.7197	0.113	2	515	2264	24	2011.45509
atlantic	-0.4068	-0.2844	1	1608	114310	1087	2010.236737
atlantic circulation	-0.4389	-0.4012	1	483	2048	19	2010.478788
atlantic climate	-0.5603	-0.5382	1	599	3674	34	2011.57265
atlantic jet stream	0.6985	-0.2663	2	408	1680	15	2014.36
atlantic multidecadal oscillation	-0.904	-0.3761	1	745	5752	51	2014.897436
atlantic ocean	-0.5516	0.1008	1	1028	10958	98	2009.615463
atlantic oscillation	-0.523	-0.5368	1	1567	72370	686	2010.516074
atlantic region	-0.4081	-0.6044	1	857	6548	60	2010.526667
atlantic sea surface temperature	-0.8981	0.1434	3	532	3058	27	2010.897059
atlantic sector	0.2789	-0.1845	2	755	5872	54	2011
atlantic sst	-0.6073	0.1236	3	783	6672	56	2010.514563
atmosphere	0.3694	-0.0336	2	1548	53692	509	2011.581199
atmosphere interactions	-0.541	-0.1638	1	474	2268	21	2011.572917
atmosphere-ocean interaction	-0.3527	-0.2461	1	592	3454	31	2013.489655
atmospheric anomalies	0.0087	0.7763	3	369	1306	12	2011.785714
atmospheric circulation	-0.6089	0.2042	1	1529	54872	513	2012.002058
atmospheric circulation anomalies	-0.4515	0.9274	3	759	6756	59	2012.641509
atmospheric circulation model	0.362	0.0148	2	338	1286	11	2012.53125
atmospheric circulation patterns	-1.0358	-0.0232	1	859	7304	69	2012.309392
atmospheric circulation variability	-0.5976	-0.397	1	418	1824	18	2010.190476
atmospheric conditions	-0.3167	-0.0481	1	494	1968	18	2011.328431
atmospheric dynamics	0.3525	-0.4391	2	745	4322	41	2011.504348
atmospheric flow	0.2657	-0.67	1	488	2088	20	2011.632653
atmospheric gcm	0.4101	0.0465	2	1032	11920	106	2010.549091
atmospheric general circulation	0.3913	0.1159	2	1065	12828	115	2010.583333
atmospheric mass	-0.278	0.217	3	405	2034	17	2009.103448
atmospheric model	0.4822	0.1993	2	879	7098	64	2012.346154
atmospheric model intercomparison project	0.3113	0.6096	3	405	1644	13	2011.4
atmospheric oscillations	-0.5404	-0.5232	1	337	1174	13	2012.870968
atmospheric patterns	-0.9118	0.1321	1	469	2338	22	2011.185185
atmospheric pressure	-0.5643	-0.3633	1	481	1988	19	2008.613793
atmospheric processes	0.3839	0.0108	2	398	1356	13	2012.0125
atmospheric response	0.3728	0.4134	2	910	8450	71	2011.692308
atmospheric teleconnection patterns	-0.5286	0.1824	1	422	1940	18	2013.037037
atmospheric teleconnections	-0.525	-0.0198	1	774	5338	50	2012.504587
atmospheric temperature	0.004	-0.2824	2	399	1428	13	2010.509554
atmospheric variability	-0.2727	-0.2835	1	1004	9800	90	2010.788382
atmospheric waves	0.7583	0.323	2	299	930	11	2015.818182
attention	0.5954	0.0655	2	732	4206	41	2012.917808
attribution	-0.0781	-0.468	1	510	2274	22	2014.063636
austral winter	0.9168	0.1634	2	332	1148	11	2010.937853
australia	-0.0638	0.0119	1	506	2172	18	2010.617438
autocorrelation	0.0651	0.0194	3	383	1364	15	2010.202532
autumn	-0.5771	0.3565	3	1157	14510	134	2011.726708
availability	-0.7128	-0.494	1	507	1990	20	2012.908905
azores	-0.8893	0.0994	1	597	3708	36	2007.860465
background state	1.1672	0.4607	2	312	1146	12	2015.666667
baffin	-0.828	-0.0018	1	491	2386	21	2010.510917
baffin bay	-0.9288	0.2382	1	382	1502	12	2010.593939
baikal	-0.5967	1.0117	3	588	3582	31	2013.508197
balance	0.0646	-0.2434	1	812	5060	50	2011.539286
baltic	-1.0013	-0.5679	1	343	1518	15	2011.08982
baltic sea	-1.0875	-0.4781	1	273	1152	12	2011.529412
bands	-0.5364	-0.4046	1	497	2372	21	2010.501538
barents	-0.6359	0.5345	3	717	4662	46	2010.39816
barents sea	-0.6142	0.539	3	700	4228	41	2010.27735
baroclinic	0.5484	0.344	2	789	5616	54	2009.016779
baroclinic instability	0.9963	0.0204	2	339	1306	15	2008.354651
baroclinic waves	0.878	-0.2154	2	344	1250	13	2009.558824
barotropic	0.6332	0.3901	2	996	10740	104	2008.382671
basin	-0.8732	-0.2192	1	1182	15896	150	2010.09645
bay	-0.7449	0.5471	3	805	5372	47	2010.11814
beaufort	0.0239	0.5767	3	353	1442	15	2010.621769
beaufort sea	0.024	0.6958	3	324	1216	12	2010.009921
behavior	0.518	-0.5325	2	1027	9304	96	2011.103784
behaviour	0.2725	-0.6052	2	654	3472	36	2010.943662
belt	0.173	0.185	2	583	2714	24	2010.458182
benefits	0.4901	-0.5109	2	292	982	11	2014.038732
bengal	-0.5847	0.842	3	467	2154	19	2010.568966
bering	-0.4927	0.7268	3	740	5204	46	2009.747987
bering sea	-0.5274	0.6663	3	696	4504	40	2009.417822
bias	0.375	0.0596	2	742	4768	43	2013.065051
biases	0.4952	0.2753	2	728	4674	41	2013.826211
blocking	0.1948	0.3449	2	1000	9990	102	2013.430147
boreal	0.3847	0.6458	3	1133	13764	127	2012.614137
boreal spring	0.0593	0.9699	3	367	1790	17	2011.690476
boreal summer	0.1091	0.774	3	464	2106	19	2012.541176
boreal winter	0.3824	0.5892	3	1153	15502	141	2012.990698
boundary	0.6529	-0.0874	2	715	4212	42	2008.420868
boundary conditions	0.4213	0.0087	2	772	5670	52	2010.430736
breakdown	1.039	-0.1432	2	566	2792	27	2010.515152
breakup	0.837	-0.1004	2	349	1310	14	2010.190083
brewer-dobson circulation	1.2759	-0.3636	2	446	2386	25	2013.219512
bridge	-0.229	0.8071	3	610	3160	29	2012.680412
budget	0.4514	0.297	2	793	5316	55	2011.153068
california	-0.6838	0.0104	1	452	1980	19	2009.673387
canada	-0.8005	-0.2054	1	1085	12558	116	2011.058788
canadian	-0.4059	0.095	1	684	3760	34	2010.480463
canadian arctic	-0.5515	0.268	1	316	1098	11	2012.163636
canonical correlation	-0.9265	-0.4954	1	503	2730	23	2008.529412
canonical correlation analysis	-0.925	-0.4977	1	503	2730	23	2008.0625
case	0.3179	-0.0371	2	1404	23484	243	2010.847835
case study	0.0023	-0.2507	1	620	3324	37	2012.678179
caspian	-1.0173	0.3018	1	411	1742	17	2011.648649
cause	-0.2931	0.341	3	1160	13038	128	2011.675244
cca	-0.8725	-0.4978	1	355	1340	12	2010.333333
cell	0.3116	0.5107	2	698	4330	41	2011.359784
central europe	-0.7103	-0.6194	1	334	1396	14	2011.705882
central pacific	0.4281	0.7213	3	404	1778	17	2010.894737
century	-0.6053	-0.5123	1	1284	22566	217	2012.205869
cfsv2	-0.0101	0.8087	3	425	2092	19	2016.510204
cgcm	-0.0481	-0.3907	3	321	1248	12	2011.34375
chain	0.2582	-0.4753	2	416	1546	14	2011.096866
change point	-1.2132	-0.7616	1	289	1368	12	2012.228571
changes	-0.0939	-0.1321	1	1607	94672	930	2012.206219
characteristics	-0.1657	0.0237	1	1385	21582	220	2010.936545
characterization	0.1105	-0.6663	1	476	1916	18	2012.72969
chemistry	1.1693	-0.5786	2	431	2286	23	2012.465976
chemistry climate	1.1757	-0.4059	2	569	3812	38	2013.760331
chemistry-climate model	1.1706	-0.4101	2	561	3716	37	2013.826923
china	-0.6034	0.8267	3	1216	24516	238	2013.948798
china sea	-0.6013	0.9733	3	590	3670	32	2013.311594
chronology	-0.9474	-0.6988	1	302	1184	13	2010.47
circulation	0.095	0.1307	2	1611	134564	1286	2010.44219
circulation anomalies	0.1453	0.8267	3	1246	20276	186	2012.122324
circulation changes	0.0843	0.045	2	886	6278	58	2012.23125
circulation characteristics	-0.5897	0.2342	1	379	1246	11	2011.111111
circulation index	-0.7227	-0.1126	1	300	1124	11	2009.363636
circulation model	0.518	-0.1775	2	1315	24284	222	2009.61811
circulation patterns	-0.7812	-2e-04	1	1193	16148	152	2010.597956
circulation regimes	-0.1351	-0.692	1	522	2664	27	2008.4
circulation variability	-0.1778	-0.4012	1	806	5432	51	2010.532995
circumglobal teleconnection	-0.2318	1.169	3	331	1356	11	2016.416667
circumpolar	0.5452	-0.3122	2	573	2880	29	2008.65295
circumpolar vortex	-0.0042	-0.5672	1	512	2572	28	2004.342857
citation	0.5968	-0.5584	2	592	3532	46	2010.689507
class	0.3152	-0.5298	1	345	1200	12	2011.519757
classification	-0.2995	-0.5507	1	625	3428	33	2011.561043
climate	-0.2141	-0.2131	1	1610	117666	1132	2012.847305
climate anomalies	-0.2275	0.3677	3	813	5908	52	2011.422414
climate change	-0.3036	-0.5664	1	1348	23202	227	2013.106897
climate data	-0.5022	-0.5769	1	569	2704	28	2012.201878
climate extremes	-0.7376	-0.1861	1	503	2316	22	2014.132743
climate forcings	0.1749	-0.5487	2	380	1442	14	2012.930131
climate impacts	-0.2778	0.5069	3	636	3374	32	2013.568493
climate indices	-1.0911	-0.5831	1	742	6882	64	2013.721925
climate model	0.4565	-0.2878	2	1391	29478	278	2013.16224
climate model simulations	0.7357	-0.4614	2	450	1994	19	2013.895455
climate modes	-0.7567	-0.5464	1	543	2724	26	2013.133929
climate oscillations	-0.8314	-0.484	1	416	1978	21	2010.759259
climate patterns	-1.024	-0.616	1	499	2672	25	2012.049383
climate phenomena	-0.0777	-0.0919	1	381	1372	12	2011.4
climate predictability	0.6162	-0.0218	2	339	1188	12	2013.03125
climate prediction	-0.0621	0.4086	3	850	6406	60	2014.380952
climate projections	-0.1489	-0.8022	1	308	1140	11	2014.908629
climate regime	-0.5203	-0.7478	1	336	1234	13	2009.757895
climate research	-0.2379	-0.2968	1	467	1894	18	2012.00885
climate response	0.4592	-0.3913	2	647	4088	39	2012.136364
climate signals	-0.5701	-0.6406	1	489	2040	20	2011.895349
climate simulations	0.0461	-0.6231	1	578	3164	30	2012.537778
climate system	-0.1124	-0.1759	1	1026	8632	82	2012.717277
climate system model	0.6653	-0.0302	2	369	1312	11	2011.883871
climate trends	0.1351	-0.6165	1	523	2578	24	2011.671053
climate variability	-0.4222	-0.3987	1	1435	29358	271	2012.20898
climate variables	-0.9439	-0.5831	1	515	2508	22	2013.439024
climate variations	-0.78	-0.316	1	737	4470	42	2011.1875
climate warming	-0.4729	-0.2393	1	424	1680	16	2013.628339
climatic conditions	-0.8406	-0.1705	1	609	3198	29	2011.992424
climatic events	-0.6377	-0.2396	1	503	2212	21	2012.435644
climatic shifts	-0.8218	0.2413	1	448	1838	17	2010.337349
climatology	0.0288	-0.175	1	1203	14074	138	2010.440048
cloud	-0.1777	0.1059	1	830	5350	50	2010.976891
cloud cover	-0.7395	-0.1028	1	524	2384	24	2010.770548
cluster	-0.022	-0.6638	1	613	3368	33	2011.949896
cluster analysis	-0.0712	-0.6207	1	447	2072	17	2012.636905
clustering	0.2098	-0.6178	1	311	1038	12	2012.80292
cmip5	0.3618	0.8233	3	718	5696	51	2015.883929
cmip5 models	0.3449	1.0358	3	422	2568	24	2015.970588
co2	0.079	-0.3827	2	620	3618	33	2013.165022
co2 concentrations	-7e-04	-0.0186	3	383	1456	12	2012.696319
coast	-0.635	0.1928	1	1169	13982	126	2010.134684
coefficients	-0.7081	-0.1322	1	784	5454	57	2010.617647
coherent	-0.5217	-0.5623	1	931	8616	83	2010.047859
cold	-0.1128	0.6322	3	1138	14192	141	2011.824903
cold advection	-0.1318	1.2417	3	325	1388	14	2015.448276
cold air	-0.2205	0.8483	3	935	10068	94	2012.833333
cold air outbreaks	0.0259	0.5595	3	558	3226	29	2011.871795
cold anomalies	0.3608	0.9038	3	451	2320	21	2014.285714
cold events	-0.0409	0.7546	3	558	3196	30	2013.268293
cold extremes	-0.4729	0.3288	1	487	2534	23	2015.340426
cold ocean	-0.0675	-0.6371	1	341	1500	14	2011.64
cold season	-0.1155	0.3352	3	620	3248	31	2012.664596
cold spells	-0.4016	-0.1379	1	366	1402	14	2015.324324
cold surges	-0.2491	0.986	3	559	3492	35	2012
cold temperatures	-0.0086	0.7824	3	459	1932	18	2013.184874
cold winters	-0.0531	0.5608	3	662	3904	35	2012.5
columbia	-1.2662	-0.396	1	296	1362	13	2010.481081
column	0.5899	-0.1861	2	708	4278	45	2010.224159
column ozone	1.0889	-0.3486	2	423	2116	23	2008.209302
community	0.8171	-0.0469	2	918	7940	70	2013.620087
comparison	0.0616	-0.3635	1	1305	17202	171	2010.70057
complex	-0.1035	-0.6382	1	617	3270	34	2011.908387
composite analysis	0.4174	0.4313	2	930	8142	78	2012.784173
composites	0.5	0.0293	2	991	9440	96	2010.381974
composition	-0.1075	-0.9445	1	359	1248	13	2012.45256
concentrations	-0.1363	0.085	3	1189	15496	133	2011.643222
concept	0.1044	-0.5429	1	511	2198	23	2011.306773
condition	0.382	0.5769	2	960	8828	85	2010.79798
configuration	0.6193	0.0088	2	604	3112	31	2012.603053
consequences	0.2692	-0.1304	2	364	1090	11	2012.275862
consistency	-0.4904	-0.5808	1	555	2484	23	2011.881356
content	-0.114	-0.0393	3	664	3682	35	2011.761593
continent	-0.1258	0.7485	3	1242	18526	164	2011.202884
continuous wavelet transform	-1.1647	-0.7338	1	294	1380	11	2012.416667
contraction	0.4673	-0.6087	2	324	1318	14	2011.387387
contrast	0.1385	0.3054	3	1378	22466	213	2011.509677
control	0.2273	-0.1587	2	1238	14606	135	2012.474255
control run	-0.0348	0.3063	3	459	1788	17	2010.734177
convection	0.4184	0.6573	3	1044	10710	98	2009.024462
convective	-0.2027	0.8704	3	386	1528	14	2008.950495
convective activity	-0.3706	0.935	3	371	1462	13	2007.837209
convergence	0.3394	0.5575	2	1065	10866	98	2010.408056
conversion	0.3441	0.8663	3	336	1198	12	2010.995798
cool	-0.7606	0.3322	1	354	1304	12	2011.151899
cool season	-0.4772	0.5096	1	368	1270	12	2012.34375
cooling	0.4164	0.1282	2	1192	14282	134	2010.829787
core	-0.3888	-0.7003	1	838	6006	64	2010.446523
correlation	-0.5644	-0.2111	1	1558	53940	533	2011.333794
correlation analyses	-0.5945	0.0281	1	357	1330	12	2011.162791
correlation analysis	-0.9781	-0.4329	1	874	8070	76	2011.104167
correlation coefficient	-0.6647	0.263	3	768	5354	51	2012.125
correlation maps	-0.0039	-0.8555	1	310	1284	13	2006.6
correspondence	0.668	-0.2043	2	367	1222	13	2010.493023
coupled	0.2846	0.5497	3	903	8638	74	2014.46932
coupled models	0.2396	0.6093	3	826	7492	64	2015.212806
coupling	0.8455	-0.0765	2	1192	16358	166	2011.935532
covariance	-0.3475	-0.0798	3	820	5838	51	2012.039146
covariance analysis	-0.1914	0.3126	3	402	1644	15	2011.969697
cover	-0.5817	0.3976	3	1290	24096	232	2011.664763
coverage	-0.6252	0.0997	1	648	3404	32	2012.329283
criteria	0.2827	-0.1995	2	519	2016	21	2010.149038
cross-validation	-0.7665	-0.584	1	314	1172	12	2012.842105
curl	-0.1918	0.3788	3	379	1504	11	2009.42246
current	-0.1744	0.1667	3	786	4946	44	2008.757215
cycle	0.5801	-0.5018	2	1418	30348	317	2011.47296
cyclogenesis	0.0228	0.2778	1	422	1622	17	2010.246377
cyclone activity	-0.7216	0.2356	1	476	2326	22	2010.404959
cyclones	-0.3561	0.4347	1	1017	10036	94	2011.69697
cyclonic circulation	-0.4235	0.7268	3	595	3010	29	2008.033333
daily precipitation	-0.9761	0.1412	1	360	1444	14	2012.212121
damping	0.752	0.0462	2	388	1384	13	2007.512195
data	0.0152	-0.2475	1	1610	90656	921	2011.015066
data analysis	0.217	-0.385	2	445	1656	15	2011.003436
data assimilation	0.7107	-0.3372	2	407	1620	17	2013.092251
data set	-0.2346	-0.0468	1	954	7654	75	2010.433246
data sets	0.0211	-0.4637	1	864	5930	58	2011.63144
data variability	-0.0599	-0.3013	1	354	1292	12	2009.166667
data/model	0.0974	-0.3772	1	595	2748	24	2011.4
database	-0.3232	-0.6279	1	483	2068	23	2012.403509
dataset	0.1365	0.0207	1	1141	12048	113	2012.68054
date	-0.116	-0.1477	1	860	6330	69	2012.087051
decadal	-0.7224	-0.2414	1	1274	21374	197	2012.008761
decadal changes	0.0184	0.6218	3	424	1910	17	2011.742857
decadal climate variability	-0.5672	-0.3424	1	324	1324	12	2011.25
decadal oscillation	-0.9973	-0.1554	1	1076	14420	126	2012.751979
decadal scale	-0.5457	-0.3664	1	668	3778	33	2010.775758
decadal trends	0.2949	-0.6301	2	336	1184	12	2013.186667
decadal variability	-0.3288	-0.2517	1	969	8664	81	2011.26893
decadal variation	0.915	0.3226	2	365	1412	15	2012.65625
decay	0.7519	-0.0991	2	627	3598	37	2010.074434
decline	-0.444	0.0392	1	682	3646	35	2013.254217
decomposition	-0.2452	0.0812	3	941	8840	80	2012.585736
deficit	-0.9271	0.0699	1	421	1558	13	2010.613793
definition	0.5876	-0.152	2	520	2372	26	2010.611111
delay	-0.044	-0.1695	1	493	1960	18	2011.240223
delta	-0.7508	-0.776	1	413	1822	19	2010.255844
density	0.0508	-0.8223	1	713	4848	51	2009.879211
dependence	0.5273	-0.5031	2	908	6982	80	2010.591411
depletion	0.8281	-0.4089	2	564	2912	30	2011.778068
depth	-0.3428	-0.0122	1	984	7994	75	2010.672402
descent	0.9663	-0.2554	2	414	1568	17	2008.7625
description	-0.066	-0.5812	1	630	3066	30	2009.996622
detail	0.313	-0.3817	2	408	1478	16	2011.078886
detection	-0.425	-0.7495	1	549	2530	26	2012.417625
development	0.2354	0.3973	2	1219	15738	150	2011.773084
diagnosis	0.7177	0.1646	2	614	2964	29	2012
diagnostics	0.9198	-0.1129	2	745	4736	47	2011.205405
difference	0.2344	-0.2435	2	1255	16624	167	2011.163032
different time scales	-0.69	-0.1727	1	357	1224	11	2012.257143
dipole	-0.2272	0.5904	3	1153	14092	130	2012.531646
dipole anomaly	0.0473	0.8819	3	354	1182	11	2011.541667
dipole pattern	-0.5309	0.7874	3	731	5206	44	2012.012658
discharge	-1.1234	-0.4205	1	553	3202	32	2012.354474
discrepancies	0.0226	-0.5171	1	582	2988	29	2011.321353
dispersal	0.3035	0.6425	2	459	1886	18	2011.394973
displacement	0.6405	0.1236	2	941	8006	78	2010.607877
display	-0.3643	-0.7988	1	354	1276	12	2009.759494
dissipation	1.0974	-0.2108	2	408	1694	17	2011.094156
distribution	0.0728	-0.3493	1	1379	23486	234	2010.907306
disturbance	0.6432	0.1812	2	922	7770	80	2011.750678
divergence	0.6657	0.5129	2	894	7472	69	2010.679372
dominance	-0.4414	0.5064	3	623	3808	35	2012.29375
dominant mode	-0.5729	0.3707	3	589	3568	37	2008.806452
downscaling	-0.4323	-0.5171	1	365	1166	12	2014.086022
downward propagation	1.0558	0.149	2	836	7452	75	2009.97561
drag	1.345	-0.1722	2	424	2102	22	2010.02139
drift	0.2031	-0.2787	2	449	1630	16	2009.705986
drivers	-0.354	-0.3454	1	470	1972	19	2015.864011
drought	-0.995	0.0302	1	925	8654	87	2012.975684
duration	-0.3572	-0.1795	1	961	8420	85	2012.189258
dynamic processes	0.6469	0.9466	3	300	1088	11	2013.015873
dynamic system	0.4538	-0.6559	2	280	956	13	2012.604167
dynamics	0.493	-0.2516	2	1429	25992	257	2012.382241
ea	-1.0657	0.2391	1	550	3452	33	2013.551724
early spring	0.445	0.0071	2	596	2678	25	2010.921788
earth	0.648	-0.4013	2	987	8736	91	2012.416212
earth model	0.8648	-0.427	2	386	1512	12	2013.043702
earth system	0.707	-0.4284	2	542	2548	22	2015.459227
earth system models	0.8112	-0.4512	2	472	2128	17	2016.009881
easm	-0.3289	1.0503	3	330	1358	11	2012.864865
east	-0.4939	0.6487	3	1520	53636	492	2011.088561
east asia	-0.2206	1.0177	3	1174	21112	196	2013.696023
east asian climate	0.421	0.9355	3	297	1146	11	2013.285714
east asian jet stream	-0.2761	1.435	3	379	2090	16	2012.8125
east asian monsoon	-0.0594	0.9771	3	388	1606	14	2012.272727
east asian trough	-0.0285	1.2263	3	697	6552	58	2014.666667
east asian winter monsoon	-0.3651	1.0698	3	798	7810	71	2014.240506
east atlantic	-1.1343	-0.1685	1	753	6308	58	2012.490909
east atlantic pattern	-1.0215	-0.4292	1	308	1268	12	2013.181818
east china	-0.6609	0.9668	3	331	1320	12	2012.924242
east pacific	0.1645	0.4884	3	425	1698	15	2009.929577
eastern	-0.2795	0.4832	3	771	4722	46	2011.347648
eastern china	-0.1697	1.1764	3	330	1332	13	2015.26087
eastern pacific	0.422	0.7366	3	403	1570	15	2013.088235
eawm	-0.3451	1.1361	3	777	7926	69	2014.2
ecmwf	0.756	-0.0875	2	1062	11152	109	2010.330601
ecmwf model	0.7441	0.2171	2	386	1878	17	2010.744681
ecmwf re-analysis	0.8724	-0.4361	2	509	2576	24	2008.860465
ecology	-0.7741	-0.3265	1	327	1250	11	2012.514768
ecosystem	-0.9154	-0.2003	1	472	2422	22	2013.530062
eddies	0.8254	0.4058	2	1115	15430	151	2009.304565
eddy activity	0.5562	0.6758	2	539	2512	22	2009.548387
eddy feedback	0.7551	0.6586	2	444	1992	21	2014.333333
eddy heat flux	1.1119	0.2785	2	431	1860	18	2011.485294
eddy kinetic energy	0.655	0.5774	2	360	1282	12	2009.977778
effects	0.33	-0.1813	2	1554	51388	517	2011.624055
ekman	-0.0137	0.6127	3	477	2046	16	2010.002336
el nino	-0.2351	0.0287	1	1521	46324	438	2011.439268
el nino event	0.3978	0.6852	3	330	1276	13	2010.358974
el nino-southern oscillation	-0.2621	-0.013	1	1528	49930	467	2011.537252
elements	-0.4449	-0.2948	1	447	1632	17	2011.89258
elevation	-0.2355	-0.2183	1	306	928	11	2012.227186
emergence	0.1902	0.1339	2	461	1928	19	2012.277778
emission scenarios	-0.3674	-0.5556	1	370	1552	13	2013.561404
emissions	-0.0901	-0.4994	1	565	2794	25	2013.550741
empirical	-0.4886	-0.1793	1	737	4776	47	2010.635762
empirical orthogonal function	-0.3487	-0.0231	1	1280	21728	205	2009.847087
empirical orthogonal function analysis	-0.4226	-0.3792	1	551	2720	25	2009.044118
energy	0.3523	0.3751	2	1161	13300	130	2011.753532
energy fluxes	0.5146	0.1102	2	316	1004	11	2012.005128
england	-0.838	-0.4984	1	422	1616	16	2006.690909
enhanced	0.3213	0.4235	2	576	2698	24	2012.845902
ensemble	0.4003	-0.0724	2	1187	15866	140	2013.566298
ensemble experiments	-0.008	0.0966	2	338	1222	11	2012.066667
ensemble forecasts	0.739	0.1432	2	295	1044	11	2015.419355
ensemble prediction	0.4431	-0.0195	2	378	1668	15	2012.533333
ensemble simulations	0.4029	-0.4576	2	610	3506	29	2013.448529
enso cycle	0.949	0.245	2	372	1422	14	2005.90625
enso event	0.2178	0.6735	3	328	1316	13	2007.625
enso events	0.3328	0.4211	3	569	3112	29	2009.905882
enso signal	0.3849	-0.0476	3	517	2618	21	2008.113636
enso teleconnection	-0.1	-0.2082	1	516	2802	27	2012.117647
environment	-0.5343	0.0579	1	666	3556	34	2012.515563
environmental	0.1809	0.2873	3	1007	10352	87	2010.845217
environmental prediction	0.1311	0.2912	3	995	10082	85	2008.673469
eof	-0.0521	-0.0452	1	1230	18750	183	2009.453216
eof analysis	-0.3288	0.2811	1	902	8014	77	2009.975904
ep flux	1.2776	-0.1499	2	507	2828	27	2011.607143
episode	-0.2336	0.2598	1	479	1914	16	2011.017391
equator	0.665	0.1559	2	815	5374	49	2007.514563
equatorial	1.0159	-0.5111	2	610	4052	48	2007.173653
equatorial pacific	0.0846	-0.071	1	473	1990	17	2010.531915
equatorial stratosphere	1.1555	-0.6237	2	447	2600	32	2006.46875
equilibrium	0.5993	0.0277	2	588	2896	30	2010.171186
era-40	0.778	-0.3909	2	866	7456	74	2009.925532
era-interim	0.7848	0.1143	2	805	6036	61	2015.815725
error	0.2204	-0.1707	2	951	8060	79	2011.486384
eruption	0.8511	-0.6744	2	599	3590	32	2009.934211
estimate	0.1567	-0.4517	2	586	2598	24	2010.903093
estimation	-0.48	-0.7168	1	558	2670	26	2012.012407
eu	-0.7361	0.9427	3	358	1400	12	2012.508772
eulerian	0.9237	0.0292	2	286	1042	11	2009.351648
eurasia	-0.1243	0.6723	3	1271	22954	210	2012.876384
eurasian arctic	-0.2744	0.6608	3	361	1250	12	2011.293651
eurasian snow	-0.2175	0.9356	3	621	4004	34	2014.095238
eurasian snow cover	-0.2945	0.9904	3	374	1656	15	2013.470588
euro-atlantic	0.2078	-0.7175	1	595	3728	37	2012.095238
europe	-0.5365	-0.2081	1	1439	33118	313	2011.79689
european	0.321	-0.2119	2	963	9078	84	2011.362949
european climate	-0.5868	-0.7277	1	344	1340	13	2012.103448
evaluation	-0.3267	-0.3653	1	620	3182	30	2013.100503
evaporation	-0.8644	0.0456	1	524	2524	24	2011.268156
evapotranspiration	-1.272	-0.3164	1	367	1808	18	2013.497207
events	0.3591	0.2013	2	1557	59180	605	2012.030986
evolution	0.5715	-0.1169	2	1364	22286	219	2012.05694
exchange	0.4876	0.3171	2	378	1258	12	2010.706601
excitation	1.0792	0.1042	2	480	2144	23	2009.456311
expansion	0.4031	-0.1862	2	666	3694	33	2012.969492
experiments	0.5685	0.0699	2	1392	29828	279	2011.075205
explanation	0.2547	-0.3934	2	757	4456	44	2009.867769
export	-0.9042	-0.0589	1	318	1168	11	2011.295396
extension	-0.012	0.4157	3	1006	9052	81	2010.251641
extent	-0.3151	0.1667	3	1336	21938	207	2011.835219
external forcings	0.4282	-0.5012	2	524	2242	21	2013.478873
extratropical atmosphere	0.5716	0.1702	2	467	1994	17	2009.238095
extratropical circulation	1.043	-0.2371	2	608	3452	31	2008.574468
extratropical cyclones	0.0967	0.3689	1	315	1162	11	2013.608696
extratropics	0.7702	0.2424	2	1099	12104	113	2011.27451
extreme	-0.5247	0.1096	1	1152	14326	139	2013.461538
extreme events	-0.3241	-0.1722	1	773	5198	55	2013.8
extreme precipitation	-0.8079	0.1463	1	513	2614	27	2013.959596
extreme weather	0.0496	0.4299	3	530	2400	23	2015.583942
fall	-0.0855	-0.017	1	836	5488	55	2011.228402
far east	-0.1021	0.7075	3	468	2114	19	2012.612245
features	0.1271	-0.0096	2	1397	23292	220	2010.384646
feedback	0.5039	0.3674	2	1218	17182	166	2013.003957
field	-0.0497	-0.0893	1	1498	37540	352	2010.533445
filter	-0.3294	-0.6794	1	442	1704	18	2011.920139
final warmings	1.2406	-0.1202	2	351	1580	16	2013.315789
finland	-1.3134	-0.2502	1	271	1388	14	2011.297143
flood	-0.837	-0.2089	1	519	2634	25	2013.016026
flow	0.3037	-0.1251	2	1465	33960	329	2010.017411
flow interactions	1.026	0.3218	2	339	1270	11	2010.878788
flow patterns	-0.2399	-0.7955	1	431	1750	17	2008.58156
flow regime	-0.1432	-0.7875	1	462	2190	20	2009.807692
fluctuations	-0.4049	-0.2223	1	1184	14790	135	2009.816514
flux	0.6686	0.3191	2	1461	36884	351	2010.974387
flux convergence	0.8731	0.3708	2	595	3202	30	2011.564103
focus	-0.0317	0.1004	3	939	7044	61	2012.93921
force	0.4683	-0.1924	2	547	2470	24	2011.140909
forcing	0.5011	-0.1236	2	1561	54222	515	2011.371506
forecast skill	0.1598	-0.0628	2	680	4668	44	2013.568627
forecasting	-0.2531	-0.2562	1	1003	9808	98	2014.057851
forecasts	0.3577	0.0948	2	1364	28286	281	2012.850526
formation	0.1936	0.5567	3	1072	11128	108	2010.511811
fraction	0.1705	-0.0668	2	643	3396	33	2011.553026
framework	0.5909	-0.3317	2	827	5340	58	2013.208431
frequency	-0.1026	-0.2571	1	1489	35156	355	2011.174374
frequency distribution	-0.2901	-0.77	1	345	1196	11	2009.958333
freshwater	-0.8746	-0.1837	1	389	1678	15	2011.825688
friction	0.9584	-0.1018	2	339	1244	14	2009.340824
front	-0.0704	0.6757	3	717	4758	41	2009.508357
function	-0.1862	-0.172	1	1318	22658	218	2010.972155
future	-0.1759	-0.3128	1	757	5262	48	2013.712684
future climate	-0.1329	-0.4786	1	546	2644	26	2013.848387
future projections	0.2395	0.4247	3	312	1308	11	2015.109375
gap	0.2491	-0.7224	2	380	1388	16	2012.915572
gas	0.1713	-0.7277	2	817	6454	61	2012.319686
gases	0.4256	-0.7408	2	653	4340	42	2012.066763
gaussian	0.1961	-0.7975	1	430	1744	17	2011.285714
general	0.7127	-0.3191	2	486	2288	19	2011.369942
general circulation	0.4929	-0.159	2	1366	29100	269	2009.760621
general circulation model	0.4127	-0.261	2	1414	33280	305	2010.017151
generation	0.609	-0.0989	2	782	5060	48	2012.050847
geographical distribution	0.2605	-0.5267	2	349	1110	11	2010.97561
geomagnetic activity	0.4267	-1.0465	2	286	1308	15	2008.4375
geometry	0.9997	-0.252	2	356	1288	13	2011.419355
geophysical	0.7642	0.3628	2	332	1190	11	2010.732794
geopotential	0.3624	-0.6637	2	446	2030	19	2008.387755
geopotential height	0.1718	0.1263	3	1414	31120	292	2010.169261
geopotential height anomalies	0.2815	0.1085	2	823	5730	52	2012.724138
gfdl	0.6662	0.4998	2	357	1374	12	2012.940299
glacier	-0.8263	-0.3109	1	306	1102	12	2012.551157
global	-0.1138	-0.254	1	1014	8720	86	2012.401509
global circulation	0.4811	-0.5414	2	507	2174	22	2009.888889
global circulation models	0.7473	-0.5206	2	343	1212	12	2009.695652
global climate	-0.5443	-0.131	1	970	7466	71	2012.960148
global climate models	-0.3654	0.0634	1	638	3510	31	2013.408482
global model	0.2948	-0.5668	2	331	1124	12	2012.089474
global precipitation	-0.7806	-0.0792	1	355	1312	12	2012.119048
global scale	-0.0528	-0.2681	1	423	1536	15	2012.819495
global sea surface	-0.7699	-0.4212	1	487	2662	21	2011.069767
global sea surface temperature	-0.8293	-0.4299	1	404	1942	16	2011.264706
global temperature	-0.718	-0.572	1	417	1726	17	2012.932331
global warming	-0.4817	0.6503	3	436	2026	20	2012.884793
globe	0.4057	-0.5416	2	630	3188	31	2012.275862
gradient	0.2637	0.4101	3	1238	16064	142	2011.354256
gravity	1.332	-0.2096	2	436	2238	22	2010.857664
gravity wave drag	1.3681	-0.2055	2	278	1058	11	2010.6
gravity waves	1.3132	-0.2241	2	463	2468	24	2011.15625
great lakes	-0.8952	0.3324	1	490	2560	22	2008.913793
great plains	-0.8628	0.3716	1	384	1396	12	2009.222222
greenhouse	0.1671	-0.7068	2	967	9784	89	2012.619866
greenhouse gas	0.2143	-0.7687	2	731	5388	48	2013.545016
greenhouse gas concentrations	0.0977	-0.8416	2	483	2366	20	2012.376238
greenhouse gases	0.4967	-0.7521	2	627	4172	40	2012.497653
greenland	-0.5048	-0.4057	1	1216	19108	179	2011.434214
greenland ice	-0.7418	-0.8276	1	520	3026	30	2013.011636
greenland ice cores	-0.8949	-0.9455	1	245	1134	12	2009.947368
greenland ice sheet	-0.7185	-0.7394	1	372	1618	15	2013.335324
greenland sea	-0.8782	0.4741	3	443	2140	18	2005.833811
grid	-0.4916	-0.6311	1	550	2716	26	2011.079167
group	0.0369	-0.1298	1	391	1288	14	2011.722362
growth	0.5524	0.0054	2	804	5398	57	2011.406319
growth rate	0.5691	-0.0134	2	326	1064	11	2010.818356
gulf stream	-0.3838	0.4315	1	353	1438	12	2009.5
hadisst	-0.4339	0.592	3	328	1296	12	2013.142857
hadley cell	0.3858	0.4336	2	406	1616	14	2013.362069
hadley circulation	0.6485	0.3558	2	610	3146	28	2012.378788
hand	0.3033	0.3721	2	995	8750	79	2010.96875
heat	0.1328	0.4823	3	1337	23382	206	2011.129975
heat content	-0.371	0.1881	3	393	1724	14	2012.877419
heat flux	0.304	0.567	3	1083	12868	112	2010.709804
heat transport	0.1808	0.4191	3	477	2080	18	2012.027726
heating	0.4642	0.6155	2	1137	13604	124	2011.378428
height	0.291	0.1795	2	1471	37248	350	2010.601343
hemisphere	0.529	-0.2903	2	1577	76290	749	2010.968158
hemispheric scale	0.0038	-0.1058	2	416	1772	17	2009.214286
high latitudes	0.5519	0.2519	2	1464	34516	333	2011.932029
high northern latitudes	0.5499	0.1776	2	342	1158	11	2013.173913
high temperatures	-0.2335	0.4356	1	405	1430	14	2011.761364
high-frequency	0.4604	-0.0492	2	751	4688	47	2011.689759
high-latitude regions	0.0849	0.7108	3	341	1200	12	2012.707317
high-pressure	-0.4158	0.3216	1	857	6194	54	2012.414729
high-resolution	-0.6236	-0.6115	1	637	3116	31	2012.264879
hindcast	0.3261	0.3976	3	778	6256	59	2013.59322
historical	-0.3451	0.065	1	478	1772	16	2011.854651
history	-0.2731	-0.4132	1	405	1454	15	2011.001969
hole	0.9349	-0.3197	2	447	1866	22	2010.693467
holocene	-0.9425	-0.8137	1	300	1258	13	2010.62959
horizontal resolution	0.5379	-0.2993	2	439	1596	14	2011.685824
hpa	0.3892	-0.0224	2	1381	25504	256	2010.355159
hudson	-0.7166	0.524	3	402	1582	14	2008.012876
hudson bay	-0.7389	0.5498	3	408	1620	14	2008.175879
humidity	-0.6805	0.182	1	552	2536	24	2011.561033
hydroclimatology	-1.0504	-0.5349	1	322	1356	12	2012.285714
hydrological cycle	-0.8115	0.0059	1	402	1540	13	2012.589286
hydrology	-1.0252	-0.4117	1	343	1250	12	2013.474126
hypothesis	0.2956	-0.59	2	731	4720	48	2011.082126
iberian peninsula	-0.9557	-0.4627	1	425	2074	19	2010.191489
ice	-0.5306	0.0613	3	1444	36632	336	2011.721291
ice age	-0.8449	-0.7147	1	429	2044	20	2011.186842
ice concentration	-0.4551	0.8006	3	776	6164	50	2013.492537
ice conditions	-0.8347	-0.227	1	481	2446	24	2011.713198
ice cores	-0.785	-0.8952	1	423	2518	27	2010.322795
ice coverage	-0.507	0.217	3	425	1754	16	2012.512195
ice extent	-0.5592	0.2941	3	806	6222	54	2012.764347
ice sheet	-0.6372	-0.6251	1	525	2728	24	2012.194459
ice surface	-0.4874	0.1643	3	423	1618	14	2011.816258
ice-cover	-0.6875	0.529	3	700	5186	47	2011.210019
iceland	-0.6721	-0.2663	1	906	8534	81	2009.361905
icelandic low	-0.7302	-0.0304	1	659	3912	35	2007.109375
idealized	1.1988	0.164	2	327	1182	12	2011.945946
identification	-0.1723	-0.6038	1	642	3290	34	2011.944837
impact	0.0015	0.2171	3	1554	53118	515	2013.206627
implications	0.2873	-0.2943	2	1088	10548	103	2011.871583
improvement	-0.0402	-0.114	1	793	5084	47	2012.529851
inclusion	0.3712	-0.4864	2	535	2348	24	2010.77907
index	-0.4431	-0.2312	1	1555	57388	576	2011.380952
india	-0.5767	0.6499	3	576	3180	28	2012.167702
indian ocean	-0.1289	0.5646	3	1110	12194	108	2010.03125
indian ocean dipole	-0.9806	-0.0947	1	315	1210	11	2014.376068
indian ocean sst	-0.6275	0.676	3	443	1964	14	2011.866667
indian summer monsoon	-0.1779	0.9299	3	369	1554	15	2012.463415
indices	-0.744	-0.4058	1	1431	35914	353	2012.102711
inflow	-0.7615	0.0625	1	325	1116	11	2009.568182
influence	0.1798	-0.0224	2	1576	54702	544	2011.779275
information	-0.5945	-0.5573	1	947	8096	86	2011.767792
initial conditions	0.6352	-0.0396	2	616	3550	34	2011.614035
initialization	0.5017	0.1737	2	331	1170	12	2013.963636
inland	-0.6893	0.1542	1	372	1334	13	2012.551282
insight	-0.1706	-0.7347	1	489	2128	21	2012.936061
instability	0.7621	0.0327	2	723	4396	47	2009.776848
instrumental records	-0.662	-0.6707	1	442	1838	17	2013.05618
integration	0.5333	0.0325	2	763	5256	44	2010.47619
intensification	0.5076	0.4681	2	921	7308	68	2011.672775
intensity	-0.0707	0.4506	3	1349	21508	206	2011.663823
inter-annual variability	-0.3948	0.0571	1	410	1470	14	2012.122807
interactions	0.5786	0.1321	2	1429	29854	292	2011.626733
interannual	-0.1453	0.3143	3	1063	10030	93	2009.011628
interannual variability	-0.0563	0.3495	3	1370	24182	225	2010.7663
interannual variations	0.0201	0.7178	3	985	9702	88	2010.739437
intercomparison	0.3505	0.5464	3	902	9012	76	2014.488211
interdecadal changes	-0.4125	1.0846	3	415	1968	19	2013.292683
interdecadal timescales	-0.7538	-0.3699	1	326	1090	11	2009.190476
interdecadal variability	-0.5428	0.2914	3	750	5250	46	2009.147059
interdecadal variations	-0.5747	0.8485	3	647	4108	37	2009.719298
interference	0.9222	0.4182	2	583	3650	37	2012.875
internal variability	0.4056	-0.6143	2	766	5216	45	2013.845528
international	-0.206	-0.4303	1	402	1390	13	2009.59081
interpretation	-0.0194	-0.6414	1	707	3888	39	2010.411609
intraseasonal	0.467	0.545	2	473	2236	19	2012.052632
intraseasonal oscillations	0.411	0.1474	2	365	1328	13	2011.095238
intraseasonal variability	0.5594	0.4108	2	619	3312	32	2012.513514
intrusion	-0.5536	0.7161	3	422	1730	17	2011.398892
inversion	0.0898	0.2038	2	627	3002	32	2010.501809
ipcc	-0.4026	-0.4348	1	541	2524	20	2011.552189
iran	-1.1505	-0.0404	1	266	976	11	2014.529412
irradiance	0.596	-0.7261	2	678	4392	46	2010.337793
isentropic	0.9648	0.3033	2	454	2226	21	2012.078947
island	-0.388	0.3701	1	825	5586	55	2009.956692
isotope	-0.8599	-0.8944	1	375	1942	21	2011.966793
italy	-1.1951	-0.3959	1	265	980	11	2009.814433
itcz	-0.1689	0.28	3	398	1542	12	2009.907692
japan	-0.0667	0.6873	3	919	7962	74	2010.171958
jet	0.5953	0.5153	2	1456	40314	376	2011.139834
jet stream	0.0673	0.7923	3	1173	15796	135	2012.729927
john	-1.0026	-0.4404	1	377	1462	15	2008.988287
jra-55	0.8634	-0.6805	2	283	1044	11	2017.595745
kara	-0.3624	0.7343	3	377	1540	13	2011.634058
kara seas	-0.3387	0.7716	3	508	2526	21	2012.917722
kinetic energy	0.7516	0.5172	2	535	2638	27	2010.449315
knowledge	-0.2638	-0.504	1	822	5448	53	2012.895394
korea	-0.4971	0.8181	3	445	1984	18	2013.351351
korean	-0.5904	0.9141	3	339	1238	11	2013.673913
kuroshio	-0.3201	0.4538	3	480	2280	19	2010.162791
kuroshio extension	-0.2773	0.565	3	329	1288	11	2010.483871
la nina	0.2565	0.552	3	1076	11962	115	2011.664474
laboratory	0.6705	0.2383	2	336	1146	11	2010.526248
labrador	-0.8096	0.1162	1	632	4192	38	2008.853808
labrador sea	-0.8779	0.1636	1	530	3122	27	2008.747813
lag	0.1533	0.0104	2	981	8100	77	2010.653179
lake	-0.835	0.5715	3	853	7090	65	2012.017794
lake baikal	-0.6283	1.008	3	532	3056	27	2013.352941
land	-0.3965	0.1709	1	1196	16502	149	2012.42268
land surface	-0.4593	0.3608	3	773	5654	53	2013.553603
language	0.4969	-0.1123	2	587	2960	27	2018.048117
large	0.0344	0.1663	1	457	1794	17	2011.479452
large amplitude	1.1169	-0.0805	2	425	1806	19	2009.898305
large ensemble	0.4796	-0.1363	2	478	2152	20	2016
large-scale	-0.5149	0.0235	1	1483	36552	343	2011.165527
large-scale atmospheric circulation	-1.0056	0.0341	1	674	4400	40	2012.778846
large-scale circulation	-0.5671	0.2523	1	868	7398	66	2010.523622
late	-0.3533	-0.616	1	383	1352	15	2009.495327
late spring	-0.4574	0.4723	3	476	1874	17	2010.732026
latent	-0.0342	0.5476	3	608	3148	25	2010.884298
latent heat	-0.0664	0.5159	3	658	3958	32	2010.158824
latent heat flux	-0.2097	0.6291	3	474	2292	19	2010.739645
latitude	0.4469	0.1479	2	1146	13162	133	2011.054819
layer	0.1635	0.0395	2	1081	10356	99	2010.321275
lead	0.4261	0.2935	2	979	8290	80	2010.716069
lead time	0.4749	0.2733	2	612	3444	34	2014.240964
length	-0.4574	-0.6975	1	748	4884	50	2010.5328
levels	0.3515	-0.5245	2	1151	13802	139	2011.25209
life	1.0284	-0.0823	2	624	3916	40	2011.876747
life cycle	1.1167	-0.1072	2	585	3654	37	2011.540698
light	-0.1266	-0.028	1	561	2454	24	2011.753582
likelihood	0.4395	-0.3782	2	420	1544	17	2011.660944
limit	0.5434	-0.2721	2	569	2816	28	2010.544865
limitations	0.289	-0.3395	2	401	1414	15	2012.614846
line	0.532	-0.1196	2	725	4166	42	2011.363128
linear interference	1.2956	0.3222	2	241	1052	11	2014
linear model	0.5224	-0.1555	2	365	1378	15	2011.59
linear regression	-0.2796	-0.6321	1	890	7458	69	2012.840304
linear regression analysis	-0.1332	-0.6332	1	406	1630	14	2013.142857
linear trend	-0.6866	-0.3672	1	619	3586	33	2012.20765
linkage	-0.0585	0.7334	3	1018	9944	93	2012.484733
links	-0.6231	-0.017	1	946	7614	69	2012.592814
literature	0.0742	-0.4945	1	661	3356	33	2011.726524
little ice age	-0.8956	-0.7436	1	382	1664	16	2011.269784
local climate	-1.0514	-0.2115	1	366	1446	12	2012.290698
local scale	-0.8101	-0.4524	1	342	1136	11	2013.690476
location	0.1351	0.0884	2	1021	8740	85	2010.881081
long range	-0.1208	-0.2666	1	461	2064	20	2013.038627
long-term	-0.5257	-0.3775	1	1328	19808	198	2012.366366
long-term changes	-0.174	-0.4421	1	514	2254	20	2012.387324
long-term trends	-0.4884	-0.2942	1	737	4448	43	2012.589226
long-term variability	-0.9822	-0.3677	1	421	1734	16	2011.861111
long-term variations	-0.9501	-0.3882	1	397	1582	16	2011.15
longitude	0.6702	-0.5388	2	329	1148	13	2008.678832
longwave	0.0329	0.5312	3	386	1424	12	2010.941176
longwave radiation	0.1817	0.6858	3	506	2414	21	2011.647541
loss	0.4283	0.2109	2	772	4738	45	2013.251087
low latitudes	0.6669	0.1281	2	671	3750	37	2010.434286
low pressure	-0.7025	0.3644	1	739	4844	45	2011.422018
low temperatures	-0.5206	0.7045	3	527	2612	26	2011.076759
low-frequency variability	0.2853	-0.5935	2	858	7176	71	2008.596491
madden-julian	0.5802	0.5186	2	685	4646	45	2013.603175
madden-julian oscillation	0.5559	0.4462	2	877	8346	88	2014.346154
magnitude	0.0749	-0.4259	2	1234	14546	138	2011.364091
maintenance	0.6585	0.4172	2	705	4144	41	2010.394191
major sudden stratospheric warmings	1.2403	-0.1408	2	416	2102	25	2014.615385
management	-0.9329	-0.4591	1	551	3204	32	2013.088766
mann-kendall	-1.2542	-0.5281	1	401	2500	23	2014.714286
map	-0.1429	-0.5681	1	959	8368	85	2011.727201
marine	-0.6067	-0.4021	1	473	2312	20	2012.020366
maritime	-0.0698	0.7337	3	611	3322	32	2011.981865
maritime continent	0.1823	1.0018	3	525	2856	27	2014.36
mass	-0.1349	0.1661	1	1183	14354	136	2010.941993
mass balance	-0.5886	-0.2292	1	296	1042	11	2012.104996
mass transport	0.4185	0.0578	2	294	1040	11	2010.308176
matrix	-0.2302	-0.5828	1	474	2156	19	2011.695341
mature	0.4452	0.4496	2	428	1730	15	2010.101124
maunder minimum	-0.1044	-0.8291	1	364	1516	14	2007.647059
maximum	-0.0838	-0.328	1	1089	10582	104	2010.287843
maximum covariance analysis	-0.2512	0.3081	3	386	1530	14	2013.740741
mb	0.1378	0.0353	2	539	2388	25	2007.104478
mean	0.2983	-0.0829	2	1538	40602	395	2010.953636
mean circulation	1.0643	0.0797	2	528	2686	25	2008.38806
mean state	0.9814	0.2092	2	461	2112	21	2013.567164
mean temperature	0.0196	-0.4789	2	598	3212	32	2010.841667
mean wind	1.1219	-0.1563	2	365	1472	17	2007.325581
measurements	0.0856	-0.5044	1	946	7260	77	2010.932763
mechanisms	0.3722	0.2273	2	1518	38062	374	2011.610479
mediterranean	-0.9979	-0.2617	1	906	9896	97	2009.594488
mediterranean basin	-1.1715	-0.3267	1	351	1566	16	2010.903226
mediterranean region	-0.8433	0.0053	1	321	1186	11	2013.214286
mediterranean sea	-1.0319	-0.2513	1	429	2080	21	2009.836735
melt	-0.8402	-0.0247	1	401	1692	18	2013.146853
melting	-0.797	0.3145	1	415	1606	15	2012.110283
memory	-0.1096	0.0988	3	530	2332	22	2012.1
meridional circulation	1.0267	-0.0613	2	771	5776	56	2011.967742
meridional temperature gradient	0.4236	0.6411	3	613	3236	26	2012.119403
mesosphere	1.156	-0.3375	2	434	1952	20	2007.416667
meteorological	-0.2922	-0.2489	1	1317	18910	185	2009.80117
meteorological stations	-1.0021	-0.1592	1	478	2202	23	2012.914474
method	-0.2376	-0.5307	1	1369	23046	233	2012.144788
methodology	-0.2209	-0.5979	1	573	2634	26	2012.912525
mexico	-0.8296	0.0862	1	473	2070	17	2010.818182
microwave	0.206	-0.4922	2	477	2084	24	2009.844327
mid-latitudes	0.4974	0.3764	2	1409	28226	272	2012.022549
mid-winter	1.0933	-0.268	2	325	1150	12	2013.68
middle atmosphere	1.1585	-0.4	2	642	4506	47	2008.5
middle east	-0.9356	0.4394	3	560	3380	29	2011.55102
middle east jet stream	-0.7273	0.8669	3	339	1488	12	2012.307692
middle latitudes	0.6764	0.0525	2	863	6698	66	2010.535294
migration	0.0829	0.6347	3	501	2126	21	2011.023474
minimum	0.1139	-0.6703	2	841	5720	55	2009.779051
minimum temperature	-0.7353	-0.236	1	377	1558	15	2010.516667
mixing	0.2382	0.0605	2	491	1864	18	2009.902919
mode	0.1669	-0.1437	2	1593	76080	740	2010.915266
model	0.3982	-0.1843	2	1608	106596	1044	2011.651901
model biases	0.6513	0.257	2	515	2222	19	2014.04321
model ensemble	0.0227	0.774	3	501	2766	22	2014.22069
model forcing	1.0556	0.1545	2	328	1198	12	2010.617647
model forecasts	0.337	-0.138	2	551	2804	28	2012.12
model intercomparison	0.3641	0.588	3	841	7942	67	2014.817568
model performance	0.2774	0.3207	2	417	1600	15	2013.384236
model simulations	0.546	-0.3958	2	1023	10164	92	2012.477137
model skill	0.0868	-0.1699	2	369	1552	16	2012.573529
model study	0.9235	0.0622	2	385	1488	16	2010.668478
modeling	0.2934	-0.3751	2	972	7580	74	2012.080047
modification	0.3866	0.2845	2	465	1774	17	2009.923977
modulation	0.6215	-0.2574	2	1139	15024	157	2010.980114
moisture	-0.6635	0.3429	3	1137	13080	122	2012.602086
moisture flux	-0.466	0.5914	3	373	1416	12	2012.666667
moisture transport	-0.5658	0.5328	3	544	2648	22	2013.549618
moment	0.8241	-0.5563	2	290	956	11	2009.721649
momentum	1.0056	0.0518	2	897	8798	89	2008.74186
momentum budget	1.1845	-0.1081	2	298	1104	11	2007
momentum fluxes	1.2391	0.1286	2	515	3004	30	2008.564356
mongolia	-0.5759	0.8013	3	487	2164	18	2012.970149
monitoring	-0.4982	-0.2013	1	419	1526	18	2012.828676
monsoon	-0.3159	0.9059	3	1260	24646	220	2012.152749
monsoon circulation	-0.217	0.9922	3	400	1604	13	2012.266667
monsoon index	-0.3443	0.7838	3	391	1612	14	2010.4
monsoon rainfall	-0.4045	0.921	3	462	2168	19	2010.574468
monte carlo	-0.2848	-0.5608	1	438	1672	17	2011.598684
motion	-0.1588	0.7583	3	785	5340	49	2009.832335
mountains	-0.4332	0.1754	1	912	7532	74	2011.617276
movement	-0.3162	0.3604	1	588	2724	26	2009.813333
multi-model	0.057	0.5713	3	420	1892	16	2014.425
multi-model ensemble	0.0539	0.8069	3	350	1446	12	2014.553571
multidecadal oscillation	-0.8739	-0.3804	1	767	5974	53	2014.697531
multidecadal variability	-0.808	-0.6954	1	473	2282	20	2013.051852
multimodel	0.5783	0.5331	3	421	1904	17	2014.835938
multiple linear regression	-0.2052	-0.7797	1	626	3892	35	2013.257143
multiple regression	-0.3728	-0.5775	1	399	1504	14	2010.52381
multivariate	-0.5408	-0.2509	1	526	2312	23	2013.099057
na	-0.6413	0.1395	1	342	1266	13	2012.122449
nam	0.8297	-0.2882	2	995	11456	121	2010.310811
nao	-0.5576	-0.5184	1	1521	54370	521	2010.288076
nao index	-0.6558	-0.693	1	976	10432	104	2008.017143
nao pattern	-0.0492	-0.7791	1	646	3976	38	2009.5
nao/ao	-0.2425	-1.0483	1	398	1682	16	2010.55
national	0.0444	0.2468	3	1196	15182	134	2010.195652
natural variability	0.2297	-0.6148	2	598	3178	28	2011.995781
nature	0.1766	-0.448	1	933	6882	70	2010.788145
ncar	0.5219	0.3299	2	649	3504	31	2009.302326
ncep	0.1732	0.3994	3	993	8840	76	2009.805085
ncep reanalysis	0.3809	0.3889	3	633	3562	32	2008.1
ncep-ncar	0.4947	0.2589	2	937	8646	79	2008.246575
near-surface	0.2796	-0.0144	2	783	4858	43	2011.177419
negative correlation	-0.5344	0.1547	1	663	3528	37	2012.188235
network	-0.3573	-0.7159	1	719	4716	48	2012.964962
neural network	-0.2579	-0.7364	1	432	1918	19	2011.798561
noaa	-0.4869	6e-04	1	481	2134	21	2008.907609
noise	-0.1177	-0.7862	1	655	4256	43	2011.653631
nonlinear	0.2316	-0.7498	1	599	3510	36	2011.880282
nonlinear interactions	0.7311	-0.679	2	334	1178	13	2008.206897
normal modes	1.1072	0.0461	2	309	1228	14	2004.071429
north	-0.3905	-0.0219	1	1609	141828	1347	2010.374238
north africa	-1.038	0.1271	1	444	2128	22	2009.324324
north america	-0.137	0.1492	1	1397	30782	270	2011.532207
north american	-0.2328	-0.0233	1	1172	16760	153	2010.662844
north american teleconnection	-0.3563	-0.0606	1	390	1696	15	2010.75
north atlantic	-0.4264	-0.3509	1	1601	101060	953	2010.017846
north atlantic circulation	-0.6296	-0.1343	1	321	1150	11	2008.974684
north atlantic climate	-0.6533	-0.5473	1	445	2334	22	2011.438356
north atlantic ocean	-0.6353	0.1641	3	752	5282	46	2009.960733
north atlantic oscillation	-0.5332	-0.5311	1	1563	71930	683	2010.430401
north atlantic region	-0.4102	-0.666	1	777	5408	49	2010.5
north atlantic sst	-0.7127	-0.1488	3	569	3410	29	2011.040816
north china	-0.7854	0.838	3	360	1326	14	2013.894737
north pacific	-0.0914	0.5554	3	1494	42684	378	2010.653333
north pacific circulation	0.2606	0.9397	3	353	1246	11	2012.111111
north pacific climate	-0.8607	-0.0113	1	330	1218	11	2011.384615
north pacific index	-0.6628	-0.566	1	376	1468	12	2010.482759
north pacific ocean	-0.4764	0.4069	3	592	3248	28	2009.464706
north pacific oscillation	-0.4676	0.9763	3	538	3408	32	2013.037037
north pacific sst	-0.1622	0.8822	3	408	1928	17	2010.851852
north pole	0.5086	-0.3752	2	403	1404	14	2010.25
north sea	-0.9893	-0.5149	1	424	1976	20	2009.958333
northeast atlantic	-0.3824	0.2054	1	327	1172	11	2008.729412
northeast china	-0.688	0.9067	3	432	2046	20	2014.625
northern	0.4018	-0.299	2	1590	81956	802	2011.106605
northern annular mode	0.8751	-0.3083	2	1067	13320	141	2011
northern eurasia	-0.8347	0.2722	1	359	1324	12	2013.520833
northern europe	-0.2911	-0.411	1	464	1986	19	2013.301887
northern hemisphere	0.4346	-0.313	2	1576	74720	728	2010.714878
northern hemisphere annular mode	0.1337	-0.671	1	477	2364	23	2009.44
northern hemisphere climate	-0.3605	-0.2661	1	514	2356	21	2011.795918
northern hemisphere winter	0.9335	-0.4511	2	1003	12666	126	2010.147059
northern latitudes	0.335	-0.0343	2	381	1282	13	2011.839378
northern polar vortex	0.9507	-0.4268	2	285	1076	11	2013.636364
northern winter	1.0399	-0.1747	2	764	6098	63	2009.643836
northern winter stratosphere	1.3893	0.1104	2	263	1076	11	2015.583333
northwest	-0.9613	0.0107	1	611	3386	30	2011.701835
northwest pacific	-0.7242	0.2248	1	471	1916	15	2010.603175
norway	-0.8554	-0.6747	1	283	950	11	2011.264414
norwegian	-0.8426	0.1861	1	435	1906	19	2008.200426
numerical	0.4642	0.4557	2	443	1768	17	2009.72
numerical experiments	0.4657	0.4467	2	653	3646	32	2010.004255
numerical model	0.6249	0.0651	2	468	1910	19	2009.365706
numerical simulations	0.375	0.6599	2	467	1824	15	2012.214493
objective	-0.366	-0.3148	1	493	1978	18	2011.917647
observational	0.8526	0.3827	2	586	2908	31	2011.533742
observational data	0.2638	0.2134	2	857	6380	60	2011.486413
observational studies	0.8753	-0.0256	2	456	1844	19	2012.195402
observations	0.1765	-0.17	2	1512	38822	372	2011.448164
observing system	0.9187	0.0782	2	368	1452	13	2013.706667
occurrence	0.0546	0.082	1	1330	23504	235	2011.803551
ocean	-0.241	0.2262	3	1543	54622	495	2010.965167
ocean basins	-0.3898	-0.5346	1	490	2514	23	2010.322222
ocean circulation	-0.3645	0.1464	1	589	3028	28	2010.55339
ocean climate	-0.2253	-0.2309	1	477	2104	19	2011.955932
ocean general circulation	0.1507	-0.5198	2	494	2336	19	2009.590164
ocean general circulation model	0.3184	-0.4027	2	383	1590	13	2009.438053
ocean heat	-0.1335	0.5733	3	406	1718	14	2013.347917
ocean model	0.3134	0.0233	2	670	3670	33	2010.792558
ocean response	0.6171	-0.3208	2	324	1232	11	2010.018182
ocean surface	-0.3139	0.1002	3	518	2476	21	2011.97351
ocean temperature	-0.4613	-0.3099	1	416	1648	15	2012.187952
ocean variability	-0.201	0.1229	3	566	3104	26	2011.174888
okhotsk	-0.5821	0.921	3	624	4086	36	2010.130719
okhotsk sea	-0.581	0.9959	3	403	1808	16	2009.5
onset	0.5716	0.2316	2	961	8778	93	2011.400894
operator	0.6474	-0.5541	2	303	1114	12	2010.358491
order	0.0696	-0.4578	1	1257	15304	152	2010.598046
origin	0.2794	-0.2495	2	943	6620	64	2010.187679
orography	0.8264	-0.1277	2	430	1890	20	2009.057143
oscillation	-0.1158	-0.2146	1	1612	167352	1679	2010.801829
outbreaks	-0.1906	0.5966	3	662	4666	44	2011.853659
outgoing longwave radiation	0.3557	0.766	3	395	1704	14	2010.290909
oxygen	-0.7793	-0.9063	1	256	1002	11	2009.83871
oxygen isotopes	-0.9571	-0.9093	1	243	1084	12	2009.387435
ozone	0.9699	-0.4601	2	1047	14664	156	2010.865415
ozone depletion	1.0141	-0.4919	2	483	2422	25	2011.846939
ozone hole	0.9363	-0.3336	2	452	1870	22	2010.008696
ozone loss	1.1446	-0.0806	2	292	1052	11	2011.837838
pacific	-0.1526	0.4267	3	1601	92776	845	2010.950879
pacific climate	-0.768	-0.0892	1	473	2336	21	2012.237288
pacific decadal	-0.9737	-0.1197	1	1053	13944	121	2012.792717
pacific decadal oscillation	-1.0146	-0.1288	1	1027	13088	113	2012.919403
pacific north america	-0.041	-0.2517	1	889	8278	71	2010.959596
pacific north america pattern	0.4498	-0.4615	1	326	1494	15	2012.888889
pacific north american	-0.1192	-0.3246	1	1010	11232	103	2010.584615
pacific ocean	-0.243	0.3805	3	1129	13006	115	2010.089431
pacific sector	0.5711	0.4455	2	546	3032	29	2010.587571
pacific sst	-0.2702	0.8427	3	714	5444	45	2011.8125
pacific ssts	0.2051	0.5038	3	406	1640	12	2010.761905
paleoclimate	-0.3166	-0.4605	1	377	1372	12	2013.189349
palmer	-1.2068	-0.5096	1	358	1596	16	2011.402174
palmer drought severity index	-1.3025	-0.4692	1	290	1210	12	2013.368421
paradigm	0.5181	-0.2852	2	396	1678	18	2013.025316
parameterization	1.0902	-0.1564	2	389	1474	16	2011.336207
parameters	0.0721	-0.5296	1	1076	10038	109	2010.962104
part	-0.1639	-0.0021	1	1439	27894	263	2010.410034
past	-0.1569	-0.5478	1	534	2414	26	2012.316703
pathways	0.4742	0.3845	2	789	5656	52	2013.213274
pattern variability	-0.3423	-0.855	1	472	2510	25	2009.605634
patterns	-0.2437	-0.0148	1	1609	116554	1097	2011.236066
pca	-0.312	-0.8919	1	394	1822	19	2012.184466
pcs	-0.2829	-0.8609	1	409	1694	16	2011.28125
pdf	0.1431	-0.9775	1	377	1796	17	2010.446809
pdo	-1.0164	-0.1682	1	936	10080	89	2012.991071
penetration	0.3757	-0.0693	2	514	2256	22	2009.4875
peninsula	-0.7423	0.2809	1	848	6398	58	2011.596904
performance	-0.1398	0.2596	3	831	6102	58	2013.489921
period	-0.3012	-0.1919	1	1588	74602	736	2011.210316
periodicity	-0.3377	-0.5955	1	664	3736	40	2010.060403
persistence	0.0966	0.1759	2	1149	12368	125	2012.073254
perspective	0.3077	-0.4021	2	787	4680	48	2012.901235
perturbations	0.8508	-0.0014	2	1018	10142	101	2010.583086
phase	0.3402	0.1463	2	1583	67728	656	2011.300144
phase changes	0.3843	-0.5663	2	379	1734	15	2010.18705
phase relationship	0.387	0.5402	2	556	2740	27	2009.265625
phase space	0.0286	-0.9676	1	377	1652	16	2009.3125
phenomena	0.0634	-0.2541	1	1025	8692	85	2011
physical mechanisms	-0.2691	-0.0175	1	770	4852	46	2011.84
physical processes	-0.1013	0.7925	3	647	3744	35	2012.057576
physics	0.5681	-0.0791	2	486	2104	18	2011.674359
place	0.2837	-0.1423	2	712	3966	40	2009.958042
planetary	1.3312	0.0365	2	497	2560	27	2011.108696
planetary scale	0.8919	0.0715	2	679	4116	41	2013.7125
planetary wave activity	1.3295	0.0869	2	600	4112	41	2011.489796
planetary wave propagation	1.4064	-0.1304	2	495	2942	28	2012.394737
planetary waves	1.1905	-0.037	2	1182	24844	256	2011.019886
planetary-scale wave	1.1849	0.0313	2	302	1062	11	2013.608696
plateau	-0.6131	0.6188	3	885	7786	77	2012.169659
pna	-0.2918	-0.336	1	1119	15606	141	2009.758824
polar	0.9239	-0.1384	2	1333	27742	288	2011.082686
polar cap	1.1275	-0.2167	2	596	3512	35	2010.191781
polar front	0.2924	0.8127	3	502	2514	22	2009.072327
polar front jet	0.3318	0.8643	3	469	2220	19	2011.970588
polar jet	0.9528	0.17	2	590	3246	32	2012.492063
polar latitudes	1.0033	-0.3672	2	336	1202	13	2009.695652
polar night	1.1618	-0.1921	2	715	5106	53	2010.577982
polar night jet	1.1664	-0.1684	2	668	4450	45	2010.32
polar regions	0.7501	-0.0045	2	931	7796	75	2011.606775
polar stratosphere	1.123	-0.3752	2	789	7402	79	2010.699029
polar temperature	1.0631	-0.3696	2	437	2026	23	2007.3125
polar vortex	1.0133	-0.1078	2	1422	45744	472	2012.166118
polar vortex variability	1.224	-0.3441	2	336	1284	13	2012.6
polar vortices	1.0277	-0.4418	2	342	1228	12	2011.8
polar winter	1.1	-0.4983	2	302	1016	11	2011.21875
polarity	0.3211	0.3606	3	730	5158	45	2009.692308
pole	0.6615	-0.1719	2	930	6836	70	2010.226221
poleward	0.9014	0.0983	2	1001	11218	108	2010.827273
poleward propagation	1.1934	-0.1237	2	432	1914	20	2009.40625
position	0.2101	0.2802	2	938	8038	76	2010.689373
positive feedback	0.8137	0.3985	2	668	4222	40	2012.122034
positive trend	-0.5983	-0.4767	1	602	3294	33	2012.22335
potential	-0.0231	-0.1476	1	859	5568	59	2012.784435
potential predictability	0.0951	0.3021	3	601	3744	36	2012.2375
potential vorticity	1.0298	0.0925	2	803	6766	72	2008.589286
power	-0.5339	-0.6661	1	830	6310	59	2011.834034
prairies	-1.0768	-0.2373	1	308	1204	12	2009.4
precipitation	-0.7792	0.0528	1	1506	52948	499	2012.247478
precipitation anomalies	-0.7858	0.3786	1	892	7292	60	2012.5625
precipitation events	-0.7737	0.3692	1	489	2298	23	2012.820513
precipitation increase	-0.657	-0.1566	1	404	1444	12	2012
precipitation index	-1.093	-0.1553	1	372	1634	16	2013.304348
precipitation trends	-1.1356	-0.4344	1	282	1034	11	2013.058824
precipitation variability	-1.119	-0.1954	1	711	5068	45	2011.4
precipitation variations	-1.2018	0.028	1	324	1252	11	2010.810811
preconditioning	1.1205	0.0813	2	383	1296	14	2010.850746
precursors	0.6692	0.3378	2	547	2926	31	2012.869565
predictability	0.2527	0.1273	2	1303	22852	220	2013.231855
prediction	-0.0078	0.1104	3	1423	32236	309	2012.073267
prediction skill	0.1512	0.1397	3	806	6484	62	2014.662577
predictive	0.2761	-0.5836	2	433	1902	18	2012.616667
predictive models	0.017	0.2015	3	376	1260	13	2012.813084
predictors	-0.6652	-0.3863	1	781	5880	56	2013.270142
present	-0.244	0.1834	1	301	934	11	2011.176606
present day	0.0263	-0.5418	1	576	2718	24	2011.295673
pressure	-0.3173	-0.0916	1	1545	59328	560	2010.477108
pressure anomalies	-0.0389	0.3567	3	807	6264	57	2010.023077
pressure gradient	-0.4981	0.455	3	473	1980	17	2009.674797
primitive equation	1.2392	0.0336	2	393	1852	22	2002.795276
primitive equation model	1.2706	-0.0266	2	324	1342	16	2003.388889
principal component analysis	-0.3405	-0.7863	1	852	7642	73	2010.580645
principal components	-0.4086	-0.6869	1	1090	13168	126	2010.402597
probability	-0.0432	-0.685	1	952	9322	91	2011.876866
probability density	0.2081	-1.0083	1	447	2734	28	2009.727273
probability density function	0.1385	-1.0808	1	330	1542	16	2011.116279
probability distribution	0.203	-0.518	1	429	1750	16	2012.010101
processes	0.1801	0.1124	2	1478	31310	301	2011.967406
production	-0.7661	-0.4839	1	438	1806	17	2011.637878
profiles	0.7749	-0.4799	2	577	2930	34	2010.526606
progress	0.5852	-0.1655	2	386	1414	15	2012.411765
project	0.1549	0.211	3	1203	15372	133	2012.453668
projection	-0.1019	-0.2451	1	1001	9254	84	2014.197635
propagation	1.0368	0.1827	2	1317	28210	282	2010.734739
properties	0.3328	-0.4224	2	885	6470	73	2011.071907
province	-1.0326	-0.1826	1	297	992	11	2010.882653
proxy	-0.3786	-0.8393	1	781	5384	57	2013.127907
proxy data	-0.8562	-0.823	1	302	1216	13	2012.556962
proxy records	-0.9063	-0.8493	1	391	1858	18	2012.309278
pv	0.9457	0.1436	2	546	2906	31	2011.244681
quality	-0.3537	-0.4999	1	555	2600	25	2012.741898
quasi stationary	0.9544	0.4236	2	641	3714	37	2010.575758
quasi-biennial oscillation	0.9806	-0.4936	2	1151	21096	240	2008.007435
quebec	-1.1924	-0.514	1	337	1528	15	2011.605769
radiation	0.1988	0.2492	3	989	8768	82	2011.331925
radiative	0.8114	-0.5317	2	410	1594	15	2011.175287
radiosonde	0.356	-0.7263	2	281	1000	12	2011.151685
rain	-0.6872	0.0033	1	690	3466	31	2011.945455
rainfall	-0.6309	0.3877	3	1211	15670	147	2011.97561
rainfall variability	-0.6533	0.3561	3	438	1814	16	2011.549296
range	0.1859	-0.4962	2	1207	13462	141	2011.410547
rates	-0.0696	-0.144	1	701	3582	36	2011.494306
ratio	0.063	-0.3325	2	841	5508	55	2010.925387
real-time	0.2108	0.3259	3	430	1684	16	2012.398907
reanalyses	0.6318	-0.5188	2	812	5916	55	2013.477477
reanalysis	0.5854	0.1636	2	1521	52408	503	2012.860412
reanalysis data	0.6758	0.2483	2	1341	26348	260	2013.062413
reanalysis products	0.2732	-0.6905	2	388	1416	13	2014.317073
reason	0.085	-0.0443	2	510	2086	21	2011.71371
recent	0.1941	-0.441	2	839	5834	62	2011.804991
reconstruction	-0.6552	-0.7667	1	823	7266	77	2012.728025
record	-0.4186	-0.5128	1	1192	14390	147	2011.508365
recovery	0.9695	-0.2678	2	447	1688	17	2012.7654
recurrence	-0.2554	-0.7209	1	315	1078	13	2009.921569
red noise	-0.0148	-0.8613	1	280	994	11	2010.24
red sea	-0.9985	-0.8324	1	248	1078	12	2008.244898
redistribution	0.1475	-0.3764	2	384	1542	15	2011.996795
reduction	0.1388	-0.0369	2	1094	10550	100	2012.202875
reflection	1.1284	0.1509	2	455	2062	23	2010.990196
refraction	1.1587	-0.0216	2	458	2134	20	2009.336842
refractive index	1.2829	0.2351	2	317	1160	11	2009.953488
regime	-0.0486	-0.484	1	1293	18796	191	2010.768478
regime shifts	-0.7043	0.0358	1	478	2182	21	2009.757062
region	-0.2243	0.1227	1	1612	101344	964	2011.608772
regional	-0.704	-0.1478	1	480	1872	19	2012.480198
regional climate	-0.442	-0.1766	1	740	4646	43	2013.123404
regional climate model	-0.1488	0.1949	3	337	1258	12	2013.665714
regional patterns	-0.7878	-0.4881	1	316	1146	12	2011.170213
regional scale	-0.3205	-0.4011	1	451	1792	17	2012.592334
regression	-0.2353	-0.4609	1	1265	17710	167	2011.924945
regression analysis	-0.2239	-0.2034	1	817	5732	50	2012.005714
regression model	-0.5797	-0.7196	1	565	3310	33	2012.350785
relationship	-0.4264	0.1063	1	1573	62848	626	2011.52721
relaxation	1.1163	0.2275	2	376	1692	16	2009.702128
release	0.4002	0.2903	2	409	1482	12	2012.712924
remote	-0.0492	0.3019	3	469	1772	15	2012.899032
representation	0.5034	-0.4284	2	841	5986	58	2013.246886
res	0.5494	-0.6085	2	587	3440	45	2010.48537
research	-0.1826	-0.1603	1	1321	20344	197	2012.25614
residual circulation	1.2127	-0.304	2	345	1344	13	2009.675676
residues	-0.1808	-0.7489	1	331	1150	12	2009.701681
resolution	0.0056	-0.3316	1	949	6936	69	2011.918993
resources	-1.0731	-0.3595	1	688	5020	49	2013.251701
response	0.5681	-0.0564	2	1536	53530	512	2012.161066
response model	0.7952	-0.3543	2	428	1740	14	2010.820513
response surface	0.4098	0.1211	2	500	2172	19	2012.773585
rest	0.1857	-0.7921	2	484	2230	21	2011.1893
reversal	0.7106	0.0915	2	696	3996	40	2011.354497
ridge	0.1175	0.2777	3	970	7772	73	2008.953586
risk	-0.4768	-0.5813	1	322	1140	12	2014.229167
river	-1.0503	0.0838	1	1037	12962	125	2011.920886
river discharge	-1.2114	-0.3012	1	360	1470	15	2011.398406
river flow	-1.1462	-0.5696	1	360	1636	16	2012.075472
robustness	0.4491	-0.2234	2	597	3026	29	2013.84141
rocky	-0.7421	-0.0599	1	430	1652	14	2009.866667
rocky mountains	-0.8128	-0.0865	1	414	1554	13	2009.137931
role	0.4384	0.1317	2	1508	38784	385	2012.568357
rossby	0.6078	0.6522	2	1282	24106	220	2010.884413
rossby wave activity	0.3081	0.9072	3	453	2118	18	2011.954545
rossby wave breaking	1.085	0.0549	2	380	1680	16	2012.32
rossby wave train	0.3248	0.8842	3	808	6130	52	2014.191919
rossby waves	0.6068	0.6476	2	1271	24042	219	2011.729614
rotation	0.2347	-0.8376	1	283	962	11	2006.295359
royal	-0.5903	-0.3464	1	1125	12798	124	2007.399225
runoff	-0.9863	-0.1293	1	595	3124	30	2012.212743
russia	-0.9589	0.1879	1	822	6534	63	2012.192015
salinity	-0.6597	-0.2783	1	596	3654	32	2009.248247
salinity anomalies	-0.7286	0.0189	1	364	1520	12	2008.269737
sam	0.9709	-0.3498	2	499	2736	29	2012.973306
sample	0.0781	0.1015	3	397	1472	14	2011.599617
satellite	0.3284	-0.2196	2	814	5296	54	2011.755822
satellite data	0.1806	-0.6543	2	322	1094	12	2011.686028
satellite observations	0.4252	-0.106	2	566	2594	25	2012.973832
scale	-0.1338	-0.1652	1	1536	41784	402	2011.804989
scale patterns	-0.8966	0.0114	1	378	1484	12	2012.535211
scandinavia	-0.6849	-0.081	1	719	4832	44	2009.753425
scandinavian	-0.8946	-0.0288	1	567	3120	28	2011.19697
scenarios	-0.1324	-0.2824	1	986	8682	78	2012.882212
science	-0.0125	-0.5869	1	605	3082	36	2005.441336
sea	-0.4457	0.2789	3	1598	102912	943	2010.929745
sea ice	-0.3497	0.3634	3	1421	34810	313	2012.341204
sea ice anomalies	-0.0363	0.7692	3	466	2312	20	2011.598214
sea ice concentration	-0.4464	0.8291	3	750	5720	46	2014.074
sea ice conditions	-0.7244	-0.262	1	400	1718	16	2012.497942
sea ice cover	-0.5544	0.5721	3	583	3620	33	2012.742173
sea ice extent	-0.4818	0.3344	3	755	5416	48	2013.195775
sea ice variability	-0.5023	0.5476	3	432	2002	16	2013.147059
sea interaction	0.0686	1.0541	3	322	1262	12	2010.461538
sea level	-0.4854	-0.1451	1	1452	38930	358	2011.153319
sea level pressure	-0.4448	-0.1373	1	1443	37786	347	2009.567201
sea surface	-0.3474	0.3136	3	1543	60276	524	2011.29989
sea surface temperature	-0.2663	0.3462	3	1567	69306	613	2011.542882
season	-0.3515	-0.0743	1	1545	43908	433	2012.178114
seasonal climate	-0.2729	0.3146	3	572	2874	29	2012.845361
seasonal climate prediction	-0.1718	0.6893	3	332	1230	12	2013.125
seasonal cycle	0.3777	-0.2079	2	747	4692	44	2011.135957
seasonal evolution	0.793	-0.0751	2	506	2186	20	2011.837838
seasonal forecasts	-0.0463	-0.0497	3	757	5934	55	2015.371681
seasonal precipitation	-1.1957	-0.3101	1	403	1864	18	2011.578947
seasonal predictability	0.088	0.2717	3	499	2758	26	2013.309524
seasonal prediction	0.0588	0.3695	3	802	6638	63	2015.21831
seasonal variability	0.3762	0.4729	3	445	1802	16	2011.582043
seasonal variation	0.3332	-0.157	2	481	2034	23	2011.013917
sections	-0.0319	-0.3283	1	308	1060	12	2007.846599
seesaw	-0.3698	0.2696	3	702	4756	45	2009.493333
selection	-0.5945	-0.4861	1	454	1910	18	2012.335938
sensible heat	-0.3139	0.6282	3	490	2306	21	2010.128205
sensible heat flux	-0.2831	0.7451	3	420	1814	16	2010.732283
sensitivity	0.6292	-0.2132	2	1035	10316	102	2012.152936
sensitivity experiments	0.5929	0.1946	2	465	1860	16	2012.352273
separation	0.4079	-0.6759	2	384	1500	14	2009.887195
sequence	0.6803	-0.3527	2	426	1654	18	2012.290017
series	-0.4547	-0.5872	1	1423	28696	290	2010.601012
severe drought	-0.6805	0.418	1	443	1666	16	2012.064516
severity	-0.9629	-0.3087	1	653	3922	38	2012.643617
sfw	1.2127	0.1079	2	286	1100	11	2012.538462
sh	0.7304	0.528	2	763	5578	56	2012.506667
shape	0.2466	-0.6701	2	644	3110	30	2010.573529
shear	0.7266	0.4464	2	601	3088	29	2009.478827
shift	-0.1078	0.2049	1	1432	28842	266	2012.333333
short-term	-0.0424	-0.5568	1	416	1612	16	2012.055432
shortwave radiation	-0.3351	0.6988	3	338	1274	11	2012.5
siberia	-0.2871	0.6423	3	1097	12542	120	2012.538153
siberian	-0.3344	0.9221	3	1184	19782	181	2012.301282
siberian arctic	-0.6459	0.7088	3	338	1274	13	2013.052288
siberian high	-0.5122	0.7934	3	597	3842	37	2012.224138
siberian snow	0.66	0.699	2	278	1192	11	2012.666667
signal	0.2216	-0.3011	2	1499	39220	383	2011.038817
signal-to-noise ratio	0.1129	-0.1283	2	336	1128	11	2012.333333
signatures	0.4399	-0.4351	2	700	3896	38	2011.86758
significance	-0.182	-0.6414	1	809	5882	64	2011.019928
similarity	0.4229	-0.3405	2	571	2644	23	2011.516971
simulations	0.457	-0.2063	2	1500	41954	388	2012.277903
singular spectrum analysis	-0.7451	-0.796	1	317	1328	13	2011.619048
singular value	-0.4407	0.394	3	787	6052	50	2008.268293
singular value decomposition	-0.5329	0.3973	3	759	5724	48	2008.341772
sites	-0.6353	-0.499	1	645	3570	38	2011.507274
size	0.0823	-0.3263	1	793	4794	46	2010.965923
skewness	0.1807	-0.8179	1	344	1226	12	2009.642857
skill	-0.056	-0.003	3	1200	19108	186	2013.67325
slope	-0.5056	-0.1707	1	428	1664	17	2010.341082
snow	-0.5621	0.4642	3	1172	18678	184	2012.043528
snow accumulation	-0.9452	0.1107	1	356	1432	14	2012.351145
snow cover	-0.4822	0.5002	3	988	11430	110	2011.871212
snow cover extent	-0.6309	0.5529	3	391	1726	16	2011.516129
snow depth	-0.6618	0.163	1	736	4952	49	2013.175439
snow extent	-0.0098	0.7504	3	351	1444	13	2008.291667
snow surface	-0.361	0.3629	1	334	1328	14	2011.761905
snowfall	-0.794	0.4307	1	768	5716	58	2012.353474
snowmelt	-0.8752	0.2893	1	538	2866	29	2012.207317
snowpack	-0.5668	0.0628	1	457	2016	20	2013.287234
snowstorms	-0.4401	0.9723	3	332	1270	12	2012.8
society	-0.5848	-0.2668	1	1174	14008	137	2010.520354
soi	-1.1008	-0.6035	1	466	2560	24	2009.348837
soil	-0.7122	0.3337	3	749	5068	48	2012.887856
soil moisture	-0.7458	0.3333	3	625	3744	35	2013.428315
solar	0.6716	-0.6485	2	741	5934	60	2010.551351
solar activity	0.497	-0.8554	2	737	5890	67	2007.927711
solar cycle	0.9072	-0.6979	2	854	9992	109	2008.260504
solar forcing	0.8108	-0.788	2	326	1246	11	2010.833333
solar irradiance	0.4633	-0.7293	2	597	3406	34	2010.02521
solar minimum	0.9365	-0.6626	2	488	2502	24	2009.115385
solar radiation	-0.0347	0.2246	3	483	2148	20	2011.997753
solar variability	0.5102	-0.714	2	540	2780	27	2008.8
solution	0.8675	-0.3247	2	360	1278	15	2010.22668
source	0.2198	0.1821	2	1273	17162	164	2011.544715
south	-0.3114	0.4879	3	1378	23592	217	2009.816077
south america	-0.2531	-0.0994	1	471	1928	17	2010.900662
south asia	-0.1501	0.797	3	367	1444	13	2013.46
south atlantic	0.1894	0.495	3	337	1282	11	2007.451691
south china	-0.5295	1.0221	3	620	4210	38	2013.350427
south china sea	-0.5216	1.0209	3	527	3012	26	2013.674419
south greenland	-0.2657	-0.3259	1	370	1318	12	2009.851064
south pacific	0.5395	0.5012	2	476	2214	21	2009.295533
southeast asia	-0.4522	0.9386	3	355	1432	13	2012.767442
southern	0.2777	-0.3783	2	1418	27030	257	2011.247603
southern annular mode	0.8798	-0.4083	2	539	2908	31	2013.425339
southern hemisphere	0.9465	-0.1305	2	1052	12364	126	2010.882466
southern ocean	0.198	-0.0353	2	425	1774	15	2011.310743
southern oscillation	-0.45	-0.1506	1	1488	43248	398	2011.761165
southern oscillation index	-0.9664	-0.5776	1	647	4422	38	2008.992593
southwest	-0.9351	0.1371	1	552	2480	24	2010.224324
space	-0.0461	-0.7877	1	826	6344	67	2011.281958
spain	-0.8532	-0.6644	1	242	932	11	2011.4375
span	-0.6051	-0.5407	1	319	1224	11	2012.134921
spatial	-0.5215	-0.5513	1	802	5270	50	2011.877747
spatial distribution	-0.4997	0.037	1	639	3512	36	2012.602028
spatial extent	-0.7585	-0.2084	1	318	1050	11	2012.475806
spatial patterns	-0.2149	-0.3453	1	1130	11832	107	2012.024523
spatial scales	0.1166	0.3437	3	397	1490	14	2012.42723
spatial structure	0.4941	0.1264	2	858	7310	68	2010.597156
spatial variability	-0.9081	-0.48	1	394	1782	16	2011.858628
spearman	-1.2181	-0.1742	1	285	1160	11	2012.766667
spectra	-0.5109	-0.8093	1	419	2056	20	2010.240566
spectral	0.0013	-0.7617	1	353	1198	12	2011.032967
spectral analysis	-0.6248	-0.8414	1	462	2052	21	2010.392157
spectrum	-0.366	-0.7025	1	727	4718	47	2010.348901
spectrum analysis	-0.7385	-0.7565	1	344	1472	15	2011.96875
speed	0.2666	-0.2733	2	845	5936	58	2010.795455
splitting	1.2262	0.0021	2	416	1838	20	2010.803922
spread	0.5553	0.1855	2	514	2548	24	2013.442623
spring	-0.1305	0.2686	3	1446	32186	315	2011.445356
spring ao	-0.0972	1.3076	3	381	2092	20	2013.791667
spring arctic oscillation	0.0826	1.4284	3	286	1500	15	2014.944444
spring precipitation	-1.1073	0.0714	1	307	1110	11	2014.033333
spring season	-0.4642	0.0326	1	400	1498	14	2011.118644
spring snow	-0.7747	0.4042	1	424	1840	18	2013.204082
springtime	0.0072	0.4848	3	404	1570	15	2011.464
sres	-0.689	-0.4121	1	348	1428	12	2011.084507
sst anomalies	-0.2832	0.5511	3	1308	24606	212	2010.894292
sst forcing	0.4485	0.4326	2	570	3264	27	2010.625
sst variability	-0.2449	0.1679	3	747	5152	45	2011
ssw	1.1876	-0.0276	2	786	8010	91	2013.885714
ssws	1.2134	-0.1883	2	753	6918	79	2013.951807
stability	0.1731	-0.2141	2	718	3840	38	2011.601934
stage	0.7785	-0.0053	2	736	4994	53	2011.432692
standard	0.2051	0.0334	2	402	1520	17	2011.405751
standard deviation	-0.5206	0.2963	1	558	2740	27	2011.034783
state	0.7247	-0.2787	2	1251	17742	182	2012.176355
stationary planetary waves	1.2221	0.4858	2	391	1856	17	2011.047619
stationary waves	0.81	0.5007	2	1004	10954	104	2011.418301
stations	-0.9862	-0.2273	1	1075	15026	156	2010.728667
statistical analysis	-0.4222	-0.3719	1	615	3106	31	2011.880795
statistical methods	-0.4464	-0.2431	1	400	1634	18	2010.873239
statistical model	-0.2709	-0.5755	1	540	2760	29	2011.85
statistical significance	-0.1228	-0.7734	1	502	2518	29	2010.061728
statistics	-0.152	-0.5417	1	950	8008	84	2010.724252
stochastic model	0.2083	-0.8947	1	345	1514	19	2010.054054
storage	-0.6867	0.0347	1	347	1108	11	2013.435429
storm	-0.0614	0.1891	1	1196	16568	152	2010.368357
storm track activity	0.1647	0.7256	3	448	1850	16	2012.185185
storm tracks	0.1798	0.3619	2	1134	15066	136	2010.462428
storminess	-0.5393	-0.6852	1	405	1874	17	2011.92
strait	-0.8144	0.3727	1	617	3518	31	2008.864542
strategies	-0.1204	-0.7749	1	294	1074	12	2013.49449
stratopause	1.2112	-0.3945	2	411	1958	21	2009.153846
stratosphere	1.1007	-0.2051	2	1415	61572	665	2010.953635
stratosphere vortex	1.2836	0.1314	2	338	1260	14	2013.0625
stratosphere-troposphere	1.2236	-0.2216	2	406	1746	17	2010.407407
stratosphere-troposphere coupling	0.9972	-0.0373	2	674	4496	44	2015.269841
stratosphere-troposphere interaction	1.086	0.3452	2	479	2340	23	2013.458333
stratospheric circulation	1.1643	-0.1105	2	921	9492	99	2010.869919
stratospheric dynamics	1.1208	-0.3103	2	516	2778	30	2011.393939
stratospheric ozone	0.9888	-0.5678	2	621	4182	44	2012.514706
stratospheric polar vortex	1.127	-0.0138	2	1157	20434	209	2013.473077
stratospheric response	1.2394	-0.2136	2	585	4028	39	2012.765957
stratospheric temperature	0.8503	-0.5083	2	749	5684	59	2010.614679
stratospheric variability	1.2041	-0.1566	2	612	3822	40	2012.425926
stratospheric wave	1.2562	7e-04	2	396	1602	18	2010.363636
stream	-0.0131	0.678	3	1273	19344	167	2011.208251
stream function	0.8165	0.2876	2	327	1128	11	2006.392157
streamflow	-1.1219	-0.54	1	578	4178	40	2012.533784
streamflow variability	-1.2517	-0.5341	1	288	1214	11	2013.058824
streamfunction	0.7268	0.2265	2	505	2364	22	2010.197183
strength	0.3964	-0.1675	2	1374	23148	228	2011.147674
strengthening	0.7498	0.1296	2	936	8206	75	2012.132404
stress	-0.1988	0.3118	3	660	3930	34	2010.771906
structure	0.5545	0.0114	2	1475	39844	391	2010.587788
subpolar	0.8679	0.2974	2	350	1182	12	2011.017241
subseasonal	0.3786	0.667	3	346	1336	12	2017.434783
subsidence	0.0544	0.5544	3	517	2146	20	2011.801303
subsurface	-0.2959	0.2414	3	379	1456	12	2011.621895
subtropical	0.4518	0.3998	2	946	7998	76	2009.910959
subtropical high	-0.6758	0.6897	3	698	4694	41	2012.285714
subtropical jet	0.5604	0.7178	2	869	6860	63	2011.888889
sudden stratospheric warming	1.1613	-0.2042	2	1027	16020	185	2013.015152
summer	-0.5034	0.3292	3	1516	42058	404	2011.747886
summer monsoon	-0.3647	0.8902	3	861	7380	65	2011.721893
summer monsoon rainfall	-0.4586	0.9932	3	339	1308	12	2011.0625
summer precipitation	-0.9175	0.3807	3	675	3764	30	2012.772727
summer rainfall	-0.413	0.9771	3	485	2300	20	2011.206522
summer temperatures	-1.0177	-0.2832	1	543	2782	25	2011.835484
summertime	0.2183	0.4129	3	458	1888	17	2011.985294
sun	0.4355	-0.7504	2	291	1026	12	2011.068966
sunspot	0.1065	-0.9276	2	509	2874	33	2008.452381
sunspot cycle	0.6964	-0.7975	2	343	1420	17	2005.611111
sunspot number	-0.5051	-0.9327	1	306	1238	13	2009.466667
superposition	0.1052	-0.2139	2	448	1980	20	2009.931034
supply	-0.6686	-0.0338	1	555	2340	21	2011.339312
support	0.0943	-0.1542	2	584	2670	25	2012.160714
surface	-0.0416	0.2292	3	1609	123126	1142	2011.274886
surface air	-0.4342	0.639	3	1322	29206	259	2012.202151
surface air temperature	-0.4581	0.6365	3	1307	28464	251	2012.177381
surface air temperature anomalies	-0.2235	1.3265	3	330	1364	12	2014.090909
surface circulation	0.2161	-0.1219	2	484	2046	19	2009.780702
surface climate	0.3888	-0.4397	2	817	5824	52	2012.326087
surface conditions	-0.1339	0.2189	3	612	3144	31	2010.87907
surface heat fluxes	-0.1063	0.7133	3	631	4070	33	2010.370833
surface heating	-0.182	0.762	3	418	1672	14	2012.707317
surface pressure	0.4724	-0.3942	2	932	7944	80	2009.187166
surface temperature	-0.2845	0.2878	3	1576	74356	660	2011.552855
surface warming	0.2872	0.229	2	391	1436	13	2012.889706
surface waters	-0.7444	0.1019	1	381	1470	14	2010.917469
surface weather	0.9379	-0.2638	2	438	2080	21	2011.1875
surface wind	-0.0455	0.2121	3	674	3928	34	2010.352381
surge	-0.2851	0.8875	3	549	3554	37	2011.309645
svd	-0.4942	0.5033	3	610	3666	31	2009.76087
svd analysis	-0.3684	0.6161	3	400	1806	13	2008
swe	-0.8672	0.4039	1	497	2232	20	2014.344828
symmetry	0.6152	-0.6314	2	299	1074	11	2007.320755
synoptic	-0.4344	0.2408	1	414	1624	16	2011.683673
synoptic climatology	-0.3208	0.0242	1	424	1768	16	2011.303571
synoptic eddies	0.7469	0.317	2	333	1176	11	2009.375
synoptic scale	0.0622	0.39	1	841	6598	63	2011.432432
synoptic waves	1.184	0.0695	2	286	1052	11	2013.571429
system	0.2793	-0.0327	2	1480	32894	312	2012.244703
techniques	-0.1602	-0.5012	1	1091	11642	113	2010.995925
teleconnection	-0.5099	0.1485	1	1521	49290	466	2012.106926
teleconnection indices	-0.9961	-0.5234	1	531	3012	28	2010.783784
teleconnection patterns	-0.6415	0.1756	1	1248	19636	180	2010.813492
temperature	-0.184	0.0317	1	1610	146674	1400	2011.477652
temperature advection	0.0249	0.8776	3	503	2440	23	2011.103448
temperature anomalies	-0.0844	0.4781	3	1354	24860	231	2011.546191
temperature changes	-0.2961	-0.3018	1	829	6556	60	2012.055092
temperature data	-0.676	0.0782	1	688	4314	41	2009.906752
temperature extremes	-1.0079	0.2785	1	559	3494	33	2014.153846
temperature fields	0.1818	-0.445	2	628	3310	31	2008.080882
temperature gradient	0.3866	0.5349	3	834	5900	49	2011
temperature increase	0.2595	-0.2823	2	442	1684	16	2011.880309
temperature influence	0.1956	-0.5403	2	335	1186	11	2010.828571
temperature precipitation	-0.817	-0.2347	1	1079	11760	108	2012.677122
temperature records	-0.7761	-0.5195	1	505	2462	25	2010.766839
temperature response	0.4396	-0.5836	2	514	2410	23	2012.819767
temperature trends	-0.2922	-0.6387	1	582	3204	30	2012.249147
temperature variability	-0.7891	-0.0242	1	780	5568	51	2012.481229
temperature variations	-0.5091	0.4346	3	789	5628	54	2010.665354
temporal	-0.5721	-0.4467	1	462	1648	15	2010.883534
temporal evolution	0.1285	-0.3029	2	620	3000	26	2012.72561
temporal variability	-0.8092	-0.3823	1	714	4328	41	2011.288462
temporal variations	-0.5637	0.0726	1	611	2930	27	2011.722063
terms	0.2094	-0.3385	2	1303	19682	199	2011.105954
territories	-0.8908	-0.1152	1	280	958	11	2011.376997
theory	0.8993	-0.2316	2	736	5012	55	2009.714706
thermal	0.3971	0.2296	2	553	2322	20	2011.557652
thermal contrast	-0.1515	0.9084	3	408	1804	15	2012.774194
thermohaline	-0.6402	-0.5394	1	378	1676	16	2007.343511
thermohaline circulation	-0.735	-0.4851	1	390	1824	17	2007.122047
thickness	-0.629	0.4254	3	571	2750	26	2010.814467
three dimensional	1.0178	0.1318	2	543	2560	28	2009.329939
threshold	0.131	0.3135	1	318	1106	12	2012.8
tibetan plateau	-0.6029	0.638	3	825	6634	66	2014.317191
tilt	1.1235	0.132	2	434	1686	17	2010.517857
time	-0.0757	-0.3641	1	1605	76302	755	2011.191579
time scales	0.0499	-0.0477	2	1457	29674	280	2011.351464
time-lag	-0.281	0.154	1	445	1684	15	2011.294737
time-series analysis	-0.5048	-0.629	1	1312	21128	212	2010.95228
timescales	-0.1755	-0.2596	1	1204	14682	147	2011.525048
timing	0.0477	-0.2977	1	914	6528	63	2012.348348
toms	0.7897	-0.3357	2	333	1294	14	2006.333333
tools	0.5377	-0.6426	2	346	1150	12	2013.795322
topography	0.1416	-0.4292	2	675	3658	35	2010.120382
torque	0.9655	-0.0097	2	342	1386	15	2006.097561
total ozone	0.8397	-0.4808	2	493	2830	32	2004.769231
total precipitation	-1.1175	-0.238	1	335	1220	13	2010.7
total solar irradiance	0.5013	-0.6971	2	351	1294	12	2011.3
tp	-0.485	1.0046	3	336	1210	11	2015.013333
track	0.0273	0.2886	1	1138	15290	139	2010.190476
trade	0.1945	0.5693	3	372	1302	11	2011.285714
trains	0.7032	0.6456	2	661	4280	37	2012.830986
trajectories	-0.1581	-0.1584	1	545	2302	21	2011.384117
transfer	0.4956	-0.2818	2	451	1680	18	2010.678679
transform	-0.7573	-0.7651	1	513	2836	28	2011.990385
transient	0.6789	0.279	2	941	7852	73	2011.104545
transient eddies	0.5262	0.7344	2	727	5376	49	2010.311111
transient waves	1.288	0.271	2	269	1028	11	2013.117647
transition	0.3989	-0.2705	2	1073	10708	110	2011.648928
transport	-0.0166	0.3759	3	1217	13790	132	2010.537155
transportation	-0.8982	0.6971	3	312	1154	11	2013.300752
tree rings	-0.8807	-0.9012	1	298	1250	14	2011.553398
trend analysis	-1.0121	-0.3351	1	505	2632	25	2013.09434
trends	-0.4511	-0.3442	1	1505	42276	418	2012.269204
tropical	0.4563	0.3676	2	808	5698	55	2011.862319
tropical atlantic	-0.0675	0.5505	3	505	2672	24	2009.2
tropical convection	0.5454	0.6351	3	620	3388	29	2011.759259
tropical oceans	-0.1786	0.0671	3	531	2408	22	2010.174419
tropical pacific	0.2463	0.6251	3	526	2904	26	2011.844156
tropical regions	0.2429	0.2447	2	493	2074	19	2012.1875
tropical sea surface temperature	0.6502	0.9071	2	306	1150	11	2012.264706
tropical sst	-0.2026	0.7226	3	471	2320	19	2008.806452
tropical stratosphere	1.0992	-0.438	2	469	2476	24	2009.172414
tropics	0.51	0.2734	2	1190	16624	158	2010.699313
tropopause	1.0256	0.0111	2	754	5806	60	2009.748148
troposphere	0.9183	0.1436	2	1440	43904	448	2010.961094
troposphere interaction	1.1819	0.2764	2	318	1178	12	2011.153846
tropospheric anomalies	1.0805	0.0894	2	372	1496	15	2010.352941
tropospheric circulation	1.0632	-0.0579	2	920	8406	83	2011.280303
tropospheric climate	0.9814	-0.3618	2	402	1600	17	2010.566667
tropospheric temperature	0.2	0.5915	3	471	2022	17	2010.951613
trough	-0.2123	0.8743	3	1119	16056	150	2010.984962
turkey	-1.1639	-0.356	1	339	1396	15	2011.5
twentieth century	-0.4334	-0.5832	1	966	8766	82	2012.145055
twentieth century reanalysis	-0.3731	-0.4665	1	388	1518	13	2014.958333
types	0.1466	0.1171	2	1097	11336	113	2011.720352
uk	-0.4624	-0.5424	1	397	1548	15	2011.816794
ultraviolet	0.9963	-0.628	2	323	1352	14	2011.227848
uncertainty	-0.0708	-0.6137	1	851	5938	59	2013.221957
united states	-0.665	0.0133	1	969	9840	96	2011.349593
university	0.0015	-0.394	1	455	1836	18	2010.400794
upper air	-0.2406	0.2116	3	538	2308	20	2010.383562
upper ocean	-0.1514	0.1986	3	367	1512	12	2010.440079
upper troposphere	0.7285	0.4019	2	1101	13104	126	2011.20068
upstream	-0.3831	0.6702	3	397	1562	15	2010.672862
upwelling	0.9522	-0.3699	2	354	1436	15	2010.661939
urals	-0.2282	0.963	3	632	3942	35	2015.346535
usa	-0.6836	-0.3216	1	497	2258	21	2010.335681
uv	0.9141	-0.6305	2	471	2462	25	2011.051948
uv irradiance	0.941	-0.7276	2	271	1018	12	2007.647059
vacillation	1.0702	-0.2392	2	393	1606	18	2007.12
validation	-0.5505	-0.3397	1	480	1900	18	2012.727575
valley	-0.7236	0.6958	3	664	4084	38	2011.024
values	-0.1958	-0.2835	1	1441	27160	273	2010.746562
vapour	-0.5618	0.683	3	415	1668	15	2011.530769
variability	-0.152	-0.2917	1	1610	136736	1333	2011.545737
variance	-0.399	-0.2996	1	1352	22814	214	2010.046067
variations	-0.1961	0.0515	1	1596	73916	728	2010.901917
vector	0.5803	-0.1068	2	616	3238	34	2010.835404
vegetation	-0.6432	0.1018	1	338	1254	14	2012.521246
velocity	0.4797	-0.1438	2	642	3582	36	2010.066944
verification	-0.1136	-0.4962	1	298	1014	12	2012.835821
vertical motion	0.1368	0.5787	3	391	1398	13	2008.438017
vertical profiles	0.9241	-0.5274	2	320	1100	12	2011.336
vertical propagation	1.3141	0.1927	2	466	2424	25	2007.484848
vertical structure	0.9729	0.1011	2	669	3694	35	2010.285714
volcanic aerosols	0.9032	-0.5223	2	338	1290	11	2009.2
volcanic eruptions	0.943	-0.6655	2	541	3146	28	2010.410526
volume	-0.6758	-0.2324	1	450	1750	17	2010.936662
vortex	0.9605	-0.1412	2	1457	51028	526	2011.311409
vortex displacement	1.3401	0.0588	2	255	966	11	2014.909091
vortex splits	1.1929	-0.2283	2	382	1746	20	2015.45
vortex splitting	1.2837	0.0014	2	309	1230	13	2015.533333
vorticity	0.8495	0.1676	2	1115	13102	133	2008.431221
waccm	1.4064	-0.3095	2	303	1368	13	2013.814815
walker circulation	0.1507	0.6045	3	460	1994	17	2013.234043
warm	-0.4557	0.138	1	1051	10006	89	2011.29985
warm anomalies	0.6391	0.8858	3	356	1286	11	2013.780488
warm period	-0.9353	-0.53	1	330	1202	11	2011.509615
warm pool	0.303	0.6571	3	502	2302	20	2011.745763
warm season	-0.7668	0.1029	1	393	1590	16	2011.738636
warm winters	-0.6744	0.7001	3	384	1600	15	2010.973684
warming	0.3983	0.0817	2	1497	38508	378	2012.978577
warming event	1.2454	0.2028	2	287	1100	11	2013.052632
warmth	-0.3619	0.4621	1	336	1094	11	2011.625
water	-0.811	0.1066	1	1307	23492	223	2010.775054
water equivalent	-0.8412	0.361	1	556	2834	27	2012.877005
water resources	-1.085	-0.3558	1	612	3910	38	2014.535912
water vapor	-0.3533	0.6446	3	723	4814	45	2011.155556
water vapour	-0.5609	0.6843	3	415	1668	15	2011.403361
wave	0.8386	0.2982	2	1539	74276	732	2010.934812
wave activity	0.989	0.3882	2	1180	19846	191	2011.927757
wave activity flux	0.6943	0.6692	2	786	6064	56	2011.66129
wave breaking	1.1312	0.0376	2	499	2732	27	2012.228571
wave drag	1.37	-0.2087	2	318	1440	16	2010
wave driving	1.2821	-0.0813	2	412	1892	19	2010.173913
wave energy	0.4972	0.6712	2	585	3060	28	2011.326923
wave flux	1.1104	0.3763	2	558	3326	35	2011.297872
wave propagation	1.2375	0.0377	2	827	8044	78	2011.029586
wave source	0.817	0.7307	2	354	1336	12	2014.095238
wave train	0.1656	0.8943	3	1158	17142	153	2013.265683
wave train pattern	-0.9789	0.5936	3	307	1230	11	2015.619048
wave-mean flow interaction	1.2175	0.1937	2	433	1962	19	2012.869565
waveguide	1.0489	0.3418	2	656	4306	39	2010.181818
wavelet	-0.9755	-0.7529	1	687	6156	60	2011.611765
wavelet analysis	-1.0764	-0.6766	1	578	4318	39	2011.888889
wavelet coherence	-1.254	-0.8694	1	302	1682	17	2013.434783
wavelet transform	-0.9632	-0.8174	1	414	2310	22	2010.020408
wavenumber	1.1539	0.1499	2	683	4562	47	2009.508621
weather	0.2157	-0.0163	2	1462	31696	314	2012.202602
weather conditions	-0.6907	0.2254	1	402	1538	17	2012.712
weather events	-0.1556	0.557	3	356	1256	12	2014.969697
weather forecasts	0.7169	0.0544	2	971	9814	96	2011.889868
weather patterns	0.3157	-0.4321	2	415	1582	15	2013.369565
weather regimes	0.2638	-0.579	1	519	2916	30	2012.277778
weather stations	-0.9726	-0.1638	1	418	1842	19	2012.035461
weather systems	0.5934	0.2819	2	368	1342	13	2011.348485
west pacific	-0.8196	0.1388	1	631	3402	29	2011.384615
west russia	-1.2455	0.0781	1	366	1770	16	2014
westerlies	0.5565	0.1975	2	1050	10906	106	2011.018405
western europe	-0.6776	-0.5088	1	419	1742	18	2010.454545
western hemisphere	0.3432	-0.503	2	357	1194	12	2009.761905
western north pacific	-0.159	1.0228	3	474	2212	17	2011.77193
western pacific	-0.1918	0.9759	3	840	7334	65	2012.195402
western pacific subtropical high	-0.5182	0.9917	3	413	1790	16	2013.72973
whole atmosphere	1.3816	-0.3266	2	479	2976	27	2014.509434
whole atmosphere community climate	1.3911	-0.3082	2	455	2774	25	2014.673913
whole atmosphere community climate model	1.3917	-0.306	2	455	2774	25	2014.673913
wind	0.5834	0.1761	2	1570	65160	640	2010.366929
wind anomaly	0.8484	0.3258	2	485	2168	21	2010.382353
wind field	-0.2234	0.6743	3	578	2808	24	2008.951515
wind shear	0.5584	0.488	2	438	1698	15	2009.66
wind speed	0.2233	-0.2789	2	679	3732	36	2011.054286
wind stress	-0.1478	0.4425	3	563	3136	26	2008.608177
winter	0.111	0.0798	2	1611	136194	1355	2011.016141
winter air temperatures	-0.9664	0.4146	1	364	1398	14	2010.59322
winter ao	-0.3267	0.7965	3	629	4092	38	2011.092593
winter arctic oscillation	-0.1446	0.8816	3	486	2488	26	2012.418605
winter atmospheric circulation	-0.4633	-0.0648	1	414	1668	15	2012.357143
winter circulation	0.3536	-0.4499	2	851	6292	59	2010.632075
winter climate	-0.2015	0.3971	3	983	10248	93	2011.949438
winter conditions	0.2788	-0.433	2	406	1402	13	2010.835052
winter monsoon	-0.3185	1.0533	3	1001	13988	127	2013.632258
winter nao	-0.7782	-0.571	1	607	3916	40	2011.625
winter north atlantic oscillation	-0.1645	-0.7047	1	553	3152	33	2012.553571
winter precipitation	-1.0847	-0.0157	1	825	6846	64	2012.153374
winter season	-0.4475	-0.1088	1	884	6322	62	2011.059908
winter storms	-0.6347	-0.4823	1	361	1504	14	2010.316667
winter temperatures	-0.5089	0.2331	1	1074	11128	103	2011.726962
winter time	-0.1946	-0.2912	1	436	1686	18	2010.771429
winter weather	-0.3575	-0.1096	1	466	2150	21	2014.135593
wintertime	0.2974	0.1664	2	1277	17516	170	2011.622989
wintertime ao	-0.4936	0.7589	3	269	970	12	2010.846154
work	0.1542	-0.2802	2	1090	10204	105	2012.585814
world	-0.3878	-0.398	1	721	4560	46	2011.293273
wp	-0.8852	0.7192	3	475	2674	23	2013.032258
yangtze	-0.6566	0.9591	3	570	3566	31	2013.226804
yangtze river	-0.659	0.9544	3	564	3468	30	2013.219512
yangtze river valley	-0.7133	1.0101	3	376	1616	14	2012.551724
year-to-year variability	-0.6283	0.3138	1	366	1274	12	2012.367347
yellow	-0.9975	0.3445	3	404	1660	14	2014.752475
zonal	0.9381	-0.1756	2	1094	13852	142	2008.993976
zonal circulation	-0.5193	0.2792	1	369	1268	12	2009.392857
zonal wavenumber	1.1159	0.2915	2	584	3534	35	2009.169014
zonal wind	1.144	-0.054	2	867	7968	83	2010.512195
zone	0.0554	-0.0834	2	992	8370	78	2010.917256
