id	x	y	cluster	weight<Links>	weight<Total link strength>	weight<Keyword count>	score<Avg year>
5 degrees	0.5894	-0.1095	4	296	898	9	2008.952381
a-train	-0.0946	0.1408	4	455	1828	16	2015
abl	0.3524	-0.8056	2	400	1554	15	2009.315789
absolute humidity	-0.1042	0.7984	1	347	1446	14	2012.933333
absorption	0.0358	0.6764	1	873	7746	79	2011.930081
accumulation	-0.1523	0.1641	4	580	2874	29	2011.1675
accuracy	-0.2414	0.907	1	980	10820	111	2012.031588
ace	1.0434	0.3693	2	397	1982	17	2005.44186
activation	1.0071	-0.6141	2	477	2272	21	2011.521429
activity	0.1571	-0.1173	4	721	3876	44	2011.741747
addition	0.3481	0.163	2	1037	8846	87	2012.072879
adjustment	0.2728	-0.7185	2	354	1206	10	2011.543956
administration	-0.2266	0.7553	1	398	1604	14	2011.614679
advanced very high resolution radiometer	-0.5372	0.9994	1	596	3940	38	2005.41573
advection	-0.0819	-0.7943	3	919	7840	73	2010.324162
aerosol	0.753	-0.2255	2	1191	22012	220	2011.217627
aerosol concentrations	0.9167	-0.6206	2	499	2476	22	2012
aerosol effect	0.3121	-0.8116	2	472	2338	24	2010.771084
aerosol particles	0.9747	-0.3059	2	541	2756	28	2011.054545
aerosol properties	1.01	-0.1795	2	499	2426	24	2012.142857
aerosol-cloud interactions	0.736	-0.6374	2	442	1774	15	2014.340909
aggregates	1.1271	0.2112	2	393	1842	22	2009.96124
aggregation	1.0494	0.1043	2	327	1220	12	2010.006757
agreement	0.1347	0.4348	1	1198	17096	164	2010.554303
air	-0.0058	-0.2661	4	1297	27856	268	2011.976061
air masses	0.3806	-0.1674	4	960	8098	74	2011.64881
air temperature	-0.6508	-0.4303	3	957	7884	70	2012.218924
airborne	0.8119	0.3153	2	617	3472	34	2011.99435
airborne measurements	0.6384	0.2883	2	471	2010	20	2012.555556
aircraft	0.8313	0.0824	2	1060	13636	137	2010.584541
aircraft measurements	1.149	-0.1884	2	557	3102	29	2009.893333
aircraft observations	0.9184	-0.1996	2	517	2412	23	2010.350877
al	0.6464	-0.0142	2	538	2212	24	2010.555118
alaska	0.5011	0.3498	1	1057	13910	138	2010.597746
alaska north slope	0.5611	0.5432	1	665	4764	42	2011.71978
albedo	-0.6829	0.0704	3	1088	15378	145	2012.060567
albedo feedback	-1.0297	-0.2506	3	326	1192	11	2013.383234
algorithm	0.0335	0.9396	1	1063	15308	158	2011.916828
altitude	0.4047	0.469	1	909	6936	69	2011.218807
america	-0.1166	0.5445	1	620	3042	36	2011.440252
amplification	0.0094	-0.0287	3	409	1434	14	2013.330357
amplitude	-0.6369	0.0352	3	525	2064	18	2010.372165
amundsen	-0.3318	-0.5001	3	269	990	10	2012.553846
amundsen gulf	-0.5003	-0.5618	3	224	862	9	2012.409091
analysis	-0.0592	0.2743	1	1328	34434	352	2011.656462
angle	-0.2154	0.4503	1	866	6662	64	2010.915493
annual	-0.8044	0.2995	4	387	1406	14	2010.264808
annual cycle	-0.6927	-0.1455	3	771	5586	54	2009.189944
anomaly	-0.8274	-0.2925	4	814	5858	57	2010.997204
antarctic	-0.0867	0.55	4	1115	14774	149	2010.797819
antarctic clouds	0.4413	0.3252	4	478	2168	18	2010.944444
antarctic continent	-0.1958	0.9184	1	442	1782	18	2010.136364
antarctic ice	0.0536	0.669	4	520	2532	24	2012.455772
antarctic ice sheet	-0.1889	0.6685	4	445	2014	18	2012.616541
antarctic peninsula	0.3818	0.423	4	365	1238	12	2011.82716
antarctic plateau	0.035	0.9126	1	588	3332	33	2010.053333
antarctica	-0.0361	0.7081	1	989	11234	118	2011.220175
anthropogenic aerosols	0.6056	-0.5566	2	360	1356	15	2012.4
ao	-1.1116	-0.1862	4	295	994	9	2011.098916
application	-0.2854	0.5271	1	1025	10196	107	2012.361823
approach	0.2915	0.5591	1	986	8900	92	2013.011682
approximation	0.5314	0.4194	1	390	1394	14	2011.077491
aqua	-0.5547	0.8738	1	601	3310	31	2012.181818
archipelago	-0.8081	0.0585	4	408	1434	13	2011.082609
archives	-0.6341	0.226	4	409	1682	17	2012.62249
arctic	0.0808	-0.2142	2	1353	83654	843	2012.189504
arctic aerosol	0.7544	-0.7163	2	441	1916	18	2012.448649
arctic annual cycle	-0.2913	-0.9346	3	287	984	10	2007.266667
arctic antarctic	-0.5666	0.3892	4	572	2672	25	2012.938182
arctic atmosphere	-0.6733	-0.0174	4	600	3132	30	2011.826087
arctic basin	-0.8655	-0.3002	4	489	2108	17	2009.680952
arctic boundary layer	0.3325	-0.748	2	672	4432	43	2009.815385
arctic climate	-0.433	-0.6546	3	993	10324	98	2013.150824
arctic climate change	-0.7077	-0.4561	3	329	1180	12	2014.55814
arctic climate system	-0.4404	-0.8437	3	450	1888	17	2013.39726
arctic clouds	0.3689	-0.4121	2	1234	27920	262	2010.096463
arctic conditions	0.1274	0.6772	1	373	1260	12	2011.352113
arctic data	-0.6195	0.2091	3	300	942	9	2011.115942
arctic energy	-0.5744	-0.3294	3	350	1244	11	2013.307692
arctic environments	0.2833	-0.2021	3	388	1284	13	2012.708108
arctic haze	0.4293	-0.653	2	292	994	12	2010.263636
arctic high	-0.0226	-0.126	1	424	1444	14	2013.101695
arctic ice	0.2669	-0.4592	2	775	4826	49	2013.034188
arctic leads	-0.013	-1.0384	3	266	1004	9	2001.555556
arctic measurements	0.4314	0.165	1	433	1594	16	2011.113636
arctic mixed-phase clouds	0.9526	-0.5786	2	311	1096	10	2016.2
arctic observations	-0.0463	-0.625	3	437	1582	16	2013.9125
arctic ocean	-0.4156	-0.5221	3	1164	20532	185	2010.893127
arctic oscillation	-1.0207	-0.1362	4	374	1448	14	2011.24912
arctic precipitation	0.2951	0.2246	4	273	780	9	2012.674419
arctic regions	-0.1795	0.273	4	908	7064	72	2013.278834
arctic research	0.3412	0.501	1	274	806	9	2013.453782
arctic sea ice	-0.8535	-0.5859	3	863	7804	70	2014.367364
arctic sea ice extent	-1.1306	-0.6139	3	311	1164	9	2015.271084
arctic seas	-0.8117	-0.5378	3	913	8908	82	2014.010669
arctic spring	0.7754	-0.5513	2	337	1174	11	2012.048193
arctic stratocumulus	0.8747	-0.854	2	317	1270	13	2013.571429
arctic stratus	0.9411	-0.4929	2	502	2850	29	2002.9
arctic stratus clouds	1.0148	-0.4253	2	341	1380	15	1999.8125
arctic summer	-0.1338	-0.6777	3	587	2910	26	2013.466368
arctic surface energy budget	-0.7121	-0.838	3	329	1140	9	2013.083333
arctic temperature	-0.8978	-0.277	4	450	2026	22	2012.593301
arctic warming	-0.6006	-0.5226	3	308	1034	11	2014.481818
arctic waters	-0.6211	0.3667	1	476	1896	19	2011.466431
arctic weather	-0.0632	-0.0414	4	279	922	9	2014.212121
arctic winter	-0.0957	-0.1728	3	718	4604	44	2011.690678
area	-0.2221	0.2242	4	1241	20254	210	2011.37466
arm	0.6054	0.5239	1	851	8326	77	2009.535354
array	0.3696	0.6364	1	317	932	10	2011.101235
artifacts	0.2041	0.1546	4	264	744	9	2009.730769
asia	-0.2231	0.2683	4	361	1158	12	2013.012594
aspect	0.8511	-0.3391	2	304	994	10	2011.749104
assessment	-0.3732	0.1836	3	859	5532	55	2013.024899
assimilation	-0.4802	0.5567	1	411	1718	16	2012.629787
association	0.0143	-0.2292	4	378	1246	11	2011.081886
asymmetry	0.9738	0.4639	2	262	968	11	2011.45509
atlantic	-0.5961	-0.091	4	825	5574	54	2010.236737
atlantic ocean	-0.5694	0.1069	4	399	1504	15	2009.615463
atlantic sector	-1.0437	-0.1088	4	322	1120	9	2011
atmosphere	-0.1283	0.069	1	1346	49632	483	2011.581199
atmospheric aerosols	0.5628	0.1753	2	265	786	10	2010.879433
atmospheric boundary layer	0.0057	-0.8363	3	679	4478	44	2011.607595
atmospheric circulation	-0.8745	-0.3298	4	619	3122	29	2012.002058
atmospheric conditions	0.0858	-0.227	4	716	3792	38	2011.328431
atmospheric energy	-0.9347	-0.4393	3	355	1366	14	2013.924528
atmospheric gcm	-0.8147	-0.9364	3	332	1278	10	2010.549091
atmospheric general circulation	-0.785	-0.9239	3	315	1160	10	2010.583333
atmospheric ice	0.9433	0.0107	2	355	1296	15	2010.884615
atmospheric infrared sounder	-0.7314	0.613	1	529	2656	24	2013.078947
atmospheric measurements	0.3611	0.9521	1	334	1332	14	2014.171429
atmospheric model	0.2685	-0.6483	2	747	4732	41	2012.346154
atmospheric profiles	-0.6686	0.1665	1	303	972	9	2013.153846
atmospheric radiation	0.622	0.5188	1	955	11538	110	2009.383333
atmospheric temperature	-0.6688	0.1859	1	605	3016	29	2010.509554
atmospheric water	-0.4052	0.8159	1	520	2394	24	2010.789474
atmospheric water vapor	-0.4324	0.7579	1	417	1492	14	2009.522727
attention	-0.4772	0.0986	4	441	1550	15	2012.917808
austral summer	0.1021	0.6182	4	376	1228	11	2012.0726
austral winter	-0.576	0.162	4	279	852	9	2010.937853
australia	0.5385	-0.0114	2	256	782	9	2010.617438
autoconversion	0.5943	-0.6737	2	393	1392	11	2009.727273
automatic weather stations	-0.6155	0.2991	4	314	1126	11	2012.382813
autumn	-0.6135	-0.2324	4	879	6992	68	2011.726708
availability	-0.5797	0.5181	1	348	1116	12	2012.908905
avhrr	-0.5806	0.9054	1	704	5990	60	2006.133333
avhrr data	-0.414	0.9912	1	488	2720	27	2005.6875
backscatter	0.7974	0.74	1	651	3970	40	2011.126712
balance	-0.329	-0.2694	3	1049	10806	98	2011.539286
balloon	0.5583	0.4042	1	504	2390	24	2014.045455
bands	0.0048	0.9735	1	567	3190	34	2010.501538
barents	-1.0719	-0.2467	4	378	1468	13	2010.39816
barrow	0.3371	0.7112	1	888	9158	94	2011.224344
barrow alaska	0.5311	0.7074	1	779	6366	67	2010.863014
baseline	-0.305	0.5637	1	480	1866	18	2012.74934
basin	-0.7317	-0.2551	4	666	3618	30	2010.09645
bay	0.0568	-0.1146	4	447	1702	18	2010.11814
bayesian	0.1725	0.952	1	284	922	10	2013.796296
beaufort	-0.2982	-0.4328	4	874	7012	65	2010.621769
beaufort sea	-0.2172	-0.3782	4	777	5086	47	2010.009921
behavior	0.3335	0.0353	2	688	3344	31	2011.103784
benefits	-0.4548	0.1868	3	379	1178	11	2014.038732
bering	-0.4552	-0.0522	4	296	932	9	2009.747987
beta	0.7525	0.1756	2	292	920	9	2009.417219
bias	-0.4328	0.5647	1	1119	15366	140	2013.065051
biases	-0.6345	0.0176	3	1073	13114	116	2013.826211
boundary	0.2817	-0.5368	2	955	8230	80	2008.420868
boundary conditions	-0.2475	-0.7943	3	477	2092	16	2010.430736
boundary layer	0.2552	-0.6699	2	1226	25478	241	2009.971272
boundary layer clouds	0.6136	-0.6693	2	778	5476	51	2009.8
brightness temperatures	-0.151	1.0899	1	686	4904	49	2007.601695
broadband	-0.3581	0.7357	1	645	3834	34	2011.408602
bsrn	-0.3282	0.9954	1	281	932	10	2014.384615
budget	-0.4536	-0.2804	3	1272	30018	273	2011.153068
calibration	-0.1108	0.9799	1	556	2722	29	2011.99511
caliop	0.1309	1.0566	1	504	2692	26	2014.439024
calipso	-0.0495	0.5898	1	827	6912	65	2014.182927
cam3	-0.3523	-0.9611	3	293	1104	10	2010.833333
cam5	-0.1052	-0.9473	3	404	1686	15	2015.384615
camera	0.4282	0.9064	1	353	1294	14	2013.671756
camp	-0.2758	0.111	3	472	1934	17	2009.610169
campaign	0.7389	-0.099	2	1056	12414	115	2013.041363
canada	0.1216	0.0771	4	887	6782	67	2011.058788
canadian	0.2251	0.2246	4	686	3884	38	2010.480463
canadian arctic	0.176	0.1727	4	364	1354	16	2012.163636
capabilities	-0.1562	0.6617	1	449	1634	16	2013
carbon	0.0465	-0.1296	3	597	2588	26	2013.107259
carbon dioxide	-0.5352	0.109	3	376	1260	12	2013.148903
case	0.6074	0.0338	2	1292	28340	286	2010.847835
case study	0.6623	0.0158	2	928	7602	76	2012.678179
cause	-0.4243	0.3578	1	656	3258	34	2011.675244
ccn	0.8863	-0.7557	2	445	2224	22	2010.343434
ceilometer	0.286	0.6866	1	494	2248	21	2012.666667
cell	0.3699	-0.1209	2	510	2248	24	2011.359784
century	-0.8608	-0.5306	3	518	2454	22	2012.205869
ceres	-0.9626	0.6382	1	534	3326	33	2014.183673
cf	-0.7474	0.4805	1	353	1308	12	2011.690141
challenges	0.0661	0.3459	1	721	4010	39	2014.48237
chamber	1.1359	-0.0283	2	266	1022	11	2013.240506
changes	-0.4444	-0.1907	3	1308	33452	332	2012.206219
channel	-0.1027	1.0693	1	815	7634	78	2009.903036
characteristics	0.0754	-0.0956	4	1207	17580	176	2010.936545
characterization	0.4139	0.5288	1	748	4358	43	2012.72969
chemical	0.6255	-0.1743	2	312	1020	12	2011.607029
chemistry	0.3997	-0.443	2	363	1136	11	2012.465976
china	-0.1713	-0.2024	4	330	990	10	2013.948798
chukchi	-0.8879	-0.4062	3	366	1352	12	2012.695271
circulation	-0.6145	-0.5301	4	1009	10568	100	2010.44219
circulation model	-0.4365	-0.8281	3	560	3040	26	2009.61811
circulation patterns	-0.8873	-0.2211	4	357	1274	12	2010.597956
cirrus	0.8128	0.4993	2	839	7844	84	2007.956522
cirrus clouds	0.8434	0.4982	2	775	6136	63	2008.38806
citation	0.3087	-0.2171	3	414	1562	19	2010.689507
class	-0.0558	0.4983	1	286	824	10	2011.519757
classification	0.1551	0.831	1	776	5626	66	2011.561043
climate	-0.3824	-0.1753	3	1339	48796	474	2012.847305
climate change	-0.6736	0.0027	3	1026	10464	99	2013.106897
climate data	-0.7992	1.0581	1	282	1002	10	2012.201878
climate feedbacks	-0.7208	-0.7047	3	460	1926	19	2014.252595
climate model	-0.3779	-0.5096	3	1217	23608	217	2013.16224
climate model simulations	-0.3566	-0.0116	3	393	1448	12	2013.895455
climate monitoring	-0.8715	0.7285	1	328	1336	13	2012.268293
climate prediction	0.2464	-0.4339	2	331	1126	10	2014.380952
climate projections	-0.9948	-0.7153	3	314	1090	10	2014.908629
climate research	-0.1553	0.4016	1	552	2696	25	2012.00885
climate sensitivity	-0.7064	-0.6923	3	285	1062	10	2013.225434
climate simulations	-0.5347	-0.6136	3	576	2566	24	2012.537778
climate studies	-0.799	0.0953	3	411	1444	14	2011.889908
climate system	-0.5196	-0.6811	3	799	5492	50	2012.717277
climate system model	-0.7735	-0.8546	3	354	1526	12	2011.883871
climate variability	-0.7912	-0.2399	3	422	1674	17	2012.20898
climatology	-0.4387	0.1959	4	1161	15368	140	2010.440048
closure	0.5306	-0.6254	2	453	1894	19	2009.644444
cloud	0.2762	-0.0143	2	1358	104300	1055	2010.976891
cloud albedo	-0.2853	0.3474	1	450	1968	20	2011.947368
cloud amount	-0.8496	-0.0856	3	694	4296	42	2006.714286
cloud base height	0.0547	0.4682	1	537	2526	25	2008.68
cloud climatology	-0.2881	0.383	2	815	7042	60	2004.343284
cloud condensation nuclei	0.8943	-0.7395	2	539	3048	31	2011.425532
cloud cover	-0.7827	0.0679	3	1086	14020	135	2010.770548
cloud detection	-0.2577	1.129	1	636	4346	44	2008.23913
cloud droplets	0.7287	-0.3757	2	865	7810	75	2009.315385
cloud effect	-0.5606	-0.4848	3	588	2930	26	2014.029412
cloud feedback	-0.5953	-0.7386	3	495	2232	22	2013.487805
cloud forcing	-0.5156	-0.5195	3	792	5896	54	2009.780822
cloud formation	0.3422	-0.5579	2	729	3960	37	2012.225352
cloud fraction	-0.6841	-0.1457	3	994	11432	101	2011.403101
cloud liquid water	0.0819	-0.4904	2	904	8128	69	2010.425
cloud liquid water path	-0.2754	0.1995	2	561	3154	27	2008.676471
cloud microphysical processes	1.1109	-0.469	2	291	980	10	2009.083333
cloud microphysics	0.725	-0.3771	2	957	9206	85	2010.424242
cloud model	0.849	-0.4262	2	497	2238	24	2008.827586
cloud occurrence	0.5098	0.5863	4	524	2592	25	2013.72
cloud optical depth	-0.0968	0.7568	1	716	4932	43	2007.291667
cloud optical properties	0.5531	0.4342	1	498	2370	21	2006.791667
cloud optical thickness	-0.1853	0.7596	1	651	4132	36	2010.136364
cloud parameterizations	0.1644	-0.8204	2	516	2612	22	2011.538462
cloud particles	1.0239	0.3863	2	449	2120	24	2009.451613
cloud phase	0.6492	-0.0326	2	856	7514	71	2011.416667
cloud physics	0.9259	0.2999	2	312	1056	12	2009.5
cloud processes	0.4442	-0.5705	2	546	2442	22	2010.75
cloud properties	0.4323	0.2023	2	1125	16078	147	2011.290503
cloud radiation	-0.557	-0.3645	3	703	4580	41	2009.87931
cloud radiative effect	-0.8134	-0.416	3	578	3186	29	2015.487805
cloud radiative forcing	-0.6094	-0.5031	3	363	1382	14	2012.25
cloud radiative properties	0.1165	-0.263	3	464	1802	15	2008.222222
cloud retrieval	0.1026	0.9701	1	373	1354	13	2008.230769
cloud scheme	0.1471	-0.6933	2	567	2780	23	2010.296296
cloud structure	0.5963	-0.6199	2	521	2244	20	2009.428571
cloud systems	0.5982	0.0105	4	522	2538	25	2010.259259
cloud types	0.2107	0.1557	4	580	2662	27	2008.517241
cloud vertical structure	0.1222	0.296	2	295	964	10	2011.7
cloud water	0.0873	-0.682	2	965	10018	89	2010.582609
cloudiness	-0.7016	-0.0649	4	927	8160	80	2008.987097
cloudsat	0.0197	0.5285	4	862	7280	74	2014.350649
cm saf	-0.9083	0.9136	1	213	852	9	2017.25
cmip5	-0.9763	-0.4529	3	359	1548	17	2015.883929
cmip5 models	-0.9934	-0.5042	3	288	1030	10	2015.970588
co2	-0.702	-0.4112	3	524	2512	25	2013.165022
coast	-0.1411	-0.0714	4	718	4048	41	2010.134684
coastal	-0.2184	0.0983	4	425	1540	15	2010.739865
coastal regions	-0.2835	0.0822	4	482	1794	18	2011.633188
coefficients	0.1709	0.7428	1	741	4322	46	2010.617647
cold	-0.2149	-0.1431	4	715	3370	34	2011.824903
cold air	0.0884	-0.7104	4	585	3244	32	2012.833333
cold air outbreaks	0.1995	-0.7361	2	381	1542	16	2011.871795
cold season	-0.7718	-0.0553	4	444	1808	18	2012.664596
collection	0.7675	0.3758	2	413	1396	16	2011.129412
collision	0.7886	-0.3539	2	268	810	9	2010.261905
colorado	0.4941	-0.4005	2	300	976	9	2008.112676
column	0.0342	0.0587	1	826	5820	55	2010.224159
community	-0.3865	-0.6074	3	908	8130	72	2013.620087
community atmosphere model	-0.3909	-0.9232	3	481	2470	21	2013.738095
community climate system model	-0.7489	-0.8733	3	315	1260	10	2011.565574
community earth system model	-0.7818	-0.6607	3	349	1334	11	2016.6
comparison	0.0031	0.3414	1	1274	25852	254	2010.70057
complex	0.7462	-0.455	2	492	2062	22	2011.908387
composition	0.7947	-0.1115	2	619	3086	31	2012.45256
concentrations	0.6447	-0.4628	2	1271	29102	284	2011.643222
concordia	0.1372	1.1517	1	328	1374	12	2012.4375
condensation	0.8223	-0.7083	2	797	6270	62	2010.417969
condensation nuclei	0.8711	-0.7104	2	566	3244	33	2011
condition	0.3256	0.2142	1	424	1420	13	2010.79798
configuration	-0.1581	-0.7971	3	290	888	9	2012.603053
consequences	-0.3796	-0.09	3	295	860	9	2012.275862
consistency	-0.3414	0.4488	1	506	2032	20	2011.881356
constellation	-0.7993	0.6511	1	346	1240	13	2015.666667
constraints	-0.056	0.3091	1	570	2468	24	2011.060453
contact	0.8017	-0.8355	2	325	1288	12	2011.307692
content	0.779	-0.0183	2	1140	16718	155	2011.761593
continent	-0.2107	0.368	4	817	5438	54	2011.202884
contrast	0.3057	-0.1472	4	956	7956	73	2011.509677
control	-0.3064	-0.41	3	768	4340	41	2012.474255
convection	-0.001	-0.7508	3	739	4720	45	2009.024462
convective	0.2255	-0.46	2	455	1752	18	2008.950495
convective clouds	0.351	-0.3318	2	352	1130	13	2010.619048
convergence	-0.5403	-0.4166	4	719	4130	39	2010.408056
conversion	0.4664	0.1929	2	352	1194	12	2010.995798
cooling	0.3329	-0.8168	2	975	10436	102	2010.829787
core	0.1027	-0.5627	3	479	1778	17	2010.446523
correction	-0.2238	0.805	1	572	2830	32	2011.927948
correlation	-0.3206	0.5387	1	1086	11654	116	2011.333794
correlation coefficient	-0.3063	0.6082	1	573	2458	23	2012.125
costs	0.3257	0.363	1	278	792	9	2013.503597
coupled	-0.826	-0.5901	3	463	2188	19	2014.46932
coupled models	-0.9548	-0.55	3	420	1942	17	2015.212806
coupling	0.0465	-0.7348	3	649	3504	29	2011.935532
cover	-0.7505	-0.0306	3	1200	20912	204	2011.664763
coverage	-0.5646	0.5999	1	781	4984	52	2012.329283
crf	-0.7361	-0.656	3	413	1744	15	2013.666667
crystal size	1.096	-0.2218	2	399	1586	14	2009.809524
crystals	1.0785	0.0451	2	1039	15712	161	2009.139752
cumulus	0.2942	-0.6361	2	371	1208	13	2011.047619
cycle	-0.4622	-0.145	3	1168	16774	155	2011.47296
cyclones	-0.5491	-0.2891	4	578	2608	26	2011.69697
data	-0.1723	0.4063	1	1357	65790	688	2011.015066
data analysis	-0.4555	1.0539	1	321	1078	13	2011.003436
data assimilation	-0.3931	0.5215	1	330	1194	12	2013.092251
data products	-0.233	1.056	1	323	1098	12	2013.741935
data quality	0.0753	0.7225	1	324	996	10	2013.258427
data set	-0.239	0.4687	1	833	5558	55	2010.433246
data sets	-0.5248	0.3766	4	865	5898	55	2011.63144
data/model	-0.1011	-0.5063	3	550	2530	24	2011.4
database	0.2833	0.5389	1	509	2118	24	2012.403509
dataset	-0.5868	0.619	1	928	8440	82	2012.68054
date	-0.2982	0.2264	1	348	1020	10	2012.087051
decadal	-1.1103	0.2637	4	259	838	9	2012.008761
decline	-0.7002	-0.4824	3	263	808	9	2013.254217
deep	0.4712	-0.1128	2	326	992	10	2008.172697
deficit	-0.711	-0.6208	3	381	1320	10	2010.613793
density	0.8942	-0.0824	2	812	6040	63	2009.879211
dependence	0.4995	0.1337	2	907	6938	70	2010.591411
depletion	1.0545	-0.664	2	315	1212	14	2011.778068
deployment	-0.0301	0.0454	3	363	1120	10	2011.833333
depolarization	0.8472	0.8077	1	592	3836	43	2011.083333
depolarization ratio	0.8677	0.8317	1	395	1640	17	2011.333333
deposition	0.7881	-0.5887	2	654	3758	35	2012.094256
depth	0.1245	0.1828	1	1146	15512	145	2010.672402
description	0.0755	-0.0674	2	657	3182	33	2009.996622
desert	-0.1716	0.4811	1	396	1534	17	2011.209622
design	0.2285	0.7258	1	278	882	10	2013.015625
detail	-0.1949	-0.0726	3	571	2502	23	2011.078886
detection	-0.0407	0.9698	1	931	9914	104	2012.417625
detection algorithm	0.0956	1.1298	1	388	1722	19	2013.634615
determination	-0.2515	0.8163	1	536	2430	26	2010.57381
development	0.3767	-0.0372	2	1016	8594	85	2011.773084
diameter	0.9037	0.2454	2	688	4538	46	2010.091346
diamond	0.8015	0.2695	2	373	1358	12	2010.041667
diamond dust	0.8007	0.2719	2	373	1358	12	2008.647059
difference	-0.427	0.3057	1	1134	13032	132	2011.163032
diffusion	0.8956	-0.3564	2	365	1340	14	2008.759067
direct	0.3913	0.5963	1	278	766	9	2011.421384
discrepancies	-0.0795	0.1006	1	872	5514	52	2011.321353
dispersal	0.9187	-0.2418	2	267	804	9	2011.394973
dissipation	0.4464	-0.7137	2	489	2106	20	2011.094156
distance	0.1608	0.1189	1	433	1514	15	2011.010448
distribution	0.3853	0.1112	2	1313	30740	302	2010.907306
distribution function	0.7017	0.6573	2	255	838	9	2011.75
distribution models	0.4633	0.2777	2	309	1178	11	2011.931624
disturbance	0.0456	0.0773	4	409	1352	11	2011.750678
diurnal cycle	-0.389	-0.1369	3	658	3154	27	2011.636364
divergence	-0.1532	-0.4813	3	379	1342	14	2010.679372
dome	0.0054	1.096	1	371	1902	20	2009.974138
dome c	-3e-04	1.1227	1	355	1890	20	2009.48
dome c antarctica	0.0195	1.2172	1	256	1070	11	2011.5
doppler	0.9028	0.265	2	626	4548	47	2008.887324
doppler radar	0.8956	0.2304	4	411	1974	19	2009.26087
doubling	-0.5384	-0.5004	3	326	1030	9	2011.518868
downward longwave radiation	-0.5448	-0.2957	3	388	1390	12	2012.681818
downwelling	-0.4872	0.5851	1	752	5486	50	2010.405063
drift	-0.4867	0.2589	4	420	1428	13	2009.705986
drop size distribution	0.8553	0.0148	2	279	958	12	2011.25
droplets	1.0019	-0.2554	2	869	8646	88	2009.189781
dropsonde	-0.2841	-0.2941	1	304	1178	13	2011.1875
dry bias	-0.1488	0.8925	1	344	1460	15	2012.208333
duration	-0.4552	-0.1245	4	495	1924	20	2012.189258
dust	1.0188	-0.062	2	657	4260	43	2012.455882
dust particles	1.2573	-0.0715	2	255	926	10	2012.096774
dynamics	0.2942	-0.8487	2	794	5428	51	2012.382241
early spring	0.0673	-0.5149	2	323	1044	11	2010.921788
earth	-0.6427	0.307	3	1088	13844	137	2012.416212
earth model	-0.6758	-0.7052	3	380	1520	13	2013.043702
earth radiation budget	-1.0439	0.3477	3	429	2066	22	2005.722222
earth system	-0.4998	-0.4517	3	609	3120	29	2015.459227
earth system models	-0.6096	-0.6471	3	474	2170	19	2016.009881
east	-0.2793	0.146	4	809	5732	57	2011.088561
east antarctica	0.2402	0.6779	4	412	1908	19	2012.024096
eastern	-0.5056	0.2925	4	330	1064	10	2011.347648
ecmwf	-0.6391	0.1224	4	826	6732	63	2010.330601
ecmwf model	-0.0601	-0.6282	4	338	1268	11	2010.744681
eddies	0.1401	-0.9243	2	506	2330	21	2009.304565
effective radius	0.6985	0.7167	1	716	5678	53	2008.873239
effects	-0.0253	-0.2462	3	1334	35796	359	2011.624055
efficiency	0.9137	-0.0613	2	616	3302	34	2012.80663
effort	0.0173	0.3567	1	369	1144	12	2012.512579
elements	-0.0775	0.4351	1	305	992	14	2011.89258
elevation	-0.4048	0.6838	1	604	3100	32	2012.227186
emissions	0.1034	0.3801	1	941	8204	80	2013.550741
energy	-0.3863	-0.2447	3	1289	29196	266	2011.753532
energy balance	-0.5577	-0.2828	3	686	3916	35	2012.273256
energy budget	-0.7081	-0.3929	3	1035	11720	101	2012.758621
energy fluxes	-0.655	-0.6177	3	495	2138	19	2012.005128
enhanced	0.2863	0.033	3	467	1758	17	2012.845902
ensemble	-0.3039	-0.4814	3	510	2066	21	2013.566298
entrainment	0.5809	-0.9076	2	553	3256	29	2007.739437
environment	0.4332	0.0232	2	1032	9392	92	2012.515563
environmental	-0.4199	0.0831	4	817	5484	50	2010.845217
environmental conditions	0.327	-0.1033	4	441	1598	14	2013.912338
environmental prediction	-0.8524	-0.058	4	512	2300	19	2008.673469
equilibrium	-0.1593	-0.8869	3	458	1648	16	2010.171186
era-40	-1.0395	-0.2913	4	416	1724	16	2009.925532
era-interim	-0.8757	-0.0113	4	724	5064	48	2015.815725
error	-0.3023	0.5855	1	1192	20490	201	2011.486384
eruption	0.5979	-0.1205	2	254	810	10	2009.934211
estimate	-0.1624	0.4774	1	654	3274	34	2010.903093
estimation	0.0319	1.0036	1	683	4308	45	2012.012407
eureka	0.3192	0.8557	1	475	2318	23	2014.275
europe	-0.2987	0.4681	4	458	1674	18	2011.79689
european	-0.402	0.2131	4	780	4766	44	2011.362949
evaluation	-0.3032	0.0183	3	1082	11910	113	2013.100503
evaporation	-0.1255	-0.6525	4	650	3332	33	2011.268156
events	0.0718	0.0845	4	1109	12190	123	2012.030986
evolution	0.5462	-0.3716	2	990	8498	80	2012.05694
exchange	-0.3662	-0.4182	3	629	3172	29	2010.706601
expedition	0.0611	-0.347	3	324	1048	11	2010.922432
experiments	0.4381	-0.2193	2	1291	31126	295	2011.075205
explanation	0.7943	-0.0616	2	456	1720	17	2009.867769
extension	-0.4603	0.5827	1	334	1040	10	2010.251641
extent	-0.5077	-0.2955	3	1011	9470	90	2011.835219
extinction	0.8846	0.7813	1	514	2974	30	2011.243386
extinction coefficient	1.0682	0.6227	2	301	1162	11	2009.448276
extreme	-0.6209	-0.3739	4	278	874	10	2013.461538
fall	0.3619	-0.308	2	861	6310	61	2011.228402
far infrared	0.1783	1.1285	1	315	1358	14	2014.714286
feasibility	0.0848	1.0289	1	301	938	10	2012.440559
features	-0.0626	-0.0179	4	1080	11284	110	2010.384646
feedback	-0.4233	-0.6828	3	1013	11346	111	2013.003957
field	0.2681	0.0725	2	1250	21578	208	2010.533445
field campaign	0.5026	-0.1479	2	586	2450	23	2013.405941
field experiment	0.2213	0.3116	1	585	2934	29	2011.558824
field measurements	0.6528	0.3389	2	310	958	10	2011.524345
field observations	0.2207	-0.2641	2	354	1084	10	2011.242424
field studies	0.8274	0.2547	2	338	1124	11	2010.034286
filter	0.2775	0.8055	1	351	1144	13	2011.920139
fire	1.0585	-0.0227	2	538	3314	31	2011.534884
flight	0.6249	0.3082	2	684	3752	37	2012.160714
floes	-0.0371	-0.7521	3	378	1446	12	2007.672727
flow	0.2196	-0.4223	4	667	3586	40	2010.017411
fluctuations	-0.2631	0.1777	4	429	1516	17	2009.816514
flux	-0.4204	-0.486	3	1303	35810	337	2010.974387
flux convergence	-0.7598	-0.5325	4	308	1068	11	2011.564103
focus	-0.2066	-0.0655	3	664	3016	27	2012.93921
fog	0.2186	-0.135	4	703	3922	37	2010.047619
footprint	-0.6991	0.5286	1	338	1340	13	2014.12
force	-0.0235	-0.6602	3	341	1032	10	2011.140909
forcing	-0.2789	-0.5772	3	1150	15454	146	2011.371506
forecasting	0.328	-0.3543	2	715	4196	39	2014.057851
forecasts	-0.3392	0.1212	4	1006	10482	95	2012.850526
formation	0.6255	-0.5007	2	1131	15742	152	2010.511811
fourier	0.2557	1.0909	1	345	1466	14	2012.255034
fourier transform	0.2405	1.0919	1	372	1644	16	2012.968504
fraction	-0.0311	-0.0659	2	1218	20852	191	2011.553026
framework	0.7643	-0.0687	2	541	2350	23	2013.208431
free troposphere	0.5051	0.4052	1	336	1206	10	2010.6
freezing	0.8262	-0.3512	2	844	7240	75	2009.881557
frequency	-0.0781	0.3192	4	1148	14324	145	2011.174374
front	0.1968	-0.2022	4	496	2264	23	2009.508357
function	0.6211	0.3258	2	1037	10682	107	2010.972155
future	-0.7771	-0.267	3	476	1680	15	2013.712684
future climate	-0.7588	-0.4994	3	424	1524	13	2013.848387
gamma	0.9794	-0.0326	2	372	1456	14	2011.226804
gamma distribution	1.0348	0.2048	2	295	1110	12	2008.2
gap	0.1134	0.0242	1	462	1744	17	2012.915572
gas	0.0226	-0.3925	3	447	1716	18	2012.319686
gases	-0.2412	-0.3326	3	523	2514	26	2012.066763
gauge	0.2136	0.5643	4	250	798	9	2010.393548
general	0.0549	-1.0227	3	295	932	9	2011.369942
general circulation	-0.3445	-0.7287	3	723	4858	46	2009.760621
general circulation model	-0.4379	-0.7039	3	874	8086	75	2010.017151
generation	-0.3616	0.2982	1	530	2116	22	2012.050847
geometry	0.4356	0.7512	1	447	1654	18	2011.419355
geopotential height	-0.7338	-0.0044	4	335	1044	9	2010.169261
germany	0.4946	0.4057	1	296	912	11	2011.132743
glaciation	1.0683	-0.6277	2	557	3318	34	2009.656667
global	-0.3368	0.0862	4	930	7448	68	2012.401509
global climate	-0.7598	-0.249	3	905	7376	67	2012.960148
global climate models	-0.7769	-0.6328	3	695	4784	43	2013.408482
global model	0.5894	-0.0372	2	420	1554	14	2012.089474
global precipitation	-0.3599	0.5765	4	324	1108	11	2012.119048
globe	-0.1427	0.5462	1	528	2288	23	2012.275862
gps	-0.4374	0.9436	1	256	858	9	2011.867769
gradient	-0.4008	-0.5317	4	694	3612	36	2011.354256
great plains	0.0023	0.5957	1	428	1774	18	2009.222222
greenhouse	-0.5462	-0.5262	3	710	4320	42	2012.619866
greenhouse effect	-0.2398	-0.1179	3	403	1538	16	2008.830769
greenhouse gas	-0.3855	-0.7485	3	252	844	9	2013.545016
greenhouse gases	-0.6585	-0.7117	3	352	1470	15	2012.497653
greenland	-0.7414	0.2897	4	956	9160	88	2011.434214
greenland ice	-1.0097	-0.0107	4	490	2728	25	2013.011636
greenland ice sheet	-1.0401	-0.0512	4	475	2610	23	2013.335324
grid	0.0374	-0.5349	3	602	2558	22	2011.079167
ground based	0.3252	0.9421	1	595	3240	33	2011.426667
ground observations	-0.5292	0.9041	1	288	982	11	2012.74359
ground-based	0.4457	0.9229	1	486	2220	22	2010.395833
growth	0.7381	-0.5829	2	894	7944	82	2011.406319
growth rate	0.7158	-0.8072	2	307	1052	11	2010.818356
h2o	0.0555	1.0297	1	280	1050	11	2009.851852
hand	-0.0343	-0.561	2	482	1884	19	2010.96875
haze	0.3095	-0.4382	2	453	1738	19	2010.423077
heat	-0.129	-0.7858	3	1196	25558	229	2011.129975
heat budget	0.3361	-0.5597	2	915	10236	85	2008.665541
heat flux	-0.2399	-0.9281	3	953	10390	92	2010.709804
heat loss	-0.4211	-1.0655	3	302	1100	10	2009.828326
heat transfer	-0.0783	-0.9496	3	251	1042	11	2009.898058
heat transport	-0.4689	-0.9748	3	301	1028	10	2012.027726
heating	-0.0493	-0.0555	1	754	4716	51	2011.378428
height	0.0164	0.012	4	1160	16582	161	2010.601343
hemisphere	-0.681	-0.0598	4	753	4934	45	2010.968158
heterogeneous ice nucleation	1.0866	-0.4152	2	450	2394	24	2013.296296
high altitude	0.495	0.77	1	429	1736	20	2012.481308
high arctic	0.3179	0.3915	1	544	2442	24	2013.319239
high latitudes	-0.374	0.2348	1	1028	10078	98	2011.932029
high-frequency	-0.2324	0.0819	4	358	1250	14	2011.689759
high-pressure	-0.1719	-0.4252	4	332	1036	11	2012.414729
high-resolution	-0.2565	0.3881	1	1079	11980	119	2012.264879
horizontal resolution	-0.081	-0.4378	4	501	1926	15	2011.685824
hpa	-0.5703	0.0031	4	696	3796	36	2010.355159
humidity	0.0577	0.1471	1	1194	16886	163	2011.561033
humidity inversion	0.029	-0.8525	4	278	998	9	2011.333333
hydrological cycle	-0.3623	-0.3909	4	435	1576	14	2012.589286
hydrometeors	0.9063	-0.1074	2	417	1540	16	2012.235294
hypothesis	0.4303	-0.6343	2	444	1626	16	2011.082126
iasi	-0.1323	1.1502	1	264	980	9	2013.409091
ice	0.3149	-0.2143	2	1357	84564	832	2011.721291
ice albedo	-0.9999	-0.2019	3	549	2710	24	2013.056338
ice clouds	0.7381	0.1305	2	1103	15214	145	2011.164634
ice concentration	-0.0894	-0.7105	3	807	5938	55	2013.492537
ice conditions	-0.1692	-0.1415	4	438	1608	16	2011.713198
ice crystal number	1.0959	-0.5561	2	462	2388	20	2010.05
ice crystals	1.0704	-0.076	2	1065	17562	174	2009.356061
ice edge	-0.0379	-0.7068	3	463	1840	16	2010.185455
ice extent	-0.9781	-0.3473	3	683	4518	41	2012.764347
ice floes	-0.0348	-0.7522	3	378	1446	12	2008.125
ice fog	0.6493	0.0884	2	346	1160	10	2010.75
ice formation	1.0597	-0.43	2	609	3788	38	2009.892857
ice fraction	0.4063	-0.3854	2	414	1414	13	2011.342105
ice growth	0.5014	-0.8362	2	546	2992	29	2010.290179
ice layers	0.5093	-0.614	2	359	1256	12	2011.030928
ice loss	-1.0276	-0.7629	3	408	2086	19	2014.762324
ice mass	0.8638	-0.6712	2	415	1724	16	2012.600478
ice melt	-0.7151	-0.875	3	368	1406	13	2012.747368
ice microphysics	0.8716	-0.5037	2	340	1170	11	2010.545455
ice model	-0.4754	-0.8413	3	553	2578	23	2011.207143
ice nucleating particles	0.8834	-0.3294	2	261	1034	12	2017.769231
ice nucleation	1.0327	-0.4958	2	811	7914	78	2013.103774
ice nuclei	1.1058	-0.3781	2	726	6128	62	2010.166667
ice particles	1.1047	-0.0014	2	983	12352	129	2011.225806
ice processes	0.8055	-0.7401	2	275	886	9	2011.444444
ice production	0.8681	-0.6106	2	456	2090	20	2010.6
ice properties	0.7536	-0.3294	2	526	2352	22	2012.084507
ice saturation	1.1133	-0.3714	2	271	966	10	2009.941176
ice sheet	-0.7245	0.366	4	745	5862	54	2012.194459
ice shelf	0.556	-0.1284	4	324	1068	9	2011.573026
ice surface	-0.0244	-0.3734	3	990	9444	88	2011.816258
ice surface temperature	-0.6794	-0.3852	3	301	980	9	2011.140845
ice temperature	0.4872	-0.4649	2	383	1234	12	2010.902256
ice thickness	-0.379	-0.6056	3	557	2442	22	2011.271053
ice water content	1.0552	0.1385	2	783	6322	57	2010.901408
ice zone	-0.1182	-0.9194	3	432	1732	15	2011.325359
ice-cover	-0.7456	-0.6332	3	718	4866	45	2011.210019
ice-free	-0.4768	-0.5699	3	370	1290	12	2013.322981
icebreaker	-0.0734	0.0037	1	381	1380	12	2009.3875
identification	0.1487	0.8616	1	584	3104	33	2011.944837
imagery	-0.181	0.6536	1	576	2900	31	2011.982143
images	0.1935	0.7993	1	681	4182	46	2011.32506
imaging	-0.3179	1.0653	1	815	8100	81	2012.991398
immersion	1.1805	-0.2622	2	440	2712	29	2013.297297
impact	-7e-04	-0.3838	3	1258	21246	206	2013.206627
implementation	0.5602	0.3342	2	390	1276	11	2013.145907
implications	0.1542	-0.3711	3	914	6918	70	2011.871583
improvement	-0.2658	-0.0042	1	987	8904	87	2012.529851
in-situ	0.5489	0.3274	2	518	2114	18	2013.712
incidence	0.0406	0.3031	4	345	970	10	2011.204819
inclusion	-0.0972	-0.0755	3	434	1368	13	2010.77907
index	-0.5176	0.2322	4	600	2764	28	2011.380952
indices	-0.4033	0.3857	4	537	2186	22	2012.102711
indirect	1.0713	-0.588	2	491	2864	28	2012
indirect effects	0.1484	-0.9445	3	453	2140	22	2012.544776
influence	0.048	-0.4141	3	1139	13400	136	2011.779275
information	-0.0247	0.7776	1	1036	11258	117	2011.767792
infrared	-0.3213	0.822	1	992	11346	105	2012.41573
inhomogeneity	0.4298	0.3303	1	397	1512	16	2010
initiation	0.8712	-0.5739	2	355	1174	11	2010.927536
inland	-0.4029	0.2886	4	306	910	10	2012.551282
inp	0.9504	-0.2907	2	361	1770	20	2017.809524
insight	0.5498	-0.446	2	438	1594	17	2012.936061
insolation	-0.8462	-0.4905	3	296	982	9	2010.586826
instrument	0.3512	0.7591	1	1146	17204	172	2011.288956
instrumentation	0.5176	0.2812	2	597	2930	26	2011.546875
integrated	-0.6195	-0.0945	4	376	1608	15	2013.689655
integration	0.2118	-0.0658	3	433	1574	15	2010.47619
intensity	-0.1029	-0.0354	4	605	2710	27	2011.663823
interactions	0.2769	-0.7411	2	1074	11686	105	2011.626733
interannual variability	-0.9686	-0.1024	4	583	3000	28	2010.7663
interannual variations	-1.0633	-0.2466	3	368	1314	12	2010.739437
intercomparison	-0.4295	-0.266	3	814	5724	51	2014.488211
interferometer	0.0853	1.1269	1	489	2780	28	2010.765957
interior	-0.0054	0.0227	4	444	1690	17	2010.221733
internal boundary layer	-0.0191	-1.0341	3	279	1064	11	2004.090909
international	-0.2916	0.2684	2	862	6932	62	2009.59081
interpretation	0.4	0.3372	2	436	1622	18	2010.411609
intertropical convergence zone	-0.7478	-0.1819	3	369	1402	11	2010.952381
intrusion	-0.1377	-0.6025	3	368	1490	13	2011.398892
inversion	-0.1206	-0.3744	4	1107	15102	148	2010.501809
inversion layer	-0.2147	-0.5998	4	569	2632	24	2007.613636
inversion strength	-0.8838	-0.0843	4	312	1206	11	2012.611111
ipcc	-0.8053	-0.5635	3	313	1044	9	2011.552189
ir	-0.0428	0.876	1	496	2062	21	2010.370968
irradiance	-0.1864	0.7894	1	755	5552	59	2010.337793
isccp	-0.0971	0.2001	2	773	6526	56	2003.508197
island	-0.1209	0.3548	4	728	3924	41	2009.956692
itcz	-0.7335	-0.0948	3	297	1094	9	2009.907692
iwc	1.0795	0.4065	2	506	2844	26	2010.538462
japan	-0.3928	0.2398	4	335	1030	12	2010.171958
jet	-0.0675	-0.5979	4	465	1838	20	2011.139834
ka-band	1.1311	0.308	2	300	1108	11	2014.833333
kara	-1.1395	-0.4189	4	269	990	10	2011.634058
kara seas	-1.1648	-0.367	4	237	862	9	2012.917722
kinetic energy	0.5661	-1.0634	2	367	1534	14	2010.449315
knowledge	0.6195	0.4751	1	701	4258	43	2012.895394
laboratory	0.7769	0.1553	2	762	5048	50	2010.526248
lagrangian	0.7005	-0.9295	2	271	864	9	2011.144928
land	-0.5723	0.4823	1	1077	13622	136	2012.42268
land surface	-0.828	0.3348	3	559	2908	28	2013.553603
language	-0.0093	-0.6339	3	416	1528	13	2018.048117
lapse rate	0.0954	-0.4483	3	420	1600	15	2012.04
large	-0.104	-0.6019	4	601	2746	25	2011.479452
large eddy simulation	0.8412	-0.9005	2	611	4508	47	2010.305556
large-scale	0.1482	-0.8001	2	919	8402	81	2011.165527
laser	0.3308	0.9846	1	410	1862	21	2011.969194
late summer	-0.7174	-0.7719	3	451	1928	18	2011.54902
latent	-0.1977	-0.7954	3	613	3170	27	2010.884298
latent heat	-0.1732	-0.7786	3	766	5104	44	2010.158824
latent heat flux	-0.2239	-0.7816	3	621	3348	29	2010.739645
latitude	-0.187	0.3064	1	711	3790	37	2011.054819
layer	0.3729	-0.4342	2	1313	38938	382	2010.321275
layer clouds	0.6696	-0.5458	2	1011	12126	110	2009.968
layer model	0.4317	-1.0032	2	333	1146	11	2007.280576
lead	-0.0153	-0.757	3	872	7066	72	2010.716069
length	0.2738	-0.3142	2	623	2884	29	2010.5328
les	0.8214	-0.9213	2	447	2224	23	2010.897959
levels	-0.2674	-0.1339	4	900	6062	56	2011.25209
lidar	0.4327	0.7834	1	1093	16880	172	2012.729064
lidar data	0.2599	1.2201	1	349	1314	13	2012.305085
lidar measurements	0.7796	0.7585	1	501	2330	26	2011.728814
lidar observations	-0.0509	0.5828	1	573	2918	27	2011.956522
life	0.1457	-0.4541	3	445	1574	16	2011.876747
lifetime	0.9211	-0.6342	2	431	1924	21	2011.436242
light	-0.0259	0.5114	1	568	2472	25	2011.753582
limit	0.2236	0.0353	1	458	1618	19	2010.544865
limitations	0.2962	0.6628	1	670	3434	34	2012.614846
line	-0.0456	0.7699	1	571	2686	27	2011.363128
liquid phase	0.8942	-0.2983	2	634	3602	32	2009.701754
liquid water	0.6083	-0.1947	2	1246	28352	262	2011.138528
liquid water content	0.8384	-0.3896	2	850	6838	62	2010.779661
liquid water path	0.4752	0.0502	2	916	9642	87	2009.632653
literature	0.7882	0.4265	2	521	2278	25	2011.726524
location	0.0098	0.33	1	807	4792	46	2010.881081
long-term	-0.5955	0.3443	1	733	4290	46	2012.366366
longwave	-0.7771	-0.1383	3	1067	14006	129	2010.941176
longwave flux	-0.9086	0.0375	3	655	4140	38	2007.319149
longwave radiation	-0.8348	-0.2514	3	976	11158	99	2011.647541
loss	-0.5726	-0.769	3	769	5174	49	2013.251087
low cloud	-0.4223	-0.4936	3	741	4382	39	2010.311475
low pressure	-0.263	-0.3627	4	438	1664	16	2011.422018
low temperatures	0.5189	0.3581	1	573	2694	27	2011.076759
low-level clouds	0.2448	-0.2766	2	760	4906	48	2012.307692
magnitude	0.1492	-0.2942	2	1152	13274	123	2011.364091
maintenance	0.7616	-0.8036	2	387	1672	17	2010.394191
map	-0.5862	0.4519	4	468	1772	18	2011.727201
marginal ice	-0.3056	-0.8742	3	367	1318	11	2011.113924
marginal ice zone	-0.3067	-0.874	3	367	1318	11	2011.202899
marine	0.3905	-0.3329	2	808	5200	51	2012.020366
marine boundary	0.5226	-0.7644	2	349	1218	12	2011.597403
marine boundary layer	0.5214	-0.7657	2	349	1218	12	2011.375
maritime	-0.1441	-0.2347	3	548	2284	21	2011.981865
masks	-0.5105	1.0503	1	249	814	9	2010.955556
mass	0.554	-0.15	2	1159	16148	154	2010.941993
mass balance	-0.4021	0.4197	4	432	1996	18	2012.104996
maximum	-0.3094	-0.3577	4	850	5668	54	2010.287843
mcmurdo	0.2939	0.3331	4	329	1192	11	2012.070652
mean	-0.5712	0.0761	3	1188	18062	173	2010.953636
measurements	0.3837	0.5427	1	1342	61114	621	2010.932763
mechanisms	0.3865	-0.5529	2	1010	8600	86	2011.610479
melt	-0.8741	-0.5695	3	690	4784	42	2013.146853
melt season	-0.9202	-0.6579	3	422	1928	17	2013.926984
melting	-0.4529	-0.3966	3	568	2666	26	2012.110283
merra	-1.2201	0.1755	4	263	1040	10	2014.859375
mesoscale	0.4328	-0.6592	2	687	4024	37	2009.976526
mesoscale model	0.617	-0.6034	2	559	2498	23	2006.657895
meteorological	-0.2147	0.0472	4	962	7854	83	2009.80117
meteorological conditions	0.3437	0.168	4	593	2472	25	2012.825
meteorological data	-0.1992	-0.115	4	368	1192	13	2010.80814
meteorological observations	0.2511	0.5352	4	321	986	9	2010.559322
method	0.2455	0.606	1	1215	21404	226	2012.144788
methodology	-0.1241	0.7689	1	636	3044	30	2012.912525
micro	0.6044	0.5464	4	343	1306	13	2013.972222
microphysical characteristics	0.862	-0.0645	2	405	1566	13	2008.384615
microphysical properties	1.0351	0.244	2	906	9358	87	2010.684685
microphysics	0.8064	-0.4423	2	1099	16224	151	2010.787565
microstructure	0.9152	-0.6526	2	269	902	9	2010.798561
microwave	-0.0446	0.8489	1	882	8082	80	2009.844327
microwave imager	-0.6199	0.6662	1	329	1228	13	2006.427273
microwave measurements	0.1809	1.2185	1	225	886	9	2008.818182
microwave radiometer	0.2468	0.9639	1	780	6266	62	2010.439655
microwave radiometry	-0.2432	0.4256	1	269	1174	13	2009.45
mid-latitudes	0.3132	-0.0215	2	977	8690	88	2012.022549
middle latitudes	0.081	-0.0488	4	415	1258	11	2010.535294
millimeter-wave	0.2235	1.2642	1	308	1372	16	2006.1
mineral dust	1.2413	-0.2229	2	271	1152	13	2013.164557
minerals	1.1208	-0.1895	2	277	1114	13	2012.390313
minimum	-0.6372	-0.1706	4	631	3312	35	2009.779051
mission	-0.1051	0.7496	1	561	2632	30	2012.55098
mixed-layer	0.1315	-1.0412	3	344	1288	12	2011.050847
mixed-phase	0.9798	-0.3346	2	1151	24710	236	2012.104418
mixed-phase clouds	1.0175	-0.3246	2	1093	19848	191	2012.187192
mixing	0.3689	-0.8323	2	687	4080	38	2009.902919
mixture	1.0244	0.1313	2	332	1122	12	2010.906921
mode	0.6424	-0.1467	2	821	5428	54	2010.915266
model	0.1705	-0.2823	2	1357	71180	698	2011.651901
model biases	-0.6302	-0.5939	3	434	1708	15	2014.04321
model calculations	0.2842	0.4519	1	327	1068	10	2008.606742
model comparison	0.4915	-0.4576	2	373	1354	11	2011.416667
model errors	-0.0347	0.0104	1	368	1258	12	2011.836957
model evaluation	-0.3313	-0.6329	3	591	3232	30	2014.933824
model forecasts	0.664	-0.3642	2	344	1228	10	2012.12
model ice	0.7077	-0.6676	2	490	2254	23	2010.963788
model intercomparison	-0.7212	-0.5556	3	572	2902	25	2014.817568
model representation	0.263	-0.865	2	345	1074	9	2013.012987
model simulations	0.2043	-0.5871	2	977	8154	76	2012.477137
modeling	0.5813	-0.3222	2	1061	10880	103	2012.080047
moderate resolution imaging	-0.5508	1.0759	1	694	5952	59	2013.157692
moderate resolution imaging spectroradiometer	-0.5407	1.079	1	661	5224	51	2013.265823
modification	-0.0255	-0.5899	3	508	1988	18	2009.923977
modis	-0.4545	1.0132	1	805	7430	75	2013.171111
modis terra	-0.3438	1.1854	1	287	1010	10	2011.516129
moisture	-0.3088	-0.597	4	1108	14262	128	2012.602086
moisture budget	-0.9271	-0.2658	4	265	950	9	2007.75
moisture flux	-0.4812	-0.6723	4	453	1778	17	2012.666667
moisture transport	-0.9469	-0.2525	4	386	1534	13	2013.549618
moment	1.0246	0.1733	2	330	1218	16	2009.721649
momentum	-0.0441	-0.9582	3	433	1782	16	2008.74186
monitoring	-0.4169	0.7377	1	671	3756	38	2012.828676
monsoon	-0.3121	-0.2494	3	355	1112	10	2012.152749
monte carlo	0.3445	0.1555	1	313	1052	11	2011.598684
morphology	1.037	0.0513	2	345	1214	11	2011.797508
motion	0.3685	-0.4403	2	552	2386	24	2009.832335
mountains	0.1328	0.2491	4	585	2590	28	2011.617276
mrr	0.6056	0.6373	4	246	942	10	2016.9
multiscale	0.385	-0.4886	2	350	1296	10	2012.545455
nasa	-0.4898	0.6449	1	791	5508	54	2012.319489
national	-0.2224	0.033	4	1032	9054	80	2010.195652
natural variability	-0.7434	-0.1558	3	290	900	9	2011.995781
nature	0.1363	-0.0762	4	677	3418	35	2010.788145
ncar	-0.2457	-0.7467	3	608	3258	27	2009.302326
ncep	-0.9956	0.1046	4	473	2126	18	2009.805085
ncep-ncar	-1.005	-0.0392	4	306	994	9	2008.246575
near-surface	-0.299	-0.7141	3	892	7428	64	2011.177419
near-surface temperature	-0.209	-1.0843	3	328	1104	10	2011.694915
net	-0.9374	-0.2946	3	554	2748	24	2010.964126
net radiation	-0.8549	-0.2693	3	597	3156	29	2010.048193
network	-0.2637	0.7938	1	806	5636	63	2012.964962
neural network	-0.1347	1.0035	1	324	1344	17	2011.798561
new ice	0.6519	-0.88	2	342	1172	9	2008.838384
noaa	-0.3359	0.8637	1	619	3254	31	2008.907609
noise	0.1718	1.0474	1	347	1382	17	2011.653631
north	-0.4138	0.0671	4	1151	14908	139	2010.374238
north america	-0.4588	0.4073	4	412	1526	15	2011.532207
north atlantic	-0.7353	-0.1725	4	629	3136	29	2010.017846
north pacific	-0.5494	0.1189	4	331	1074	11	2010.653333
north pole	-0.4887	-0.2362	4	369	1274	11	2010.25
north slope	0.5584	0.5465	1	665	4764	42	2011.833333
northern	-0.5328	0.1504	4	767	4674	44	2011.106605
northern hemisphere	-0.6922	0.1385	4	682	3792	34	2010.714878
northern latitudes	-0.6626	0.5288	4	301	946	9	2011.839378
northwest	0.1557	-0.067	4	395	1312	12	2011.701835
norway	0.3536	0.6935	1	331	1180	14	2011.264414
norwegian	-0.783	-0.0665	4	419	1594	16	2008.200426
nucleation	1.071	-0.4924	2	845	9208	92	2011.300353
nuclei	1.0891	-0.4721	2	811	7960	79	2010.295
nucleus	1.1814	-0.7345	2	293	1072	11	2010.862745
number concentration	1.1768	-0.3426	2	769	7180	65	2010.153846
numerical	0.4718	-0.7201	2	372	1254	12	2009.72
numerical model	0.2589	-0.5317	2	586	2452	25	2009.365706
numerical modeling	0.6487	-0.7115	2	314	1056	9	2011.42735
numerical simulations	0.7695	-0.6463	2	271	844	10	2012.214493
numerical weather prediction	0.1684	0.0275	1	608	3082	30	2012.239437
nunavut	0.4252	0.6005	1	498	2308	24	2013.447514
nwp	0.2561	-0.3702	1	333	1168	11	2013.142857
ny-alesund	0.4016	0.7615	1	444	1974	20	2011.961538
objective	0.4588	0.4905	1	432	1604	14	2011.917647
observational	0.1038	-0.624	2	324	978	11	2011.533742
observational data	-0.0273	-0.584	3	504	2032	19	2011.486413
observations	0.1085	0.0417	4	1357	71784	707	2011.448164
observatory	0.2217	0.4619	1	559	2512	25	2013.863636
observing system	-0.5574	0.749	1	466	2032	20	2013.706667
occurrence	0.2348	0.2981	4	1088	13510	136	2011.803551
occurrence frequency	0.2554	0.6749	4	386	1466	13	2013.617647
ocean	-0.34	-0.3364	3	1316	40634	381	2010.965167
ocean climate	-0.787	-0.4737	3	296	950	9	2011.955932
ocean model	-0.5751	-0.9307	3	359	1306	13	2010.792558
ocean surface	-0.2795	-0.5951	3	694	3800	32	2011.97351
one dimensional	0.6839	-0.6561	2	457	1966	22	2007.160622
onset	0.0408	-0.4425	2	582	2420	22	2011.400894
opacity	-0.0663	0.7823	1	358	1322	13	2009.058824
open ocean	-0.0529	-0.458	3	587	2512	24	2011.015873
open water	-0.3679	-0.6881	3	790	5760	53	2011.389671
operation	0.4346	0.6482	1	529	2184	24	2012.715909
operational	-0.8506	0.4335	4	496	2470	26	2011.326733
optical	0.6439	0.8299	1	549	2972	36	2011.902703
optical depth	0.1944	0.7079	1	941	9464	84	2010.374468
optical properties	0.8005	0.3811	2	722	5004	47	2011.915033
optical thickness	-0.1497	0.7632	1	777	5968	55	2009.946429
orbit	-0.1084	1.1255	1	292	922	9	2009.97479
order	0.4586	0.0197	2	1059	11092	114	2010.598046
orientation	0.7682	0.3	2	279	934	11	2010.063415
origin	0.5077	0.0889	2	617	2846	30	2010.187679
oscillation	-0.831	-0.1022	4	700	3856	37	2010.801829
outbreaks	0.1736	-0.5209	4	459	2002	21	2011.853659
outgoing longwave radiation	-0.9875	0.2119	3	467	2094	18	2010.290909
overlap	0.3535	0.2093	1	290	866	9	2012.007874
ozone	-0.1716	0.3816	1	523	2274	23	2010.865415
pacific	-0.6208	-0.0297	4	813	5704	52	2010.950879
pacific ocean	-0.4977	0.0635	4	469	1804	17	2010.089431
pack	-0.2085	-0.7696	3	652	3610	32	2009.298805
pack ice	-0.1848	-0.7821	3	669	3748	33	2008.853081
parameterization	0.5076	-0.5387	2	1150	17544	166	2011.336207
parameters	0.3519	0.2922	1	1198	18698	179	2010.962104
parametrization	0.2687	-0.7899	2	480	1990	19	2011.646341
part	0.2499	0.0276	2	1177	14820	143	2010.410034
particle concentration	1.2389	-0.1463	2	355	1450	14	2009.813953
particle properties	1.3045	0.2991	2	231	882	9	2013.428571
particle shape	1.1366	0.0385	2	290	1062	13	2011.923077
particle size	0.9535	0.5152	2	851	7568	73	2011.017021
particle size distribution	1.0527	0.4351	2	531	2996	30	2011.990566
particles	0.9903	0.1257	2	1201	29000	307	2011.108822
partitioning	0.8411	-0.634	2	568	3352	30	2012.216749
passive microwave	-0.1247	0.8727	1	415	1938	20	2009.005714
pathfinder	-0.4534	0.6654	1	790	5858	52	2010.851852
pathways	-0.498	-0.4818	3	322	972	10	2013.213274
patterns	-0.5708	-0.1793	4	1068	11292	107	2011.236066
peninsula	0.1696	0.218	4	418	1472	14	2011.596904
performance	-0.1606	0.2907	1	957	8400	79	2013.489921
period	-0.3893	0.0906	4	1252	22588	224	2011.210316
persistence	0.78	-0.4352	2	554	2694	25	2012.073254
perspective	-0.2561	-0.483	3	453	1588	16	2012.901235
perturbations	-0.032	-0.8588	3	488	2164	21	2010.583086
phase	0.4301	0.0093	2	1216	20696	202	2011.300144
phase boundary	1.0873	-0.6406	2	325	1382	12	2006
phase changes	-0.3175	-0.7225	3	298	992	11	2010.18705
phenomena	-0.0163	0.2569	1	457	1624	18	2011
physical processes	0.2321	-0.7787	2	570	2882	27	2012.057576
physical properties	0.1726	0.6632	1	333	1104	11	2011.051724
physics	0.0589	-0.6747	3	624	2998	29	2011.674359
place	0.2398	0.1223	4	615	2580	25	2009.958042
planetary boundary layer	-0.0852	0.4044	1	433	1684	15	2011.941176
plate	1.055	0.335	2	376	1606	19	2010.542683
plateau	-0.079	0.8482	1	684	4294	44	2012.169659
platform	0.22	0.6264	1	457	1836	18	2013.075269
plume	0.3461	-0.9356	2	389	1760	17	2009.9
polar	-0.0543	0.4133	1	1011	9698	96	2011.082686
polar atmosphere	-0.219	0.3608	1	318	926	9	2008.724138
polar clouds	-0.4305	0.7049	1	543	2660	27	2008.966667
polar environments	0.3466	0.89	1	276	918	9	2013.657534
polar nephelometer	1.1576	0.6296	2	208	818	9	2008.4
polar night	-0.0553	0.2052	1	530	2200	20	2010.577982
polar regions	-0.6229	0.533	1	1015	10822	108	2011.606775
polar stratospheric clouds	0.6742	0.9887	1	293	1254	15	2006.269231
polarimetric radar	0.9803	0.3838	2	211	754	9	2013.166667
polarization	0.3485	1.0436	1	593	3772	41	2013.066667
pole	-0.326	0.4235	4	767	5042	49	2010.226221
poleward	-0.9465	0.008	4	355	1290	13	2010.827273
pollution	0.3436	-0.763	2	378	1432	15	2012.161202
polynya	0.1043	-0.8196	3	441	1990	21	2008.42
population	1.0524	-0.0573	2	377	1540	18	2011.362024
position	-0.4653	0.4433	4	329	974	10	2010.689373
positive feedback	-0.6838	-0.6466	3	368	1354	13	2012.122034
potential	0.4033	0.3837	1	667	3370	36	2012.784435
potential temperature	-0.0338	-0.8444	3	430	1756	17	2007.691099
power	-0.0365	0.0334	1	534	2036	20	2011.834034
precipitable water	-0.6623	0.6457	1	718	4936	49	2008.340909
precipitable water vapor	-0.0742	1.1068	1	373	1706	17	2008.636364
precipitating	0.6708	0.1116	2	379	1274	12	2012.066667
precipitation	0.2185	-0.1857	4	1242	25024	255	2012.247478
precipitation events	0.0443	0.5234	4	433	1876	21	2012.820513
precipitation rates	0.1788	-0.4649	4	442	1640	15	2011.205128
prediction	0.0688	-0.269	4	1050	10626	96	2012.073267
predictive models	0.46	0.2292	1	260	786	9	2012.813084
present	0.2577	-0.013	4	309	954	9	2011.176606
present day	-0.795	-0.6937	3	502	2400	23	2011.295673
pressure	-0.3827	-0.119	4	1023	9710	94	2010.477108
principal components	0.0645	0.6219	1	315	982	11	2010.402597
principle	0.3927	0.3327	2	288	856	9	2010.684211
pristine	1.0725	0.1778	2	316	1160	12	2013.857143
probability	0.4649	0.3506	1	639	3302	32	2011.876866
probability density	0.7627	-0.2037	2	347	1202	12	2009.727273
probe	0.9855	0.4328	2	554	3162	32	2009.777027
procedures	0.2523	1.2072	1	287	896	10	2010.315476
processes	0.4202	-0.4277	2	1295	29542	290	2011.967406
processing	0.074	0.4114	1	551	2184	22	2012.577495
production	0.759	-0.5568	2	748	4988	50	2011.637878
profiles	0.1262	0.2519	1	1268	24866	242	2010.526606
progress	-0.4541	-0.1906	3	470	1728	16	2012.411765
project	-0.4489	0.0456	3	1129	15476	138	2012.453668
projection	-0.9249	-0.6451	3	493	2200	21	2014.197635
propagation	0.4373	-0.1146	2	357	1088	12	2010.734739
properties	0.5776	0.0637	2	1326	41618	397	2011.071907
proportion	0.8292	-0.069	2	276	838	9	2011.055556
proximity	-0.0063	0.1336	4	311	868	9	2011.075099
proxy	0.1392	0.3202	1	387	1162	11	2013.127907
pwv	-0.1576	1.1843	1	285	1156	12	2011.352941
quality	-0.2617	0.7419	1	814	5638	56	2012.741898
quality control	-0.4137	0.7907	1	315	930	9	2013.188406
quantification	0.0215	0.1926	4	416	1360	14	2013.40625
radar	0.7261	0.5056	2	1064	16120	164	2011.711931
radar data	0.3502	0.6955	1	361	1290	15	2012.450777
radar measurements	0.9986	0.5001	2	386	1510	16	2011.901639
radar observations	0.6173	0.4546	4	512	2362	24	2013.740741
radar reflectivity	1.0212	0.3223	2	593	3618	35	2010.463415
radiance	-0.0757	1.0697	1	878	10502	108	2008.938889
radiation	-0.2128	0.0588	3	1349	51184	495	2011.331925
radiation balance	-0.3458	-0.3702	3	528	2386	22	2007.969231
radiation budget	-0.8736	0.2241	3	887	8334	82	2009.443609
radiation flux	-0.1704	-0.247	3	397	1474	13	2011.514286
radiation measurements	0.1419	0.4197	1	622	3220	32	2006.536585
radiation model	0.1656	0.2088	3	298	884	9	2009.05
radiation transfer	0.5354	-0.3067	3	279	854	9	2007.733333
radiative	-0.0793	-0.0676	3	1122	15328	146	2011.175287
radiative balance	0.1273	-0.2525	2	365	1156	11	2012.945946
radiative cooling	0.6721	-0.9758	2	375	1512	15	2011.3
radiative effect	-0.5614	-0.5447	3	762	5212	49	2013.5
radiative feedbacks	-0.418	-0.853	3	289	920	9	2014.04878
radiative fluxes	-0.7387	-0.0478	3	999	11930	109	2011.190184
radiative forcing	-0.5245	-0.6297	3	516	2362	24	2012.94697
radiative processes	-0.3697	-0.5608	3	447	1592	16	2010.75
radiative properties	0.7321	-0.0154	2	838	6450	60	2008.179775
radiative transfer	0.0975	0.6829	1	752	5196	49	2009.150538
radiative transfer model	-0.1286	0.8475	1	576	3288	30	2007.705882
radio	-0.5546	0.5959	1	315	1150	12	2011.488636
radiometer	-0.0976	0.9617	1	1091	17988	175	2009.009592
radiometric	-0.0642	1.0454	1	435	1884	20	2006.757576
radiometry	-0.0587	1.1894	1	298	1116	12	2007.914286
radiosonde	-0.083	0.6993	1	920	10124	105	2011.151685
radiosonde data	-0.379	0.4986	1	538	2678	31	2010.193548
radiosonde observations	-0.4506	0.4038	1	421	1812	18	2011.347826
radiosoundings	0.1492	0.9304	1	313	996	9	2015.461538
rain	0.4058	0.1884	4	723	4472	50	2011.945455
rainfall	-0.0917	0.1702	1	491	2192	23	2011.97561
raman lidar	0.6689	0.8848	1	209	740	9	2013.035714
range	0.5175	0.3903	2	1208	19832	204	2011.410547
rates	0.598	-0.26	2	1005	9606	95	2011.494306
ratio	0.8382	0.3953	2	1024	11856	121	2010.925387
rawinsonde	-0.668	-0.0206	4	407	1590	16	2000
real-time	-0.0104	0.5465	1	366	1258	12	2012.398907
reanalyses	-1.0113	-0.1103	4	639	4172	38	2013.477477
reanalysis	-0.8508	-0.1396	4	1059	13302	127	2012.860412
reanalysis data	-0.7871	-0.1929	4	603	3030	32	2013.062413
reanalysis products	-0.9808	-0.1427	4	563	2856	26	2014.317073
reason	-0.2026	0.0307	4	339	998	10	2011.71371
recent	-0.5181	-0.392	3	641	3130	34	2011.804991
record	-0.7958	0.3187	4	714	4318	43	2011.508365
reduction	-0.0723	-0.5516	3	871	5800	56	2012.202875
reflectance	0.0439	1.1066	1	556	3552	35	2011.972414
reflection	-0.4732	0.4705	3	391	1496	15	2010.990196
reflectivity	0.8642	0.3515	2	821	7054	70	2011.85
regime	0.2607	-0.4494	2	1002	8646	85	2010.768478
region	-0.2151	0.1612	4	1349	45040	456	2011.608772
regional	0.6637	-0.2636	2	799	6744	55	2012.480198
regional climate	-0.3707	-0.7007	3	666	3952	35	2013.123404
regional climate model	-0.2439	-0.6438	3	556	2954	27	2013.665714
regional model	0.3542	-0.8828	2	420	1598	14	2011.733333
regression	-0.4304	0.7907	1	366	1344	15	2011.924945
relationship	-0.0853	-0.187	4	1106	13492	132	2011.52721
relative humidity	0.3507	0.0419	1	816	5544	55	2011.380645
relative importance	0.2628	-1.0241	2	359	1180	11	2010.879562
release	0.0761	-0.7826	2	313	934	9	2012.712924
remote	0.5582	0.6888	1	898	8024	76	2012.899032
remote sensing	-0.0163	0.9296	1	884	7784	78	2012.958159
remote sensors	0.754	0.0094	2	526	2464	22	2011.516129
removal	-0.1921	-0.1477	3	243	676	9	2011.470833
representation	0.2937	-0.4136	2	1008	10006	90	2013.246886
requirements	-0.2451	0.7616	1	395	1490	16	2011.322368
res	0.1588	-0.0297	3	439	1638	20	2010.48537
research	0.2219	0.0523	2	1272	22552	218	2012.25614
research aircraft	0.8213	0.0649	2	412	1728	17	2010.666667
research station	0.6811	0.5249	1	370	1280	13	2013.45082
residues	0.385	0.3586	1	479	2024	20	2009.701681
resolution	-0.3101	0.6712	1	1250	26620	259	2011.918993
response	-0.3707	-0.7395	3	958	8512	79	2012.161066
rest	-0.2674	-0.1543	3	299	930	9	2011.1893
retreat	-0.5446	-0.7836	3	304	1006	10	2012.69985
retrieval	0.0781	0.8918	1	1173	23030	229	2011.428846
retrieval algorithm	0.043	0.9869	1	564	3048	29	2011.316667
retrospective analysis	-1.2191	-0.1155	4	321	1376	12	2014.914894
rh	0.646	0.3176	1	248	814	9	2013.216216
ridge	0.0924	-0.16	4	293	886	9	2008.953586
riming	1.0351	0.0072	2	361	1402	15	2012.625
river	0.2399	-0.3089	4	307	994	10	2011.920886
rms	-0.6398	0.8472	1	464	2016	19	2009.254237
role	-0.0224	-0.4096	3	1145	13296	129	2012.568357
root	-0.4565	0.9405	1	400	1498	15	2012.083538
root mean square error	-0.6056	1.0362	1	310	1238	12	2014.467391
roughness	0.4895	-0.4794	2	274	870	9	2012.54023
royal	-0.1388	-0.3077	4	458	1830	19	2007.399225
russia	-0.9041	0.4352	4	357	1214	12	2012.192015
sample	0.7862	0.4691	2	357	1288	17	2011.599617
sampling	0.0121	0.7091	1	558	2326	24	2012.100775
satellite	-0.4956	0.5201	1	1290	34578	335	2011.755822
satellite applications	-0.6915	0.7778	1	394	1636	15	2013.708333
satellite data	-0.7612	0.3888	4	872	7286	73	2011.686028
satellite measurements	-0.3079	0.7591	1	525	2328	24	2012.201389
satellite observations	-0.5107	0.3041	1	1040	10630	102	2012.973832
satellite retrievals	-0.7939	0.42	4	570	2890	28	2011.277778
satellite sensors	-0.6569	0.8958	1	428	1790	17	2012.319444
saturation	0.8712	-0.4707	2	599	3528	34	2011.875
scale	-0.15	-0.1983	3	1115	12556	120	2011.804989
scanning	-0.1269	0.7304	1	554	2660	25	2012.580808
scattering	0.7715	0.7335	1	565	3296	39	2010.183486
scenarios	-0.1524	-0.4047	3	583	2370	22	2012.882212
science	0.3488	0.325	1	638	2930	35	2005.441336
sea	-0.4606	-0.2962	3	1330	43804	416	2010.929745
sea ice	-0.6043	-0.3835	3	1262	32460	305	2012.341204
sea ice albedo	-1.1042	-0.2822	3	400	1622	15	2012.983051
sea ice concentration	-0.8045	-0.467	3	611	3632	33	2014.074
sea ice cover	-0.8647	-0.7208	3	588	3378	30	2012.742173
sea ice extent	-0.9836	-0.2853	3	641	3974	36	2013.195775
sea ice loss	-0.9946	-0.8075	3	365	1642	15	2015.52349
sea ice model	-0.5587	-0.8684	3	483	2114	19	2011.770171
sea ice snow	-0.4761	0.5067	1	293	966	9	2012.409091
sea ice surface	-0.2512	-0.7793	3	659	3774	33	2012.084967
sea ice variability	-0.886	-0.8671	3	272	980	9	2013.147059
sea level	-0.4706	-0.1248	4	703	3812	36	2011.153319
sea level pressure	-0.7293	-0.5878	4	433	1712	15	2009.567201
sea surface	-0.4415	-0.5068	3	857	6634	61	2011.29989
sea surface temperature	-0.5795	-0.4913	3	771	5454	48	2011.542882
season	-0.5792	0.0418	4	1199	18870	181	2012.178114
seasonal cycle	-0.7582	0.0305	4	743	4364	38	2011.135957
seasonal variability	-0.5616	0.3303	4	354	1204	12	2011.582043
seasonal variation	-0.6714	-0.0684	4	635	3322	30	2011.013917
sedimentation	1.0497	-0.4233	2	357	1536	18	2009.867797
selection	0.2352	0.7497	1	386	1342	14	2012.335938
sensible heat	-0.3449	-0.8946	3	710	4894	42	2010.128205
sensible heat flux	-0.3428	-0.8723	3	627	3638	30	2010.732283
sensing	0.3813	0.8014	1	817	6078	57	2012.945017
sensitivity	0.3757	-0.312	2	1216	21102	198	2012.152936
sensitivity experiments	0.1956	-1.1345	2	354	1366	12	2012.352273
sensitivity study	0.4344	-0.7286	2	658	3492	35	2009.188312
sensitivity tests	0.9267	-0.694	2	438	2154	18	2012.294872
sensors	-0.0014	0.7284	1	1105	13882	135	2011.517949
separation	1.0018	-0.114	2	298	934	9	2009.887195
series	-0.5087	0.287	1	955	7912	76	2010.601012
service	0.3586	0.8448	1	382	1348	15	2013.140288
shape	0.9067	0.2528	2	777	5386	56	2010.573529
shear	0.1787	-0.5393	4	346	1200	11	2009.478827
sheba	0.2516	-0.3305	2	923	10326	88	2005.850467
sheba experiment	-0.446	-0.0932	2	451	2052	18	2005.2
shelf	0.3219	0.2229	4	399	1370	12	2010.587376
shift	-0.2906	-0.0585	4	595	2598	27	2012.333333
ship	-0.0753	0.2875	4	562	2512	24	2010.712
shortwave	-0.7521	0.0243	3	1001	11926	110	2011.441558
shortwave radiation	-0.8698	-0.2174	3	800	6098	54	2012.5
siberia	-0.554	0.1023	4	457	1580	14	2012.538153
siberian	-1.1824	-0.3612	4	280	994	10	2012.301282
signal	0.3846	0.6447	1	771	4626	49	2011.038817
signatures	0.6539	0.2782	2	452	1702	17	2011.86758
significance	-0.2001	-0.2287	3	444	1462	14	2011.019928
simulation model	0.5711	-0.7423	2	375	1254	11	2010.530973
simulations	0.2719	-0.5205	2	1309	36640	351	2012.277903
single-column model	0.511	-1.0527	2	435	2500	23	2010.37931
sites	0.2758	0.6197	1	1165	18346	185	2011.507274
size	0.9208	0.1104	2	1194	21422	213	2010.965923
size distribution	1.0425	0.0753	2	887	8702	87	2010.853862
size spectra	1.1563	-0.3647	2	300	1126	12	2005.043478
skill	-0.2978	0.4069	1	446	1626	16	2013.67325
skin	-1.1139	0.1695	3	366	1474	13	2010.05
skin temperature	-1.0428	0.2501	3	370	1488	13	2012.333333
sky conditions	-0.2826	0.6331	1	649	3324	32	2009.619048
slope	0.6421	0.5106	1	798	6462	58	2010.341082
small ice crystals	1.1665	0.1641	2	316	1234	13	2012.133333
small ice particles	1.1139	0.1648	2	277	988	10	2008.6
small-scale	0.6987	-0.2788	2	360	1344	14	2011.469512
snow	0.1195	0.4255	1	1117	12762	129	2012.043528
snow surface	-0.1145	0.4891	1	662	3678	35	2011.761905
snow/ice	-0.592	0.6834	1	632	3648	35	2012.216867
snowfall	0.1796	0.4782	4	690	4794	50	2012.353474
snowfall rate	0.3978	0.5273	4	375	1480	17	2013.526316
snowmelt	-0.9153	0.2769	3	278	946	10	2012.207317
society	0.0471	0.2834	1	564	2600	32	2010.520354
solar	-0.4494	0.5282	1	557	2608	25	2010.551351
solar absorption	-0.4332	-0.2317	3	315	958	10	2010.076923
solar energy	-0.9085	0.2373	3	350	1142	10	2012.941176
solar irradiance	-0.4863	0.7548	1	468	1976	21	2010.02521
solar radiation	-0.3929	0.0244	3	911	7014	71	2011.997753
solar zenith angle	-0.5505	0.7001	1	540	2900	27	2010.954545
solution	0.655	-0.02	2	518	2128	26	2010.22668
sounder	-0.7635	0.5816	1	733	5266	50	2011.227941
sounding	-0.0726	0.3469	1	885	6836	68	2009.43314
source	0.2695	-0.1111	2	1141	13262	135	2011.544715
south	-0.1362	0.2007	4	906	7156	72	2009.816077
south pole	0.1097	0.8495	1	499	2746	30	2008.138889
southern	-0.2842	0.0216	4	866	6760	67	2011.247603
southern hemisphere	-0.7064	0.0622	4	574	2942	27	2010.882466
southern ocean	-0.1045	-0.3379	4	737	5102	51	2011.310743
space	-0.0874	0.4476	1	981	7930	78	2011.281958
spatial	-0.6375	0.4621	4	531	2364	23	2011.877747
spatial distribution	-0.7574	0.0741	4	711	3914	37	2012.602028
spatial patterns	-0.8193	-0.3414	3	398	1398	13	2012.024523
spatial resolution	-0.4676	0.7082	1	549	2606	26	2012.877034
spatial scales	0.1044	-0.4409	2	373	1330	14	2012.42723
spatial variability	-0.7824	-0.0462	4	485	2026	18	2011.858628
species	1.0812	-0.1909	2	356	1304	13	2011.629341
specific humidity	-0.174	-0.5873	4	616	3370	31	2012.103896
spectra	0.8126	0.3805	2	819	6364	65	2010.240566
spectral	0.5656	0.7921	1	504	2176	23	2011.032967
spectral resolution	0.3047	1.1391	1	386	1682	16	2011.446809
spectrometer	0.4576	0.8923	1	628	3806	41	2011.939227
spectroradiometer	-0.4148	1.08	1	746	6514	63	2013.108209
spectrum	0.7372	0.0756	2	669	3762	39	2010.348901
speed	0.2148	-0.2712	4	891	6842	67	2010.795455
spheres	1.1364	0.485	2	290	1196	13	2007.227273
spitsbergen	0.6774	0.2072	2	305	1060	10	2012.274752
spread	-0.764	-0.297	3	348	1298	13	2013.442623
spring	-0.3765	-0.1471	3	1081	12706	121	2011.445356
springtime	0.1812	-0.6658	2	498	1938	17	2011.464
ssm i	-0.4434	0.9239	1	281	1076	11	2007.238938
ssm/i	-0.5029	0.8281	1	318	1218	12	2006.696429
stability	-0.1737	-0.7647	3	864	6344	58	2011.601934
stage	0.4815	-0.3362	2	324	956	9	2011.432692
standard	-0.0703	0.9553	1	348	1150	12	2011.405751
standard deviation	-0.516	0.651	1	589	2768	28	2011.034783
state	0.2039	-0.4282	2	974	8642	80	2012.176355
static stability	-0.5642	-0.7366	3	402	1486	14	2009.291667
stations	-0.6922	0.2656	4	926	8700	91	2010.728667
statistical analysis	-0.1445	0.6154	4	404	1420	15	2011.880795
statistics	0.0161	0.6706	1	753	4570	49	2010.724252
steady state	0.4845	-0.9981	2	249	770	9	2009.695015
storm	0.0088	-0.1867	4	838	6158	60	2010.368357
storm tracks	-0.6146	-0.2753	4	535	2394	21	2010.462428
strait	-0.3617	-0.8108	3	385	1382	13	2008.864542
strategies	0.2598	-0.1565	3	355	1092	11	2013.49449
stratification	0.0405	-0.6459	3	328	1048	11	2010.765734
stratiform	0.8152	-0.42	2	823	6784	67	2008.75641
stratiform clouds	0.7892	-0.5128	2	712	5008	51	2008.214286
stratiform mixed-phase clouds	1.1965	-0.4155	2	248	876	9	2013.555556
stratocumulus	0.6268	-0.731	2	872	7790	74	2010.127907
stratosphere	-0.0512	0.6261	1	536	2546	24	2010.953635
stratospheric clouds	0.7071	0.9413	1	264	1070	12	2006.428571
stratus	0.7424	-0.3707	2	887	7722	78	2005.206897
stratus clouds	0.8266	-0.2758	2	646	3796	38	2002.357143
strength	-0.5107	-0.2672	3	847	6186	60	2011.147674
stress	-0.4402	-0.8945	3	322	1100	9	2010.771906
structure	0.2359	-0.4691	2	1202	19494	186	2010.587788
sublimation	0.8178	-0.0814	4	450	2084	20	2011.08
subsidence	0.6442	-1.0888	2	372	1414	12	2011.801303
subtropical	-0.2595	-0.396	3	437	1554	15	2009.910959
sulfate	0.9255	-0.5636	2	229	716	9	2010.319209
summer	-0.6154	-0.0703	4	1271	29668	282	2011.747886
summertime	-0.1534	0.433	1	530	2174	21	2011.985294
summit	-0.6725	0.0825	4	497	2726	26	2012.208092
summit greenland	-0.6851	0.0866	4	481	2528	24	2013.519231
sun	-0.5508	0.0223	3	576	2728	28	2011.068966
sunlight	0.2946	0.0798	3	349	1120	12	2013.547619
supercooling	0.6172	-0.0384	2	379	1412	14	2011.488372
supersaturation	0.9743	-0.5449	2	599	3588	33	2009.990385
supply	0.4802	-0.5525	2	322	1114	12	2011.339312
support	0.0302	0.221	3	548	2106	22	2012.160714
surface	-0.232	-0.13	3	1358	82476	793	2011.274886
surface air	-0.6862	-0.4462	3	832	5602	48	2012.202151
surface air temperature	-0.8205	-0.436	3	745	4520	37	2012.177381
surface albedo	-0.8943	-0.0823	3	858	8234	76	2012.661808
surface area	0.9036	0.1265	2	294	1096	12	2011.96
surface characteristics	-0.3894	-0.8017	3	390	1490	12	2010.392857
surface conditions	0.0081	-0.4928	3	560	2436	22	2010.87907
surface elevation	-0.2892	0.9077	1	339	1206	12	2011.86618
surface emissivity	-0.2404	1.0953	1	324	1218	12	2012.894737
surface energy	-0.5851	-0.5687	3	914	8874	73	2012.765396
surface energy balance	-0.6315	-0.5779	3	482	2068	18	2012.916667
surface energy budget	-0.5481	-0.5892	3	798	6082	48	2013.283019
surface fluxes	-0.4024	-0.7704	3	900	7896	69	2010.612022
surface forcing	-0.4239	0.1635	3	392	1446	12	2011.835052
surface heat budget	0.3738	-0.4948	2	878	9310	77	2005.989796
surface heat fluxes	-0.0186	-1.0612	3	658	4040	35	2010.370833
surface inversion	-0.3767	-0.549	3	421	1666	17	2010.212121
surface layer	0.1628	-0.939	3	522	2386	21	2009.563452
surface mass balance	-0.0186	0.5806	4	276	1056	9	2014.124183
surface observations	-0.6815	0.2931	4	643	3666	36	2011.739837
surface processes	-0.1096	-0.3665	3	349	1062	9	2013.341085
surface properties	-0.7295	0.2171	3	400	1696	15	2010.878378
surface radiation	-0.7956	0.1395	3	965	9754	88	2011.605263
surface radiation budget	-0.8963	0.3012	3	540	2730	25	2010.517241
surface radiation fluxes	-0.7913	-0.3995	3	338	1220	10	2008.823529
surface reflectance	-0.2415	1.0044	1	316	1228	11	2013.116667
surface temperature	-0.6264	-0.3879	3	1171	18978	170	2011.552855
surface warming	-0.4364	-0.7326	3	334	1110	11	2012.889706
surface wind	-0.533	-0.6673	3	462	1928	18	2010.352381
svalbard	0.3205	0.4408	1	612	3276	34	2012.982836
synergy	0.8183	0.2935	2	318	1054	9	2014.692308
synoptic conditions	0.3675	-0.3889	4	369	1210	11	2013.030303
synoptic scale	-0.2969	-0.3573	4	455	1682	15	2011.432432
system	-0.2938	0.0513	3	1283	26802	265	2012.244703
systematic errors	-0.0896	0.3449	1	375	1330	12	2009.405405
techniques	0.3998	0.7139	1	1033	11466	118	2010.995925
technology	0.4554	0.7179	1	451	1592	18	2013.19378
temperature	-0.0158	-0.1033	3	1359	69450	680	2011.477652
temperature anomalies	-0.9442	-0.3049	4	341	1184	11	2011.546191
temperature changes	-0.6553	-0.5631	3	573	2892	28	2012.055092
temperature data	-0.2224	0.0073	4	304	878	10	2009.906752
temperature dependence	0.723	0.0524	2	374	1298	12	2010.130435
temperature gradient	-0.2707	-0.5429	4	366	1146	10	2011
temperature inversions	-0.2915	-0.3957	4	893	8066	79	2010.257576
temperature measurements	0.3303	0.9246	1	391	1488	12	2010.47644
temperature profiles	-0.5098	0.0486	1	694	4054	41	2010
temperature trends	-0.7294	-0.294	3	336	1204	13	2012.249147
temperature variations	-0.1954	-0.3322	2	366	1246	13	2010.665354
temporal	-0.9214	0.3684	4	293	880	9	2010.883534
temporal resolution	-0.2964	0.7729	1	383	1370	15	2013.873362
temporal variability	-0.8177	0.1955	4	528	2410	21	2011.288462
temporal variations	-0.8318	0.609	1	346	1106	11	2011.722063
terms	0.0271	0.0738	4	1017	9406	92	2011.105954
terra	-0.274	1.142	1	417	1952	20	2010.519685
terrain	0.3116	0.0467	4	452	1688	19	2011.88664
territories	0.1797	0.0422	4	386	1354	12	2011.376997
the arctic	-0.6143	-0.2079	3	476	1952	23	2005.115044
theory	0.9679	-0.1129	2	539	2776	31	2009.714706
thermal	-0.2155	0.5498	1	459	1690	17	2011.557652
thermodynamic phase	0.3778	0.5529	4	488	2032	17	2012.35
thermodynamic structure	0.152	-0.9944	2	345	1300	12	2009.5
thermodynamics	-0.1902	-0.3973	4	623	3062	29	2011.079268
thickness	-0.1869	0.244	1	1046	11986	111	2010.814467
thin clouds	-0.0138	0.9069	1	567	2910	28	2010.28125
thin ice	0.4443	0.6508	1	475	2046	18	2009.835052
three dimensional	0.3895	-0.4775	2	572	2266	21	2009.329939
threshold	0.0251	0.7141	1	785	4930	50	2012.8
time	0.0279	0.1691	1	1318	28616	280	2011.191579
time scales	-0.4965	-0.3273	3	608	3002	27	2011.351464
time-series analysis	-0.6448	0.5604	1	764	4872	48	2010.95228
timescales	-0.7398	0.2444	4	493	2066	21	2011.525048
timing	-0.8197	-0.3645	3	316	1034	9	2012.348348
topography	-0.5159	0.2179	4	548	2226	20	2010.120382
total precipitation	-0.0469	0.0951	4	260	770	9	2010.7
total water content	0.7131	-0.4465	2	280	910	9	2011.428571
tovs	-1.2126	0.2007	4	330	1520	15	2001.95
trace	0.3566	0.3478	1	438	1570	14	2011.307692
track	-0.4688	-0.157	4	674	3528	32	2010.190476
training	-0.255	0.8737	1	252	776	9	2011.833333
trajectories	0.7567	-0.0171	2	585	2866	28	2011.384117
transfer	0.1794	0.4589	1	1090	14724	148	2010.678679
transform	0.3789	0.8169	1	454	1910	18	2011.990385
transformation	0.4478	-0.8877	2	349	1196	12	2011.951786
transient	-0.7291	-0.4471	4	313	976	9	2011.104545
transition	0.1644	-0.4411	2	876	5990	56	2011.648928
transmission	0.0122	0.8481	1	404	1570	16	2011.062827
transmitters	0.2337	0.8945	1	374	1568	14	2010.519231
transport	-0.1991	-0.576	4	995	8746	83	2010.537155
treatment	0.4737	-0.8819	2	686	4504	38	2012.769355
trends	-0.7462	0.2133	4	982	9472	99	2012.269204
tropical	0.4759	0.2028	2	356	1164	12	2011.862319
tropical oceans	-0.74	-0.135	3	326	1080	10	2010.174419
tropics	-0.2662	0.1892	1	744	4812	45	2010.699313
tropopause	-0.0912	-0.0274	1	508	2004	20	2009.748148
troposphere	-0.0172	0.245	1	929	7770	76	2010.961094
tropospheric temperature	-0.4158	0.3513	1	427	1626	16	2010.951613
trough	-0.4824	-0.2493	4	325	998	9	2010.984962
turbulence	0.4953	-0.8069	2	770	6118	62	2009.838323
turbulent fluxes	-0.1073	-0.9259	3	613	3248	27	2011.098592
turbulent heat fluxes	-0.3075	-1.0135	3	529	2960	25	2012.207207
turbulent kinetic energy	0.5312	-1.0505	2	335	1260	12	2010.442857
types	0.4223	0.1819	2	1030	10088	108	2011.720352
uncertainty	0.0126	0.6041	1	1161	16946	168	2013.221957
united states	-0.4672	0.3512	4	470	1930	22	2011.349593
university	0.5851	-0.0378	2	560	2344	22	2010.400794
upper air	-0.3395	0.1661	4	493	2126	24	2010.383562
upper troposphere	-0.14	0.179	1	651	3530	34	2011.20068
vaisala	-0.0912	1.0629	1	231	798	9	2011.583333
validation	-0.4926	0.7375	1	923	8024	82	2012.727575
values	0.1917	0.3075	1	1303	28058	283	2010.746562
vapour	-0.0866	0.5309	1	721	4590	45	2011.530769
variability	-0.3803	0.0012	4	1312	27518	270	2011.545737
variance	-0.4799	0.1617	1	636	2954	29	2010.046067
variations	-0.4538	-0.0115	4	1234	19718	192	2010.901917
vector	0.2096	0.7715	1	349	1246	14	2010.835404
vegetation	-0.8417	0.1288	3	349	1164	11	2012.521246
velocity	0.7778	-0.3769	2	859	7208	72	2010.066944
verification	0.0101	0.4838	1	375	1196	13	2012.835821
vertical	-0.0576	0.1729	4	687	3708	36	2009.544379
vertical distribution	0.0731	0.2538	1	772	4780	44	2010.595331
vertical motion	0.2775	-0.7016	2	398	1342	13	2008.438017
vertical profiles	0.6547	0.5922	1	757	4936	45	2011.336
vertical resolution	0.1247	0.3114	1	652	3316	31	2011.752381
vertical structure	0.1921	-0.2132	2	774	4926	46	2010.285714
vertical velocity	0.6438	-0.6747	2	492	2340	23	2008.840336
very high resolution	-0.588	0.9763	1	610	4186	40	2006.45098
visibility	-0.1051	0.5636	1	421	1600	18	2010.666667
volume	0.9924	0.2871	2	637	3934	42	2010.936662
warm	-0.4096	-0.3324	4	733	3810	35	2011.29985
warm air advection	-0.1278	-0.9773	3	314	1144	12	2012.955556
warm season	-0.7534	-0.1793	4	332	1106	10	2011.738636
warming	-0.5797	-0.4493	3	961	8602	81	2012.978577
water	0.3203	0.0536	2	1358	67744	655	2010.775054
water content	0.8505	-0.1786	2	1054	13482	123	2011.363839
water cycle	-0.5137	-0.0913	3	396	1422	13	2012.931624
water ice	0.462	-0.1005	2	849	6328	58	2010.074941
water path	0.4502	0.1849	2	1020	12248	110	2009.507463
water surface	-0.5617	-0.2198	3	529	2124	19	2010.707692
water vapor	-0.0802	0.5721	1	1145	15352	153	2011.155556
water vapour	-0.0484	0.5538	1	735	4680	46	2011.403361
wave	-0.1347	-0.2841	4	705	3542	32	2010.934812
wavelength	0.7005	0.7237	1	599	3282	32	2009.220077
weather	-0.0507	0.0766	4	1237	20768	201	2012.202602
weather forecasts	-0.0651	-0.0328	4	1008	9776	90	2011.889868
weather stations	-0.5308	0.2386	4	554	2638	25	2012.035461
weather systems	-0.2305	-0.0077	4	375	1274	12	2011.348485
weddell	-0.2552	0.5655	4	363	1310	12	2008.661238
weddell sea	-0.2389	0.6098	4	347	1212	11	2008.40797
west antarctic	0.1794	0.3186	4	306	1160	9	2012.620545
wind	-0.0613	-0.3014	4	1168	16074	156	2010.366929
wind field	-0.1216	-0.588	4	391	1426	13	2008.951515
wind shear	0.2309	-0.5979	4	302	994	9	2009.66
wind speed	-0.0099	-0.4182	4	693	4336	42	2011.054286
window	-0.1228	1.0005	1	531	2670	27	2011.107914
winter	-0.5368	0.0151	4	1286	31822	307	2011.016141
winter season	-0.6147	0.3751	4	478	1804	16	2011.059908
winter temperatures	-0.7737	-0.2226	3	364	1286	11	2011.726962
wintertime	-0.1441	-0.4825	3	550	2692	26	2011.622989
work	0.1191	0.351	1	941	6892	72	2012.585814
world	-0.3645	0.399	1	525	2214	24	2011.293273
wrf	0.2377	-0.8105	2	414	1706	14	2015.416667
wrf model	0.0234	-0.9284	3	287	1008	9	2015.5
x-band	0.7478	0.288	4	297	1074	11	2012.058824
zonal	-0.9384	-0.0126	4	348	1232	12	2008.993976
zone	-0.2487	-0.3114	4	995	8252	77	2010.917256
