id	x	y	cluster	weight<Links>	weight<Total link strength>	score<Avg year>
1960s	-0.2437	0.8065	5	271	964	2007.723464
1970s	-0.3301	1.0754	3	154	430	2008.301205
20th century	0.0351	0.7641	5	474	2692	2009.625488
ablation	0.0948	0.2177	4	1141	23468	2009.488128
ablation zone	0.1679	-0.3967	4	713	6732	2011.603659
absorption	0.0549	-0.1315	3	224	680	2007.595437
abundance	0.3999	0.2018	1	291	890	2008.576098
acceleration	0.5532	0.3648	4	967	14828	2010.334658
access	-0.2161	-0.3901	1	547	2810	2011.56924
accumulation	-0.4375	0.3728	3	1133	22854	2008.145056
accumulation rates	-0.346	0.4324	3	447	2546	2006.241987
accuracy	-0.7597	-0.3991	1	973	12584	2010.08255
acquisition	-0.7465	-0.5	1	428	2026	2009.628664
activity	0.5325	-0.0512	2	827	5954	2008.610119
adaptation	-0.445	-0.0628	1	183	522	2009.276196
addition	0.1018	0.0739	1	954	9098	2009.285986
adjustment	-0.2058	-0.4131	4	543	3402	2010.059972
administration	-0.897	-0.3081	1	285	1142	2008.585608
advance	0.5338	0.096	5	811	8780	2009.278139
advection	0.2388	0.6746	3	521	2900	2008.192895
aerial	-0.6421	-0.3276	1	163	514	2008.989071
aerial photographs	-0.3422	0.2128	5	374	1878	2008.57197
aerosol	-0.4332	-0.3113	1	102	268	2007.154489
age	0.3112	0.5674	5	673	5736	2007.797965
agency	-0.8875	-0.174	1	325	1318	2011.612195
aggregates	-0.4247	-0.1972	1	199	580	2008.541433
agreement	-0.3641	0.0087	1	991	11418	2007.890269
air	-0.2987	0.6778	3	1077	17740	2008.618101
air temperature	-0.4083	0.6148	3	742	6626	2010.069914
airborne	-0.7275	-0.7864	1	482	2898	2006.453571
aircraft	-0.4894	-0.6955	1	377	1604	2006.227098
al	-0.0697	-0.4806	4	426	1730	2007.388849
alaska	0.1981	0.022	5	960	12200	2008.146234
alaskan	-0.053	0.4071	5	425	1760	2008.305085
albedo	-0.423	0.801	3	711	7162	2009.324338
algorithm	-0.7028	-0.4364	1	878	8728	2010.210584
alpine	-0.2087	-0.2866	1	542	2764	2009.603145
alps	-0.7424	-0.3397	1	483	2602	2009.971568
alternative	-0.2472	-0.5557	1	334	1144	2009.029126
altimeter	-0.7973	-0.5847	1	669	6508	2007.65536
altimetry	-0.9393	-0.2784	1	873	12038	2010.533333
altitude	-0.4627	0.5461	3	687	5780	2007.653347
america	-0.282	0.4159	5	459	2198	2008.697703
amo	0.1286	1.1402	3	177	552	2014.846667
amoc	0.6459	0.7668	2	157	564	2014.607664
amplification	0.4749	1.0807	3	184	518	2010.670509
amplitude	-0.2412	-0.4849	1	592	3934	2008.158367
amsr-e	-1.2025	-0.1334	1	154	490	2012.196262
analog	-0.2388	0.7269	3	119	312	2008.432668
analyses	-0.1792	0.0958	1	750	5352	2009.301682
analysis	-0.2335	-0.0907	1	1348	29868	2009.366286
andes	-0.7731	0.5319	5	206	652	2009.818937
angle	-0.0776	-0.2581	1	367	1356	2007.895326
anisotropy	-0.1153	-1.0051	4	186	456	2007.8981
annual	-0.5931	0.6225	3	432	2050	2007.172557
annual cycle	0.8249	-0.3127	4	192	588	2007.690078
annual precipitation	-0.2608	1.0144	3	191	600	2010.141667
anomalies	-0.0242	0.7796	3	827	7984	2009.553394
antarctic	-0.3087	0.007	1	1050	13262	2007.820711
antarctic ice sheet	-0.7847	0.065	1	251	858	2011.123173
antarctic peninsula	-0.3644	-0.1899	1	558	3396	2009.392737
antarctica	-0.2836	-0.4112	1	1069	14382	2007.877974
antenna	-0.6568	-0.6675	1	178	532	2008.064626
ap	-1.0966	-0.1046	1	199	600	2010.486364
application	-0.5795	-0.27	1	994	11874	2010.011511
approach	-0.4215	-0.2544	1	1204	19908	2011.153242
approximation	0.0268	-0.5448	4	423	2030	2008.343624
aquifer	0.0395	-1.1869	4	318	1780	2010.299742
archipelago	-0.4316	0.9182	5	539	3580	2008.970938
architecture	-0.4823	-0.6453	1	223	654	2010.12995
archives	-0.7058	0.107	1	306	1064	2012.032657
arctic	0.0594	0.5333	2	1226	22688	2009.446222
arctic archipelago	-0.3452	1.1702	5	304	1302	2009.927203
arctic canada	-0.6521	0.5412	5	330	1388	2007.412857
area	-0.2943	0.0767	1	1471	58726	2008.578401
areal	-0.8431	0.3141	5	100	254	2008.079755
areal extent	0.3659	0.4336	5	253	834	2007.510417
argentina	-0.9534	0.1337	5	128	318	2009.432323
arm	0.4987	0.6217	5	172	428	2008.328671
array	0.3666	-0.8032	2	388	1522	2008.688032
arrival	0.9403	-0.0947	2	257	800	2007.878924
asia	-0.9608	0.5701	1	225	796	2010.858426
aspect	-0.3245	0.01	1	457	2064	2009.986813
assessment	-0.501	0.0885	1	1010	11888	2011.123547
assimilation	-0.5709	0.4433	3	305	1036	2009.247808
association	-0.3089	0.1724	3	274	898	2009.179096
aster	-0.8733	0.1642	1	546	4072	2012.45977
asymmetry	0.845	0.3196	2	167	420	2008.648336
atlantic	0.5596	0.6987	2	927	11504	2008.590945
atlantic multidecadal oscillation	0.1113	1.0889	3	201	710	2014.897436
atlantic oscillation	0.0256	1.1048	3	438	2872	2010.686288
atlantic water	1.0861	0.4733	2	234	816	2009.77451
atlas	-0.6771	-0.5645	1	190	642	2008.567568
atm	-0.6692	-0.8749	1	313	1480	2011.819026
atmosphere	-0.22	0.736	3	798	7776	2008.501913
atmospheric circulation	0.0907	1.1675	3	337	1624	2010.428462
atmospheric conditions	0.0314	0.6088	3	275	936	2010.137931
atmospheric temperature	0.4932	0.9626	2	128	336	2008.816667
attention	0.0253	-0.1114	5	455	1976	2010.284583
attenuation	0.5789	-0.3795	2	349	1224	2008.16198
austral summer	-0.4103	-0.9637	1	147	402	2008.54097
austria	-1.3081	-0.2022	1	161	516	2009.149123
automated	-0.6141	-0.3873	1	237	816	2010.614379
automatic weather stations	-0.6031	0.6559	3	372	2004	2008.647727
autumn	0.2019	0.5247	3	419	1916	2008.811221
availability	0.3285	0.0727	2	580	3086	2009.56451
avalanche	-0.1549	-0.7255	1	354	1250	2009.770642
averaging	-1.2411	-0.0545	1	162	450	2007.562814
avhrr	-1.2398	0.7463	3	135	424	2004.651475
azimuth	-0.3702	-0.6008	1	159	434	2008.074866
background	0.2536	-0.2098	2	524	2436	2009.681872
backscatter	-0.9561	-0.1856	1	516	3122	2008.125292
baffin	0.4222	0.7483	2	515	2976	2007.975111
balance	-0.3381	0.5219	3	1384	51826	2009.168937
bands	-0.4444	-0.424	1	429	1826	2007.694277
banks	0.7009	-0.6581	4	122	300	2006.786932
barents	0.2941	0.8265	2	360	1448	2008.144333
barotropic	1.1537	-0.2616	2	117	312	2007.533333
barrier	0.0618	0.0788	1	328	1106	2008.988387
basal	0.4845	-0.7372	4	1042	19746	2008.301104
basal ice	0.3169	-0.5524	4	230	678	2006.615819
baseline	-0.7233	-0.1988	1	394	1596	2011.063023
basin	0.4027	0.1789	2	1009	11834	2008.451393
bathymetric	1.0381	-0.26	2	241	832	2008.739414
bathymetry	0.7601	-0.181	2	567	3728	2009.596934
bay	0.5498	0.3457	2	731	4906	2007.629364
bayesian	-0.2395	-1.2594	4	180	514	2013.3809
bc	0.39	0.6451	2	140	332	2011.845471
bed	0.5454	-0.8981	4	945	16960	2008.925373
bedrock	0.5233	-0.3488	4	759	6908	2009.117398
behavior	0.4478	-0.348	4	830	8440	2008.780232
behaviour	0.6572	0.0626	4	618	4636	2008.035198
benchmark	-0.2659	-0.5706	1	192	550	2012.336996
benefits	-0.2901	-0.0079	1	176	492	2011.531274
bering	0.3318	-0.155	5	287	1008	2008.596391
bias	-0.8641	0.0793	1	717	5838	2011.002385
biases	-0.891	0.2936	3	642	4812	2011.934239
biogeochemistry	1.0459	0.4501	2	185	558	2011.871515
biological productivity	0.8781	0.4304	2	172	506	2009.482673
biomass	0.7696	0.1039	2	208	614	2008.040883
black	-0.1731	-0.7466	4	100	264	2009.344605
black carbon	0.277	0.4112	2	95	278	2012.796218
blocking	0.0817	0.5797	3	273	1024	2012.348901
bloom	1.1496	0.2668	2	150	494	2008.348716
body	0.0742	-0.4043	4	624	3478	2007.977291
borehole	0.3842	-0.892	4	497	3086	2009.415205
boulders	0.3869	-0.72	4	162	384	2008.348189
boundary	0.1119	-0.0104	1	666	4282	2007.239183
boundary conditions	0.0428	0.071	3	338	1330	2007.871795
bounds	0.46	0.0444	4	285	974	2008.568627
bp	0.3825	0.72	5	305	1108	2008.600087
break-up	0.9455	-0.4082	4	185	620	2007.785162
breakup	0.5696	-0.5535	2	209	664	2008.458445
bridge	0.459	0.4957	5	186	498	2010.550201
brightness temperatures	-1.1664	-0.2276	1	247	1236	2009.269231
broadband	0.3914	-0.5577	2	290	1038	2009.503198
budget	0.2476	0.5332	2	764	6318	2008.970525
buffer	-0.2322	0.2922	3	254	854	2008.027778
building	-0.8328	-0.6856	1	123	304	2010.464789
buoy	0.243	-0.0689	2	104	272	2008.525424
buoyancy	1.1548	-0.3818	2	354	1664	2008.601273
c-band	-1.1017	-0.2723	1	274	996	2010.552846
calibration	-0.8086	0.0782	1	520	2834	2009.197434
california	-0.0899	-0.119	1	137	310	2007.408635
calving	0.7355	-0.3794	2	1065	19526	2009.761246
camera	0.0942	-0.4632	1	380	1794	2010.289708
camp	-0.3251	-0.6088	3	258	932	2006.971326
campaign	-0.4767	-0.4291	1	419	1962	2008.901876
canada	-0.5574	0.4351	5	774	7370	2008.358354
canadian	-0.4481	0.7092	5	569	3488	2008.213722
canadian arctic	-0.3205	0.9223	5	208	626	2007.764925
canopy	-0.6306	-0.665	1	234	978	2008.318982
canyon	0.6308	-0.3179	4	162	408	2009.283737
capabilities	-0.7352	-0.1542	1	314	1062	2010.500666
capacity	0.0333	-0.8609	4	459	2648	2009.597315
caps	-0.5648	0.548	5	895	10520	2008.309322
capture	-0.4063	0.301	1	239	704	2008.679206
carbon	0.4508	0.2866	2	332	1256	2009.564589
care	0.5689	-0.0127	2	213	622	2009.432935
cascade	1.1999	0.4467	2	117	272	2009.630695
case	-0.209	-0.1463	1	992	11272	2008.95177
catchment	0.4011	-0.0696	5	695	5906	2010.694125
cause	0.6476	-0.111	2	543	3244	2008.342905
cavity	0.9065	-0.4148	4	367	1742	2009.333932
cc	-0.1877	-0.3417	1	241	680	2012.604167
cells	-0.4721	-0.2937	1	313	992	2008.211757
century	-0.0047	0.797	5	1066	18166	2010.371507
chain	-0.3976	-0.0697	1	281	884	2008.08967
challenges	-0.3447	-0.1269	1	655	3940	2013.058999
changes	-0.1253	0.2587	5	1513	87780	2009.682502
channel	0.3764	-0.6874	4	803	8032	2008.014353
characteristics	-0.0121	-0.0495	1	982	9404	2008.736404
characterization	-0.3732	-0.3768	1	484	1998	2010.633346
chile	-0.5391	0.016	5	291	1030	2009.438087
china	-0.4111	-0.6573	1	135	330	2011.999131
chronology	0.6214	0.4348	5	198	558	2008.614898
circulation	0.6556	0.5787	2	1013	16038	2008.948109
circulation model	-0.0307	0.5803	3	171	542	2008.302789
circulation patterns	1.3589	0.3789	2	127	340	2009.422111
cirque	0.2961	0.9417	5	170	490	2008.239521
citation	0.3	-0.1209	2	435	2188	2010.604072
class	0.2593	-0.359	1	235	706	2008.629702
classification	-0.6681	-0.0371	1	524	2846	2009.286924
cliffs	0.3295	-0.9704	2	147	390	2007.805085
climate	-0.1203	0.6386	3	1420	53212	2010.804187
climate change	0.0529	0.6267	5	828	7752	2011.726653
climate data	-0.5439	0.8141	3	155	456	2011.201149
climate model simulations	-0.4745	1.1983	3	144	414	2013.512315
climate models	0.1463	0.7489	3	639	4888	2011.501132
climate records	-0.5295	0.6443	3	137	354	2009.227273
climate sensitivity	0.3261	1.1591	3	166	464	2011.210117
climate system	0.0263	0.8375	3	216	654	2010.341853
climate variability	0.1171	1.1296	3	266	974	2011.231434
climatic conditions	-0.1053	0.8027	3	397	1648	2010.008439
climatology	-0.4822	0.6538	3	486	2364	2008.664945
closure	0.6585	-0.432	4	295	1040	2008.433779
cloud	-0.8423	-0.1998	1	876	10552	2007.587105
cloudiness	-0.6592	0.9572	3	197	620	2006.48368
cluster	-0.0757	-0.7856	1	415	1866	2009.267877
cmip5	-0.3495	1.1985	3	290	1426	2015.851097
co2	0.0806	0.9486	3	266	1134	2009.235732
coast	0.3196	0.448	2	949	10204	2007.916968
coastal	0.3066	0.5017	2	449	1946	2008.750196
coastal areas	0.005	-0.0903	1	362	1216	2008.556848
coastal regions	0.0186	0.5917	3	346	1378	2008.885662
coastal waters	1.2289	0.4283	2	199	686	2008.770914
coastline	0.9818	0.026	2	173	454	2009.082534
coefficients	-0.2168	-0.3383	1	336	1204	2007.85666
coherent	-0.8315	-0.5717	1	360	1436	2008.626866
coincide	0.3005	-0.236	2	242	718	2007.954397
cold	0.4876	-0.255	4	437	1786	2009.295106
collapse	0.5157	-0.4127	4	450	2386	2009.31737
collection	-0.3555	-0.3022	1	478	2158	2009.184687
columbia	0.468	-0.1608	5	517	3158	2008.284146
column	0.7981	-0.1333	2	544	3006	2007.520529
community	-0.1201	0.4451	3	675	4720	2010.388476
compaction	-0.6454	-0.3465	1	409	2160	2009.714724
comparative analysis	-0.1752	-0.3267	1	148	362	2010.562069
comparison	-0.515	-0.0043	1	1127	16394	2007.950757
compilation	-0.8211	-0.4444	1	255	870	2010.398754
complex	-0.0715	0.2284	1	640	3842	2008.626599
composition	2e-04	0.5336	3	291	922	2008.609526
compression	0.4387	-0.7024	4	202	578	2007.142235
computer	0.2589	-0.0217	2	425	1840	2006.919266
concentrations	0.3606	0.6341	2	777	6404	2008.182298
concept	-0.6408	-0.7201	1	348	1204	2009.039852
conceptual model	0.4802	0.1367	2	129	354	2009.793413
concerns	0.2473	-0.1442	4	141	342	2011.148773
condition	0.2221	-0.5638	4	526	2826	2008.989432
conductivity	0.1942	-0.5102	4	381	1728	2008.252422
conduit	0.8614	-0.7856	4	469	3072	2009.858566
configuration	0.3115	-0.1406	4	609	3272	2009.544
connectivity	0.0827	-0.7278	4	239	808	2013.917665
consensus	-0.8114	0.4569	1	159	454	2011.2949
consequences	0.3781	0.2517	2	397	1480	2010.388946
conservation	0.1322	-0.9886	4	313	1478	2011.195486
consistency	-0.8237	-0.1831	1	391	1658	2009.971397
constraints	-0.0467	-0.0586	1	598	3450	2009.183622
construction	-0.1404	0.1019	1	275	836	2009.416124
contact	1.1158	-0.3633	2	410	2164	2008.053198
content	0.3784	-0.3126	2	752	6086	2008.566458
context	-0.0515	0.4153	5	588	3288	2011.030192
continent	-0.5992	-0.06	1	244	786	2008.964696
continental	0.749	0.3046	2	254	732	2008.05522
continental ice sheets	0.065	0.3855	2	196	584	2006.972973
continental shelf	1.0096	0.1736	2	294	1196	2008.661664
contrast	0.3999	0.041	4	937	8850	2008.536194
control	0.4329	-0.0941	4	1033	14326	2009.125056
convection	0.9249	0.3278	2	317	1258	2007.398389
convergence	0.1537	-0.4615	4	214	598	2008.020145
conversion	-0.3924	-0.3041	1	209	698	2007.330144
cooling	0.3564	0.5353	3	515	2450	2008.320685
coordinates	-0.3928	-0.7483	1	209	596	2008.750442
copyright	-0.0723	-0.1225	4	478	2042	2007.992246
cordillera	-0.7659	0.3898	5	118	286	2008.544521
core	0.0288	0.4577	3	836	8326	2007.967995
correction	-0.9832	-0.051	1	662	4704	2008.598508
correlation	-0.5003	0.1414	1	1002	11536	2008.606178
correlation analysis	-0.6956	0.042	1	120	302	2011.239796
correlation coefficient	-0.8132	0.252	1	199	590	2010.154098
correspondence	-0.0128	-0.9145	4	327	1302	2007.499487
costs	-0.3485	-0.2297	1	312	1082	2009.673817
counts	-0.6831	-0.0624	1	147	352	2008.352941
coupling	0.1762	0.3054	3	614	4642	2010.327135
covariance	-0.4678	0.5555	3	156	406	2010.7125
cover	-0.3478	0.1137	1	1015	11198	2009.332353
coverage	-0.6639	-0.1614	1	765	6154	2010.04391
cracks	0.3973	-1.1498	4	257	1122	2008.515571
creek	0.3919	-0.1985	4	176	484	2007.130268
creep	0.4012	-0.7938	4	167	458	2007.349296
crevasses	0.4474	-0.9098	4	735	7218	2009.779503
criteria	0.0406	-0.77	4	226	654	2008.509297
criterion	0.8189	-0.888	4	294	1502	2008.588571
cross-correlation	-0.6586	-0.5313	1	274	1038	2009.341584
crust	0.4838	-0.6121	4	157	450	2007.489929
cryosat-2	-1.0777	-0.2566	1	382	1964	2016.666667
cryosphere	-0.4529	0.0211	1	697	4278	2012.880689
ctd	0.7507	-0.2324	2	183	532	2007.653938
current	0.8103	0.2202	2	788	6022	2008.021581
current climate	0.1951	0.9277	3	204	688	2011.142045
curvature	-0.0921	-0.7301	4	136	314	2008.292887
cycle	0.4837	0.1523	2	932	9208	2009.115632
dam	0.9829	-0.3789	4	133	358	2008.134831
damage	0.4602	-0.7759	4	239	814	2009.428672
data	-0.3786	-0.0474	1	1496	77072	2008.849817
data analysis	-0.2505	-0.9788	1	137	364	2009.469945
data assimilation	-0.9079	0.2622	3	165	454	2011.91129
database	-0.3371	0.0017	1	477	2052	2011.009739
dataset	-0.8004	-0.2028	1	668	4276	2012.492063
date	-0.1636	0.2708	5	776	5742	2008.781013
davis strait	0.7651	0.7213	2	197	624	2008.421525
debris	0.1038	-0.1366	1	500	2478	2007.542321
decadal	-0.7788	0.0978	5	365	1598	2011.563199
decay	0.7111	-0.1006	4	344	1270	2007.653232
decline	0.0064	0.7064	3	494	2676	2009.893655
decomposition	-1.0481	0.0637	1	167	552	2009.869063
deep	0.6567	-0.4648	4	274	910	2007.233692
deep water	1.2406	-0.133	2	224	804	2006.687816
deficit	-0.224	1.0806	3	242	854	2008.087049
definition	-0.8188	-0.4833	1	132	312	2008.873016
deformation	0.3566	-0.8758	4	602	4220	2007.663668
deglaciation	0.5071	0.5454	5	437	2044	2008.650208
degradation	-0.3109	0.5247	3	220	652	2011.065225
delay	0.2996	0.4573	4	289	992	2008.579495
delineation	-0.7236	0.0601	1	340	1280	2009.939394
delivery	0.8884	-0.0784	2	497	2766	2010.271394
delta	0.1186	0.5697	5	355	1340	2007.83363
dem	-0.8648	-0.2892	1	834	10852	2012.141414
demand	-0.5569	0.3263	1	104	242	2009.740876
dendrochronology	0.5968	0.5857	5	108	342	2009.630058
denmark	1.0351	0.1516	2	179	570	2007.937363
denmark strait	1.1831	0.1777	2	130	372	2007.652921
densification	-0.6933	-0.844	1	402	2272	2010.030928
density	-0.2838	-0.406	1	954	11290	2008.013051
dependence	-0.1216	-0.2339	1	648	3632	2007.840071
deployment	0.0639	-0.4612	1	213	570	2010.371901
deposition	0.1139	0.2211	5	462	2052	2008.224764
depression	0.3463	-0.5541	4	387	1700	2007.650097
depth	0.3827	-0.5146	2	1130	17728	2008.424673
description	0.0037	-0.2191	1	444	1840	2008.463605
design	-0.3616	-0.2577	1	431	1788	2010.581328
detachment	0.718	-0.6939	4	233	784	2007.707937
detail	-0.3357	-0.1475	1	622	3536	2008.325282
detection	-0.5923	-0.4289	1	844	7926	2009.603252
detector	-0.4008	-0.8057	1	331	1298	2007.972743
determination	-0.6787	-0.6197	1	554	3348	2007.484902
development	-0.0881	-0.5113	1	866	7666	2008.720806
devon	-0.7981	0.3461	5	427	2264	2005.618257
diameter	0.06	-0.7139	1	204	546	2007.263065
diatoms	0.8994	0.323	2	135	386	2007.788872
difference	-0.6169	0.1377	1	902	8556	2008.353517
differentiation	-0.8272	-0.1235	1	133	326	2009.166072
diffusion	0.7064	-0.1099	3	234	690	2007.538498
digital	-0.7243	-0.2907	1	463	2616	2009.777457
digital elevation model	-0.8539	-0.0966	1	794	8936	2011.125
direct	0.6899	-0.8252	4	215	648	2008.210247
direct measurements	1.0418	-0.1793	2	325	1292	2008.273092
discharge	0.7095	0.1672	2	1152	22034	2009.968547
discovery	-0.0443	0.4124	5	145	360	2009.916721
discrepancies	-0.1704	-0.0538	1	523	2482	2008.348934
discrimination	-0.4494	-0.518	1	258	762	2008.968
disequilibrium	-0.4823	0.5013	5	95	236	2007.917431
disintegration	0.4287	-0.1425	4	350	1406	2008.787356
disko	0.7978	0.3095	2	290	1064	2007.823333
disparity	-0.6113	1.0908	3	129	338	2009.890052
dispersal	0.493	-0.5769	2	252	750	2009.272755
displacement	-0.332	-0.6543	1	675	4680	2008.077434
dissipation	0.9533	-0.5873	2	215	676	2008.963289
distance	0.1312	-0.4691	1	711	4712	2008.760466
distribution	-0.0558	-0.2423	1	1164	17438	2008.398254
diurnal	-0.6793	-0.5951	1	150	422	2006.108434
diurnal cycle	-0.6904	-0.7537	1	105	292	2007.8875
diurnal variation	-0.4553	-0.6642	1	237	824	2006.634006
divergence	0.1287	-0.6563	2	319	1226	2009.013309
diversity	0.0317	0.0855	1	216	568	2010.578345
domains	-0.7516	-0.0421	1	185	482	2009.822976
dome	-0.5159	0.3095	3	224	702	2008.285893
dominance	-0.2532	0.7447	3	268	974	2008.872257
doppler	0.6615	-0.4087	2	151	374	2006.86376
doubling	0.6172	0.5596	3	285	1022	2006.720126
downscaling	-0.8318	0.7745	3	287	1188	2012.79878
draft	1.1175	0.32	2	117	322	2009.951673
drag	0.6522	-0.5793	4	458	2330	2008.382867
drainage	0.4083	-0.5651	4	1098	22270	2008.81777
drainage basin	-0.1785	0.0762	3	362	1406	2007.608434
drawdown	1.3092	0.1293	2	144	410	2009.597015
drift	0.4078	0.2004	2	567	2876	2007.53137
drilling	0.2101	0.1669	3	221	688	2009.19218
drivers	0.171	0.7748	3	505	2820	2015.214206
dronning maud land	0.7625	-0.1572	3	123	316	2007.602888
duration	-0.5319	0.2008	1	677	4880	2008.532595
dust	0.0599	0.1756	2	218	664	2009.168189
dye	-0.2745	-0.6597	4	160	448	2004.74
dynamics	0.4066	-0.2	4	1338	37254	2010.313072
earth	-0.3516	0.053	1	941	10672	2010.179198
earthquakes	0.6227	-0.8547	4	278	1430	2009.039593
east	0.1859	-0.1092	2	895	8436	2008.607533
eastern	-0.6299	-0.0069	1	278	918	2008.869757
ecmwf	-0.8217	0.9765	3	283	1142	2008.705179
ecology	0.495	0.187	2	206	606	2009.579615
ecosystem	0.7789	0.0687	2	415	1858	2011.299513
eddies	0.9199	-0.0671	2	136	332	2008.668786
eemian	-0.0802	1.1103	3	251	1074	2007.367847
effects	0.2015	0.0897	2	1310	28066	2008.834618
efficacy	-0.6056	-0.1389	1	135	314	2011.532915
efficiency	-0.0266	-0.7077	4	426	2122	2009.198697
effort	0.033	-0.2017	1	421	1766	2009.28
ela	-0.3559	0.7792	5	420	2348	2008.354167
elements	0.2103	-0.4888	4	520	2592	2008.706361
elevation	-0.7439	-0.1902	1	1297	41670	2009.824954
embayment	0.0742	-1.1189	5	108	284	2009.366584
emergence	0.4893	-0.144	4	263	810	2009.419162
emissions	-0.5288	0.6322	3	619	4654	2009.691385
empirical	0.1121	0.7696	3	185	532	2009.435484
energy	-0.195	0.1453	3	972	11474	2008.723489
energy balance	-0.4187	0.4944	3	425	1954	2008.914956
engineering	0.1361	0.0274	2	132	308	2011.966811
enhanced	0.0223	-0.2685	1	362	1356	2009.105949
ensemble	-0.1158	0.9239	3	405	2174	2012.843972
entrainment	1.1856	-0.1216	2	245	1062	2006.92671
envelope	0.6889	-0.8572	4	96	250	2008.929752
environment	0.0262	-0.1949	1	876	7412	2009.620856
environmental	-0.9015	0.6784	3	241	726	2009.652452
environmental changes	-0.1096	0.3775	2	172	462	2011.631369
environmental conditions	0.2123	-0.1083	2	166	432	2011.073304
envisat	-1.0541	-0.1919	1	353	1640	2011.143695
episode	0.5651	-0.1865	2	162	416	2007.181633
epoch	-0.978	0.0574	1	260	816	2008.713287
equilibrium	-0.121	0.6092	3	785	7948	2007.331412
equipment	-0.5543	-0.6799	1	155	444	2009.821326
era-40	-0.8725	0.9683	3	281	1168	2009.710145
era-interim	-0.701	0.9738	3	371	1840	2015.76381
erosion	0.4837	0.0198	5	568	3034	2008.588984
error	-0.8084	-0.3228	1	974	13898	2009.089766
ers	-1.0148	-0.4219	1	217	804	2006.829851
ers-1	-1.024	-0.7965	1	207	752	2000.170455
eruption	-0.5521	0.5867	5	262	982	2008.698131
esa	-0.9632	-0.2147	1	295	1254	2013.197861
establishment	0.5091	-0.6031	4	185	570	2009.077273
estimate	-0.4971	-0.1499	1	1030	13092	2009.037943
europe	-0.17	0.9932	3	218	670	2009.264767
european	-0.8477	0.1935	1	415	1806	2008.535922
evaluation	-0.7213	0.1952	1	648	4614	2010.494567
evaporation	-0.4313	1.3313	3	220	858	2007.500434
events	0.4999	-0.4348	4	1154	20208	2008.940003
evolution	0.1447	-0.1378	4	1114	19856	2009.317419
excavation	0.2339	-0.048	1	124	284	2008.945455
excess	0.752	-0.3986	2	345	1420	2006.587452
exchange	1.0738	0.013	2	499	2958	2008.103913
exercise	-0.82	0.5795	3	132	352	2007.717087
expansion	0.3184	0.2668	5	656	4636	2010.313347
expedition	-0.7556	-0.1665	1	299	1018	2008.265986
experimental	-0.628	-0.5676	1	323	1322	2008.538829
experiments	-0.1518	0.0377	3	1082	14886	2008.056984
experts	-0.3851	-0.1093	1	107	242	2012.340659
explanation	0.5212	0.1876	2	370	1424	2007.120259
exploration	0.2787	-0.1074	2	206	560	2009.280242
export	1.0774	0.1942	2	348	1540	2009.527633
exposure	0.1556	0.4332	5	329	1174	2009.120837
expression	-0.2359	-0.9427	1	203	548	2010.221853
extension	0.4807	-0.1182	5	443	1886	2007.564542
extent	-0.2362	0.4132	5	1109	17732	2009.292904
extraction	-0.4434	-0.3645	1	366	1324	2009.332489
extrapolation	-0.7977	0.2899	1	445	2328	2007.606469
extreme	-0.3164	0.9544	3	247	866	2011.052923
fabric	0.0814	-1.1015	4	102	248	2006.718579
face	1.1663	-0.4228	2	443	2510	2010.409917
facies	-0.7235	0.0568	1	340	1220	2005.955224
failure	0.2261	-0.7771	4	394	1664	2009.185744
fall	0.6944	-0.0586	2	531	2952	2008.13205
fast	0.1127	-0.6354	4	371	1488	2008.162581
fate	0.6795	0.3485	2	315	1058	2010.213755
fault	0.4252	-0.6762	4	271	860	2007.03453
feasibility	-0.7985	-0.263	1	293	1048	2009.413978
features	-0.2406	-0.3716	1	943	8788	2008.398624
feedback	0.2175	0.8147	3	756	7524	2010.893652
fidelity	-1.1179	0.3592	1	180	480	2009.813596
field	-0.1163	-0.1209	1	1247	23680	2008.149599
field campaign	-0.5146	-0.2876	3	139	348	2011.342246
field data	0.0547	0.209	3	389	1584	2008.705882
field measurements	-0.6202	-0.2251	5	341	1478	2009.733042
field observations	0.287	-0.6865	4	408	1692	2009.606725
filter	-0.7928	-0.2833	1	459	2198	2008.739821
fiord	0.7807	0.4749	5	174	492	2004.774336
firn	-0.3692	-0.5689	1	835	10270	2008.438931
fisheries	0.9736	0.388	2	139	336	2009.372986
fit	-0.0473	0.0966	1	287	892	2009.546259
fjord	0.9621	0.0922	2	1071	18912	2010.034467
flexure	1.081	-0.6231	4	230	848	2008.367742
flight	-0.6927	-0.7194	1	352	1598	2007.375
floats	0.9981	-0.4098	2	201	624	2010.247475
flood	0.419	-0.3902	4	457	2136	2008.873819
flow	0.4316	-0.4999	4	1312	36898	2008.227829
fluctuations	0.3085	0.2372	5	841	8418	2007.651355
fluid	0.6958	-0.6191	2	296	1070	2008.294565
flux	0.7165	0.2914	2	1120	18692	2008.597609
focus	-0.1119	0.1788	1	436	1846	2011.577425
focusing	0.2323	-1.0211	1	122	294	2010.075556
footprint	-0.5177	-0.677	1	449	2374	2010.881764
forcing	0.4823	0.3488	3	1210	23440	2009.576195
forecasts	-0.2758	0.5945	3	498	2576	2011.270248
forest	-0.1689	-0.0114	1	254	830	2009.036828
formation	0.3043	-0.2975	4	905	8330	2008.321264
foundation	-0.1763	-0.1037	1	153	406	2010.923077
fourier	-0.4833	-0.627	1	209	550	2008.68
fraction	0.4397	0.1094	2	653	3976	2008.456562
fracture	0.4545	-0.8679	4	625	4636	2008.190557
fragments	0.2804	-0.3912	2	259	754	2008.17335
fram strait	1.2402	0.1723	2	121	320	2008.775306
frame	-1.1361	-0.392	1	132	332	2009.852989
framework	0.2903	0.1578	2	615	3650	2011.28923
france	-0.8271	-0.1348	1	144	340	2008.0625
franz josef land	0.1796	1.3886	2	111	304	2006.502857
freeboard	-0.5252	-0.6508	1	256	1052	2012.248588
freeze-up	-0.712	0.7076	3	214	660	2009.512195
freezing	-0.5632	0.2452	3	392	1626	2008.624187
frequency	-0.2238	-0.5239	1	803	6622	2008.248973
fresh water	1.1423	-0.1198	2	230	820	2007.136691
freshening	1.2711	0.2671	2	232	850	2009.964444
freshwater	0.9551	0.2696	2	855	9484	2009.714453
freshwater flux	0.8473	0.5519	2	446	2484	2009.04375
freshwater input	0.8489	0.3977	2	180	516	2011.041667
friction	0.5893	-0.7505	4	437	2446	2008.164474
front	0.6758	-0.4376	2	1069	17028	2007.825421
frontal	0.7002	0.2619	5	270	1072	2005.919765
function	-0.0566	-0.4546	1	749	5562	2008.530959
fusion	-1.0929	0.1851	1	167	470	2008.521036
future	0.3368	0.4351	3	915	9520	2011.886201
future climate	0.0782	1.1029	3	358	1670	2012.298684
future research	-0.6773	-0.8369	1	187	562	2011.822917
gamma	-0.4189	-0.9589	4	111	260	2008.010526
gap	-0.2017	-0.3451	1	614	3528	2011.364048
gas	-0.0087	0.9796	3	411	2108	2008.945001
gases	0.3614	1.1431	3	175	568	2008.364299
gaussian	-0.6722	-0.43	1	214	634	2010.20625
gcm	-0.2278	0.9291	3	377	2158	2006.636275
general circulation model	0.0334	0.9888	3	327	1540	2008.289072
generation	-0.2388	-0.0272	1	631	3536	2009.018917
geography	0.0992	1.0182	5	103	244	2009.200565
geologic	0.3457	-0.3843	4	176	514	2006.98234
geology	0.6367	-0.2059	4	217	566	2008.706341
geometry	0.4927	-0.3203	4	1015	14570	2008.870779
geomorphology	0.6126	0.2071	5	149	400	2010.528977
geophysical	-0.4809	-0.554	1	249	662	2008.193421
geophysical data	0.9329	-0.7486	4	125	326	2010.325792
georgia	-0.5782	0.9722	5	103	310	2005.96036
geothermal	0.8431	-0.2063	4	210	684	2008.716129
gia	-0.1082	-0.8578	4	146	452	2013.51711
gis	0.017	0.6427	5	615	4018	2010.110721
glacial	0.4809	0.066	5	683	3928	2009.051526
glacial cycle	0.1354	1.0581	5	203	826	2009.396999
glacial erosion	0.726	0.3282	5	184	586	2008.723464
glacial geomorphology	0.6549	0.4438	5	156	466	2011.759563
glacial ice	0.6939	-0.8389	2	204	686	2008.529052
glacial isostatic adjustment	0.1005	-0.7767	4	203	826	2012.813889
glacial maximum	0.4815	0.6141	5	221	720	2010.369629
glacial meltwater	1.0862	0.2842	2	283	1156	2010.529412
glacial period	0.6109	0.623	2	244	818	2008.592528
glacial retreat	0.375	0.5595	5	259	850	2010.773256
glaciation	0.3437	0.56	5	326	1112	2007.663006
glacier	0.2424	-0.1012	5	1525	102928	2009.876697
glacier dynamics	0.4314	-0.4791	4	709	5940	2011.973214
glacier ice	-0.2194	-0.1998	1	499	2320	2008.493464
glacier mass balance	-0.5201	0.5412	5	669	5174	2011.534314
glacier retreat	0.4348	0.5711	2	609	4298	2012.934028
glaciology	0.1038	-0.5131	1	673	4480	2010.770202
global	-0.7417	-0.0481	1	691	5350	2010.049364
global climate	-0.632	0.3986	1	325	1166	2010.399116
global climate models	0.3968	0.8889	2	270	1130	2011.371941
global model	-0.3431	1.0701	3	143	388	2009.1875
global ocean	0.7496	0.4762	2	133	402	2011.23741
global sea level	-0.4171	0.3405	3	448	2134	2010.078947
global warming	-0.1197	1.0095	3	150	480	2011.050467
globe	-0.6581	0.2513	1	241	856	2010.753165
gpr	-0.4701	-0.762	1	486	3024	2011.732203
gps	-0.075	-0.7432	4	812	8000	2011.397634
grace	-0.6315	0.5734	4	559	5162	2012.93858
gradient	0.0201	-0.0909	4	887	8886	2008.605746
grain	-0.1579	-0.1563	1	320	1268	2008.961122
grain size	-0.4026	-0.6693	1	121	422	2009.675
gravity	-0.3677	0.244	4	664	5596	2008.659201
greenhouse	-0.01	1.0468	3	428	2404	2010.141546
greenhouse gas	-0.7607	1.1231	3	110	294	2011.881188
greenhouse gas emissions	-0.0525	0.6717	3	143	438	2013.902597
greenhouse gases	0.1402	1.2774	3	133	420	2010.01027
greenland	0.2529	0.1633	3	1500	97508	2008.04131
greenland current	1.0794	0.3643	2	276	1090	2007.489676
greenland ice sheet	0.3588	0.1753	3	1266	34218	2012.734975
grid	-0.4587	-0.1512	3	625	4136	2008.514164
grip	0.0984	0.9539	5	121	322	2003.486957
gris	-0.1151	0.6705	3	1002	15258	2015.252525
grounding	0.8812	-0.2806	2	419	2124	2010.866795
group	-0.1092	-0.6306	1	261	836	2007.95978
growth	0.4222	-0.1167	4	786	5508	2007.964687
guide	-0.4079	-0.6221	1	138	324	2009.751269
hadcm3	-0.0284	1.0396	3	140	414	2009.640523
hand	0.1672	-0.016	3	314	1070	2008.390663
hazard	0.0907	-0.3159	2	397	1430	2012.14876
head	0.9456	-0.1134	4	335	1338	2007.610218
health	0.2118	1.2705	5	104	270	2011.42961
heat	0.7899	0.1443	2	981	13164	2008.894185
heat content	1.0203	0.4648	2	173	614	2011.271523
heat flux	1.2155	0.0534	2	252	886	2008.44591
heat transport	1.3088	-0.0128	2	220	802	2010.233533
height	-0.0745	-0.3233	1	902	8374	2008.844619
hemisphere	0.0818	0.7972	3	480	2464	2009.014397
heterogeneity	-0.2165	0.0209	3	307	1160	2010.395911
high altitude	-0.2424	0.918	3	142	392	2008.589971
high latitudes	-0.4432	0.5116	1	305	994	2008.289567
high spatial resolution	-0.6964	0.1698	1	235	760	2011.610092
high temperatures	0.7329	-0.1507	4	179	518	2007.834793
high-frequency	0.3289	-0.7766	2	313	1116	2009.040142
high-precision	-1.0376	-0.6493	1	112	320	2010.400966
high-pressure	0.4291	0.4109	3	278	1080	2009.278161
high-resolution	-0.3428	-0.0583	1	1001	12192	2010.248214
hills	-0.7201	-0.7346	1	140	374	2005.973301
himalaya	-1.0779	-0.0365	1	250	904	2011.091295
historical	-0.1772	0.8354	5	192	538	2009.214912
history	0.4135	0.28	5	675	4666	2008.523128
hole	-0.2515	-0.8147	1	117	310	2006.361279
holocene	0.4971	0.6622	5	491	2758	2008.578947
homogeneity	-0.7482	-0.2287	1	175	444	2007.956912
horizon	-0.4632	-0.5584	1	155	450	2008.766626
horizontal resolution	-0.1815	0.611	2	215	616	2008.945455
hornsund	0.6217	-0.3309	2	275	1098	2012.555556
hpa	-0.7927	0.9929	3	247	980	2008.380522
hudson	0.6291	0.4806	2	197	560	2006.643807
humidity	-0.5197	0.7234	3	185	622	2009.347264
hydrodynamics	-0.0549	0.3918	5	136	326	2009.030151
hydrographic	1.3297	0.3933	2	177	588	2007.239554
hydrographic data	1.2547	0.1816	2	189	614	2005.686747
hydrography	1.0799	0.0198	2	274	1090	2008.160574
hydrological processes	-0.1373	-0.2014	4	258	834	2013.13125
hydrology	0.4054	-0.6115	4	850	10174	2010.90501
hypotheses	0.2361	-0.742	2	171	490	2009.144207
hypothesis	0.7713	0.0961	2	406	1966	2008.194871
hysteresis	0.0553	0.0328	4	218	620	2008.317895
ice	0.0802	0.0474	4	1541	140316	2008.860178
ice age	0.3156	0.6647	5	532	3476	2008.966337
ice cap	-0.5087	0.4624	5	1009	14640	2008.576882
ice cores	-0.2199	0.6638	3	521	3032	2007.335439
ice dynamics	-0.1293	-0.3691	4	832	10320	2011.639485
ice edge	0.6785	0.7019	2	187	596	2006.195122
ice extent	-0.495	0.4641	5	133	312	2009.219219
ice flow	0.5799	-0.7276	4	769	8270	2009.872945
ice formation	-0.3543	0.5274	3	119	354	2008.512315
ice front	0.9855	-0.65	2	373	1946	2008.57672
ice loss	0.2083	0.7414	5	581	4308	2014.487889
ice mass	0.226	-0.3605	4	396	1752	2009.244792
ice motion	-0.0436	-1.3495	4	405	2680	2007.140909
ice sheet	-3e-04	0.1949	3	1442	61706	2008.394118
ice sheet dynamics	0.3865	-0.4055	4	447	2444	2011.219178
ice shelf	0.5788	-0.1324	2	490	2656	2010.121343
ice shelves	0.2524	-0.4503	1	625	4286	2011.562988
ice streams	0.1772	-0.6896	4	594	4258	2008.830137
ice surface	-0.4268	-0.6441	1	581	3596	2007.998565
ice thickness	-0.1576	-0.7071	4	745	7192	2009.211783
ice velocity	-0.2383	-0.9666	4	618	5658	2010.729508
ice volume	-0.3741	0.4352	5	540	3130	2008.747554
icebergs	0.6735	-0.1662	2	922	11246	2008.675271
icefield	-0.5871	0.2926	5	618	4236	2009.770492
iceland	0.0924	-0.2668	4	594	3730	2008.214375
icesat	-1.0253	-0.2246	1	679	7148	2012.139159
identification	-0.5357	-0.168	1	588	2846	2009.939059
image analysis	-0.0172	-0.0814	1	110	326	2008.299492
imagery	-0.3927	-0.1025	1	1063	16878	2010.027404
images	-0.6825	-0.19	1	1087	18370	2009.851773
imbalance	-0.4454	0.7476	3	343	1520	2009.882784
impact	0.3453	0.2715	2	1223	21188	2011.1545
implementation	-0.3013	-0.5261	1	451	1834	2012.128733
implications	0.3523	-0.1898	2	887	8322	2008.957655
improvement	-0.7645	0.0185	1	596	3462	2010.609009
in-situ	0.0795	-0.6211	2	118	292	2008.010638
inception	0.24	0.6703	3	171	438	2008.76506
incidence	-0.5478	-0.4558	1	164	402	2007.699477
incision	0.5956	-0.7685	4	210	716	2009.59751
inclusion	-0.4488	-0.1622	1	458	2002	2008.715721
incorporation	0.0678	0.3415	3	187	550	2007.639228
index	-0.4721	0.5769	3	615	4074	2009.733438
indices	-0.4717	0.3138	1	655	3970	2009.479934
inference	-0.0183	-1.0391	4	154	386	2010.406107
infiltration	-0.3813	-0.6642	1	301	1402	2009.361111
inflow	1.0942	0.2941	2	368	1742	2008.946292
influence	0.4531	0.2094	2	1062	13508	2009.717142
information	-0.2884	-0.2112	1	1017	11454	2009.67229
infrastructure	-0.1349	-0.2136	1	236	696	2013.719864
initial conditions	0.0373	0.5715	3	193	692	2009.632653
initiation	0.1946	-0.3808	4	413	1758	2008.403696
injection	0.3052	-0.5993	4	290	974	2008.565722
inland	0.4788	-0.6903	4	715	6166	2008.910801
insar	-0.7693	-0.816	1	428	2430	2011.974684
insight	-0.3064	-0.1507	4	460	1882	2011.173112
insolation	0.0679	1.0403	3	310	1238	2009.002281
instability	0.6381	0.0738	4	450	2276	2008.089958
installation	-0.5151	-0.8052	1	107	266	2009.465909
instrument	-0.7117	-0.4377	1	674	5000	2008.390639
integration	-0.4385	0.0516	1	353	1280	2009.403182
intensity	-0.5599	-0.3059	1	533	3008	2008.970237
inter-annual variability	0.4909	0.9497	2	114	264	2011.49187
interactions	0.5836	-0.1594	2	880	8194	2009.581424
interannual	-0.5618	0.4613	3	307	1286	2007.764706
interannual variability	-0.5475	0.736	3	552	3538	2009.34307
interannual variations	-0.3695	0.8226	3	304	1154	2009.136035
intercomparison	-0.6951	0.8838	3	393	2100	2012.078383
interface	0.5561	-0.6016	4	676	4928	2008.784137
interferometer	0.0396	-1.0949	4	192	616	2008.023936
interferometry	-0.6234	-0.7343	1	437	2362	2008.475275
interglacial	0.3312	1.2058	5	173	620	2008.241164
interior	0.3433	0.0054	2	758	5572	2008.54476
intermediate	0.9256	0.5561	2	176	502	2007.526971
internal structure	-0.3181	-0.8108	1	153	374	2010.208835
internal waves	1.0887	-0.336	2	130	372	2009.980952
international	-0.5926	0.0523	1	375	1438	2009.154964
interpolation	-0.8865	-0.4004	1	508	3070	2009.545906
interpretation	0.1784	-0.3389	5	573	3202	2007.927664
introduction	0.5126	-0.5303	2	169	442	2009.308432
intrusion	0.9368	-0.1515	2	287	1012	2007.462904
inundation	0.4061	0.417	5	135	328	2010.050691
inventory	-0.7316	0.4298	1	579	4750	2010.281274
inversion	-0.0983	-0.6791	4	625	4026	2008.510833
ipcc	-0.1954	0.7405	3	366	1700	2010.65261
ipy	-0.8828	0.2761	1	179	504	2011.458065
irminger	0.9206	0.6207	2	289	1210	2009.138686
irradiance	0.7901	0.4864	2	153	364	2007.128945
island	-0.2488	0.2811	5	923	10206	2007.713057
isolation	0.1571	-0.5954	4	104	248	2008.812901
isotope	0.2605	0.9548	5	139	384	2009.3991
italy	-1.1732	-0.0937	1	121	342	2009.02682
jakobshavn	0.4473	-0.6325	4	779	8612	2011.971591
jet	0.7148	-0.0324	2	230	636	2009.493425
john	-0.2003	-0.3108	4	477	2282	2007.984218
kangerlussuaq	0.2873	0.3394	3	426	2482	2009.850515
kara	0.3006	0.9477	2	122	352	2008.534553
key	0.1899	-0.2762	2	402	1838	2010.680262
kin	0.3792	0.7729	5	113	274	2005.361111
king	-0.154	-0.1033	5	352	1442	2008.958735
knowledge	0.0571	-0.2525	1	856	7376	2011.311559
kongsfjorden	1.1201	0.1158	2	257	982	2011.806452
l-band	-0.9514	-0.3073	1	252	850	2012.949721
laboratory	0.2773	-0.5239	2	444	1860	2007.465259
laboratory experiments	0.9257	-0.5471	2	144	466	2007.86255
labrador	0.8638	0.5353	2	316	1318	2007.444614
lacustrine	1.1919	-0.0076	2	135	362	2007.772586
lag	0.2766	-0.3213	4	349	1360	2008.722821
lagrangian	0.8772	-0.1402	2	155	390	2009.527778
lake	0.323	-0.4305	4	1048	15618	2008.594336
lake level	1.0767	-0.2879	4	146	418	2008.85623
lake sediments	0.3469	0.9741	5	136	352	2009.00554
lambert	-0.4738	-0.7253	1	125	298	2006.877193
land	-0.3533	0.1559	1	1102	15182	2009.148895
landfast	0.8793	-0.2425	2	100	262	2010.680723
landforms	0.0841	0.2466	5	160	446	2009.879603
landsat	-0.67	0.0791	1	761	7138	2010.33532
landscape	-0.0704	-0.0938	5	403	1648	2011.306963
landslides	-0.1763	-0.9243	4	122	300	2012.366438
language	0.7682	-0.0813	2	726	5486	2016.599415
large	0.4785	-0.278	5	471	2154	2008.616924
large-scale	-0.1285	-0.4408	1	259	806	2008.937922
large-scale circulation	1.2371	0.487	2	178	474	2009.435644
larsen	-0.4058	-0.455	1	280	994	2010.046875
laser	-0.7987	-0.4941	1	864	11232	2009.589474
late	0.9326	0.4241	2	123	294	2007.284726
late holocene	0.7704	0.6164	5	108	284	2009.746114
late summer	0.7661	-0.0156	2	383	1720	2008.352034
latent	0.5427	0.3465	3	271	1072	2008.406082
latent heat	0.38	-0.5398	4	263	924	2008.125475
latitude	-0.313	0.5124	3	451	2026	2007.895631
laurentide	0.985	0.4899	2	199	604	2007.304817
laurentide ice sheet	0.9933	0.5052	2	182	516	2008.738836
law	0.5172	-0.7625	4	435	2214	2008.30754
layer	0.3314	-0.3494	2	1082	15436	2008.050692
lead	-0.186	0.0031	1	403	1678	2008.141769
leakage	0.603	-0.0128	4	212	736	2009.618911
legacy	-0.4532	0.5493	1	100	236	2013.072351
length	-0.1188	0.0189	5	881	8286	2007.902115
lenses	-0.1458	-0.6039	1	215	646	2006.774295
levels	0.1005	-0.0847	1	728	4470	2008.087057
lgm	0.5739	0.6847	2	186	490	2009.82967
lia	0.1737	0.7162	5	379	2192	2011.530945
lidar	-0.6692	-0.5956	1	628	5220	2009.528468
life	-0.1787	-0.4935	1	227	618	2009.496831
lifetime	0.7957	0.3549	2	158	406	2008.148837
light	-0.0572	-0.0928	1	415	1612	2008.497181
likelihood	0.4376	-0.0579	2	285	994	2010.108475
limit	0.1296	-0.0746	2	779	5882	2008.405998
line	0.2704	-0.2407	4	1058	15542	2008.353935
linkage	0.8258	-0.0475	4	131	330	2010.40874
links	-0.1852	0.5781	3	380	1384	2010.597109
liquid water	-0.6052	-0.5042	1	486	2574	2009.581292
list	-0.4635	-0.6831	1	166	428	2010.001938
literature	-0.242	-0.0516	1	543	2590	2009.415346
lithosphere	0.8923	-0.6208	4	120	320	2007.649331
little ice age	0.1682	0.5275	5	405	2186	2009.720812
loading	0.8115	-0.3529	4	240	748	2008.487434
lobe	0.6337	0.3405	5	176	550	2007.910569
locality	0.1094	-0.4203	1	172	440	2008.559969
location	0.0785	-0.5202	1	877	7282	2008.984732
long-term	0.5059	0.2526	2	191	548	2009.940375
long-term changes	0.2366	0.3921	2	204	606	2010.047945
long-term trends	-0.8054	0.8085	3	253	912	2010.221667
longwave	-0.2528	0.8472	3	183	538	2009.39418
longwave radiation	-0.3517	0.8582	3	153	454	2010.547368
loss	0.0746	0.6192	5	1298	41422	2009.572836
magnitude	0.2465	0.1492	3	1061	14540	2008.764211
mainland	-0.3367	0.8721	5	132	352	2008.191358
maintenance	-0.0346	-0.1441	5	221	614	2008.36166
management	-0.1249	0.2101	1	352	1332	2011.487395
mantle	0.4646	-0.719	4	138	332	2007.416905
mapping	-0.6292	-0.0578	1	1054	16172	2009.334683
margin	0.4622	-0.0327	5	1177	21662	2007.943292
marine	0.6865	0.377	2	629	4196	2009.464672
maritime	-0.078	0.646	5	327	1246	2009.976892
mars	-0.3167	1.013	3	515	3498	2009.190545
mass	-0.0681	0.4444	3	1477	75234	2008.546102
mass balance	-0.4029	0.4244	3	1144	23024	2009.052377
mass loss	0.3212	0.6942	3	991	16220	2012.661626
match	-0.5327	-0.1232	1	421	1758	2009.540171
materials	-0.12	-0.6937	1	168	410	2009.392738
matrix	-0.3762	-0.6483	1	183	486	2008.834951
maud	0.762	-0.1574	3	123	316	2007.228433
maximum	0.219	0.3761	5	823	6450	2008.02311
maximum extent	-0.0973	0.7351	5	196	612	2008.723077
mean	-0.3133	0.4689	3	975	11458	2008.418412
measurements	-0.2921	-0.3653	1	1403	44182	2008.052338
mechanisms	0.6978	-0.4077	4	1059	15632	2009.236736
media	-0.3918	-0.2913	1	134	304	2009.719376
medieval	0.2844	0.721	5	162	452	2010.704545
melt	0.3036	0.27	2	1443	61442	2009.845955
meltwater	0.6478	-0.1287	2	1253	32364	2009.245847
mesh	0.7135	0.0939	5	139	374	2009.013699
mesoscale	-0.7602	0.6677	3	167	508	2008.07772
metamorphism	-0.7076	-0.4933	1	195	646	2006.659204
meteorological	-0.5036	0.4958	3	432	1904	2007.852068
meteorological conditions	-0.5288	-0.0944	1	280	950	2009.163205
meteorological data	-0.0932	0.8348	5	273	1028	2009.253165
meteorological stations	-0.3566	1.1589	3	212	674	2012.078431
method	-0.5158	-0.3231	1	1257	27674	2009.830294
methodology	-0.655	-0.2494	1	649	3972	2011.295783
metrics	-1.0395	0.1768	1	172	512	2014.812392
mg	0.8113	0.4042	2	147	374	2007.101832
microwave	-1.0376	0.0479	1	603	4858	2008.54041
mid-1990s	0.6224	1.1668	3	328	1516	2010.862559
migration	0.4583	-0.6913	4	421	2076	2008.7381
millennium	0.3628	1.0443	5	214	628	2010.497959
minimum	0.2936	0.4327	2	358	1370	2007.387903
mining	0.2738	-0.6164	1	126	322	2010.723278
mis	-0.7735	0.074	1	156	394	2011.354962
mismatch	-0.5157	0.137	4	149	392	2011.443769
mission	-0.736	-0.4999	1	757	7572	2010.545273
mitigation	-0.3335	0.5281	1	172	468	2013.45799
mixing	1.1758	-0.2933	2	339	1458	2008.011628
mixture	1.0478	-0.1106	2	265	1008	2008.223491
mobility	-0.3568	-0.2808	4	189	452	2009.179399
mode	0.0613	-0.1609	2	764	5398	2009.290859
model	0.0752	0.1383	3	1508	84548	2009.337703
model performance	-0.3548	-0.006	1	248	844	2012.341463
model simulations	0.1159	0.3361	3	379	1544	2010.372611
modeling	0.134	0.0976	3	1177	21468	2009.934739
moderate resolution imaging spectroradiometer	-0.9342	0.4335	3	417	2254	2013.266272
modern	-0.2238	0.7886	3	178	470	2009.175637
modification	-0.0757	0.2744	3	231	710	2007.905808
modis	-0.6534	0.2373	3	646	5478	2013.329356
modulation	0.0581	0.1339	2	317	1058	2009.930686
moisture	-0.6918	0.6158	3	404	1784	2009.760344
moment	0.575	-0.7033	2	199	600	2008.200787
monitoring	-0.4539	-0.1918	1	945	9448	2010.807096
monte carlo	-0.3401	-0.4576	1	346	1362	2009.492891
moorings	1.3775	0.1853	2	215	836	2010.383104
moraines	0.5132	0.2305	5	462	2620	2008.685455
morphology	0.2369	-0.644	4	518	2878	2008.65515
mosaic	-0.898	-0.5522	1	200	610	2008.656347
motion	0.1515	-0.8735	4	891	12124	2007.241081
mountain glaciers	-0.4449	0.4629	5	582	3972	2012.288372
mountains	-0.5486	0.2734	5	841	8624	2008.872376
mouth	1.139	0.1967	2	337	1392	2008.46224
movement	-0.0215	-0.4544	1	627	3194	2008.271565
ms	0.4919	-0.089	2	168	404	2008.166667
mt	-0.8405	0.5915	5	187	600	2007.98715
multibeam	0.4075	-0.7575	2	273	1046	2011.18123
multivariate	-0.9047	0.0348	1	125	304	2009.5132
nao	0.2137	1.0599	3	337	1748	2010.32948
nasa	-0.7526	-0.2095	1	689	5812	2008.399776
national	-0.4155	0.1097	1	635	3828	2008.772338
national park	0.2846	0.577	5	236	716	2009.008333
nature	0.0159	-0.3058	4	607	3158	2008.656757
navigation	-0.6781	-0.443	1	271	920	2012.838636
ncep-ncar	-0.7978	0.9914	3	176	484	2007.715847
near-surface	-0.6509	0.2645	3	406	1812	2010.043197
negative correlation	-0.9893	0.3091	4	150	400	2009.317808
negative feedback	0.3187	0.9601	3	199	610	2009.88961
neoglacial	0.4896	0.5457	5	142	388	2008.657258
net	-0.2108	0.6973	3	264	914	2007.445437
net radiation	-0.5765	0.7461	3	146	392	2006.729592
network	0.0651	-0.5261	4	869	8424	2010.903467
new data	-0.4783	0.3044	5	236	746	2009.342942
noaa	-1.0939	0.3075	3	179	546	2007.517241
noise	-0.269	-0.5999	1	543	2992	2009.477697
nonlinear	0.2529	-0.193	2	181	522	2009.752443
nordic	0.0447	0.7808	5	171	448	2009.580058
north	0.1505	0.714	3	1043	13780	2008.467015
north atlantic	0.9208	0.3969	2	159	460	2005.722841
north atlantic oscillation	0.1765	0.8582	3	187	658	2011.363296
northern	0.0741	0.7053	3	655	4162	2008.895353
northwest	0.1185	0.1586	2	427	2004	2007.741751
northwestern	0.7195	0.317	5	136	304	2007.018809
norway	-0.2795	0.3983	5	450	2106	2008.07857
norwegian	-0.1801	-0.0264	4	268	848	2006.948859
novaya	-0.2629	1.3355	2	235	1002	2008
novaya zemlya	-0.2479	1.3189	2	221	932	2007.833828
novel	-0.4171	-0.619	1	405	1704	2011.739247
numerical	0.3072	-0.703	4	316	1098	2008.275796
numerical experiments	0.5316	0.3208	3	184	582	2008.379421
numerical model	0.7115	-0.3966	2	570	3210	2009.402024
numerical simulations	0.4437	-0.2767	2	339	1230	2010.703281
nunavut	-0.6931	0.4128	5	447	2702	2010.865177
nutrients	0.9883	0.2336	2	256	954	2008.853671
nuuk	0.4756	0.6516	5	155	426	2010.293478
o-18	0.133	0.9555	5	149	440	2010.996841
objective	-0.4367	-0.1377	1	387	1466	2010.060845
observational data	0.2366	0.5278	2	209	644	2009.774451
observations	0.1647	-0.1628	4	1461	54374	2008.912908
observatory	-1.0532	-0.4189	1	112	264	2009.994463
occurrence	0.0351	0.0837	3	588	3238	2008.878622
ocean	0.7532	0.2296	2	1160	21942	2009.205801
ocean circulation	0.8261	0.5612	2	406	1898	2010.079327
ocean currents	0.8289	0.257	2	236	818	2009.711055
ocean model	0.7564	0.6264	2	222	692	2009.497065
ocean surface	0.4076	0.406	2	130	316	2010.806647
ocean temperature	0.5939	0.89	3	469	3148	2012.016216
oceanography	1.0463	-0.0078	2	217	628	2008.652819
offset	-0.9226	-0.2807	1	423	2006	2008.77455
offshore	0.4693	0.1961	2	207	662	2009.436948
oil	-0.3916	-0.0911	4	171	424	2008.786318
online	-0.5432	0.3305	3	103	258	2013.33125
onset	-0.2728	-0.114	4	739	5756	2008.982999
open ocean	0.9103	0.4587	2	140	350	2009.287975
open water	-0.0261	0.3736	2	207	608	2007.546044
opening	0.3361	-0.816	4	295	1246	2008.074957
operation	-0.3698	-0.2338	1	667	4136	2010.347293
optical	-0.7937	-0.5334	1	235	792	2008.535777
optimization	-0.4928	-0.3681	1	322	1114	2011.222714
optimum	0.2161	0.881	5	186	576	2008.096154
options	-0.8092	0.1297	1	151	360	2011.088957
orbit	-1.045	-0.5058	1	279	1086	2008.524284
order	-0.0477	-0.2017	1	1038	13238	2008.447395
orientation	-0.3163	-0.8684	1	332	1252	2007.578043
origin	0.4449	0.0412	2	613	3340	2007.989853
orography	-0.0063	1.0904	3	125	372	2007.740196
oscillation	0.0958	0.7503	3	714	5848	2009.592581
outcomes	0.2562	-0.9229	4	118	282	2011.660682
outflow	0.9413	-0.1302	2	355	1382	2007.944625
outlet glaciers	0.6269	-0.1446	4	1011	16450	2010.911765
outlets	0.602	0.4102	4	469	2638	2009.669725
outline	-0.4219	-0.4636	1	127	330	2007.519774
overlap	-0.7149	0.7817	3	124	308	2009.857288
overturning	0.7396	0.1762	2	268	984	2011.454405
overview	-0.7519	-0.3881	1	307	1150	2009.462544
pace	0.217	0.2181	5	110	266	2010.591093
pacific	0.1549	0.6301	5	155	416	2009.069612
pack	-0.2042	-0.0548	3	257	776	2006.469572
paleoclimate	0.2984	0.8203	3	138	356	2010.143169
pan	-0.5522	-0.032	1	129	302	2005.776596
panel	-0.4356	0.683	3	329	1502	2010.594747
parallel	0.0895	-0.0212	4	204	574	2007.545553
parameterisation	-0.0216	0.7222	3	215	734	2010.25
parameterization	0.4544	0.3382	3	694	5886	2009.170118
parameters	-0.0614	-0.0524	1	1162	16030	2008.858581
parametrization	0.3475	-0.845	4	196	618	2009.708791
part	0.0713	0.1309	5	1231	20894	2007.996794
particles	0.9657	0.0501	2	292	952	2007.800157
particulate	1.0394	0.2034	2	134	400	2008.000476
partitioning	0.0382	1.2853	5	231	890	2008.418708
passive	-0.9023	-0.0861	1	136	382	2008.259406
passive microwave	-1.1886	0.1528	1	255	1012	2010.888158
past	-0.0852	0.5555	3	607	3504	2009.286247
past century	-0.0343	0.7836	3	278	968	2010.043269
past climate	-0.318	0.7257	5	136	322	2009.738095
patagonia	-0.254	0.1672	5	500	2862	2011.131166
patagonian	-0.9551	0.3158	5	319	1502	2010.109445
patches	0.0808	-0.9217	4	257	734	2008.056469
pathways	0.6351	0.3472	2	612	4058	2011.336845
patterns	-0.0435	0.2537	3	1211	23068	2008.797625
penetration	-0.1591	-0.3352	1	516	2576	2007.556604
peninsula	-0.3374	-0.0329	1	628	4038	2008.446514
percolation	-0.4404	-0.5097	3	650	5958	2008.430108
performance	-0.6765	-0.2439	1	727	5868	2010.724359
perimeter	0.029	1.1673	3	159	486	2008.333333
period	-0.2091	0.4531	3	1368	41530	2008.417828
periphery	0.9029	0.3183	2	299	1006	2008.523952
permafrost	-0.3305	0.0818	1	296	896	2011.237578
persistence	-0.2002	0.2354	4	364	1330	2010.336061
perspective	-0.296	0.6857	3	384	1482	2010.824219
perturbations	0.6156	-0.2776	4	626	4588	2008.294041
phase	-0.0278	0.1299	3	848	7356	2008.459023
phenomena	0.0107	-0.2916	1	267	748	2008.558488
photogrammetry	-0.776	-0.4599	1	418	2088	2012.265537
photographs	-0.229	0.2114	5	478	2900	2008.533026
photography	-0.5578	-0.2188	5	443	2160	2009.470588
physical conditions	-0.01	-0.8492	4	160	428	2009.111801
physical mechanisms	0.7047	-0.5278	4	135	316	2010.5
physical processes	-0.4992	-0.3604	4	297	1086	2008.985554
physics	-0.3743	-0.0025	1	527	2764	2008.705202
phytoplankton	1.0735	0.2677	2	276	1222	2007.964951
phytoplankton biomass	1.077	0.3109	2	119	332	2007.596396
pinatubo	-1.017	0.8592	3	95	294	2001.978102
pine	-0.4514	-0.772	1	174	460	2008.693681
pipeline	-0.8731	-0.0826	1	147	358	2011.01676
pits	-0.3026	-0.4827	1	369	1716	2007.852751
place	0.2224	0.0996	2	511	2390	2007.525068
planet	-0.7347	-0.6266	1	185	506	2010.483081
planning	-0.7749	0.2957	5	178	462	2012.670807
plasticity	0.431	-0.4371	4	196	578	2011.009328
plateau	-0.1795	-0.0417	5	336	1216	2009.592112
platform	-0.1811	-0.1241	1	286	846	2009.532067
pleistocene	0.4046	0.4785	5	169	426	2008.069475
plume	1.0515	-0.0917	2	618	5250	2008.341339
polar	-0.5122	0.0174	1	754	4772	2007.529419
polar ice sheets	-0.3323	-0.1145	1	421	1754	2008.898374
polar oceans	0.2702	0.1418	2	146	346	2010.397959
polar regions	-0.727	0.2124	1	434	1898	2009.410444
pole	-0.5452	-0.0178	1	284	798	2006.940757
policy	-0.3274	0.1138	1	179	532	2012.234091
ponds	-0.4274	-0.9434	5	177	468	2009.15182
population	-0.0085	0.2752	5	442	1682	2008.672858
pore	0.0704	-0.7984	4	366	1922	2009.423041
porosity	-0.4436	-1.0234	1	142	388	2009.180556
position	0.3837	-0.3753	4	968	13324	2008.558417
positive feedback	0.8188	0.8529	3	207	760	2009.79703
positive trend	-0.8126	0.8676	3	112	294	2011.244541
potential	-0.091	-0.3599	1	852	7234	2010.240353
potential impact	0.802	0.5676	2	241	778	2010.782051
power	-0.0579	-0.6631	1	555	2770	2009.270091
practice	-0.6107	-0.0395	1	162	414	2011.243151
precipitation	-0.3047	0.9233	3	960	14170	2009.731557
precision	-0.6728	-0.5479	1	634	4176	2008.835605
predictions	0.3488	-0.1635	4	754	6654	2009.897678
preparation	-0.5468	-0.8192	1	162	476	2008.197154
present	-0.2933	0.2704	1	534	2356	2007.990715
present day	-0.175	1.1239	5	263	1116	2009.056396
preservation	-0.6888	-0.0053	1	130	316	2009
pressure	0.4941	-0.6215	4	903	11828	2008.310217
prevalence	0.8257	-0.0106	2	172	428	2009.527397
primary	1.1283	0.2725	2	132	352	2008.039326
primary production	1.0999	0.2792	2	207	712	2008.93764
principle	-0.0943	-0.6569	1	273	842	2008.446296
probability	-0.1246	0.0876	4	309	1080	2009.789859
probe	-0.1316	-0.7968	4	229	696	2007.984576
procedures	-0.8786	-0.2649	1	251	830	2007.300565
processes	0.082	-0.3043	4	1349	33846	2009.595773
production	0.5492	0.0644	2	882	8994	2008.644816
profiles	-0.2222	-0.5609	1	940	10666	2007.935203
programme	-0.4276	0.0757	4	319	1156	2007.667702
progress	-0.255	-0.4336	1	483	2460	2009.283491
project	-0.2677	0.5068	3	1021	14668	2010.706868
propagation	0.5157	-0.911	4	553	3434	2008.888573
properties	0.2753	-0.4526	2	978	9304	2009.393254
proportion	0.5042	0.1251	5	466	2320	2007.916222
prospects	-0.2439	0.4439	2	260	752	2010.176471
protection	-0.0869	0.0629	1	200	536	2009.520692
protocol	0.5252	0.3982	2	142	360	2010.678419
prototype	-0.6274	-0.7421	1	151	404	2008.616505
provenance	0.5531	0.4973	5	139	330	2009.956562
proximity	0.8272	0.2704	2	388	1692	2009.550413
proxy	0.1704	0.7354	5	570	3126	2011.318436
pulses	0.1941	-0.5795	2	345	1470	2008.041077
pump	1.2231	-0.2413	2	114	310	2009.434483
quality	-0.8631	-0.3423	1	582	3718	2010.189742
quantification	-0.0953	-0.157	1	470	2096	2011.260355
quaternary	0.7091	0.3506	2	226	664	2007.507274
radar	-0.5745	-0.5967	1	1140	24080	2008.748589
radar data	-0.351	-0.9527	4	409	2018	2008.661184
radar measurements	0.0503	-0.969	4	284	1074	2007.793548
radarsat	-1.2703	0.217	1	109	272	2007.444444
radiation	-0.1295	0.6441	3	721	6526	2008.357553
radio	-0.3051	-0.5135	1	239	748	2007.738883
radiocarbon	0.6422	0.6244	5	158	582	2008.360863
radiometer	-1.113	0.0249	1	504	3118	2007.88206
rain	0.1516	-0.2817	4	377	1594	2008.573092
rainfall	0.1879	0.2586	3	317	1214	2010.725018
random	-1.151	0.2609	1	130	324	2009.01845
range	-0.2465	-0.1607	1	1146	16904	2008.574661
rapid	0.8031	0.1101	2	577	3724	2009.260784
rapid changes	0.3772	-0.6381	4	383	1392	2010.078616
rates	0.256	0.1106	2	1316	34132	2007.943562
ratio	-0.4544	-0.0246	1	787	6540	2007.736208
rayleigh	0.3842	-1.0149	4	156	526	2008.25
rcp	-0.0944	0.9228	3	290	1372	2016.117021
rcp4.5	-0.0442	0.7493	3	209	648	2016.133333
rcp8.5	-0.1978	0.9706	3	273	1190	2016.570342
re-analysis	-0.7349	0.9588	3	275	1022	2010.498127
reach	-0.0338	-0.4126	3	241	708	2009.485915
reaction	-0.6782	-0.9687	1	171	508	2006.276225
readvance	0.6449	0.6445	5	150	416	2006.308756
reanalyses	-0.5325	0.9496	3	245	900	2012.894094
reanalysis	-0.3886	0.8538	3	732	6418	2012.692568
reanalysis data	-0.3866	0.9411	3	379	1632	2012.770178
reason	-0.0167	-0.5684	1	244	784	2009.101523
rebound	0.4545	-0.6588	4	114	306	2005.931959
receiver	-0.6223	-0.6102	1	195	664	2009.632967
recent	0.2274	0.4213	5	847	7988	2008.930233
recession	0.1204	0.593	5	513	3128	2008.987013
recharge	0.4582	-0.966	4	177	554	2010.934109
recognition	0.4567	-0.4773	4	169	448	2008.848394
recommendations	-0.9443	-0.3654	1	244	808	2011.232852
reconstruction	0.2379	0.6448	3	736	5438	2009.991292
record	0.1197	0.387	5	1065	14338	2008.636847
recovery	-0.7309	0.3239	4	575	4290	2009.497477
redistribution	-0.0109	-0.6344	4	297	1042	2009.02246
reduction	-0.0672	0.4668	5	890	8488	2009.195696
reflection	-0.5188	-0.6375	1	738	6080	2008.516981
reflectors	-0.4788	-0.9106	1	209	642	2007.029197
refreezing	-0.3198	0.4421	3	581	4918	2010.593407
regime	0.2395	-0.207	4	828	6798	2008.761852
region	-0.2242	0.2003	3	1411	46528	2009.213913
regional climate	-0.0771	0.9813	3	483	2474	2011.116505
regional climate model	-0.3659	1.0479	3	671	6796	2012.050473
regional differences	-0.6016	0.2745	3	227	662	2009.450602
regional scale	-0.0811	0.5332	5	291	1004	2010.146771
regression	-0.4358	0.5505	3	444	2016	2009.585498
relationship	-0.0352	0.1597	5	1030	12264	2008.880832
relative contributions	-0.6024	0.366	1	170	482	2009.370909
relative importance	0.132	0.763	3	347	1394	2008.995506
release	0.5832	-0.1156	2	594	3298	2009.408827
reliability	-0.6699	-0.0653	1	386	1460	2010.529737
relief	-0.7739	-0.6078	1	295	1030	2008.031686
remote	-0.9069	-0.1281	1	728	5796	2010.867397
remote areas	-0.6318	0.418	3	125	294	2009.37551
remote regions	-0.924	0.3034	1	104	282	2011.555556
remote sensing	-0.6531	-0.1487	1	889	9952	2011.422546
removal	0.4796	-0.0518	2	427	1620	2008.282275
renewal	1.2452	0.1032	2	214	734	2005.578125
repeat	-0.8875	-0.4392	1	653	5444	2008.892922
representation	-0.2374	0.5082	3	633	4278	2010.830294
requirements	-0.3671	-0.3934	1	534	2522	2008.486324
res	0.1921	-0.2371	2	525	2816	2009.597305
research	-0.4595	0.0425	1	949	9384	2010.476977
reservoir	-0.0807	-0.548	4	278	958	2009.794696
residence	1.5683	-0.2074	2	118	328	2007.93816
residence time	1.5685	-0.2066	2	118	328	2007.917391
residues	-0.8472	-0.6515	1	246	782	2007.610135
resistance	0.813	-0.7294	4	313	1310	2009.811343
resolution	-0.6402	0.1155	1	1187	22730	2009.55055
resonance	0.3817	-0.929	4	148	416	2008.954678
resources	-0.2606	0.3047	1	571	2982	2010.858496
respect	-0.5804	0.2002	1	714	4388	2008.283557
response	0.3298	0.2446	4	1273	28520	2009.573466
rest	-0.5152	0.2023	4	309	1134	2007.845899
result	-0.0524	0.132	3	1034	11780	2008.151944
retention	-0.0789	0.0888	3	442	2700	2008.612195
retreat	0.5621	0.4228	5	1133	25398	2010.543237
retrieval	-0.708	-0.4897	1	555	3314	2010.435006
retrospective	-0.7386	0.8922	3	225	778	2012.772152
reveals	-0.0441	-0.1193	4	667	4070	2010.570102
reversal	0.8509	-0.1548	4	138	338	2008.011494
review	-0.2773	-0.1853	1	498	2534	2009.601815
rheology	0.7611	-0.7427	4	224	690	2008.298507
ridge	-0.1293	0.4378	5	401	1590	2007.505288
rift	0.0931	-0.7482	1	127	342	2007.002678
rights	-0.1226	-0.1578	1	972	9620	2009.549068
risk	0.0635	0.2345	1	354	1272	2011.114812
river	0.3957	0.2172	2	762	6192	2009.320924
river discharge	0.6099	0.6712	2	167	568	2010.513854
river runoff	0.6871	0.745	2	167	446	2009.804348
rms	-0.9048	-0.2175	1	203	574	2007.503049
robustness	-0.5139	-0.0808	4	194	522	2012.541485
rocks	0.2857	-0.3307	4	514	2352	2007.751648
rocky	-0.0624	0.4178	5	148	430	2007.267352
role	0.5206	0.1818	2	1117	15926	2010.178923
root	-1.0395	-0.1792	1	308	1116	2009.331514
ross	-0.1009	0.139	1	247	812	2008.076698
rotation	0.5924	-0.6427	2	146	408	2006.700205
roughness	-0.1008	-0.6429	1	462	2312	2008.317614
routes	0.4452	-0.5662	4	392	2116	2010.541845
royal	-0.2498	0.2979	4	161	412	2007.324771
run-off	0.4721	0.2351	2	410	1768	2009.101449
runoff	0.4516	0.4835	3	1105	20412	2010.241084
russia	-0.6764	0.8964	5	171	546	2008.97832
russian	-0.3813	1.0557	2	255	1040	2009.19962
safety	0.1989	-0.1119	2	182	556	2012.662963
salinity	1.0349	0.0912	2	506	3134	2008.2244
salt	0.7468	-0.2395	2	222	684	2007.657298
sample	-0.6558	0.1163	1	539	2968	2008.715721
sand	-0.355	0.6035	1	111	252	2007.989268
sar	-0.8979	-0.3944	1	629	4764	2008.6645
satellite	-0.7617	-0.0626	1	1204	26978	2009.46691
satellite altimetry	-1.0914	-0.2371	1	280	1166	2011.147826
satellite data	-0.8512	0.3073	1	500	2746	2009.788853
satellite imagery	-0.3766	0.14	5	658	5066	2010.11368
satellite images	-0.3854	-0.2246	1	496	2652	2010.376963
satellite measurements	-0.6417	-0.8722	1	173	478	2009.345515
satellite observations	0.0533	0.0454	2	443	1864	2011.156545
saturation	-0.854	-0.6571	1	177	524	2008.751023
scale	-0.0129	-0.0244	1	1142	17168	2009.692551
scandinavia	0.0245	0.8397	5	126	324	2006.946698
scanning	-0.9482	-0.1722	1	477	2554	2009.812339
scattering	-0.3386	-0.5829	1	243	748	2007.015889
scatterometer	-0.9669	0.0797	1	428	2572	2008.734266
scenarios	0.1047	0.7098	3	898	10954	2011.166554
science	-0.316	-0.2232	1	570	3050	2002.851791
se	0.5723	0.5791	2	313	1126	2008.4
sea	0.2976	0.3463	2	1379	39172	2008.689398
sea coast	-0.0279	1.6445	2	103	334	2008.509709
sea ice	0.3285	0.1531	2	902	7768	2010.083703
sea ice extent	0.0433	0.9298	3	237	762	2011.431635
sea level	0.0865	0.3826	5	909	11000	2008.698807
sea level rise	-0.0921	0.4779	3	1050	16502	2011.57856
sea surface	0.1808	-0.2133	2	251	760	2008.069565
sea surface temperature	0.335	1.0764	3	368	1850	2009.815317
sea water	0.8908	0.4315	2	133	346	2006.457718
sea-level changes	0.2498	1.136	5	121	322	2007.857143
seals	0.8677	0.25	2	143	354	2006.837258
search	-0.0714	-0.5837	1	241	738	2009.995035
season	0.1275	-0.0154	4	1199	24132	2009.082749
seasonal changes	0.5123	-0.47	4	402	1730	2008.582435
seasonal cycle	0.1985	0.5729	3	383	1744	2008.792717
seasonal evolution	0.8502	-0.4063	4	279	1166	2009.282723
seasonal variability	1.0797	0.1366	2	303	1166	2009.932458
seasonal variation	0.2489	-0.745	4	488	2820	2007.929683
seawater	1.1134	-0.2396	2	245	868	2009.025287
sections	0.5914	-0.4503	2	435	2142	2007.337998
sediment cores	0.7931	0.7003	2	146	392	2009.210033
sediment transport	0.577	-0.0112	5	120	358	2009.273616
sediments	0.6048	0.2574	5	809	7056	2008.031847
segments	-0.2632	-0.4148	1	364	1228	2008.049369
seismic	0.367	-0.9093	4	430	2488	2008.590452
seismic data	0.3292	-0.8271	5	113	278	2009.00554
selection	-0.6076	0.0532	1	249	712	2009.482489
sensing	-0.6731	-0.1777	1	787	6408	2011.019623
sensitivity	-4e-04	0.4796	3	1108	16052	2009.595052
sensitivity analysis	-0.7717	-0.1058	1	165	428	2010.599156
sensitivity experiments	0.1248	1.1013	3	233	872	2009.214286
sensors	-0.692	-0.3908	1	897	9534	2009.759019
separation	0.0191	-0.5851	1	374	1408	2007.566611
sequence	0.3253	-0.1039	5	435	1656	2008.880269
series	-0.3894	0.2599	3	1139	17122	2008.676664
service	-0.7828	0.1854	1	135	328	2012.189453
settlement	-0.0933	-0.9422	4	133	348	2009.707972
shallow water	0.9712	-0.5799	2	166	440	2007.041667
shape	-0.0794	-0.265	1	612	3470	2008.770625
shear	0.4027	-1.0493	4	318	1404	2007.066225
shelf	0.711	-0.0268	2	892	8704	2008.672172
shelves	0.2368	-0.3625	1	635	4456	2009.828045
shetland	-0.1964	-0.308	5	251	854	2008.115064
shift	0.2894	0.5673	2	658	4006	2010.334777
ship	0.751	-0.0638	2	228	678	2010.548666
shore	0.5189	0.1925	2	152	366	2007.399663
shoreline	0.2863	-0.5002	4	133	310	2007.724965
short-term	0.3979	-1.23	4	185	626	2008.362637
shortwave	-0.5035	1.0174	3	280	1206	2010.126492
shortwave radiation	-0.2787	1.0609	3	253	1132	2009.857143
shrinkage	-0.4352	0.599	5	275	1030	2011.221649
signal	-0.1976	-0.5477	1	965	10206	2009.224031
signatures	0.2729	-1.0364	2	114	270	2009.339117
significance	-0.1919	0.2937	3	452	1944	2008.013281
silicon	0.641	0.1106	2	146	344	2008.539623
sill	1.2411	-0.0169	2	422	2340	2007.892994
similarity	-0.7974	-0.0165	1	269	798	2009.020248
simulations	0.2222	0.4432	3	1206	21658	2010.182554
sink	0.7383	0.0411	2	174	484	2008.9164
sites	-0.1174	-0.1765	3	1024	12528	2008.514265
size	0.0529	-0.1086	1	1001	11390	2008.248059
size distribution	0.2722	-0.0423	2	181	518	2007.239521
skill	-0.3371	0.5848	3	207	600	2012.574869
skin	-0.9503	0.6035	3	136	404	2007.757384
sliding	0.2217	-0.8719	4	608	4486	2008.471196
slip	0.414	-0.8607	4	334	1314	2008.519403
slope	-0.024	-0.4466	1	938	9940	2008.522006
smb	-0.452	1.1116	3	697	8600	2014.035354
snow	-0.6865	-0.0308	1	1102	17986	2008.843053
snow accumulation	-0.7662	0.4884	3	471	2764	2008.890244
snow depth	-0.9297	-0.5902	1	256	1016	2011.340979
snow surface	-0.499	-0.692	1	277	1028	2008.346535
snow/ice	-0.8579	0.3756	1	388	1594	2010.232432
snowfall	-0.4272	0.6717	3	548	3702	2010.160714
snowmelt	-0.8742	0.0398	1	563	3768	2009.443804
snowpack	-0.6299	-0.3621	1	670	5442	2009.730081
society	-0.4951	0.2035	1	458	1802	2008.419795
software	-0.363	-0.416	1	474	2020	2011.491499
soil	-0.2737	0.4942	3	248	760	2010.0138
solar	0.5539	0.606	3	189	628	2008.730461
solar radiation	0.0207	0.5799	3	389	1844	2009.055833
solution	-0.2216	-0.441	4	704	4918	2008.161376
sonar	0.8829	-0.7721	2	106	266	2006.772334
sound	0.266	-0.3923	2	700	4618	2007.411115
sounder	-0.5675	-0.7456	1	235	734	2008.856481
source	0.3171	-0.0965	2	1154	15614	2008.933035
south	-0.1599	0.37	5	739	5832	2007.747219
southern	-0.389	0.1882	5	602	3738	2009.223665
southern ocean	0.4234	0.3463	2	213	634	2009.57408
southwest	0.5633	0.4975	2	546	3274	2008.084584
space	-0.4064	-0.4024	1	931	9588	2009.527303
span	-0.7407	-0.3002	1	300	1102	2008.666667
sparse	0.0927	0.8226	2	246	808	2009.608974
spatial	-0.3541	-0.4194	1	680	4526	2009.53617
spatial distribution	-0.4388	-0.1988	1	555	2846	2010.361231
spatial extent	-0.8525	-0.2354	1	282	1000	2011.278351
spatial heterogeneity	-0.2334	0.1786	3	128	318	2011.909091
spatial patterns	-0.1402	0.5106	3	544	3094	2010.619556
spatial resolution	-0.9737	-0.0366	1	523	2912	2010.654237
spatial scales	-0.1812	-1.0421	4	193	538	2009.793421
spatial variability	-0.3276	0.2056	3	411	1862	2009.941935
spatial variation	0.2872	0.6043	3	340	1390	2009.989535
spectra	-0.002	-0.696	1	219	626	2007.31392
spectral	-0.4792	-0.5294	1	148	350	2008.296703
spectroradiometer	-0.9283	0.4451	3	482	3114	2012.221622
spectrum	-0.0638	-0.6722	1	267	784	2007.745108
speed	0.36	-0.4573	4	858	9818	2008.86489
spitsbergen	0.2634	0.1626	5	561	3980	2008.405823
spots	0.3331	-0.6047	4	367	1488	2009.61157
spread	0.392	0.5125	2	415	1958	2008.634921
spring	0.4291	-0.2574	2	736	5660	2008.097068
ssm/i	-1.0676	-0.1096	1	402	2228	2004.868805
sst	0.4002	0.861	3	227	860	2010.05105
st	-1.0673	0.0994	1	190	512	2007.705882
stability	0.4559	0.0195	4	831	6892	2009.500887
stage	0.307	-0.0043	5	453	1920	2008.259718
standard	-0.7818	-0.0377	1	364	1494	2008.650912
standard deviation	-1.0228	-0.0536	1	487	2540	2009.368356
state	0.1436	-0.0648	4	899	9666	2009.742678
stations	-0.4833	0.5311	3	745	6628	2007.983598
statistics	-0.6035	-0.2904	1	406	1644	2009.312095
status	-0.6709	0.2095	1	267	884	2009.341864
steady state	0.373	-0.673	4	342	1372	2007.005666
steps	-0.8479	-0.2836	1	369	1358	2009.019451
stokes	0.7418	-0.7232	2	268	942	2011.404908
storage	0.213	-0.6126	4	704	5894	2010.328125
store	0.6418	-0.7806	4	362	1670	2011.108911
storm	0.5965	0.0982	2	220	576	2008.742366
strain	0.3496	-0.9027	4	603	4026	2009.297418
strait	0.9007	0.4153	2	490	2384	2007.897357
strategies	-0.2847	-0.3073	1	487	2136	2010.305877
stratification	1.1873	0.0367	2	432	2504	2009.44012
stratigraphy	-0.3648	-0.7725	1	360	1658	2007.119691
stream	0.3473	-0.4332	4	874	9084	2008.836139
strength	0.3305	-0.176	4	552	3092	2009.266467
stress	0.7044	-0.7408	4	757	7846	2009.003348
structure	0.1408	-0.5254	2	933	9044	2008.655706
style	1.0079	-0.6851	2	273	1044	2007.719298
subglacial	0.6797	-0.7593	4	577	4336	2010.191824
subglacial lakes	0.3112	-0.8003	4	325	1304	2011.781915
sublimation	-0.3154	0.8906	3	303	1284	2008.473461
submarine	1.1737	-0.1419	2	674	7510	2009.071134
subsidence	3e-04	-0.5326	4	257	812	2007.462963
substrate	0.535	-0.8278	4	190	550	2008.452754
subsurface	0.6582	-0.1436	2	757	5678	2009.927347
succession	0.0965	-0.3667	1	139	324	2008.154965
suitability	-0.8084	0.0407	1	127	296	2011.117773
summer	0.1927	0.2968	3	1328	36264	2008.716639
summer season	-0.4083	0.3795	3	237	760	2009.599483
summer temperatures	-0.4194	0.8082	3	425	2110	2008.977369
summertime	0.3837	0.4825	3	221	690	2009.23617
summit	-0.6096	0.2183	3	514	2842	2006.845519
sun	0.4893	0.2322	2	198	488	2007.758571
supply	0.8567	0.0663	2	530	2918	2008.462921
support	0.1924	0.0068	1	623	3240	2009.291409
surface	-0.0835	0.012	3	1525	99824	2008.863385
surface air temperature	-0.3139	0.8359	3	331	1278	2011.034003
surface albedo	-0.2428	0.975	3	428	2450	2009.227533
surface area	-0.2634	-0.3558	5	293	1050	2007.638484
surface conditions	0.0477	0.8823	3	221	656	2009.117284
surface elevation	-0.8281	-0.0322	1	764	7774	2009.676871
surface energy balance	-0.3691	0.7596	3	357	1876	2009.363265
surface layer	1.0598	-0.0029	2	330	1470	2007.284439
surface mass balance	-0.4039	0.8888	3	972	16674	2012.738255
surface roughness	-0.5197	-0.8894	1	214	716	2008.125581
surface temperature	-0.6848	0.7415	3	466	2618	2009.023148
surface topography	-0.6321	-0.5046	1	426	1912	2008.064103
surface waters	0.9073	-0.0238	2	387	1602	2008.120883
surge	0.1051	0.2431	5	630	4398	2008.136111
survey	-0.1508	-0.369	1	1037	13676	2009.037248
susceptibility	1.1065	0.3104	2	106	250	2008.427194
svalbard	0.1267	0.046	5	997	14284	2009.557134
swe	-0.6364	-0.3069	1	212	630	2013
sweden	-0.5816	-0.0767	4	134	344	2007.514793
switch	1.2794	0.238	2	138	374	2009.291908
switzerland	-0.2897	-0.8338	1	336	1284	2008.778646
synthesis	-0.1101	-1.0361	4	227	654	2009.662722
synthetic	-0.794	-0.6767	1	288	1042	2009.089404
synthetic aperture radar	-0.9334	-0.4167	1	461	2610	2009.032432
system	0.1167	-0.2672	4	1370	35444	2009.608581
system models	-0.2631	0.8147	3	278	1208	2015.404444
table	-0.4133	-1.0618	4	215	738	2008.675978
tasman	-0.1369	-0.8924	5	123	328	2007.044068
techniques	-0.5798	-0.4023	1	1045	13636	2007.972333
technology	-0.4555	-0.4903	1	484	2408	2011.429895
temperate	0.5798	-0.4157	4	565	3836	2008.513385
temperature	0.0144	0.5053	3	1419	48036	2008.94464
temperature changes	0.466	0.4783	3	234	766	2008.59375
temperature data	-0.1441	0.1815	3	242	692	2008.432653
temperature increase	-0.1675	1.222	3	149	462	2009.516234
temperature measurements	-0.0987	-0.4346	4	193	580	2007.553459
temperature profiles	0.9851	-0.5313	2	188	652	2006.951852
temperature variability	-0.1901	0.8571	3	177	536	2011.231959
temperature variations	0.7976	0.2245	2	133	322	2008.694581
template	-0.7423	-0.0354	1	230	674	2010.42236
temporal	-0.2373	-0.7022	4	310	984	2008.152526
temporal changes	-0.8192	-0.5725	1	272	956	2009.507895
temporal distribution	-0.3567	-0.7066	1	178	516	2008.315315
temporal evolution	-0.4875	-0.3859	1	343	1314	2010.339109
temporal patterns	0.0567	0.4921	3	175	514	2009.576433
temporal resolution	-0.5759	-0.5036	1	420	1830	2010.931953
temporal variability	-0.6436	0.5454	3	482	2548	2009.54638
temporal variations	-0.3725	0.185	4	408	1802	2008.891602
tension	0.597	-0.943	4	113	302	2008.321739
terminus	0.7909	-0.4929	2	982	16254	2010.435852
terms	-0.1601	-0.0277	1	884	7772	2008.587412
terra	-0.784	0.3567	1	240	790	2006.634218
terrain	-0.7837	-0.2725	1	679	4938	2009.112619
terrestrial	-0.4098	-0.3856	1	303	1046	2008.824144
texture	-0.3555	0.0055	1	228	652	2007.458888
thaw	0.2525	-0.4581	4	166	434	2011.976068
theoretical	0.2278	-0.6901	1	141	332	2006.558442
theory	0.4971	-0.5063	4	545	3184	2008.181946
thermal	-0.5535	-0.1964	1	519	2778	2009.266307
thermal regime	-0.055	-0.4132	4	200	596	2010.067485
thermodynamics	0.2483	0.3175	3	283	904	2008.389098
thermohaline circulation	0.815	0.799	3	133	400	2004.768987
theta	0.217	-0.7789	1	104	262	2006.435045
thickness	0.0241	-0.6117	4	1090	17896	2008.754418
thinning	0.2203	0.3344	5	854	11792	2009.590299
threat	0.5335	-0.0587	2	158	396	2012.027911
three-dimensional	0.2117	-0.8257	1	119	294	2007.714976
threshold	-0.7619	-0.1039	1	632	4338	2010.539227
thule	0.2706	0.0532	3	114	308	2006.786942
tidal	1.1021	-0.2717	2	220	762	2007.14959
tidal currents	1.0141	-0.207	2	174	472	2007.42487
tides	0.9485	-0.5732	2	355	1870	2008.175266
tidewater	0.9167	-0.0056	2	1025	17738	2010.934831
tidewater glaciers	0.9535	-0.0574	2	845	10010	2012.511962
till	0.5939	-0.7424	4	299	1168	2006.793544
time	0.0061	0.0213	1	1455	48584	2008.831798
time scales	0.7169	0.0429	4	469	2506	2008.537809
time series	-0.7042	0.211	3	799	7500	2009.734317
timescales	0.612	0.1522	2	792	7056	2010.244177
tip	-0.2385	-0.7482	4	203	618	2008.028302
tm	-0.4579	0.4491	1	239	864	2007.895425
tongue	0.7761	-0.3654	4	661	5462	2008.374502
tools	-0.7104	-0.2228	1	493	2462	2011.918196
topographic	-0.7193	-0.7472	1	478	2916	2009.511628
topography	-0.2562	-0.3753	1	1082	16658	2008.703566
topology	-0.2356	-0.6557	4	109	266	2009.080952
total length	0.8002	-0.458	5	140	340	2009.17734
total number	0.1337	-0.2146	4	136	330	2008.215054
trace	-0.1942	-0.8329	1	269	870	2007.773067
tracer	0.5603	-0.3113	2	317	1218	2007.33904
track	-0.6937	-0.3781	1	719	6074	2008.851477
traditional	-0.3303	-0.9477	4	124	308	2009.44557
trajectories	0.4567	-0.1199	2	323	1132	2008.784052
transect	0.0712	-0.4468	4	553	3242	2007.990277
transfer	0.1319	-0.6968	4	572	3480	2008.40464
transformation	-0.5321	-0.4502	1	326	1152	2009.214985
transient	-0.2053	-0.2767	4	470	2236	2009.22961
transition	0.1153	-0.6072	4	717	5280	2009.289721
transmission	-0.0958	-0.7789	1	286	950	2008.441938
transport	0.7822	-0.091	2	781	6778	2008.638472
travel	-0.1145	-0.7132	1	274	930	2008.209898
traverse	-0.6435	-0.566	1	212	820	2007.585366
treatment	0.586	0.0356	2	326	1284	2008.987517
tree rings	0.5797	0.6063	5	120	386	2009.350829
trees	0.2754	0.5068	5	206	594	2009.293127
trends	-0.4278	0.6508	3	1085	19480	2009.691924
tributaries	0.1279	-0.1317	5	312	1046	2008.939024
trigger	1.0209	-0.3681	2	340	1592	2010.216495
trough	0.8026	-0.3219	4	459	2588	2008.165586
tsunami	0.1672	-0.927	4	133	364	2011.230769
tundra	0.1654	0.6703	3	217	664	2009.070476
turbidity	0.6449	-0.0324	2	321	1074	2006.591633
turnover	-0.1816	0.9407	5	210	626	2008.839506
twentieth century	-0.0278	1.027	3	276	1174	2010.49537
types	-0.1665	-0.4203	1	687	4160	2008.677962
uncertainty	-0.3467	0.2972	3	1079	16646	2011.023214
underwater	0.679	-0.7968	2	117	320	2009.522911
university	-0.0761	0.1585	5	345	1222	2007.852518
uplift	0.2677	-0.9201	4	398	2312	2006.856502
upstream	0.4863	-0.9511	4	460	2556	2008.743219
upwelling	1.1212	0.1428	2	217	838	2008.768927
usa	0.3434	-0.0766	5	627	4022	2008.230569
utilization	-0.478	-0.238	1	366	1372	2009.166837
validation	-0.8459	-0.066	1	725	5790	2010.014759
valley	-0.2148	-0.2835	5	665	5080	2008.373746
values	-0.1476	0.1196	1	1191	19318	2008.134938
variability	-0.0114	0.4377	3	1319	33648	2009.910572
variance	-0.7356	0.379	3	311	1170	2008.262238
variations	-0.0672	0.1392	4	1272	29470	2008.23722
vatnajokull	0.2968	-0.9462	4	215	850	2008.010256
vector	-0.6777	-0.2864	1	346	1200	2009.067811
vegetation	-0.5297	-0.3447	1	478	2388	2009.373552
vehicles	0.0408	-0.6041	1	147	388	2011.334764
velocity	0.1845	-0.6119	4	1267	34224	2008.229763
velocity field	-0.7513	0.0781	5	154	442	2007.679739
verification	-0.0845	-0.4162	1	319	988	2010.208038
vertical	0.1851	-0.8696	4	299	1098	2006.365209
vertical profiles	-0.5093	-0.4096	1	186	528	2007.685761
vertical structure	0.6374	-0.2838	2	167	468	2008.841667
viability	-0.19	-0.5814	1	143	336	2010.057283
video	0.3791	-0.8149	4	205	602	2009.312925
viscosity	0.5886	-0.6539	4	314	1228	2007.238586
volcano	0.0325	-0.2482	4	223	614	2009.385534
volume	-0.1011	0.1892	5	1252	28936	2008.390878
vostok	-0.3742	-0.6408	1	109	292	2005.251724
vulnerability	0.5726	0.6674	5	246	878	2012.434676
wales	-0.9365	1.014	5	156	502	2007.219585
walls	0.8115	-0.3281	2	285	954	2008.015949
warm period	0.2876	1.0153	3	199	632	2009.606838
warming	0.3382	0.6538	3	1198	22580	2011.01791
washington	0.357	0.2348	5	141	354	2005.96393
water	0.487	-0.2297	2	1462	56654	2008.522927
water balance	-0.6839	0.345	3	125	316	2009.254717
water bodies	0.5754	0.2121	2	158	398	2010.393162
water column	1.1931	0.0831	2	226	794	2007.355227
water content	-0.2012	-0.8359	4	261	926	2008.305668
water depth	0.8598	-0.649	4	296	1308	2007.9
water flow	0.211	-0.7456	4	347	1394	2008.849765
water level	-0.2621	-0.9327	1	208	620	2008.961538
water masses	1.2501	5e-04	2	294	1312	2008.184401
water properties	0.5999	-0.4775	2	175	520	2009.563291
water resources	-0.777	0.1078	1	270	954	2013.543269
water table	-0.4034	-1.2855	4	140	434	2007.419689
water temperature	0.7578	-0.4827	2	248	882	2008.738971
watersheds	-0.1786	0.4985	3	189	512	2010.799687
wave	0.4598	-0.5816	2	728	5224	2008.774981
waveform	-0.2558	-0.7489	1	507	3134	2009.117166
wavelength	-0.6221	-0.5636	1	192	496	2006.776718
wavelet	-0.938	-0.6108	1	188	566	2011.090379
weather	-0.3505	0.4887	3	874	9334	2009.837145
weight	0.0074	-0.9799	4	201	564	2006.661831
west greenland	0.7318	0.0232	2	152	414	2004.037736
wetness	-0.9413	-0.3656	1	235	764	2010.75
white	-0.4153	0.6858	5	193	604	2007.871587
wind	0.4457	0.3529	2	781	6278	2008.553573
window	-0.606	-0.5751	1	212	568	2010.073654
winter	0.303	0.0924	2	1135	18148	2008.309773
winter precipitation	-0.3966	0.9579	5	201	672	2010.462094
winter season	-0.0937	-0.5321	1	284	874	2009.407595
wintertime	0.7704	-0.8229	2	264	946	2009.628342
work	-0.2474	-0.0729	1	772	5658	2010.485608
world	-0.0172	0.3587	1	738	5580	2009.680768
worldwide	-0.9305	-0.2452	1	211	634	2011.221441
wrf	-0.6305	0.5869	3	145	400	2014.850575
yield	0.285	-0.6532	4	336	1332	2007.793478
young	1.1955	0.1279	2	195	618	2008.610592
yukon	-0.7681	-0.3253	1	279	960	2008.592034
zemlya	-0.3118	1.226	2	283	1364	2007.96
zone	0.0693	-0.2113	4	1152	19194	2007.975076
