id	x	y	cluster	weight<Links>	weight<Total link strength>	weight<Keyword count>	score<Avg year>
aabw	-0.2634	0.6624	3	462	2104	18	2008.764045
aaiw	0.5997	0.8	2	434	1944	14	2008.433333
abundance	-0.6334	-0.1216	1	502	1846	17	2012.159769
abyssal	0.3646	0.3321	2	329	1082	9	2008.271255
abyssal depths	1.4839	-0.2127	2	134	374	3	2011.9
abyssal plain	-0.0943	0.2788	3	176	474	4	2007.926829
acc	-0.0139	0.9192	3	259	798	5	2008.705882
access	-0.6851	-0.0465	1	203	528	4	2013.769679
accessory minerals	-0.4397	-0.7638	1	123	288	3	2016.5
accretion	-0.5474	-0.4354	1	214	588	6	2009.336634
accumulation	-0.5245	0.3202	1	253	694	6	2011.1675
accuracy	-0.923	0.0981	1	74	208	3	2012.031588
acid waters	-1.2088	0.2673	1	82	234	3	2004.4
acquisition	0.5248	0.2384	2	141	360	3	2012.112069
activation	-0.5832	-0.1349	1	111	230	3	2011.521429
activity	-0.2612	0.0031	1	615	2466	19	2011.741747
addition	-0.4236	-0.0074	1	755	3916	31	2012.072879
admixture	0.0235	-0.0173	3	449	1882	13	2010.882353
adsorption	-1.0206	0.0805	1	134	332	4	2009.962264
advection	0.4722	0.2922	2	672	3792	25	2010.324162
africa	0.0493	0.3212	3	423	1716	12	2009.943515
age	-0.1744	-0.2041	1	672	3308	28	2010.368729
age model	0.2425	-0.2611	1	151	342	3	2013
agreement	0.5833	-0.2106	2	495	2224	16	2010.554303
agulhas	-0.0348	1.0892	3	260	910	6	2007.994565
agulhas current	-0.0749	1.1976	3	152	452	3	2007.780822
al	-0.9511	0.0083	1	217	596	6	2010.555118
alaska	-0.6727	-0.3736	1	270	724	6	2010.597746
aleutian	-0.2646	-0.2577	1	194	548	5	2009.607143
aleutian arc	-0.2447	-0.6664	1	170	422	3	2012.888889
alteration	-0.7566	-0.0512	1	228	608	6	2012.662651
aluminosilicate	-0.8708	-0.3881	1	140	320	3	2006.5
america	0.2347	-0.0586	2	464	1810	13	2011.440252
amoc	1.3451	0.1736	2	331	1304	9	2015.163347
amplitude	0.5262	-0.2867	2	262	730	5	2010.372165
amundsen	-0.7152	-0.559	1	232	776	6	2012.553846
amundsen sea	-0.5755	0.7893	3	131	360	3	2013.842105
analysis	-0.3618	0.0236	1	798	4902	43	2011.656462
ancient seawater	-0.6798	0.1039	1	154	370	3	2002.666667
andes	-0.3185	0.6093	1	132	310	3	2012.5
anomaly	-0.7035	0.313	1	778	4478	40	2010.997204
anoxic	-0.713	0.1852	1	219	580	5	2011.109091
antarctic	0.1453	0.5642	3	942	9618	78	2010.797819
antarctic bottom water	-0.1511	0.5394	3	615	3462	30	2008.305764
antarctic circumpolar current	-0.0335	0.7123	3	466	2190	15	2008.485816
antarctic ice	-0.0429	0.1641	1	140	322	3	2012.455772
antarctic intermediate water	0.7144	0.8397	2	482	2580	20	2007.646865
antarctic margin	-0.7688	0.229	1	167	424	3	2013.2
antarctic ocean	-0.2431	0.8058	3	133	326	3	2010.36
antarctic peninsula	-0.0459	0.8861	3	158	452	3	2011.82716
antarctica	0.092	0.4258	3	557	2486	19	2011.220175
apatite	-0.8253	-0.494	1	139	354	4	2011.571429
application	-0.2305	0.3266	1	576	2770	23	2012.361823
approach	-0.5147	-0.0156	1	329	1088	10	2013.011682
aqueous solutions	-1.0656	0.101	1	88	202	3	2009.692308
aquifer	-1.1843	0.3402	1	133	390	5	2013.608247
aragonite	-0.1911	0.4098	1	222	622	5	2012.255556
arc	0.0071	-0.2076	1	260	826	8	2011.75
archaean	0.2128	-0.3917	1	185	434	3	2007.2
archean	-0.3015	-0.3292	1	275	746	6	2007.461538
archipelago	-0.3245	0.6659	3	238	688	5	2011.082609
archives	0.2524	0.3631	2	380	1486	10	2012.62249
arcs	-0.2905	-0.2107	1	275	908	8	2008.4375
arctic	-0.4629	-0.6907	1	758	5540	51	2012.189504
arctic intermediate water	0.2796	-1.1526	2	165	500	4	2006.116279
arctic nodules	-1.1045	-0.4174	1	80	200	3	2018
arctic ocean	-0.3218	-0.8081	1	642	4132	35	2010.893127
arctic rivers	-0.9795	-0.7358	1	135	346	3	2011.739496
arctic seas	-0.4788	-0.7826	1	250	738	6	2014.010669
arctic seawater	-0.9562	-0.6989	1	154	378	3	2013.058824
arctic waters	-0.181	-0.988	1	242	766	5	2011.466431
area	-0.3274	0.0332	1	973	7668	65	2011.37466
argentine basin	-0.1844	0.7377	3	164	472	3	2003.230769
array	-0.567	-0.5311	1	326	1020	8	2011.101235
ash	-0.5734	0.2449	1	320	1084	9	2011.109375
asia	-0.7217	-0.4204	1	145	348	3	2013.012594
asian dust	-0.5108	-0.3077	1	209	566	5	2010.125
assemblages	-0.1613	-0.4122	1	196	456	4	2012.247588
association	-0.5913	0.0446	1	210	532	4	2011.081886
atlantic	0.5093	-0.025	2	1165	19260	147	2010.236737
atlantic bottom water	0.912	-0.2266	2	173	506	4	2001.8
atlantic circulation	1.1084	0.4632	2	321	1108	8	2010.478788
atlantic deep sea	0.9096	-0.5152	2	142	336	3	2008.166667
atlantic intermediate water	1.2292	0.1786	2	282	1094	8	2007.666667
atlantic meridional circulation	1.3351	0.371	2	170	500	4	2014.038889
atlantic meridional overturning	1.3696	0.0812	2	383	1674	11	2014.908714
atlantic meridional overturning circulation	1.3698	0.0839	2	383	1674	11	2014.995726
atlantic ocean	0.4361	-0.0375	2	761	5130	41	2009.615463
atlantic region	0.9139	-0.6301	2	157	422	3	2010.526667
atlantic sector	-0.0316	0.6374	3	510	2454	16	2011
atlantic southern ocean	0.3985	0.631	3	495	2360	16	2011.613208
atlantic thermohaline circulation	0.9217	-0.6704	2	211	620	4	2007.891304
atlantic water	0.6793	-0.205	2	637	3852	27	2010.080056
atlantic water mass	0.1057	0.5264	3	150	390	3	2008.962963
atlantic water masses	1.1131	0.3051	2	193	576	4	2010.176471
atmosphere	-0.1452	0.1643	1	317	984	7	2011.581199
atmospheric dust	-0.7203	-0.6031	1	140	360	3	2014.818182
attention	1.1287	0.4531	2	184	470	3	2012.917808
australia	-0.372	0.4896	3	426	1656	12	2010.617438
australian	-0.0865	0.7719	3	155	390	3	2010.832787
authigenic	0.4161	-0.6484	2	367	1284	8	2011.944444
authigenic phases	-0.2974	0.4503	1	287	878	6	2014.777778
ba	-1.1033	-0.131	1	109	288	3	2011.655172
balance	-0.0782	0.5336	3	393	1400	10	2011.539286
baltic	-1.0189	-0.1154	1	95	226	3	2011.08982
baltic sea	-1.0194	-0.1153	1	95	226	3	2011.529412
bank filtration	-1.1601	0.4066	1	116	408	6	2005.5
barents	-0.5814	-0.2874	1	253	890	8	2010.39816
barents sea	-0.5804	-0.2861	1	253	890	8	2010.27735
basalts	-0.001	0.2658	3	365	1354	10	2010.666667
basement	-0.4409	-0.6207	1	230	596	5	2010.911765
basin	-0.0803	-0.1064	1	1064	10410	87	2010.09645
bay	0.0601	0.5931	3	292	902	8	2010.11814
be-10	-0.0333	-0.5651	1	273	810	7	2010.8
be-10/be-9	0.1723	-0.8796	2	268	1044	8	2000.25
beaufort	-0.0917	-1.0453	1	170	476	3	2010.621769
behavior	-0.4008	0.4345	1	582	2832	23	2011.103784
behaviour	-0.89	0.1872	1	312	920	8	2010.943662
bengal	0.2328	0.8116	3	205	592	5	2010.568966
benthic fluxes	0.0992	0.5999	2	159	390	3	2011.4375
benthic foraminifera	0.2071	-0.302	2	187	534	4	2011.4375
bering	-0.6485	-0.4805	1	378	1546	16	2009.747987
bering sea	-0.6412	-0.4535	1	369	1456	15	2009.417822
bering slope	-0.468	-0.1871	1	166	430	3	2010.538462
bering strait	-0.3089	-0.9328	1	195	544	4	2011.176923
biogenic silica	-0.5225	0.8023	3	161	420	3	2013.37931
biogeochemical cycles	0.0151	0.6585	3	239	646	4	2013.854651
biological processes	-0.6321	0.6006	1	167	412	4	2011.762963
biological productivity	0.556	0.447	2	162	406	4	2011.175824
biological pump	-0.0245	0.7692	1	139	356	3	2014.153846
blake	1.1492	-0.4911	2	260	952	6	2006.933333
bloom	-0.2546	0.6575	1	186	456	3	2012.055462
body	-0.4738	0.2194	1	271	734	5	2011.227462
bolling-allerod	1.4205	-0.2636	2	187	554	4	2014.814815
bottom sediments	-0.74	-0.3975	1	167	404	5	2010.605263
bottom water	0.0625	0.3065	3	956	8702	67	2008.220624
bottom water circulation	-0.2397	-0.3661	3	201	490	3	2004.923077
boundary	0.4544	-0.0432	2	465	1962	16	2008.420868
boundary exchange	0.2596	0.5259	3	559	2948	20	2014.428571
box model	0.2491	-0.3474	3	175	482	4	2006.816327
bp	0.8612	0.0829	2	367	1248	8	2012.006369
brazil	0.4313	0.1545	2	153	348	3	2006.401914
brine	-0.1649	-0.8777	1	296	1010	7	2008.817204
brine formation	0.0627	-1.207	2	151	408	3	2011
brine rejection	-0.2117	-0.3478	1	177	464	3	2007.467532
budget	-0.2333	0.3069	1	473	1984	17	2011.153068
burial	-0.7098	-0.2966	1	127	282	3	2012.020619
c-13	0.9103	0.4991	2	234	752	6	2013.180371
c-14	0.8234	0.2571	2	189	508	4	2010.938406
ca	-0.9336	-0.2878	1	351	1114	10	2010.753333
cadiz	1.2846	0.4055	2	132	378	3	2010
calcite	-0.5967	0.3879	1	142	350	3	2011.090909
calibration	-0.1779	0.3507	1	197	512	5	2011.99511
canada	-0.3474	-0.7795	1	439	1882	14	2011.058788
canada basin	-0.4969	-1.1406	1	198	622	5	2011.177966
canadian	-0.0883	-0.8479	1	321	1148	7	2010.480463
cape	0.2173	0.9444	3	299	1028	7	2009.255255
cape basin	0.1662	0.8931	3	238	712	5	2007.807692
carbamazepine	-1.1464	0.4321	1	83	250	4	2008.666667
carbon	0.3184	0.3124	2	549	2690	22	2013.107259
carbon cycle	1.1778	0.3897	2	173	440	3	2014.082353
carbon cycling	0.8716	0.1292	2	152	370	3	2014.143411
carbon isotopes	1.1974	0.3353	2	174	464	3	2012.083744
carbon storage	0.3973	0.5392	2	172	402	3	2014.537313
carbonate	-0.5175	-0.0655	1	635	2960	28	2011.940552
carbonate platforms	-0.1473	-0.6662	1	106	250	3	2008.428571
caribbean	1.0253	0.0469	2	282	968	7	2011.107692
carrier	-0.7947	0.1429	1	251	720	7	2011
case	-0.1691	-0.1365	1	604	2580	22	2010.847835
case study	-0.4435	-0.1096	1	235	656	5	2012.678179
catchment	-0.7258	-0.4071	1	219	636	6	2013.188825
cation	-0.4281	-0.562	1	127	272	3	2011.468354
cause	0.4604	-0.5576	2	317	1110	9	2011.675244
ce-anomaly	-0.7077	0.117	1	456	1864	17	2007.352941
cell	-0.0964	-0.1761	1	242	620	5	2011.359784
cenozoic	-0.1178	-0.4882	1	417	1554	14	2009.041667
central indian ocean	0.027	-0.6868	1	192	538	4	2005.176471
central pacific	0.537	-0.2311	2	173	478	4	2010.894737
central water	0.8397	0.6802	2	217	624	5	2007.57
cerium	-0.8851	0.4114	1	305	1054	10	2006.090909
cerium anomaly	-0.9281	0.5232	1	148	366	4	2004
changes	0.4284	-0.2799	2	1170	18010	139	2012.206219
channel	-0.2281	-0.2154	1	195	500	4	2009.903036
characteristics	-0.5673	-0.1742	1	516	2114	19	2010.936545
characterization	-0.3971	-0.1071	1	215	564	5	2012.72969
chemical	-0.5263	-0.1863	1	746	3900	38	2011.607029
chemical composition	-0.9328	-0.2591	1	291	930	11	2012.512915
chemical weathering	0.2693	-0.6656	2	366	1420	11	2008.5
chemistry	-0.07	0.239	1	458	1586	13	2012.465976
china	0.6967	0.7448	2	236	794	6	2013.948798
china sea	0.7854	0.8264	2	221	748	5	2013.311594
chromatography	-0.335	0.3448	1	117	262	3	2010.861702
chronology	0.4579	-1.0172	2	142	404	3	2010.47
chukchi	-0.7121	-0.7391	1	273	852	8	2012.695271
chukchi sea	-0.5948	-0.8158	1	269	834	7	2012.877751
circulation	0.6428	-0.0487	2	1117	16724	124	2010.44219
circulation changes	1.0667	-0.0957	2	425	1830	13	2012.23125
circulation model	1.1916	0.2179	2	129	344	3	2009.61811
circulation patterns	0.5431	-0.5466	2	563	2752	21	2010.597956
circum-antarctic	0.2192	0.7561	3	199	596	4	2004.4
circumpolar	0.2399	0.7639	3	716	5374	38	2008.65295
circumpolar current	0.0226	0.6608	3	500	2550	17	2008.384884
circumpolar deep	0.3015	0.882	3	527	3134	22	2009.743363
circumpolar deep water	0.2401	0.9083	3	547	3308	23	2009.940625
classification	-0.9982	-0.2577	1	106	244	3	2011.561043
clay	-0.2983	-0.2544	1	492	2044	18	2009.622093
clay mineral	-0.4777	0.0251	1	176	406	3	2008.473684
clay minerals	-0.2606	-0.4448	1	215	582	6	2008.6
clay-size fraction	0.6258	-0.8238	2	148	494	5	2007.285714
climate	0.7432	0.0593	2	823	6226	47	2012.847305
climate change	0.4012	0.0242	2	489	2074	16	2013.106897
climate cycles	1.2376	0.2152	2	220	624	4	2008.309524
climate system	0.9656	-0.0064	2	312	1066	8	2012.717277
climate transitions	0.7714	0.5265	2	161	422	3	2014.730769
climatic conditions	0.5657	-0.5177	2	164	422	3	2011.992424
climatic events	1.5101	0.2204	2	177	578	4	2012.435644
closure	0.7978	-0.5991	2	370	1718	14	2009.644444
co	-0.9877	-0.3344	1	287	1110	13	2011.599291
co2	0.6919	0.2366	2	443	1700	13	2013.165022
coagulation	-0.8896	-0.2807	1	172	458	3	2011.525
coast	0.1146	0.4625	3	342	1168	9	2010.134684
coastal	-0.2191	0.0874	1	308	904	6	2010.739865
coastal waters	-0.75	0.4507	1	214	672	5	2011.971338
coatings	-0.0445	0.2688	1	628	3178	23	2011.814815
coefficients	-0.9617	0.2584	1	147	398	5	2010.617647
cold events	1.3295	0.3273	2	143	374	3	2013.268293
cold water	1.0012	0.3909	2	279	950	7	2009.137255
cold water coral	0.7547	0.3954	2	160	414	3	2014.75
cold-water corals	1.0008	0.3719	2	236	738	5	2013.583333
colloids	-1.0125	-0.0802	1	210	688	6	2013
column	-0.12	0.4616	3	798	5400	40	2010.224159
comparison	-0.1028	0.2554	1	739	3908	31	2010.70057
compilation	-0.1876	0.1454	1	300	892	7	2012.019048
complex	-0.6904	0.2571	1	404	1358	13	2011.908387
complexation	-1.1387	0.1316	1	181	514	6	2008.95
composition	0.0815	0.0042	1	1206	18192	153	2012.45256
compounds	-1.0664	0.3921	1	126	320	4	2012.161238
concentrations	-0.5253	0.3417	1	1098	13652	120	2011.643222
concerns	-0.1956	0.1262	1	130	306	3	2012.89313
concretions	-1.111	-0.1794	1	98	258	4	2010.846154
consistency	-0.5303	0.6528	3	198	562	4	2011.881356
constancy	0.2914	-0.7339	2	143	336	3	2006.8
constraints	0.4571	-0.2534	2	546	2366	19	2011.060453
contaminants	-0.7978	0.3968	1	125	286	3	2011.424242
contamination	-1.0093	0.2297	1	159	382	5	2011.920245
content	-0.4535	-0.2494	1	428	1694	17	2011.761593
continent	-0.175	-0.3844	1	486	2068	15	2011.202884
continental	0.0187	-0.6418	1	438	1562	12	2010.243993
continental crust	-0.6118	-0.3279	1	316	1030	10	2008.92
continental margins	0.074	-0.2614	2	289	870	7	2010.39759
continental runoff	0.9499	-0.5617	2	161	432	3	2012.958333
continental shelf	-0.0073	-0.4162	1	272	750	5	2010.424501
continental shelves	-0.2736	-0.4821	1	256	690	5	2010.369565
continental sources	-0.2082	-0.4411	1	306	882	6	2010.684211
contrast	-0.3217	0.203	1	784	4822	38	2011.509677
control	-0.2488	0.454	1	621	3130	23	2012.474255
convection	1.0644	0.1166	2	336	1154	8	2009.024462
cooling	0.7599	0.0657	2	340	1144	8	2010.829787
corals	0.7908	0.3821	2	429	1854	15	2011.211921
core	0.473	-0.2948	2	975	9234	72	2010.446523
core top	-0.2238	0.094	1	409	1504	11	2010.772727
correlation	-0.3786	0.1986	1	556	2572	23	2011.333794
cover	0.5507	0.1486	2	307	952	8	2011.664763
coverage	0.4659	0.0061	2	226	578	5	2012.329283
cretaceous	-0.1803	-0.4156	1	309	990	9	2012.35
crozet	-0.2696	0.4841	3	148	374	3	2004.563636
cruise	0.1536	0.8275	3	272	846	6	2008.733524
crust	-0.3595	-0.5705	1	705	4004	37	2010.24359
crust formation	-0.5971	-0.6787	1	129	316	3	2011.6
crystals	-0.6843	0.8202	3	159	424	3	2009.139752
cu	-1.0583	-0.1476	1	189	582	7	2012.168831
current	0.3894	0.1815	2	847	6480	48	2008.757215
cycle	0.4776	0.4118	2	771	5296	38	2011.47296
cycling	-0.1426	0.4459	1	499	2106	16	2014.035763
data	0.0124	-0.0295	1	1208	17916	147	2011.015066
data set	-0.397	0.3549	1	312	1002	8	2010.433246
date	-0.2093	0.167	3	177	454	4	2012.087051
dating	0.1231	-0.8009	1	179	504	4	2010.925926
debris	0.3092	-0.6621	2	362	1230	9	2009.221983
decoupling	0.1755	-0.3896	1	191	526	4	2011.15
deep	0.608	0.2578	2	1001	11872	88	2008.172697
deep circulation	0.5662	-0.5071	2	312	1186	9	2007.430769
deep convection	1.109	0.0449	2	239	706	5	2008.798561
deep currents	0.7981	-0.7736	2	101	278	3	2006.294118
deep drilling	-0.1601	-0.2269	1	175	446	4	2005.6
deep ocean	0.6621	0.4211	2	441	1922	15	2011.244019
deep ocean circulation	0.8991	0.5718	2	214	606	4	2011.458333
deep sea	0.1549	-0.2619	2	647	3120	27	2010.4
deep sea drilling project	-0.1611	-0.229	1	175	446	4	2004.25
deep seawater	-1.0822	0.195	1	117	298	3	2011.428571
deep water	0.5025	0.1697	2	1123	17362	131	2008.094223
deep water circulation	0.3096	0.0904	2	505	2074	14	2007.939394
deep water formation	1.2066	0.061	2	404	1650	11	2008.358974
deep water masses	0.5564	0.0799	3	466	1986	14	2009.424242
deep-sea corals	0.8173	0.2293	2	253	888	8	2011.5
deep-sea sediments	-0.1093	-0.6705	1	307	896	7	2011.413043
deep-water production	1.3562	-0.2242	2	122	336	3	2008.666667
deepwater	0.4733	-0.305	2	381	1478	13	2009.210526
deficit	-0.6378	1.0364	3	129	328	3	2010.613793
deglacial	1.4099	0.3363	2	149	436	3	2012.571429
deglaciation	1.012	-0.1361	2	521	2882	21	2010.986813
delivery	-0.117	-0.735	1	239	638	4	2013.849246
delta	0.7433	0.0746	2	505	2108	14	2010.255844
denmark	0.7716	-0.8253	2	232	896	7	2008.212014
denmark strait	0.7734	-0.8241	2	232	896	7	2007.680498
denmark strait overflow	0.7358	-0.8867	2	204	698	5	2008.18254
denmark strait overflow water	0.7375	-0.886	2	204	698	5	2008.430769
density	0.0496	0.4758	3	173	434	3	2009.879211
depletion	-0.7306	0.3129	1	384	1642	13	2011.778068
deposition	-0.3238	-0.0181	1	567	2132	17	2012.094256
deposits	-0.5732	-0.3854	1	524	2152	21	2011.200561
depth	0.2071	0.2194	2	1053	11028	85	2010.672402
depth profile	-0.8833	0.3842	1	126	298	3	2009.483871
desert	-0.5112	-0.1075	1	130	308	3	2011.209622
detail	0.9884	0.3561	2	235	648	5	2011.078886
determination	-0.6352	0.3303	1	255	848	10	2010.57381
detrital	-0.2558	-0.4488	1	360	1108	8	2013
detrital fractions	-0.1145	-0.554	1	343	1110	7	2016
detrital material	0.4073	-0.6564	2	240	700	5	2012.222222
detrital minerals	-0.3344	-0.8294	1	107	278	3	2009
detritus	-0.3852	-0.3053	1	450	1618	12	2009.630137
development	-0.1697	-0.1402	1	471	1612	14	2011.773084
diagenesis	-0.6895	-0.2733	1	352	1198	11	2009.21875
diagenetic processes	-0.8273	-0.1366	1	229	652	6	2010.526316
diatom	-0.7168	0.5037	1	269	838	7	2012.261803
difference	-0.5176	-0.2591	1	364	1198	9	2011.163032
diffusion	-0.5528	0.2911	1	172	412	3	2008.759067
dilution	-0.1975	0.5097	1	225	632	6	2009.094828
discharge	-0.1284	0.4193	1	370	1258	11	2012.354474
discrimination	-0.3385	-0.2304	1	167	394	3	2010.948718
dispersal	-0.1377	-0.2407	1	281	822	7	2011.394973
display	0.3787	0.4433	2	338	1060	7	2009.759494
dissolution	-0.7203	0.3151	1	582	2972	25	2010.989744
dissolution rates	-0.9726	-0.1591	1	160	366	3	2011.842105
dissolved	-0.2665	0.7674	3	382	1508	12	2012.616949
distance	-0.4149	-0.7829	1	161	356	3	2011.010448
distribution	-0.4544	0.294	1	1076	10520	92	2010.907306
distribution coefficients	-0.9356	0.3168	1	102	254	3	2012.2
distribution patterns	-0.7649	0.046	1	391	1238	11	2010.866972
domains	-0.129	0.2814	3	262	782	6	2011.565217
dominance	0.3522	0.3539	2	340	1172	9	2012.29375
drainage	-0.2959	-0.6455	1	275	770	6	2012.254459
drake passage	0.1717	0.3705	3	371	1458	11	2008.373887
drift	0.8641	-0.0491	2	282	878	6	2009.705986
drilling	-0.0367	-0.4262	1	523	2520	20	2011.883459
dryas	1.0078	-0.2888	2	444	1962	14	2010.77931
dsdp	0.0178	7e-04	1	243	664	5	2006.428571
dust	-0.0103	-0.1099	1	579	3002	23	2012.455882
dust flux	0.0052	-0.6065	2	162	392	3	2011.2
dust input	0.1341	0.8589	3	171	440	3	2015.4
dust sources	-0.5887	-0.4987	1	156	502	5	2015
dynamics	0.8137	-0.4156	2	344	1220	9	2012.382241
early diagenesis	-0.6438	0.0534	1	189	498	5	2008.25
early miocene	0.1235	-0.6873	1	218	596	4	2010.428571
earth	-0.5999	0.3286	1	996	9758	88	2012.416212
earth elements	-0.7393	0.3958	1	863	7282	69	2010.808989
east	0.0298	0.1987	3	790	5276	42	2011.088561
east antarctic	0.7864	0.3479	2	196	528	4	2012.333333
east antarctica	-0.0636	0.7929	3	163	474	4	2012.024096
east atlantic	1.0165	-0.3624	2	288	992	7	2012.490909
east greenland	0.5874	-0.4723	2	158	426	3	2008.67354
east pacific	-0.1208	0.9424	3	229	680	5	2009.929577
east pacific rise	-0.1462	0.8003	3	191	514	4	2008.75
east siberian sea	-0.9587	-0.5947	1	62	142	3	2012.258427
eastern	0.8675	0.281	2	292	822	6	2011.347648
eastern north atlantic	1.155	0.4162	2	193	516	3	2006.434783
eep	0.5851	0.8753	2	172	446	3	2012.555556
effects	-0.2746	-0.1465	1	684	3570	32	2011.624055
efficiency	-0.4769	0.4806	1	169	454	4	2012.80663
effort	-0.3241	0.7647	3	139	332	3	2012.512579
electron	-1.1202	-0.1926	1	145	348	4	2011.572917
electron microprobe	-1.1166	-0.3594	1	114	268	3	2010.428571
element concentrations	-0.5313	-0.0667	1	523	2108	18	2011.525
element distribution	-0.4787	0.2639	1	282	820	6	2011.866667
element geochemistry	-0.665	0.4111	1	245	712	6	2009.454545
elemental composition	-0.6086	-0.4962	1	214	546	6	2011.644737
elemental ratios	-0.8392	0.014	1	201	546	5	2009.692308
elements	-0.6909	0.1854	1	1104	13922	128	2011.89258
emissions	-0.8742	0.3009	1	141	326	3	2013.550741
end-member	0.3834	-0.107	2	487	2028	16	2010.849315
endmember	-0.3012	0.1014	1	220	618	5	2014.777778
enhanced	-0.0862	0.4046	1	160	356	3	2012.845902
enrichment	-0.7712	0.3404	1	607	3230	28	2011.973485
entrainment	1.2533	0.2885	2	196	542	4	2007.739437
envelope	0.0085	0.688	3	142	368	3	2011.721311
environment	-0.6363	-0.1079	1	651	2900	25	2012.515563
environmental conditions	-1.0541	-0.1687	1	115	260	3	2013.912338
eocene	-0.1876	-0.4897	1	342	1182	10	2011.117647
epsilon	0.3166	0.1494	2	1129	16418	122	2010.961111
epsilon nd	0.3458	0.2067	2	1110	15676	116	2011.231405
equator	0.3208	1.0894	3	183	498	4	2007.514563
equatorial	0.0602	0.6853	3	382	1478	12	2007.173653
equatorial pacific	0.1239	0.6434	3	425	1818	14	2010.531915
equatorial pacific ocean	-0.3279	1.3176	3	116	330	3	2009.911765
equatorial undercurrent	0.6471	0.9367	2	181	436	3	2005.818182
equilibrium	-0.4257	0.0605	1	189	434	4	2010.171186
er	-0.5891	0.3665	1	114	274	3	2012.473684
erosion	-0.1194	-0.6862	1	468	1976	16	2011.871716
eruption	-0.9161	0.1237	1	134	360	4	2009.934211
establishment	0.323	-0.8227	1	169	398	3	2011.445578
estuarine	-0.9089	-0.4208	1	193	526	4	2010.194444
estuarine processes	-0.9143	-0.1563	1	213	678	5	2012.875
estuary	-0.7537	-0.3222	1	330	1196	10	2010.621212
eu	-0.836	0.4242	1	381	1396	13	2012.508772
eu anomaly	-0.86	0.4226	1	246	806	8	2010.625
europe	0.4151	-0.0345	2	266	780	6	2011.79689
europium	-0.7504	0.5103	1	281	982	8	2016.625
europium anomaly	-0.9695	-0.1325	1	133	314	3	2016.666667
evaluation	-0.1716	0.2694	1	320	1062	8	2013.100503
events	0.6976	-0.1474	2	670	3812	28	2012.030986
evolution	0.4431	-0.2701	2	791	5548	46	2012.05694
excess	-0.6143	-0.4281	1	186	432	3	2008.657895
exchange	0.0837	0.082	1	892	7022	52	2010.706601
exchange processes	-0.4597	0.175	1	374	1424	10	2010.627451
excursions	0.9212	-0.1588	2	464	2090	16	2009.960784
expansion	0.5768	-0.4155	2	222	530	4	2012.969492
expedition	-0.437	-0.0288	1	210	548	4	2010.922432
experimental	-1.0511	-0.1355	1	113	272	3	2013.019481
experiments	-0.7025	0.0808	1	344	1314	12	2011.075205
export	0.5927	0.0259	2	452	1766	12	2011.295396
exposure	-0.0699	-0.4709	1	167	386	3	2012.977505
extension	0.8232	0.2667	2	369	1326	10	2010.251641
extent	0.1024	0.1678	3	548	2448	18	2011.835219
extraction	-0.2331	0.0674	1	311	968	8	2013.323651
facies	-0.6375	-0.3666	1	90	200	3	2007.653061
fan	0.5436	-0.1606	2	158	368	3	2010.271845
fe	-0.8023	-0.0767	1	559	2432	23	2012.054167
fe oxides	-0.9004	0.177	1	150	370	3	2010.307692
fe-mn oxyhydroxides	0.5904	-0.7307	2	242	734	5	2012.6
fe-rich	-0.8612	-0.0359	1	138	320	4	2010.8
features	-0.6965	0.088	1	438	1614	17	2010.384646
feedback	0.8414	0.0084	2	278	806	5	2013.003957
ferromanganese	-0.7488	-0.4138	1	286	944	12	2008.583333
ferromanganese composition	0.5543	-0.9703	2	129	364	3	1999.333333
ferromanganese crusts	-0.248	-0.5939	1	641	3616	32	2007.375
ferromanganese deposits	-1.0275	-0.2345	1	134	322	3	2009
ferromanganese nodules	-1.0079	-0.259	1	214	646	8	2009
field	-0.8801	0.0621	1	325	1046	11	2010.533445
filter	-0.901	-0.0986	1	104	272	3	2011.920139
filtration	-1.1603	0.4056	1	116	408	6	2010.576271
fingerprints	-0.319	0.2666	1	332	1006	10	2013.054726
fish	0.0043	0.4355	3	240	758	5	2010.064516
fish teeth	0.5806	0.2395	2	451	1994	14	2012.642857
florida	1.1559	-0.1579	2	199	584	4	2009.880597
flow	0.3956	0.1216	3	637	3236	25	2010.017411
flow path	0.889	-0.0546	3	319	1144	8	2012.76
fluctuations	0.494	-0.3577	2	399	1354	9	2009.816514
fluid	-0.8219	-0.0409	1	337	1002	10	2009.934901
flux	0.04	0.0284	1	864	6076	46	2010.974387
foraminifera	0.4314	0.376	2	644	3690	26	2011.592
forcing	1.0195	-0.0248	2	222	592	4	2011.371506
formation	-0.0904	-0.1681	1	935	7040	61	2010.511811
fossil	0.0125	0.3665	1	239	686	6	2010.893617
fossil fish	0.4256	0.0343	3	370	1508	11	2011
fossil fish teeth	0.3638	0.0504	3	310	1116	8	2010.375
fraction	-0.3109	-0.4109	1	910	7118	60	2011.553026
fractionation	-0.7895	0.5798	1	349	1226	12	2011.073171
fracture	0.2853	0.0657	2	218	614	5	2011.127273
fracture zones	0.6412	0.0676	2	182	500	4	2007.271028
fragments	0.9228	0.1708	2	166	426	3	2010.917127
fram strait	-0.072	-0.8427	1	326	1262	9	2009.019324
framework	-0.3094	0.2229	1	264	718	6	2013.208431
fresh water	0.2898	0.4197	2	296	876	7	2007.859316
freshening	1.0757	0.099	2	225	620	4	2010.903704
freshwater	0.3516	-0.0244	2	552	2446	18	2011.825688
freshwater discharge	0.6498	0.7604	2	136	342	3	2012.191176
front	-0.0647	0.5396	3	421	1574	11	2009.508357
frontal	-0.3266	1.1625	3	159	410	3	2007.215569
function	0.4349	-0.3433	2	398	1296	9	2010.972155
future	-0.4911	-0.041	1	167	372	3	2013.712684
gadolinium	-1.0987	0.437	1	221	654	7	2007.142857
gap	-0.0517	-0.6081	1	157	354	3	2012.915572
gas	-0.8612	-0.2159	1	218	548	5	2012.319686
gateway	0.5397	-0.6681	2	376	1600	12	2013.181818
general circulation	1.0468	-0.2744	2	221	708	5	2009.760621
general circulation model	1.0457	-0.2776	2	221	708	5	2010.017151
geochemical	-0.6316	-0.5423	1	275	788	8	2011.369231
geochemical cycles	0.988	0.2683	2	163	420	3	2008.777778
geochemical signatures	-0.2327	-0.783	1	175	438	3	2014.333333
geochemistry	-0.7982	0.082	1	528	2174	23	2011.778947
geology	-0.0793	0.0126	1	127	316	3	2011.073333
geotraces	-0.0844	0.9445	3	472	2564	19	2015.966667
germany	-1.1284	0.4376	1	83	216	3	2011.132743
glacial	0.8046	-0.282	2	697	4626	33	2011.612378
glacial conditions	0.3073	-1.1209	2	151	404	3	2011.409091
glacial cycle	0.8788	0.0567	2	373	1352	9	2010.016949
glacial holocene	0.7595	-0.7454	2	162	464	4	2009.521739
glacial maximum	0.8528	-0.2841	2	583	3206	23	2011.882521
glacial meltwater	-0.903	-0.0658	1	175	556	5	2014.267176
glacial period	0.603	0.2115	2	474	1978	13	2010.808333
glacial termination	1.346	-0.0048	2	149	376	3	2011.333333
glacial-interglacial	0.6827	0.0467	2	502	2242	17	2011.028037
glacial-interglacial cycles	0.4102	-0.2165	2	205	562	4	2011
glaciation	0.382	-0.6673	2	588	3220	25	2009.656667
glacier	-0.7899	-0.4409	1	229	554	4	2012.551157
global climate	1.0564	0.4821	2	405	1624	11	2012.960148
global climate changes	1.0791	0.4531	2	183	444	3	2012.410256
global ocean	0.761	0.4073	2	449	1894	13	2012.454839
global ocean circulation	0.9247	0.1552	2	272	880	6	2010.804878
global thermohaline circulation	0.8097	0.5163	2	198	554	4	2006.653061
gradient	0.2495	0.4161	2	416	1426	11	2011.354256
grain	-0.5412	-0.6504	1	199	564	5	2011.304833
grain size	-0.4471	-0.5733	1	180	442	4	2011.854054
greenhouse	0.3114	-0.1157	2	189	510	4	2012.619866
greenland	0.1572	-0.5986	2	638	3618	28	2011.434214
greenland ice	-0.6916	-0.4329	1	236	720	6	2013.011636
greenland ice sheet	-0.6781	-0.3861	1	184	480	4	2013.335324
greenland margin	0.4455	-0.6928	2	237	708	5	2009.125
groundwater	-1.1117	0.3849	1	219	702	9	2013.564784
group	-0.8439	-0.2491	1	200	490	5	2011.722362
growth	-0.2878	-0.4624	1	485	2156	21	2011.406319
growth rate	-0.5442	-0.6552	1	322	1252	12	2010.818356
guinea	-0.2796	1.2366	3	194	646	5	2005.941176
gyres	0.9807	0.8613	2	159	436	3	2008.196078
hafnium	-0.3115	-0.6045	1	476	2144	16	2012.625
hafnium isotopes	-0.8073	-0.6069	1	171	494	4	2009.75
hand	-0.3768	-0.0933	1	409	1462	11	2010.96875
heat	1.1137	0.249	2	432	1940	14	2011.129975
heat transport	1.1401	0.0921	2	211	728	6	2012.027726
heinrich	1.2136	0.0976	2	402	1850	13	2011.948276
heinrich events	0.8693	-0.0643	2	245	732	5	2011.333333
heinrich stadial	1.3559	0.294	2	259	868	6	2014.8125
hemisphere	0.9786	-0.087	2	588	3342	24	2010.968158
heterogeneity	-0.4576	-0.3749	1	161	380	3	2014.002481
hf	-0.4448	-0.5555	1	606	3246	26	2012.983333
hf isotope	-0.1263	-0.6671	1	428	1740	12	2012.333333
hf isotopes	-0.0739	-0.8903	1	319	1072	7	2015
hf nd isotope	-0.2272	-0.5515	3	339	1222	8	2013.125
hf-nd	-0.5077	-0.7879	1	197	492	3	2014.333333
high latitudes	0.32	0.0706	2	413	1514	12	2011.932029
high temporal resolution	0.9438	-0.3778	2	147	406	3	2014.304348
high-precision	0.0089	-0.2838	2	248	684	6	2010.961538
high-resolution	0.6005	-0.2817	2	571	2824	21	2012.264879
himalaya	0.2111	-0.4433	3	165	390	3	2012.563107
history	0.4183	-0.3861	2	461	1968	16	2011.001969
holocene	0.8319	-0.2409	2	736	5378	39	2010.62959
holocene sediments	0.3835	-0.6846	2	181	532	5	2008.829787
horizon	-0.8099	-0.5871	1	108	232	3	2012.354286
host	-0.9432	-0.2851	1	225	588	6	2013.124
hree	-0.9009	0.3426	1	226	700	7	2004.5
hydrography	0.3578	-0.0671	2	232	688	5	2009.277922
hydrological changes	0.5243	-0.2442	2	184	520	4	2015.863636
hydrothermal activity	-0.8311	0.2847	1	236	686	6	2009.925926
hydrothermal fluids	-0.8267	-0.1782	1	148	332	3	2011.055556
hypothesis	0.2816	0.27	2	284	892	7	2011.082126
ice	0.1661	-0.3193	2	861	6134	47	2011.721291
ice cores	-0.3348	-0.4457	1	157	430	4	2010.322795
ice melting	0.2053	-0.3623	2	163	384	3	2011.241071
ice sheet	0.4652	-0.4772	2	636	3394	27	2012.194459
ice-cover	0.6917	0.2791	2	236	662	5	2011.210019
iceberg discharge	1.524	0.2502	2	159	416	3	2013.363636
icebergs	0.7851	0.5098	2	251	788	6	2011.523585
iceland	0.1873	-0.1745	2	412	1852	14	2009.361905
iceland basin	0.8221	-0.0842	2	222	712	5	2009.030303
iceland-scotland overflow	0.9259	0.2139	2	214	618	4	2007.37931
iceland-scotland overflow water	0.9565	0.2698	2	259	896	6	2008.108696
icp-ms	-0.8351	0.1798	1	263	850	10	2011.304348
identification	-0.3672	-0.0789	1	283	810	7	2011.944837
igneous rocks	-0.9735	0.2542	1	148	344	4	2003.5
illite	-0.8595	-0.5	1	139	330	3	2008.263158
images	-0.1213	0.7157	3	159	384	3	2011.32506
impact	-0.4636	0.2035	1	590	2378	21	2013.206627
implications	-0.2099	-0.4026	1	623	2910	24	2011.871583
inception	0.6818	-0.2576	2	149	366	3	2011
incongruent weathering	0.0567	-0.8683	2	206	628	5	2011.6
incorporation	-0.9736	0.2562	1	131	328	4	2011.174419
indian	-0.0519	-0.1883	3	370	1270	11	2008.760736
indian ocean	0.121	0.4059	3	577	3206	25	2010.03125
indian sector	-0.4046	0.7879	3	195	520	4	2009.542373
indices	-0.8779	0.2488	1	294	850	8	2012.102711
indonesian throughflow	0.4238	0.4025	3	235	688	5	2006.571429
infiltration	-1.0953	0.374	1	138	414	5	2011.933884
inflow	0.0325	-0.7261	1	477	2014	15	2009.568182
influence	0.2093	0.0738	2	978	8636	65	2011.779275
information	-0.1011	-0.4192	1	534	2230	17	2011.767792
initiation	0.3736	-0.5201	2	204	544	5	2010.927536
insight	0.0202	0.176	1	228	576	5	2012.936061
integrated	-0.2408	-0.4428	1	279	926	7	2013.689655
integrated ocean drilling program	-0.4871	-0.0862	1	148	374	3	2012.888889
intensification	0.8265	-0.5805	2	347	1268	9	2011.672775
intensity	0.2436	-0.2864	2	483	1822	15	2011.663823
interactions	-0.2948	0.0537	1	562	2558	19	2011.626733
interface	-0.7411	0.2381	1	369	1194	10	2010.689655
interglacial	0.6118	-0.3567	2	193	520	4	2010.910891
interglacial period	0.2364	-0.5863	2	251	746	5	2011.269841
interior	0.5493	-0.2734	2	193	448	3	2010.221733
intermediate	0.8023	0.4555	2	747	5740	43	2007.833333
intermediate depths	1.1967	0.0268	2	254	822	6	2008.014493
intermediate water circulation	1.1203	0.0739	2	162	480	4	2004.666667
intermediate water masses	0.9178	-0.0231	2	275	804	6	2008.909091
intermediate waters	0.772	0.2871	2	853	7424	55	2007.72884
international	0.3654	0.7435	3	264	774	5	2009.59081
interpretation	0.0603	-0.1066	1	479	1698	14	2010.411609
interstadial	1.3564	0.0518	2	235	742	5	2012.424242
introduction	-0.7942	-0.1269	1	103	240	3	2010.370629
intrusion	0.2915	0.675	2	228	576	5	2011.398892
inventory	-0.4694	0.4304	1	228	690	5	2012.165029
inversion	-0.0808	0.0709	1	179	408	3	2010.501809
iodp	0.1858	-0.465	1	287	830	7	2014.628571
ion	-0.9518	0.1671	1	325	1078	11	2012.411616
irminger	0.7526	-0.8814	2	177	546	4	2010.348018
iron	-1.0199	-0.032	1	319	1086	12	2012.176678
iron formations	-0.9849	-0.1251	1	119	288	3	1999.75
island	-0.3932	0.5337	1	551	2888	26	2009.956692
island arc	-0.6203	0.0961	1	207	534	5	2011.904762
isolation	0.4815	-0.0216	2	167	364	3	2010.695946
isotope	0.3211	-0.1266	2	1214	22620	176	2011.966793
isotope geochemistry	0.824	-0.5914	3	157	438	4	2010.2
isotope ratios	0.0968	-0.3056	1	716	4074	30	2011.051724
isotope record	0.9625	-0.2506	2	492	2528	17	2010
isotope signatures	0.3318	-0.3149	2	694	4362	31	2012.965517
isotopic analysis	-0.6454	-0.5232	1	140	322	3	2012.230769
isotopic composition	0.2999	-0.0511	2	1195	20732	162	2011.032751
isotopic data	0.2083	-0.28	3	374	1316	9	2009.942857
isotopic tracers	0.1852	-0.436	2	327	1022	8	2011.829268
isotopic variations	0.2777	-0.3892	3	363	1334	11	2002.928571
isow	0.9509	0.422	2	236	798	6	2010.212121
isthmus	0.781	-0.5443	2	195	594	5	2005.818182
japan	-0.1952	0.2788	1	185	508	5	2010.171958
java	0.1461	-0.6504	2	183	488	4	2007.933333
jurassic	-0.3863	-0.7124	1	162	460	5	2012.372549
kara	-0.7259	-0.5073	1	194	528	6	2011.634058
kara seas	-0.7268	-0.5063	1	194	528	6	2012.917722
kerguelen	-0.2114	0.678	3	189	546	4	2006.886525
kerguelen plateau	-0.3686	0.9089	3	153	414	3	2008.293103
knowledge	0.118	0.1289	2	442	1570	11	2012.895394
labrador	0.7687	-0.3813	2	624	3888	31	2008.853808
labrador current	0.7373	-0.6237	2	118	286	3	2007.417722
labrador sea	0.9338	-0.3755	2	561	3432	27	2008.747813
labrador sea water	0.9704	-0.0519	2	402	1734	12	2007.215139
lacustrine	-1.0716	0.1291	1	123	266	3	2010.425926
lake	-0.9786	0.1649	1	369	1308	15	2012.017794
lake water	-1.1616	0.3206	1	88	216	3	2011.325444
land	0.3104	0.1018	3	234	754	7	2012.42268
laptev sea	-0.5549	-0.224	1	165	440	3	2011.257143
large	0.2362	0.7713	2	138	326	3	2011.479452
large-scale	0.6353	0.1064	2	390	1460	11	2011.165527
last glacial	0.7382	-0.0658	2	375	1286	9	2011.632353
last glacial maximum	0.6618	-0.3084	2	305	980	7	2012.258621
late	0.3495	-0.2803	2	507	2074	16	2009.495327
late cretaceous	0.0912	-0.3322	1	224	656	5	2012.846154
late glacial	0.8145	-0.3066	2	239	710	5	2009.423077
late holocene	1.1477	-0.2069	2	198	488	3	2010.923729
late miocene	-0.0229	-0.2993	1	118	266	3	2006.625
late pliocene	0.156	-0.3036	1	118	290	3	2010.666667
late quaternary	0.558	-0.5442	2	164	426	4	2008.162162
lateral advection	-0.1382	0.4811	1	240	618	4	2011.088235
lateral transport	0.0076	1.1957	3	240	924	7	2011.875
latitude	-0.2796	0.3754	3	362	1296	10	2011.054819
laurentide	0.8028	-0.6734	2	256	918	7	2009.222222
laurentide ice sheet	0.8013	-0.6736	2	256	918	7	2009.33945
layer	-0.1598	-0.0112	1	794	4068	33	2010.321275
lcdw	-0.113	1.2093	3	261	1116	8	2006.69697
leachates	-0.1004	-0.4548	1	521	2250	16	2012.542857
leaching	-0.5904	-0.1825	1	451	1568	14	2013.183673
lead	0.1379	-0.2941	2	453	1876	14	2010.716069
lead isotope ratios	0.0516	0.1386	3	170	462	3	2001
lead isotopes	0.2883	-0.5483	2	364	1430	10	2008.076923
levels	-0.6725	-0.0195	1	286	778	7	2011.25209
lgm	0.6967	0.092	2	467	2046	15	2011.552083
li	-1.0323	-0.3337	1	136	374	4	2012.368421
light	-0.8613	0.0967	1	340	1212	11	2011.753582
limit	-0.211	0.2453	1	340	1132	11	2010.544865
line	-0.1589	0.078	1	172	410	3	2011.363128
literature	-0.8155	0.3868	1	178	476	4	2011.726524
lithogenic material	-0.2431	0.8695	3	326	1132	8	2012.833333
lithology	-0.472	-0.4665	1	128	292	3	2011.018868
location	0.5058	0.3032	2	539	2414	18	2010.881081
loess	-0.6195	-0.1844	1	201	542	6	2011.913043
lomonosov ridge	-0.0526	-1.0209	1	246	812	6	2006.37931
long-term	0.5694	-0.2186	2	467	1802	13	2012.366366
loss	-0.6453	-0.0042	1	196	482	4	2013.251087
low latitudes	0.5261	0.6163	2	178	446	3	2010.434286
low salinity	0.1556	0.3446	3	270	796	6	2007.542553
low temperatures	-0.8723	-0.3783	1	123	270	3	2011.076759
lower circumpolar deep water	-0.0126	1.0729	3	297	1316	9	2008.512195
mackenzie	-0.4706	-0.9998	1	239	724	5	2009.683007
mackenzie river	-0.4718	-0.9992	1	239	724	5	2009.6375
madagascar	0.0875	1.0784	3	160	422	3	2007.2
magnetic resonance	-0.907	0.4788	1	121	290	3	2013.555556
magnitude	-0.2452	0.5959	1	235	692	6	2011.364091
major components	-0.3904	-0.6472	1	120	258	3	2011.641509
manganese	-0.7006	0.1652	1	318	1070	11	2005.5625
manganese nodules	-0.6312	0.1855	1	316	1102	11	1999.785714
mantle	-0.7038	-0.5237	1	162	400	4	2007.089202
map	-0.6144	-0.2644	1	123	284	3	2011.727201
margin	0.2696	-0.0947	2	857	6096	46	2010.972504
marginal seas	0.0074	-0.3845	1	174	420	3	2011.022222
marine	-0.0806	-0.2196	1	870	5414	42	2012.020366
marine environment	-0.3593	-0.4971	1	335	1064	7	2012.287625
marine geochemistry	0.2036	-0.1862	2	190	482	3	2006.333333
marine isotope stage	1.1479	0.3682	2	245	754	5	2013.362637
marine sediments	0.0756	-0.4155	1	522	2166	15	2011.473418
marine surface	-0.6195	0.2835	1	155	364	3	2011.757576
mass	0.2347	0.2864	3	1135	15530	118	2010.941993
mass balance	-0.3065	0.467	1	309	942	7	2012.104996
mass exchange	0.4548	-0.5777	1	237	680	5	2008.770833
mass spectrometry	-0.9168	0.2271	1	262	906	11	2012.604502
mass transport	-0.2281	1.14	3	202	566	4	2010.308176
materials	-0.7995	0.1496	1	368	1226	13	2011.458333
maximum	0.69	-0.1322	2	686	3984	30	2010.287843
mean	-0.7852	-0.6313	1	129	286	3	2010.953636
measurements	-0.0465	-0.0576	1	529	2262	19	2010.932763
mechanisms	-0.191	0.2792	1	547	2240	19	2011.610479
media	-0.8513	-0.0406	1	109	234	3	2012.027933
mediterranean	0.3888	0.082	2	354	1284	10	2009.594488
mediterranean outflow	0.3888	-0.1176	2	193	510	4	2006.928571
mediterranean outflow water	0.3894	-0.1162	2	193	510	4	2010.64
mediterranean sea	1.1185	0.1836	2	149	444	4	2009.836735
mediterranean sea water	1.2076	0.362	2	122	370	3	2006.857143
melting	-0.1007	-0.5796	1	214	546	4	2012.110283
meltwater	-0.0413	-0.1804	1	373	1348	10	2012.781925
mendeleev ridge	-0.9861	-0.5342	1	75	198	3	2014.6
meridional circulation	1.3351	0.3728	2	170	500	4	2011.967742
meridional overturning	1.3173	0.1097	2	418	1948	13	2014.108635
meridional overturning circulation	1.3174	0.112	2	418	1948	13	2014.37574
metals	-0.8306	-0.0861	1	477	2112	21	2012.223108
method	-0.711	0.0888	1	529	2262	24	2012.144788
methodology	-0.54	0.147	1	155	354	3	2012.912525
mexico	0.6693	0.5363	2	156	392	3	2010.818182
mg	-0.9519	-0.2164	1	284	738	6	2010.971279
microprobe	-1.1169	-0.3591	1	114	268	3	2007.461538
mid-holocene	1.3021	-0.0396	2	235	730	5	2012.07874
mid-latitudes	0.0521	0.899	3	161	410	3	2012.022549
mid-miocene	0.4908	-0.8759	2	169	450	3	2008.6
middle miocene	0.2928	-0.2195	1	177	472	4	2008.857143
migration	0.3999	-0.4282	2	217	530	3	2011.023474
millennial-scale	1.159	-0.005	2	319	1040	7	2013.269841
mineral composition	-0.818	-0.2834	1	117	256	3	2010.68
mineralization	-0.7685	-0.3573	1	88	198	3	2012.943299
mineralogy	-0.3247	-0.5908	1	317	996	9	2011.014925
minerals	-0.7776	-0.0986	1	620	2858	27	2012.390313
minimum	-0.3094	0.5102	1	324	1056	9	2009.779051
miocene	0.0543	-0.5187	1	551	2738	23	2010.507937
mirror image	-0.4773	0.956	3	151	392	3	2006.666667
mis	1.2143	0.2925	2	204	580	4	2013.46875
mixing	0.2026	0.1044	2	999	9250	66	2009.902919
mixture	0.1336	-0.5834	2	391	1392	10	2010.906921
mn	-0.6682	-0.1755	1	658	3398	30	2010.849624
mn oxides	-1.0746	-0.2007	1	162	398	4	2006.75
mno	-0.7759	-0.3338	1	94	212	3	2013.666667
mobility	-0.4117	-0.4179	1	197	476	3	2011.8625
mode	0.3678	0.3096	2	491	2060	17	2010.915266
mode water	1.0193	0.511	2	257	792	6	2008.740088
model	0.0817	0.2781	1	695	3884	32	2011.651901
model simulations	1.0375	0.1846	2	201	560	4	2012.477137
modeling	-0.5611	-0.2219	1	278	838	8	2012.080047
modern	-0.2433	0.5329	1	144	366	3	2012.425
modification	-0.1288	0.3254	1	323	1030	7	2009.923977
monitoring	-0.8489	-0.0145	1	141	312	3	2012.828676
monsoon	0.6792	0.1181	2	242	730	6	2012.152749
mountains	-0.3795	-0.2429	1	158	368	3	2011.617276
mouth	0.1559	-0.7356	2	160	428	4	2011.528409
movement	-0.0446	0.2198	3	171	408	3	2009.813333
mud	-0.2201	-0.3559	1	145	322	3	2008.941176
na	-0.7603	0.1047	1	152	358	4	2012.122449
nadw	0.7103	0.302	2	625	3724	25	2005.583942
nanoparticles	-0.9639	-0.1696	1	185	608	5	2014.380952
nansen	0.1676	-0.78	2	116	304	3	2007.147368
natural	-0.4197	0.1725	1	132	274	3	2012.904762
natural waters	-1.1149	0.2506	1	88	228	3	2012.205882
nature	-0.3286	0.2948	1	512	1996	17	2010.788145
nd	0.2348	0.0269	2	1232	25270	200	2010.477273
nd concentration	0.0817	0.9302	3	381	1966	15	2009.266667
nd isotope ratios	-0.0886	-0.5079	1	279	804	5	2005.333333
nd isotopes	0.3854	-0.0101	2	1113	15144	113	2011.789916
nd isotopic composition	0.4369	0.3481	2	945	9154	71	2011.736111
nd isotopic variations	0.5187	-0.6201	3	183	480	4	2000.5
nd-143/nd-144	0.2201	-0.4128	2	568	2572	20	2009.428571
ne atlantic	0.5142	-0.0012	2	363	1178	8	2011.275862
near-surface	-0.4136	0.8288	3	157	384	3	2011.177419
neodymium	0.387	0.2546	2	1130	16418	123	2011.761905
neodymium concentrations	0.3988	1.1307	3	221	718	5	2011.2
neodymium isotope ratios	0.4307	-0.6224	2	331	1198	8	2009
neodymium isotopes	0.4085	0.0725	2	1020	10620	77	2013.45679
neodymium isotopic composition	0.4301	0.5688	2	723	4732	37	2009.783784
neogene	0.064	-0.4901	1	250	700	6	2007.315789
nepheloid layers	0.2617	0.265	3	242	648	4	2008.454545
new data	-0.0461	0.2226	1	451	1690	13	2011.109375
new guinea	-0.2351	1.3335	3	160	496	4	2004.625
new records	1.1477	-0.2229	2	207	626	5	2010.707692
new zealand	0.2362	0.9953	3	210	600	4	2009.724138
ni	-1.0392	-0.1942	1	222	790	10	2011.57
nodules	-0.8022	-0.1008	1	515	2368	26	2006.583333
nordic	0.9124	-0.1966	2	354	1448	10	2010.496583
nordic seas	0.7006	-0.5287	2	317	1288	9	2010.261658
north	0.5199	0.1209	2	1127	17168	135	2010.374238
north america	0.1337	-0.4868	2	299	910	7	2011.532207
north american	0.9265	-0.7777	2	251	914	7	2010.662844
north atlantic	0.8003	-0.025	2	999	12290	92	2010.017846
north atlantic circulation	1.1984	0.4308	2	197	494	3	2008.974684
north atlantic deep water	0.8793	0.0819	2	806	6994	51	2005.77451
north atlantic ocean	1.1293	-0.2308	2	372	1408	10	2009.960733
north atlantic subpolar gyre	0.7906	0.3313	2	145	368	3	2012.166667
north atlantic water	1.1327	-0.0132	2	266	832	5	2007.242857
north east atlantic	1.0153	-0.3646	2	288	992	7	2009.681818
north east atlantic deep water	0.8517	-0.6594	2	222	716	5	2006.928571
north pacific	-0.0721	0.5877	3	672	4570	38	2010.653333
north pacific deep water	0.0442	0.6692	3	305	1118	8	2007.25
north pacific intermediate water	0.2615	0.8977	3	241	832	6	2006.75
north pacific ocean	-0.5353	0.5677	1	296	1080	11	2009.464706
north pole	0.1273	-1.1361	2	115	290	3	2010.25
northeast atlantic	0.8156	0.1733	2	269	852	6	2008.729412
northern	1.0085	-0.1585	2	658	4142	31	2011.106605
northern hemisphere	0.9539	-0.3016	2	574	3418	26	2010.714878
northern hemisphere climate	1.1863	0.0086	2	197	564	4	2011.795918
northern hemisphere glaciation	0.6873	-0.8162	2	351	1568	12	2008.0625
northern hemisphere ice sheets	1.0277	0.2301	2	177	442	3	2011.36
northwest	0.2903	0.5757	2	353	1382	11	2011.701835
northwest atlantic	1.1567	-0.4567	2	196	602	5	2011.472222
northwest pacific	0.1699	1.1845	3	171	568	4	2010.603175
norwegian	0.8279	-0.2966	2	244	776	7	2008.200426
norwegian sea	0.7039	-0.0266	2	148	360	3	2007.47191
npdw	0.2414	1.1443	3	147	426	3	2009.222222
npiw	0.4957	0.6696	2	169	530	4	2008.307692
nutrients	0.5733	0.1761	2	292	968	9	2011.870968
nw atlantic	1.0736	-0.5419	2	195	538	4	2010.454545
o-18	-0.361	0.2047	1	396	1392	11	2011.806034
ob	-0.6624	-0.776	1	141	338	4	2010.213592
observations	0.0317	0.2996	2	595	2632	20	2011.448164
occurrence	-0.7453	-0.0211	1	211	566	7	2011.803551
ocean	0.0773	0.0792	3	1231	23840	193	2010.965167
ocean basins	-0.2731	-0.468	1	405	1614	12	2010.322222
ocean change	0.3098	-0.7629	2	197	548	4	2012.833333
ocean chemistry	0.4466	0.1865	2	157	378	3	2013.939394
ocean circulation	0.6696	0.056	2	924	8616	62	2010.55339
ocean circulation changes	0.8581	0.299	2	192	480	3	2012.310345
ocean climate	1.0816	-0.0252	2	172	426	3	2011.955932
ocean currents	0.0051	-0.2944	1	242	690	5	2010.666667
ocean data	-0.2353	0.5651	3	180	492	5	2010.227273
ocean drilling	0.1188	-0.5081	1	458	2138	16	2010.964912
ocean drilling program	0.0999	-0.5133	1	441	1992	15	2010.897959
ocean heat transport	1.059	-0.0151	2	156	466	4	2014.265306
ocean mixing	-0.4077	-0.5498	1	182	450	4	2011.230769
ocean sediments	0.1533	-0.4512	1	296	772	5	2010.039474
ocean stations	-0.366	1.1687	3	167	478	4	2007.5
ocean surface	0.5845	0.3466	2	368	1374	10	2011.97351
ocean ventilation	1.0333	0.3143	2	160	458	4	2011.678571
ocean waters	0.4604	0.3094	2	321	980	7	2011.075758
odp	0.733	-0.097	2	433	1748	12	2008.512821
offset	0.2627	-0.4634	2	259	770	6	2010.854749
oil	-0.6438	-0.2277	1	132	306	4	2011.484241
okhotsk	-0.2918	-0.0585	1	125	300	4	2010.130719
oligocene	-0.1213	-0.5507	1	324	1080	9	2010.791667
onset	0.6038	-0.1668	2	503	2064	15	2011.400894
onset glaciation	0.3443	-0.6475	1	125	286	3	2010.125
ooze	-1.065	0.0029	1	138	326	4	2010.181818
opal	-0.9586	0.4558	1	165	440	4	2010.5
open ocean	-0.1572	0.9331	3	420	2016	14	2011.015873
opening	0.3992	-0.5436	2	294	856	6	2010.741722
operation	-0.4401	0.0047	1	196	438	3	2012.715909
optimum	0.8285	0.7568	2	211	512	3	2011.211009
order	0.0971	0.1954	2	707	3720	30	2010.598046
organic carbon	-0.9683	-0.0152	1	185	518	5	2012.96863
organic matter	-0.8436	0.1059	1	331	942	10	2012.485771
origin	-0.1623	0.0047	1	753	4026	34	2010.187679
orphan	0.879	-0.8759	2	147	388	3	2009.375
oscillation	1.1984	0.1938	2	141	344	3	2010.801829
outflow	0.4397	-0.3569	2	336	1056	8	2008.807601
overflow	0.9143	-0.3605	2	392	1848	13	2007.978193
overflow water	0.9289	-0.2834	2	383	1720	12	2008.169697
overturning	1.2093	0.1039	2	482	2420	17	2012.406393
overturning circulation	1.2592	0.1679	2	453	2308	16	2013.703911
oxidation	-0.8915	0.4962	1	209	556	6	2011.836614
oxide	-0.7224	-0.1253	1	249	730	7	2014.103448
oxygen	-0.453	0.1749	1	519	2198	19	2009.83871
oxygen isotopes	-0.2072	-0.2883	1	223	694	5	2009.387435
oxygen minimum	-0.498	0.2783	1	206	522	4	2009.954545
oxyhydroxide coatings	0.3347	-0.0439	3	335	1178	7	2014.571429
oxyhydroxides	0.4075	-0.3122	2	488	2060	14	2012.92
pacific	-0.0128	0.3672	3	1047	12980	108	2010.950879
pacific basin	-0.3167	0.6132	1	189	476	4	2009.483146
pacific ocean	-0.023	0.3579	3	794	5462	49	2010.089431
pacific ocean circulation	0.5901	4e-04	2	154	396	3	2010.3125
pacific rim	-0.4115	0.2089	1	155	360	3	2006.84
pacific sector	-0.2769	0.7269	3	259	792	5	2010.587571
pacific southern ocean	0.4975	0.4612	2	175	434	3	2012.666667
pacific water	0.0364	-0.4554	3	472	2302	17	2010.575949
paleo-circulation	-0.4007	-0.4597	1	144	340	3	2010.5
paleo-oceanography	0.4117	-0.9933	2	116	314	3	1999.333333
paleoceanography	-0.0918	-0.2233	1	521	2184	17	2010.041667
paleocirculation	0.728	-0.5353	2	279	874	7	2006.285714
paleocirculation tracer	1.0277	0.4092	2	138	364	3	2016
paleoclimate	0.5813	-0.0995	2	221	630	5	2013.189349
paleogene	0.2004	-0.6197	1	229	602	4	2014.470588
pan african	0.8132	-0.9696	2	120	380	3	2001
panama	0.5671	-0.7912	2	256	938	7	2007.6
panama gateway	0.6596	-0.8286	2	221	746	5	1999
papua new guinea	-0.2333	1.3332	3	160	496	4	2005.318182
parameters	-0.4137	0.2728	1	278	818	8	2010.962104
part	-0.1504	-0.0148	1	782	4248	36	2010.410034
particle scavenging	-0.494	0.7144	3	177	484	3	2016.25
particles	-0.3604	0.3391	1	810	5552	45	2011.108822
particulate	-0.7383	0.1388	1	539	2226	18	2012
particulate matter	-0.9137	0.3707	1	253	684	6	2012.141264
partitioning	-0.8691	0.3376	1	175	448	4	2012.216749
past	0.3499	-0.1003	2	515	1926	16	2012.316703
past changes	0.893	-0.1542	2	186	538	4	2012.195652
past circulation	0.6888	-0.2913	2	142	336	3	2007.333333
past climate	-0.0872	0.3384	3	157	384	3	2012.666667
pathways	-0.0085	-0.134	1	525	2268	17	2013.213274
patterns	-0.1854	0.0744	1	1115	11716	94	2011.236066
pb	0.3157	-0.5148	2	854	6582	51	2010.315789
pb isotope	0.518	-0.5982	2	641	3966	30	2010.09375
pb isotope ratios	0.0538	-0.5009	1	185	432	3	2009.75
pb isotopes	0.5539	-0.5852	2	525	2474	19	2008.25
pb-206/pb-204	0.7358	-0.4577	2	385	1488	10	2005.5
pb-208/pb-204	0.189	-0.3276	1	188	448	3	2012.666667
penetration	0.7601	0.4751	2	333	1102	9	2009.4875
peninsula	-0.0211	0.21	3	254	746	6	2011.596904
period	0.7226	-0.1703	2	752	4876	34	2011.210316
permafrost	-0.8048	-0.316	1	142	338	3	2012.799678
persistence	0.5987	-0.1425	2	165	380	3	2012.073254
perspective	0.755	-0.4117	2	157	392	3	2012.901235
ph	-0.5365	0.0512	1	335	1062	10	2013.361345
pharmaceutical residues	-1.1468	0.4319	1	83	250	4	2009.428571
phase	-0.702	-0.0366	1	527	2068	19	2011.300144
philippine sea	0.2572	0.3282	1	207	504	4	2010.105263
phosphate	-0.5401	0.449	1	232	652	6	2010.048128
phosphatization	-0.7841	-0.4869	1	142	324	3	2011.333333
phosphorite	-0.3807	-0.4571	1	145	334	4	2003.5
piston cores	0.564	-1.0254	2	146	378	3	2007.833333
place	-0.0207	0.0555	2	291	820	6	2009.958042
planet	-0.5433	-0.4557	1	122	270	3	2012.158537
planktonic foraminifera	0.6208	0.6097	2	412	1704	12	2011.833333
plant	-1.1031	0.2939	1	106	280	4	2012.538334
plate	0.6336	-0.4572	3	116	316	3	2010.542683
plate motion	0.6322	-0.4585	3	116	316	3	2010.074074
plateau	0.1402	-0.2481	2	464	1850	14	2012.169659
platform	-0.6558	-0.2904	1	143	364	4	2013.075269
pleistocene	0.3962	0.3746	3	376	1404	9	2009.611702
plio-pleistocene	0.7676	-0.2586	2	172	438	3	2013.142857
pliocene	0.0364	-0.3264	1	340	1100	10	2013.66129
plume	-0.301	0.627	3	216	628	5	2009.9
polar	0.0132	0.8449	3	403	1642	12	2011.082686
polar front	0.1484	0.8282	3	321	1132	8	2009.072327
pole	0.1292	-1.1355	2	115	290	3	2010.226221
pore	-0.5616	0.0893	1	384	1514	12	2011.924837
pore water	-0.5293	0.2212	1	454	2030	16	2012.637306
potential	-0.4644	-0.0345	1	456	1732	15	2012.784435
precambrian	0.1694	-0.6648	2	233	668	6	2006.933333
precipitation	-0.7456	-0.3588	1	288	878	8	2012.247478
precision	-0.558	-0.0115	1	246	736	7	2011.580524
present	-0.4685	-0.3758	1	261	744	7	2011.176606
present day	0.383	-0.3307	2	624	3418	25	2011.295673
preservation	0.438	0.072	2	231	618	5	2011.649533
procedures	-0.3215	-0.3757	1	138	314	3	2010.315476
processes	-0.4164	0.1665	1	1042	10008	83	2011.967406
production	-0.1475	0.2416	1	604	2734	21	2011.637878
productivity	-0.016	0.2146	1	360	1168	10	2012.484007
profiles	-0.0779	0.6291	3	780	6144	49	2010.526606
project	-0.5139	0.2461	1	339	1054	9	2012.453668
propagation	1.2196	0.3833	2	125	332	3	2010.734739
properties	0.2556	0.4271	2	527	2316	19	2011.071907
proportion	0.418	0.4822	2	429	1560	12	2011.055556
proterozoic	0.0599	-0.6762	2	186	452	4	2010.928571
protocol	-0.4595	0.3858	1	138	336	3	2014.140541
provenance	0.0886	-0.43	1	838	5786	45	2011.684783
province	-0.3151	-0.0629	1	230	662	6	2010.882653
proximity	-0.2514	0.1898	1	240	608	5	2011.075099
proxy	0.1637	0.2001	1	757	4700	36	2013.127907
pulses	0.3942	-0.0618	2	305	942	7	2011.138996
pump	-0.468	0.5523	1	179	466	4	2013.685393
quantification	-0.7476	0.2643	1	149	374	4	2013.40625
quaternary	0.5548	-0.552	2	454	1910	15	2010.108108
radiocarbon	0.8206	0.4678	2	313	1038	8	2012.205298
radiogenic	0.2998	-0.3425	3	459	1862	15	2012.823529
radiogenic isotopes	0.1842	-0.5467	3	702	4762	36	2011.560976
range	-0.1807	0.1752	1	801	4850	38	2011.410547
rare	-0.568	0.5432	1	657	3460	29	2011.193548
rare earth elements	-0.6822	0.2879	1	1031	11020	102	2010.398551
rates	-0.0076	-0.2474	1	683	3456	28	2011.494306
ratio	-0.3791	-0.1337	1	1022	9218	76	2010.925387
rb	-0.9138	-0.4581	1	158	356	3	2012.84
reaction	-0.9927	0.3814	1	277	830	8	2010.924119
recent	-0.7177	0.1424	1	261	690	7	2011.804991
recharge	-1.0859	0.448	1	66	166	3	2014.42623
reconstruction	0.667	0.2266	2	727	5100	37	2012.728025
record	0.7041	-0.2101	2	830	6584	48	2011.508365
recorders	0.0672	0.4582	1	183	490	4	2008.953846
redistribution	0.4176	-0.4968	2	272	806	5	2011.996795
redox	-0.5598	-0.0958	1	363	1100	9	2012.1875
redox conditions	-0.8345	0.012	1	220	570	6	2012.807692
reduction	0.4315	-0.0551	2	429	1494	11	2012.202875
ree distribution	-0.8094	0.0677	1	405	1468	12	2009.666667
ree distribution patterns	-0.7638	0.0308	1	265	702	5	2009.4
ree fractionation	-0.6096	0.8799	3	205	586	5	2011.6
ree geochemistry	-0.8936	-0.051	1	109	250	3	2005.666667
ree pattern	-0.7867	0.3227	1	298	964	9	2010.9
ree patterns	-0.7062	0.43	1	615	3096	24	2008.8
reef	0.7619	0.1734	2	166	406	3	2010.637795
reference materials	-0.8535	0.0467	1	127	384	5	2011.846154
regime	-0.1527	-0.7111	1	425	1692	14	2010.768478
region	0.0242	0.1639	3	942	7610	60	2011.608772
relationship	-0.0574	0.1004	1	616	2842	24	2011.52721
relative contributions	0.6934	-0.7643	2	173	438	3	2012.530435
relative importance	0.4195	0.4556	3	220	666	5	2010.879562
release	-0.2721	0.4778	1	684	3820	28	2012.712924
remobilization	-0.3147	0.7311	3	211	598	5	2010.857143
removal	-0.5521	0.5486	1	514	2464	19	2011.470833
res	-0.0365	0.6007	3	178	448	4	2010.48537
research	-0.3167	0.2528	1	289	794	7	2012.25614
reservoir	-4e-04	-0.1465	1	256	776	6	2012.909879
residence	-0.399	0.0698	1	524	2354	17	2010.135762
residence time	-0.3926	0.0462	1	532	2456	18	2009.992032
residues	-0.8317	0.0235	1	386	1336	13	2009.701681
resolution	0.3996	-0.5631	2	506	2068	15	2011.918993
resonance	-0.9066	0.4803	1	121	290	3	2012.957447
resources	-1.1674	0.0577	1	120	314	4	2013.251701
response	0.6161	-0.402	2	413	1514	12	2012.161066
retention	-0.6221	-0.2674	1	173	404	3	2011.192053
retreat	0.7855	-0.5482	2	252	814	6	2012.69985
ridge	0.2794	-0.4266	2	754	4802	35	2008.953586
river	-0.583	-0.2202	1	811	5500	49	2011.920886
river water	-0.9155	-0.2391	1	274	974	10	2010.944785
riverine	-0.4372	-0.4034	1	434	1766	14	2012.516432
riverine input	0.343	-0.1568	2	188	506	4	2008.863636
rockall trough	0.9449	0.2331	2	274	796	5	2007.9
rocks	-0.5876	-0.3535	1	791	4762	42	2010.835085
role	0.3395	0.2785	2	800	5064	39	2012.568357
ross	-0.3856	0.8233	3	201	624	5	2011.009202
ross sea	-0.3881	0.8222	3	201	624	5	2010.810256
runoff	0.3203	-0.3938	2	293	854	7	2012.212743
saharan dust	0.2189	-0.1013	2	230	678	5	2011.458333
salinity	0.2954	0.3284	2	600	3184	24	2009.248247
salt	0.1606	0.2641	2	269	762	7	2008.72546
sample	-0.416	-0.1475	1	538	2144	19	2011.599617
sampling	-0.7922	0.6719	1	156	388	3	2012.100775
scale	-0.4244	-0.174	1	516	2194	21	2011.804989
scavenging	-0.4986	0.7577	3	450	2060	15	2011.840426
scenarios	1.1377	-0.0605	2	166	418	3	2012.882212
science	-0.0559	-0.3998	1	624	3490	28	2005.441336
scotia	-0.2627	0.0059	1	230	534	3	2008.903448
scotland	0.4246	0.1189	2	216	592	4	2008.991304
scs	0.9249	0.6172	2	159	446	3	2013.423077
sea	0.0768	-0.1244	1	1167	15648	133	2010.929745
sea floor	-0.9371	0.007	1	136	336	4	2010.099237
sea ice	0.1231	-0.1938	2	516	2286	15	2012.341204
sea ice cover	0.493	0.443	2	180	440	3	2012.742173
sea level	0.5536	-0.2038	2	286	900	7	2011.153319
sea surface	0.6786	0.3172	2	271	840	6	2011.29989
sea water	0.6595	-0.0113	2	541	2600	20	2008.442735
seafloor	-0.827	-0.1417	1	303	1014	10	2012.700565
seamount	-0.2958	-0.4397	1	386	1416	12	2007.652174
season	-0.968	0.3117	1	173	394	4	2012.178114
seawater	0.0173	0.0647	1	1180	16992	136	2011.626116
seawater array	-0.4914	-0.8532	1	173	502	4	2011.25
sections	-0.283	-0.3298	1	277	792	7	2007.846599
secular variations	0.7986	-0.5005	3	154	406	3	2002.777778
sediment cores	0.664	-0.2703	2	652	3570	24	2012.336207
sediment delivery	-0.0643	-0.6237	1	175	424	3	2015.666667
sediment drift	1.2095	0.3139	2	175	486	3	2008.588235
sediment provenance	-0.0812	-0.3849	1	400	1598	11	2013.529412
sediment record	0.0526	-1.0699	1	158	374	3	2013.352941
sediment sources	-0.192	-0.5748	1	333	1168	9	2012.460317
sediment transport	-0.0924	-0.778	1	219	642	5	2009.963768
sediment-water interface	-0.6979	0.3063	1	252	690	6	2008.22807
sedimentary archives	0.4585	0.1113	2	202	526	3	2014.461538
sedimentary rocks	-0.8122	-0.18	1	314	1020	11	2010.707317
sedimentation	0.0047	-0.136	1	369	1118	10	2009.867797
sedimentation rates	0.2074	-0.0205	1	220	532	4	2011.808511
sediments	-0.0277	-0.1448	1	1174	15770	126	2011.206075
sediments core	0.2149	-0.5199	2	275	766	5	2013.4
segments	-0.7415	-0.0158	1	116	252	3	2010.556701
sensitivity	0.6179	-0.1369	2	274	706	4	2012.152936
separation	-0.8563	-0.0709	1	234	636	7	2009.887195
sequence	-0.2318	-0.2612	1	222	564	6	2012.290017
series	0.5121	-0.7452	2	328	1326	11	2010.601012
sewage	-1.1666	0.4333	1	104	356	5	2010.705882
shale	-1.0132	-0.3585	1	157	420	5	2009.225
shallow water	-0.163	0.3955	3	334	1130	7	2010.653846
shelf	-0.2604	-0.4599	1	665	3902	31	2010.587376
shelf sediments	-0.6308	-0.1574	1	137	378	4	2009.302083
shelf waters	-0.6756	-0.3626	1	315	1042	8	2009.09329
shell	-0.0925	0.5778	1	258	714	6	2012.617486
shelves	-0.1494	-0.7167	1	348	1312	9	2011.760377
shield	0.3179	-0.7113	2	379	1314	10	2010.307692
shift	0.6967	-0.1594	2	689	4078	30	2012.333333
shore	-1.0886	0.2393	1	133	330	3	2010.122222
short-term	0.744	-0.8348	2	216	642	4	2012.055432
si	-1.0326	-0.036	1	226	624	6	2010.8
siberia	-0.7583	-0.6146	1	172	432	4	2012.538153
siberian	-0.6434	-0.8036	1	278	948	10	2012.301282
signal	0.2555	0.1991	2	813	5354	39	2011.038817
signatures	0.1213	-0.1433	1	838	5872	42	2011.86758
significance	0.3391	0.4019	2	174	428	3	2011.019928
silica	-0.6331	0.7821	3	178	502	4	2009.009901
silicate	-0.425	0.0185	1	409	1478	13	2008.463158
similarity	-0.4561	-0.5322	1	186	446	5	2011.516971
simulations	0.3724	-0.0133	2	342	1024	8	2012.277903
sink	0.6262	0.4925	2	158	380	3	2013.060748
sinking	0.5612	0.3923	2	225	544	4	2010.636364
sites	0.2229	0.013	2	942	7958	59	2011.507274
size	-0.4145	-0.6612	1	267	908	8	2010.965923
size fractions	0.4037	-0.8661	2	233	926	8	2011.341772
skeleton	0.4832	0.3294	2	187	540	4	2012.794118
slope	-0.1926	-0.0527	1	497	2052	15	2010.341082
sm-nd	0.172	-0.7612	2	252	754	8	2004.875
smectite	0.11	-0.4187	2	203	518	4	2005.125
solution	-0.9297	0.0074	1	287	884	10	2010.22668
sorption	-0.9059	-0.3544	1	114	276	3	2011.625
source	-0.0969	-0.1239	1	1191	17410	137	2011.544715
source areas	-0.1385	-0.6573	1	476	1990	15	2011.964602
source region	0.2427	-0.4455	1	135	340	3	2011.263158
source rocks	-0.5507	-0.6182	1	210	550	4	2011.647059
source waters	0.6174	-0.1447	2	544	2746	20	2008.57967
south	0.3501	0.6474	3	874	7590	57	2009.816077
south africa	-0.0047	0.9073	3	179	534	4	2008.43038
south america	0.4023	0.5737	3	327	1066	7	2010.900662
south atlantic	0.5711	0.5698	2	542	2546	19	2007.451691
south atlantic ocean	-0.2577	0.7982	3	192	540	4	2006.568627
south australia	-0.1598	0.9404	3	169	474	3	2008.712644
south china	0.9227	0.6197	2	159	446	3	2013.350427
south china sea	0.9249	0.619	2	159	446	3	2013.674419
south pacific	0.0282	0.8878	3	481	2258	17	2009.295533
south pacific ocean	-0.1703	1.0419	3	121	308	3	2008.823529
southern	0.4666	0.5631	3	793	6164	44	2011.247603
southern hemisphere	0.7204	0.5898	2	213	576	4	2010.882466
southern ocean	0.2873	0.5599	3	843	7220	52	2011.310743
southwest	-0.2857	0.3312	3	353	1344	10	2010.224324
southwest pacific	0.644	-0.1907	3	161	490	4	2010.955556
space	-0.5826	-0.5582	1	210	538	4	2011.281958
span	0.0172	-0.3529	1	190	474	4	2012.134921
special issue	0.3603	0.8944	3	188	582	4	2014.152174
speciation	-1.1058	0.3594	1	92	238	3	2010.54878
species	-0.5676	0.458	1	355	1168	12	2011.629341
spectrometry	-0.9179	0.2263	1	262	906	11	2012.332298
spring	-0.6651	0.5199	1	191	480	4	2011.445356
sr	-0.3364	-0.425	1	710	4302	35	2011.925676
sr isotope	-0.2949	-0.4249	1	411	1506	12	2009.692308
sr isotopes	-0.1339	-0.2736	1	443	1904	14	2011.333333
sr-87/sr-86	-0.5144	-0.5634	1	515	2310	18	2012.1
stability	-0.467	-0.162	1	228	538	5	2011.601934
stable isotopes	-0.389	0.242	1	303	902	8	2012.393939
stable oxygen	-0.5524	-0.2037	1	159	484	3	2011.923077
stable oxygen isotopes	-0.5535	-0.1937	1	159	484	3	2012
stadial	1.1679	0.2919	2	314	1110	8	2011.6
stage	0.6939	0.0502	2	510	2286	17	2011.432692
state	-0.2896	0.1301	1	354	1164	10	2012.176355
stations	0.2676	0.8046	3	444	2372	18	2010.728667
steady state	-0.988	0.0913	1	123	272	3	2009.695015
steps	-0.2795	0.1706	1	146	320	3	2012.015873
storage	0.7535	0.4422	2	249	690	5	2013.435429
strait	0.2686	-0.7121	2	591	3528	26	2008.864542
stratification	-0.5851	0.4086	1	237	644	6	2010.765734
stratigraphy	-0.7429	-0.5965	1	122	306	4	2010.59887
stream	-0.6551	-0.0947	1	335	996	10	2011.208251
strength	0.6389	0.0935	2	555	2694	20	2011.147674
strengthening	0.914	-0.3077	2	214	642	5	2012.132404
strontium	-0.1523	-0.3321	1	549	2712	21	2011.135135
structure	0.0321	0.0887	1	419	1502	14	2010.587788
subantarctic	-0.299	1.2873	3	120	308	3	2008.884746
subduction	-0.674	0.0254	1	134	296	3	2011.285714
submarine	-0.4811	0.1374	1	321	982	9	2012.039088
subpolar	1.0672	0.4604	2	249	944	7	2011.017241
subpolar gyre	1.1042	0.2992	2	286	1062	8	2011.12782
subsurface	-0.4061	1.0291	3	279	1060	8	2011.621895
subtropical	0.1318	1.0901	3	178	532	4	2009.910959
sulfate	-1.0732	0.126	1	109	278	4	2010.319209
summer	0.0961	0.3956	2	402	1340	10	2011.747886
supply	0.1001	-0.0618	2	744	4522	35	2011.339312
support	0.5998	0.2409	2	362	1106	8	2012.160714
surface	-0.3341	0.2284	1	1132	12896	110	2011.274886
surface sediments	-0.3621	-0.2962	1	569	2464	20	2010.917355
surface waters	-0.2401	0.523	1	891	7066	58	2010.917469
svalbard	0.0455	-0.8563	1	270	974	7	2012.982836
system	-0.3476	0.2355	1	739	4062	37	2012.244703
systematics	-0.3657	-0.1358	1	285	792	7	2010.729167
tb	-0.6016	0.3768	1	232	628	5	2008.52381
techniques	-0.8939	-0.0238	1	291	844	10	2010.995925
teeth	0.4861	0.1646	3	413	1720	12	2012.705882
temperature	-0.1135	0.0742	1	490	1866	18	2011.477652
temporal	-0.2732	-0.4026	1	113	258	3	2010.883534
temporal changes	-0.4101	-0.2894	1	180	428	3	2011.742138
temporal resolution	0.9455	-0.3764	2	147	406	3	2013.873362
temporal variations	0.8564	0.0233	2	151	398	3	2011.722063
termination	1.2283	-0.2159	2	251	820	7	2011.142857
terms	-0.1587	-0.2531	1	572	2312	18	2011.105954
terrane	0.0063	-0.5404	1	248	678	6	2008.692308
terrestrial	-0.4973	-0.4683	1	144	336	3	2012.64094
terrigenous input	-0.6965	-0.2105	1	140	328	3	2013.944444
tethys	0.4077	-0.6838	1	264	884	7	2005.8
th	-0.726	-0.258	1	348	1062	10	2011.107143
thermocline	0.9324	0.4	2	187	438	3	2007.472727
thermohaline	0.8814	-0.0842	2	441	1774	12	2007.343511
thermohaline circulation	0.8305	-0.1326	2	513	2440	18	2007.122047
throughflow	0.6004	0.0276	3	208	570	4	2007.691358
time	0.2008	-0.216	2	1066	10752	83	2011.191579
time scales	-0.3784	-0.0309	1	306	954	8	2011.351464
time-series analysis	-0.2586	-0.5835	1	415	1788	14	2010.95228
timescales	0.7051	0.2396	2	496	2118	14	2011.525048
timing	0.6565	-0.2907	2	434	1694	13	2012.348348
tip	0.2708	0.2999	3	203	512	3	2009.34375
tm	-0.9483	0.1194	1	118	274	3	2009.121951
trace	-0.4943	0.1551	1	746	4292	35	2011.307692
trace element concentrations	-0.5162	-0.5802	1	173	444	4	2013.714286
trace element geochemistry	-0.5534	0.384	1	151	398	3	2013.333333
trace elements	-0.6256	0.1367	1	708	3830	34	2013.723404
trace metals	-0.3013	-0.1328	1	334	1098	8	2011.452381
tracer	-0.0012	0.2573	1	959	7742	62	2009.231405
tracing	0.4245	0.6725	2	339	1186	9	2011.157895
transect	0.1284	0.4155	2	464	1786	14	2011.199708
transfer	-0.3417	-0.0131	1	233	592	5	2010.678679
transition	0.4269	-0.1069	2	650	3098	24	2011.648928
transport	-0.1349	0.2423	1	922	6714	53	2010.537155
transport pathways	-0.7518	-0.453	1	183	464	3	2013.356322
treatment	-1.0893	0.3329	1	177	530	7	2012.769355
trends	0.2171	-0.4059	2	713	3726	29	2012.269204
tropical	0.2107	1.1389	3	262	1088	8	2011.862319
tropical atlantic	1.2517	0.6633	2	153	428	3	2009.2
tropics	0.4937	-0.4538	1	161	404	3	2010.699313
trough	0.7019	0.1847	2	309	898	6	2010.984962
types	-1.0481	-0.0903	1	200	608	9	2011.720352
u-th	0.7484	-0.0716	2	263	752	5	2012.75
uncertainty	-0.1081	0.4271	1	234	594	4	2013.221957
unconformity	-0.489	-0.4723	1	148	358	4	2012.263158
undercurrent	0.9017	-0.0431	2	292	962	7	2006.193548
unradiogenic	0.6014	0.4081	2	195	456	3	2014.333333
uplift	-0.2671	-0.6562	1	167	426	4	2010.481605
upper circumpolar deep water	0.2631	0.9132	2	150	386	3	2010.098039
upper continental crust	-0.9471	-0.3692	1	122	310	3	2009.4
upper ocean	0.1367	0.9886	3	181	480	3	2010.440079
uptake	-0.7392	0.7377	3	117	260	3	2012.895082
upwelling	0.6354	0.5766	2	268	824	6	2010.661939
utility	0.0835	-0.4231	1	206	496	4	2012.942222
values	0.2051	0.0347	2	1170	16816	131	2010.746562
variability	0.4923	-0.1592	2	743	4726	36	2011.545737
variations	0.2332	-0.1301	2	1094	11698	90	2010.901917
velocity	-0.2992	0.358	1	168	370	3	2010.066944
ventilation	0.5407	0.2964	2	431	1770	14	2008.841945
vertical profiles	-0.2383	1.0321	3	334	1494	13	2011.336
volcanic	-0.6017	-0.2131	1	301	836	8	2009.793103
volcanic ash	-0.5731	0.2432	1	320	1084	9	2011.46875
volcanism	0.4621	-0.4912	2	245	762	6	2010.052632
volcano	-0.8379	0.2296	1	239	658	6	2009.968254
volume	0.2555	0.5909	2	237	600	4	2010.936662
warm	0.9094	-0.1752	2	320	1030	7	2011.29985
warm period	0.6935	-0.1466	2	220	522	3	2011.509615
warming	0.5321	0.018	2	241	606	5	2012.978577
wastewater	-1.1727	0.4376	1	84	258	4	2013.736842
wastewater residues	-1.198	0.4406	1	60	196	3	2006.333333
water	0.003	0.1021	1	1275	29596	242	2010.775054
water circulation	0.4527	-0.0528	2	688	3664	26	2007.634146
water column	-0.0377	0.4847	3	792	5492	40	2010.123234
water conditions	-0.2815	0.3066	1	221	562	4	2010.131148
water depth	0.4655	0.0607	2	776	5262	37	2011
water exchange	0.1819	-0.7746	2	288	986	8	2010.149533
water flow	0.0313	-0.2123	3	228	626	5	2010.588745
water formation	0.9288	-0.0069	2	512	2508	18	2008.600998
water mass exchange	0.4532	-0.5791	1	237	680	5	2009.368421
water mass mixing	0.5069	0.5383	3	566	2742	18	2014.1
water mass tracer	0.3283	0.5856	2	380	1556	12	2010.45
water masses	0.4203	0.3194	2	1107	15458	114	2009.047927
water samples	-0.6627	0.2351	1	444	1628	12	2012.208738
water system	-1.1008	0.354	1	125	344	4	2012.770115
weathering	0.2202	-0.5972	2	760	5110	38	2009.277372
weathering input	0.5929	-0.1413	2	256	754	5	2013.714286
weathering regime	0.2072	-1.1088	2	155	404	3	2003.6
weddell	-0.1928	0.9426	3	309	1252	9	2008.661238
weddell gyre	-0.3078	1.2094	3	186	628	4	2007.06087
weddell sea	-0.1184	0.7573	3	253	850	7	2008.40797
well	-0.9697	0.3727	1	208	546	6	2010.643979
west pacific	0.0057	1.0725	3	179	482	3	2011.384615
westerlies	0.9911	0.4306	2	204	522	4	2011.018405
western boundary	0.929	0.2721	2	218	678	5	2006.851441
western indian ocean	-0.3316	0.7826	3	258	830	6	2010.461538
western pacific	0.6223	0.4517	2	194	558	4	2012.195402
western south pacific	0.0356	1.1205	3	162	410	3	2011.8
wind	-0.3868	-0.1781	1	246	688	6	2010.366929
winter	0.0014	0.4859	2	232	626	5	2011.016141
work	-0.0889	-0.3088	1	296	942	7	2012.585814
world	-0.3569	-0.4922	1	425	1472	13	2011.293273
world ocean	-2e-04	-0.5456	1	263	754	6	2007.82598
yd	0.3027	-0.7456	2	175	470	3	2014.6
yenisei	-0.6653	-0.9553	1	82	184	3	2010.214286
younger dryas	1.1629	-0.1709	2	366	1492	11	2011.101124
yttrium	-0.9859	0.2929	1	280	936	9	2013.7
yukon	-0.4739	-0.8594	1	184	492	4	2011.735915
yukon river	-0.5979	-0.7125	1	143	352	3	2011.466667
zircon	-0.7225	-0.6271	1	197	578	5	2014.428571
zircon effect	-0.2518	-0.8464	1	147	354	3	2015.333333
zn	-0.9592	-0.0103	1	137	374	4	2010.944444
zone	-0.5182	0.1298	1	639	2950	27	2010.917256
zr	-0.9049	-0.308	1	273	762	6	2013.413793
