id	x	y	cluster	weight<Links>	weight<Total link strength>	weight<Keyword count>	score<Avg year>
20th century	0.1128	0.4101	4	278	856	8	2011.125
abundance	0.522	0.328	3	1204	16602	165	2012.159769
abundance indices	0.8211	0.485	4	198	540	5	2012.357143
acartia	-0.1586	0.8531	3	224	680	6	2010.142857
acc	-0.9261	-0.1848	1	229	682	6	2008.705882
access	0.3037	-0.1166	2	385	1208	12	2013.769679
accuracy	0.5891	-0.7232	2	329	1096	13	2012.031588
acidification	-0.5529	-0.3354	1	219	576	5	2014.569472
activity	-0.5219	-0.1791	1	599	2460	21	2011.741747
adaptation	0.6123	-0.3733	2	383	1232	11	2013.458029
adcp	-0.778	-0.4532	1	228	570	5	2007.919643
addition	-0.0739	-0.2578	1	781	3864	37	2012.072879
additive models	0.0434	0.821	4	294	884	7	2013.628571
adult	0.9608	0.0281	2	799	6392	66	2009.353846
advance	-0.1059	-0.4881	1	201	500	6	2012.223684
advection	-0.7129	-0.0102	1	720	3514	28	2010.324162
affinities	-0.2802	0.7568	3	241	670	5	2010.594595
age	1.109	-0.0856	2	755	5944	63	2010.368729
age 0	0.9182	0.2022	3	298	1078	11	2009.018349
age classes	1.2628	-0.0802	2	327	1326	15	2010.72973
age composition	1.2158	-0.4415	2	162	572	7	2009.8
age groups	1.2888	-0.0205	2	207	662	7	2005.066667
age structure	0.82	0.0543	2	317	1030	10	2011.933333
age-at-maturity	1.2057	-0.2622	2	188	586	7	2008.333333
aggregates	0.5801	-0.6464	2	170	450	6	2009.96124
aggregation	-0.274	-0.4279	1	181	466	5	2010.006757
agreement	-0.8212	0.0258	1	495	1946	15	2010.554303
air	-0.136	0.4311	4	404	1520	14	2011.976061
air temperature	-0.1208	0.4306	4	354	1290	12	2012.218924
al	-1.2957	-0.2606	1	175	434	5	2010.555118
alaska	0.0503	-0.1858	2	1438	41178	438	2010.597746
alaska bering sea	0.2983	0.7598	4	204	652	6	2009.366667
alaska climate	0.4437	0.6559	4	202	536	6	2012
alaska coastal current	-0.9297	-0.3472	1	458	2034	19	2005.93617
alaska current	-0.8628	-0.3685	1	405	1512	15	2005.647059
alaska gyre	-1.172	-0.0298	1	378	1430	12	2005.733333
alaska peninsula	0.681	-0.7001	2	232	752	7	2009.0625
alaska salmon	1.0625	-0.2437	2	173	438	5	2010
alaskan	-0.0422	-0.2799	1	879	5536	58	2011.071579
alaskan gyre	-0.9905	0.0435	1	421	1516	13	2003.6
alaskan sockeye salmon	1.3053	-0.073	2	205	668	7	2008.714286
alaskan stream	-0.8966	-0.3176	1	514	2430	25	2004.186441
aleutian	-0.1412	-0.0763	4	831	5046	52	2009.607143
aleutian islands	0.2876	0.1037	4	286	802	9	2009.933333
aleutian low	-0.4715	0.4592	4	581	2934	27	2010.541401
aleutian low pressure index	0.578	0.8025	4	182	518	5	2006
algorithm	-0.8996	-0.4545	1	258	742	8	2011.916828
alleles	0.9013	-0.8269	2	150	488	6	2010.842105
allocation	0.7667	-0.211	2	238	700	6	2012.932584
altimeter	-1.1911	-0.2927	1	288	978	11	2009.018667
altimeter data	-1.222	-0.2109	1	250	786	8	2007.217143
altimetry	-1.0952	-0.4757	1	321	1292	16	2011.731674
altimetry data	-1.2411	-0.4585	1	153	500	7	2011.834356
america	0.1246	-0.4628	2	640	3270	33	2011.440252
american	-0.134	-0.4537	1	194	510	6	2010.565574
amphipods	0.354	0.8087	3	309	1134	12	2008.930556
amplitude	-1.0499	-0.0589	1	287	862	8	2010.372165
anadromous fish	0.6971	-0.485	2	177	466	5	2008.6
anadromous salmon	0.8633	0.017	3	217	668	7	2009.5
analysis	0.2262	-0.057	2	1329	18590	188	2011.656462
anchovy	-0.1118	0.8959	4	352	1454	11	2007.111111
animals	0.5389	-0.2591	2	298	886	9	2012.281022
annual	0.4816	0.3442	3	439	1562	16	2010.264808
annual cycle	-1.1574	0.0033	1	362	1310	11	2009.189944
annual variability	-0.3229	0.2003	4	250	674	6	2012.096045
annual variation	-0.7201	0.0349	1	227	608	6	2011.130137
anomaly	-0.9597	0.2116	1	920	8526	79	2010.997204
anoplopoma fimbria	0.6787	0.1163	2	371	1476	16	2012.608696
antarctic	-0.8375	0.4069	1	169	458	5	2010.797819
anticyclone	-1.0195	-0.4728	1	224	684	8	2010.766562
anticyclonic mesoscale eddy	-0.8746	-0.3095	1	240	730	7	2010
ao	0.0415	0.9249	4	212	622	5	2011.098916
application	0.3073	-0.3875	2	546	2138	23	2012.361823
approach	0.4052	-0.2383	2	791	4540	46	2013.011682
arctic	0.3461	0.2946	4	721	4212	45	2012.189504
arctic grayling	0.8183	0.0202	3	188	714	9	2011.272727
arctic ocean	-0.3998	-0.0619	1	331	1026	9	2010.893127
arctic oscillation	0.0069	0.9085	4	318	1314	11	2011.24912
area	0.1383	-0.1267	2	1245	14652	146	2011.37466
argo	-0.9168	-0.1572	1	243	732	8	2013.487705
array	-0.3441	-0.3117	1	336	988	10	2011.101235
arrival	0.6671	-0.3384	2	262	762	8	2010.018349
arrowtooth flounder	0.5233	0.084	2	203	556	5	2010.133333
ash	-0.5243	-0.7137	1	138	436	6	2011.109375
assemblages	-0.0437	0.4312	3	504	2024	19	2012.247588
assessment	0.6223	-0.2421	2	758	4068	39	2013.024899
assessment model	1.2082	0.092	2	209	596	5	2014.041667
assimilation	-1.0676	-0.4127	1	255	876	7	2012.629787
association	0.1855	0.0359	3	642	2970	26	2011.081886
atlantic	-0.2677	0.4888	4	467	1966	17	2010.236737
atmosphere	-0.8334	-0.0035	1	561	2616	25	2011.581199
atmospheric circulation	-0.6427	0.4107	4	311	1002	8	2012.002058
atmospheric pressure	-1.0649	-0.0999	1	206	590	6	2008.613793
atmospheric teleconnections	-0.7942	0.7189	4	217	658	5	2012.504587
attention	-0.1957	-0.5088	1	233	604	7	2012.917808
autumn	-0.0714	0.0369	3	596	2552	25	2011.726708
availability	0.4175	0.1769	3	723	3796	36	2012.908905
baja california	-0.793	0.4584	1	448	2144	18	2009.821429
balance	-0.8303	-0.4748	1	280	798	8	2011.539286
bands	-1.1511	0.1107	1	202	690	7	2010.501538
banks	-0.8483	-0.499	1	217	604	7	2009.070423
barkley canyon	-0.361	-0.2597	1	193	552	5	2013.8
barotropic	-0.9778	-0.4874	1	294	1052	11	2008.382671
baseline	0.8493	-0.6282	2	379	1728	19	2012.74934
basin	-0.2487	-0.269	1	924	6098	59	2010.09645
bay	0.723	-0.2811	2	983	8856	105	2010.11814
bayesian	0.8376	-0.4183	2	310	1256	14	2013.796296
bc	0.1977	-0.4396	2	260	690	6	2013.785498
beach	0.8939	-0.3745	2	196	582	6	2008.855932
bears	0.9365	-0.4362	2	153	426	7	2006.862745
behavior	0.2461	-0.3258	2	644	3000	29	2011.103784
behaviour	0.5711	-0.3964	2	247	752	10	2010.943662
benefits	0.8925	-0.2869	2	397	1506	18	2014.038732
benthic communities	0.0118	0.3159	3	145	354	5	2010.78125
bering	0.6477	-0.0026	2	1120	12690	142	2009.747987
bering sea	0.6664	0.0253	2	1120	12910	145	2009.417822
bering sea ecosystem	0.9423	0.0898	2	196	532	8	2009.682927
bering sea shelf	0.0433	-0.2085	4	228	698	7	2009.829114
bias	0.9068	-0.4295	2	226	634	8	2013.065051
biodiversity	0.2522	-0.1156	2	345	1072	10	2013.864286
bioenergetics	0.8657	0.445	3	334	1316	12	2009.75
bioenergetics model	0.8529	0.4519	3	259	912	9	2009.181818
biogeochemistry	-0.1903	-0.1405	1	193	496	5	2014.025316
biological	-0.185	-0.4108	1	194	460	5	2012.548387
biological communities	-0.2428	0.2997	3	192	462	5	2013.323529
biological parameters	0.5129	-0.274	2	208	518	6	2012.72
biological processes	-0.5917	-0.2027	1	433	1446	13	2011.762963
biological production	-0.8637	-0.3831	1	323	1090	10	2012.25974
biological productivity	-0.6242	-0.1907	1	322	1058	11	2011.175824
biological response	-0.6869	0.0636	1	259	706	5	2011.764706
biology	-0.5516	0.1068	4	302	916	9	2011.284153
biomass	0.211	0.4909	3	1088	11318	108	2012.021332
biota	-0.7565	-0.185	1	285	840	8	2010.887755
birds	0.2433	0.4247	3	304	994	10	2010.570776
blob	-0.5416	0.7583	3	239	732	6	2016.071429
bloom	-0.63	-0.0212	1	685	3684	32	2012.055462
body	1.0041	0.1791	2	716	5102	54	2011.227462
body condition	1.0713	0.5967	3	161	418	5	2014.5
body length	0.9986	0.2644	2	238	772	8	2008.84
body size	1.1901	0.0422	2	503	2634	27	2009.647059
body weight	1.2289	0.3699	2	187	546	6	2008.038462
bottom up	0.2463	0.6547	4	381	1316	11	2011.583333
bottom water	-0.6665	-0.4648	1	214	558	5	2008.220624
boundary	-0.8944	-0.0116	1	610	2940	26	2008.420868
boundary current	-0.7392	0.3356	1	380	1356	12	2008.432071
breeding	0.7774	-0.1947	2	309	974	10	2010.484848
bristol bay	1.1273	-0.2912	2	711	6428	80	2009.18
british columbia	0.5575	-0.4357	2	603	3324	38	2010.564356
brood	1.0321	-0.1839	2	194	534	6	2008.75
budget	-0.9376	-0.3559	1	444	1672	15	2011.153068
buoy	-0.8426	-0.4273	1	202	512	6	2007.544828
buoyancy	-0.8192	-0.3208	1	299	876	9	2009.220441
bycatch	1.0252	-0.4136	2	288	1076	11	2010.133333
c-13	0.5885	0.3219	3	204	580	5	2013.180371
calanoid	-0.0882	0.6712	3	205	580	5	2009.681818
calanoid copepods	-0.1744	0.58	3	318	1010	9	2012.107143
calanus	-0.2527	0.7758	3	344	1222	11	2011.704225
calanus marshallae	-0.3534	0.7144	3	191	552	5	2008.5625
calcofi	-0.6648	0.6701	4	351	1338	10	2010.1
california	-0.4118	0.362	4	1016	10026	89	2009.673387
california current	-0.4775	0.4597	4	890	7770	68	2010.866667
california current ecosystem	-0.3403	0.3659	4	294	928	7	2014.5
california current system	-0.6847	0.5787	4	543	3000	26	2011.178571
california undercurrent	-1.0948	-0.0545	1	209	710	8	2012.25
canada	0.3284	-0.35	2	516	1990	23	2011.058788
canadian	-0.209	-0.5877	1	177	418	5	2010.480463
canyon	-0.4662	-0.3586	1	396	1386	12	2010.723005
capabilities	-0.0287	-0.5855	1	209	506	5	2013
capacity	0.9101	0.1714	2	493	2102	21	2013.094099
cape	-0.9726	-0.3516	1	187	506	6	2009.255255
capture	0.2479	-0.1354	2	279	784	9	2012.315068
carbon	-0.3817	-0.0697	1	696	3820	34	2013.107259
carbon dioxide	-1.0149	-0.0138	1	193	498	5	2013.148903
carcasses	0.8245	-0.0853	3	205	678	9	2010.047619
carrying capacity	0.741	0.5558	2	309	1178	10	2009.333333
cascade	0.074	0.2385	3	222	596	6	2012.034783
case	0.0077	-0.2042	2	774	4138	45	2010.847835
case study	0.0923	-0.5049	2	237	638	7	2012.678179
catch	0.9276	0.0202	2	774	5540	60	2009.262295
catch data	1.0701	0.0573	2	261	854	9	2008.25
cause	0.1488	0.2409	3	581	2346	22	2011.675244
cc	-0.0951	0.0891	1	205	524	6	2014.079365
ccs	-0.719	0.7214	4	354	1514	11	2012.92
cell	-0.652	-0.3013	1	259	626	5	2011.359784
century	0.1573	0.4068	4	550	2644	27	2012.205869
chain	0.3227	0.1113	2	325	930	8	2011.096866
challenges	0.7259	-0.0972	2	358	1280	13	2014.48237
changes	0.0476	0.1866	4	1395	27834	277	2012.206219
characteristics	-0.0533	-0.1419	1	821	4676	48	2010.936545
chemical	-0.5716	0.2816	1	362	1236	13	2011.607029
chemistry	-0.715	-0.2713	1	198	502	5	2012.465976
chinook	0.9521	-0.2622	2	701	4584	48	2012.230769
chinook salmon	0.9675	-0.3063	2	661	4168	44	2011.804348
chlorophyll	-0.8128	-0.1119	1	779	5252	47	2011.700197
chlorophyll alpha	-0.6598	0.3836	3	484	1970	17	2012.767568
chlorophyll concentration	-1.0049	0.0673	1	265	806	7	2010.529412
chlorophyll-a concentration	-0.425	0.5995	3	195	510	5	2012
chum	0.9977	-0.0595	2	801	7224	81	2008.788235
chum salmon	1.0089	-0.0879	2	770	6646	76	2008.487179
circulation	-0.8238	-0.1472	1	1046	10818	97	2010.44219
circulation model	-1.04	-0.0798	1	429	1800	15	2009.61811
circulation patterns	-0.7867	-0.3194	1	253	690	6	2010.597956
citation	-1.0146	-0.1972	1	268	798	9	2010.689507
class	0.7686	0.0704	2	333	1058	11	2011.519757
climate	0.0447	0.3098	4	1260	17966	169	2012.847305
climate change	0.2313	0.2427	4	1021	8750	84	2013.106897
climate driven	-0.2709	0.4612	4	262	740	6	2013.781513
climate effect	0.4254	0.654	4	308	1136	11	2012.878049
climate forcings	-0.7987	0.4191	4	350	1142	8	2012.930131
climate impacts	0.1403	0.3699	4	205	564	5	2013.568493
climate indices	-0.235	0.7007	4	439	1942	17	2013.721925
climate model	0.2175	-0.0202	2	244	706	8	2013.16224
climate modes	-0.9806	0.5282	4	238	778	5	2013.133929
climate regime	-0.0945	0.6542	4	653	3514	30	2009.757895
climate regime shifts	-0.2017	0.7425	4	528	2548	23	2009.405405
climate variability	-0.3767	0.5592	4	718	4440	37	2012.20898
climate variables	-0.0148	0.6808	4	200	550	5	2013.439024
climate variations	-0.0702	0.4838	4	298	928	8	2011.1875
climate warming	1.0549	0.0783	2	170	476	5	2013.628339
climatic conditions	0.358	0.3001	4	282	812	7	2011.992424
climatic events	0.1284	0.4621	4	244	730	7	2012.435644
climatic shifts	-0.267	0.6486	4	356	1386	13	2010.337349
climatology	-1.123	-0.0747	1	376	1416	13	2010.440048
clupea	0.5263	0.5944	3	542	2776	25	2010.692308
clupea pallasi	0.5151	0.5394	3	371	1396	12	2004.263158
clupea pallasii	0.6397	0.5488	3	369	1338	12	2013.916667
cluster	0.3248	0.0413	3	338	1010	10	2011.949896
cluster analysis	-0.0296	0.3372	3	246	658	6	2012.636905
co2	-0.5499	-0.0853	1	271	766	8	2013.165022
coast	-0.284	-0.2689	1	1151	12084	119	2010.134684
coastal	-0.6239	-0.2243	1	878	6018	57	2010.739865
coastal alaska	-0.823	-0.4303	1	287	814	7	2010.5
coastal areas	-0.2681	0.1265	1	318	912	9	2012.54386
coastal currents	-0.9482	-0.3725	1	552	2828	26	2008.525974
coastal ecosystems	-0.5633	0.1229	1	320	974	9	2013.132075
coastal marine	0.7167	0.1832	3	173	470	5	2012.349206
coastal ocean	-0.6435	-0.2288	1	400	1410	13	2011.345238
coastal oceanography	-0.8807	-0.3409	1	276	804	7	2012.181818
coastal regions	-0.2255	-0.4293	1	267	768	8	2011.633188
coastal sea level	-0.8076	-0.2508	1	239	760	7	2009.766667
coastal seas	-0.7333	-0.2671	1	337	1112	10	2011.26087
coastal waters	-0.3218	-0.2747	1	693	3746	37	2011.971338
coastline	-0.743	-0.5554	1	239	634	6	2010.273529
cod	0.4354	0.2837	2	359	1286	13	2010.866667
coefficients	0.1215	0.667	4	221	616	6	2010.617647
coherent	-0.4873	0.0397	1	430	1500	13	2010.047859
coho	0.5703	-0.0295	2	560	2728	26	2008
coho salmon	0.5721	-0.0789	2	492	2128	20	2008.8
cohort	0.6338	0.3591	3	464	1854	18	2008.169231
cold	-0.6661	-0.2923	1	197	484	5	2011.824903
cold water	-0.5287	0.3517	1	343	1200	11	2009.137255
collection	0.6898	-0.144	2	370	1148	11	2011.129412
columbia	0.3313	-0.4878	2	879	6436	69	2010.481081
columbia river	0.2577	-0.6829	2	470	2096	22	2010.888889
column	-0.7477	0.0412	1	626	3016	29	2010.224159
commercial fisheries	0.8029	-0.0801	2	462	1834	21	2010.73913
communication	-0.6575	-0.4911	1	218	554	5	2012.524476
community	-0.063	0.3274	3	994	7800	77	2013.620087
community composition	-0.3337	0.3192	3	306	980	10	2014.941973
community structure	-0.148	0.3979	3	421	1500	13	2013.563433
comparison	-0.5324	-0.1151	1	873	5156	47	2010.70057
competition	1.0631	0.3385	2	615	3912	38	2011.637209
competitors	0.7632	0.6055	3	265	768	6	2011.636364
complex	0.4846	-0.4257	2	530	2168	23	2011.908387
composition	0.4922	-0.0622	2	946	7390	75	2012.45256
concentrations	-0.5668	-0.0676	1	988	8352	84	2011.643222
concept	0.4118	-0.0986	2	125	292	5	2011.306773
concerns	0.9833	-0.0672	2	254	818	9	2012.89313
condition	0.6349	0.4815	3	547	2528	25	2010.79798
connectivity	0.151	-0.3029	2	376	1478	13	2015.170984
consequences	0.1718	0.2113	3	496	1860	19	2012.275862
conservation	0.2337	-0.5087	2	547	2344	25	2011.717256
constraints	-0.2704	-0.3717	1	198	486	5	2011.060453
consumers	0.586	0.2263	3	328	1008	10	2013.703297
consumption	0.8318	0.4569	3	499	2542	26	2011.012232
consumption rates	0.9713	0.6264	3	249	778	7	2009.561404
content	0.0707	0.0908	3	543	2160	23	2011.761593
continental	-0.6655	-0.5333	1	329	1058	12	2010.243993
continental shelf	-0.4986	-0.3954	1	730	3972	41	2010.424501
continental slope	-0.766	-0.269	1	363	1270	13	2008.694097
continuous plankton recorder	-0.3186	0.3716	3	208	648	7	2008.888889
contrast	0.0243	0.2013	4	750	4124	39	2011.509677
control	0.3828	-0.0634	2	706	3650	34	2012.474255
control rules	1.1641	-0.1401	2	144	432	5	2015.666667
convergence	-0.9666	-0.2291	1	228	586	6	2010.408056
cook inlet	-0.5435	-0.3873	1	199	528	6	2008.2
cooling	-0.7221	0.3602	4	344	1170	12	2010.829787
copepod biomass	-0.5225	0.6453	4	314	1024	8	2010.636364
copepod species	-0.3347	0.8765	3	266	940	8	2011.869565
copepods	-0.1022	0.6476	3	760	5440	50	2009.285714
copper	-0.3382	-0.4654	1	246	730	7	2011.098039
copper river	-0.3915	-0.4556	1	221	630	6	2010.222222
core	-1.0776	-0.2978	1	395	1606	20	2010.446523
correlation	-0.2148	0.3256	4	875	6278	60	2011.333794
correlation analysis	0.2323	0.7612	4	200	602	6	2011.104167
correspondence	-0.2037	0.2066	4	263	704	6	2010.493023
corridor	-0.0295	-0.5513	1	251	642	6	2013.470588
costs	1.0037	-0.3301	2	325	1098	14	2013.503597
counts	0.6443	-0.0074	2	253	644	6	2011.546099
coupling	-0.2915	-0.0106	1	401	1328	13	2011.935532
covariance	0.4977	0.3614	4	336	1264	12	2012.039146
cover	-0.1587	0.5129	4	423	1524	15	2011.664763
coverage	-0.563	-0.5659	1	206	540	5	2012.329283
cpue	0.9044	0.385	4	293	986	10	2008.538462
crab	0.2127	0.4405	3	421	1490	14	2011.690476
creek	1.1374	-0.3033	2	209	628	9	2010.423077
cross-shelf	-0.9143	0.0193	1	260	728	6	2011.354839
cross-shelf transport	-0.6581	-0.4443	1	228	570	5	2012.758621
crown	-0.8202	-0.2357	1	336	1090	10	2011.075472
cruise	-0.998	-0.2194	1	198	480	5	2008.733524
crustaceans	0.2023	0.5954	3	207	564	5	2009.645833
ctd	-0.9089	-0.2518	1	283	846	8	2007.172414
curl	-1.2672	-0.1872	1	322	1116	9	2009.42246
current	-0.6057	0.0831	1	1213	15934	142	2008.757215
current systems	-0.2827	0.409	4	282	740	6	2009.5
cycle	-0.3582	-0.0042	1	1019	7728	69	2011.47296
cycling	-0.5965	0.2179	1	256	704	5	2014.035763
cyclonic circulation	-0.9305	-0.2676	1	214	638	6	2008.033333
cyclonic eddies	-0.6493	-0.3021	1	242	654	8	2008.455556
data	0.0336	-0.2439	2	1408	28156	292	2011.015066
data assimilation	-0.9592	-0.5089	1	253	860	7	2013.092251
data loggers	-0.0024	-0.3742	2	123	348	5	2007.918919
data set	-0.0865	-0.5575	1	361	1188	12	2010.433246
data sets	-0.3315	-0.1174	1	432	1456	13	2011.63144
data/model	0.2949	-0.3592	2	303	832	8	2011.4
database	0.2069	-0.4236	2	279	776	7	2012.403509
dataset	-0.1172	-0.5448	1	200	510	6	2012.68054
date	0.5753	-0.3532	2	545	2516	25	2012.087051
decadal	-0.4936	0.6272	4	940	8588	71	2012.008761
decadal oscillation	-0.4234	0.677	4	920	8342	69	2012.751979
decadal scale	-0.2709	0.9139	4	333	1280	11	2010.775758
decadal variability	-0.6125	0.6725	4	317	1036	8	2011.26893
decline	0.5609	0.1505	2	668	3386	32	2013.254217
deep sea	-0.6071	-0.2444	1	304	990	10	2010.4
deep water	-0.2748	-0.0825	1	402	1362	15	2008.094223
delta	-0.2825	0.0929	1	309	968	9	2010.255844
demand	-0.0179	0.5553	3	250	668	6	2013.574627
density	0.1577	0.0115	3	978	7234	72	2009.879211
density dependence	1.2308	0.1899	2	481	2602	27	2007.880597
dependence	0.9692	-0.0075	2	248	818	9	2010.591411
deposition	-0.5654	-0.5351	1	241	720	8	2012.094256
depth	-0.5294	-0.0704	1	1059	9434	95	2010.672402
design	0.4733	-0.3574	2	200	490	5	2013.015625
detection	-0.0948	-0.1569	4	370	1150	14	2012.417625
determination	0.4621	0.0684	2	173	414	5	2010.57381
development	-3e-04	-0.1059	3	707	3204	31	2011.773084
diameter	-0.9761	-0.5042	1	192	562	6	2010.091346
diatom	-0.473	0.0491	3	369	1266	12	2012.261803
diel	0.7199	0.5908	3	197	630	8	2008.645833
diet	0.8565	0.4141	3	541	3152	33	2009.963303
difference	0.2561	0.0709	2	544	2372	25	2011.163032
differentiation	1.1203	-0.7463	2	208	788	10	2012.476471
discharge	-0.5945	-0.2743	1	599	2774	26	2012.354474
dispersal	0.1184	-0.4805	2	483	1958	20	2011.394973
displacement	-0.5053	0.2669	3	353	1070	9	2010.607877
distance	0.4498	-0.4416	2	385	1270	15	2011.010448
distribution	0.2143	-0.2412	2	1090	10274	111	2010.907306
distribution abundance	-0.3652	0.2114	3	199	584	6	2011.107143
distribution patterns	0.795	-0.3024	2	180	480	5	2010.866972
disturbance	-0.2838	0.2011	4	318	930	8	2011.750678
divergence	0.609	-0.6492	2	347	1276	15	2010.679372
diversity	0.515	-0.2863	2	640	3128	30	2013.553494
dna	1.1063	-0.7402	2	223	936	12	2012.62578
domains	-0.5085	0.1993	1	299	920	9	2011.565217
dominance	0.2838	0.4788	3	336	1074	10	2012.29375
dominant species	0.2123	0.0735	3	243	614	5	2010.869565
doppler	-0.9297	-0.3837	1	255	724	7	2008.887324
downwelling	-0.9703	0.1436	1	468	1878	15	2010.405063
drainage	0.2331	-0.638	2	194	572	7	2012.254459
drift	0.3852	0.1273	3	256	608	6	2009.705986
drifters	-0.9628	-0.4258	1	301	996	11	2008.415584
drivers	0.3491	0.0999	3	603	2800	24	2015.864011
duration	-0.3999	-0.1928	1	522	2014	18	2012.189258
dust	-1.0396	-0.4758	1	161	454	6	2012.455882
dynamic height	-0.8695	-0.3994	1	200	510	5	2007.243243
dynamics	0.0474	0.0495	3	1136	10458	99	2012.382241
early life	0.5486	-0.03	2	477	2216	18	2011.419643
early life history	0.503	-0.1059	2	341	1088	8	2011.422222
early life stages	0.6604	-0.1634	2	225	714	6	2011.806452
early marine	1.1179	0.3852	2	389	2034	20	2009.2
early spring	-0.6693	-0.2301	1	319	906	7	2010.921788
earth	-0.3668	-0.0888	1	300	848	9	2012.416212
east	-0.1034	0.1682	3	636	2682	25	2011.088561
east pacific	-0.3835	0.457	3	265	734	6	2009.929577
eastern	0.1297	-0.2756	2	430	1638	16	2011.347648
eastern bering	0.6052	-0.3525	2	236	628	6	2012.589744
eastern bering sea	0.6056	-0.3511	2	236	628	6	2012.662162
eastern boundary	-0.8054	0.2025	1	405	1548	14	2005.744444
eastern boundary current	-0.664	0.5557	4	322	1034	8	2008.222222
ecology	0.2963	0.2047	3	683	3792	36	2012.514768
economics	1.1411	-0.3361	2	161	484	6	2013.74
ecosystem	-0.1121	0.2473	3	1326	20536	192	2013.530062
ecosystem changes	-0.2606	0.5593	4	392	1362	13	2013.350427
ecosystem dynamics	-0.841	0.106	1	514	2256	18	2012.313725
ecosystem function	0.2027	-0.1578	2	224	570	5	2013.98
ecosystem indicators	0.1402	0.3386	3	289	818	6	2014.636364
ecosystem models	-0.3511	0.029	1	481	2118	19	2013.345455
ecosystem processes	-0.164	-0.067	4	223	544	5	2013.946903
ecosystem productivity	0.0989	-0.2516	1	209	528	5	2014.765625
ecosystem responses	-0.8219	0.1038	1	384	1482	12	2013.298246
ecosystem services	0.374	0.4345	2	193	556	5	2015.467532
ecosystem structure	0.1211	0.6012	3	284	870	8	2012.914634
ecosystem studies	0.3196	0.5567	2	179	494	5	2014.043478
ecosystem variability	-0.4278	0.1763	4	366	1288	11	2012.375
eddies	-0.9615	-0.3496	1	886	7986	80	2009.304565
eddy activity	-1.0056	-0.3574	1	289	910	8	2009.548387
eddy formation	-1.0807	-0.4188	1	196	540	6	2007.487805
eddy kinetic energy	-1.1142	-0.414	1	231	660	6	2009.977778
effects	0.276	0.1435	3	1294	17672	178	2011.624055
efficiency	0.7427	0.1318	3	286	806	9	2012.80663
effort	0.6834	0.1373	2	576	2744	28	2012.512579
eggs	0.7313	-0.1678	3	396	1618	20	2006.792208
ekman	-1.074	-0.035	1	468	2000	16	2010.002336
ekman transport	-0.7012	-0.1708	1	261	676	5	2010.917197
el nino	-0.8335	0.3949	1	940	9172	81	2011.439268
el nino event	-0.55	0.3465	1	193	490	6	2010.358974
el nino-southern oscillation	-0.7986	0.3565	1	704	4594	41	2011.537252
elements	-0.143	-0.5049	1	215	514	5	2011.89258
elevation	-0.1976	-0.4597	1	300	850	8	2012.227186
emergence	0.4843	0.0425	2	232	686	8	2012.277778
empirical orthogonal function	-1.2373	0.0311	1	279	968	9	2009.847087
energetics	0.9972	0.4916	3	164	476	5	2009.923077
energy	0.2034	0.0198	3	882	5910	58	2011.753532
energy content	0.7888	0.489	3	178	528	6	2009.125
energy density	1.0077	0.2914	3	297	1000	8	2012.046512
enhanced	-0.712	-0.2188	1	276	744	5	2012.845902
ensemble	-0.86	-0.2799	1	237	596	5	2013.566298
enso events	-0.5068	0.4976	4	239	682	6	2009.905882
enso index	-1.3302	0.3944	1	199	652	5	2012.8
entrainment	-0.8203	-0.0727	1	269	734	8	2007.739437
environment	0.2481	-0.0962	2	968	6966	67	2012.515563
environmental	-0.3373	0.1341	1	441	1868	20	2010.845217
environmental changes	0.2203	0.4336	4	343	1138	11	2013.895683
environmental conditions	0.5335	0.2779	2	595	2682	22	2013.912338
environmental drivers	0.4314	0.3335	3	246	656	5	2016.219178
environmental factors	0.7634	0.4377	4	382	1382	12	2013.842444
environmental prediction	-1.3651	0.1908	1	156	548	5	2008.673469
environmental variability	0.376	0.2334	2	413	1412	13	2012.740741
environmental variables	0.3073	0.4943	3	445	1582	15	2012.972376
eof	-1.2962	0.0319	1	314	1258	10	2009.453216
eof analysis	-1.3369	-0.0251	1	219	702	6	2009.975904
epipelagic	0.4408	0.5149	3	252	838	9	2011.954545
equator	-1.2075	0.1049	1	237	796	8	2007.514563
error	0.8664	-0.3399	2	400	1760	20	2011.486384
escape	1.2319	-0.3712	2	348	1808	22	2010.430556
estimate	0.4039	-0.4755	2	237	644	7	2010.903093
estimation	0.5688	-0.4929	2	456	1880	21	2012.012407
estuarine	-0.0809	-0.4527	1	248	660	6	2010.194444
estuary	-0.0894	-0.4371	1	406	1480	13	2010.621212
eucalanus	-0.1065	0.7183	3	213	568	5	2008.153846
euphausiids	-0.0107	0.6688	3	416	1720	19	2008.352941
euphotic zone	-1.1228	-0.2303	1	276	838	7	2011.97
evaluation	1.08	-0.0455	2	363	1524	17	2013.100503
events	-0.5646	0.0428	1	1098	10470	96	2012.030986
evolution	-0.2014	-0.4445	1	424	1448	16	2012.05694
exchange	-0.721	-0.3865	1	564	2650	26	2010.706601
experiments	-0.2918	-0.3125	1	687	3100	32	2011.075205
explanation	-0.3876	0.3461	4	429	1594	14	2009.867769
exploitation	0.9147	-0.0541	2	447	1750	17	2013.328358
exploration	-0.026	-0.1286	4	323	968	11	2011.678466
export	-0.9005	-0.1333	1	314	968	8	2011.295396
expression	-0.1428	0.3423	4	218	536	6	2012.171315
extension	-0.0588	0.2876	4	384	1298	12	2010.251641
extent	0.157	-0.3962	2	721	3516	34	2011.835219
extraction	0.3337	-0.3682	2	159	366	5	2013.323651
exxon valdez	0.6654	0.2291	3	219	692	6	2012
exxon valdez oil	0.6671	0.2291	3	219	692	6	2012
exxon valdez oil spill	0.6666	0.2311	3	219	692	6	2012
failure	0.6417	0.317	2	242	726	8	2011.859477
fall	-0.1286	0.044	3	882	5482	52	2011.228402
family	0.932	0.0755	2	222	556	6	2012.315615
far eastern	0.8647	0.4725	2	140	462	6	2010.25
far eastern seas	0.8661	0.4712	2	140	462	6	2009.857143
fauna	-0.0497	0.2318	3	220	616	7	2011.230769
fe	-1.093	-0.4273	1	203	580	7	2012.054167
features	-0.4016	-0.2906	1	689	3034	29	2010.384646
feedback	-0.2208	0.0105	4	316	1020	11	2013.003957
feeding	0.7743	0.3531	3	634	3606	35	2008.431111
females	0.9845	-0.3959	2	257	830	10	2007.642105
field	-0.5925	-0.1786	1	900	5720	57	2010.533445
field observations	-0.5421	-0.2369	1	250	770	7	2011.242424
field studies	-0.0874	-0.0584	3	206	492	5	2010.034286
filter	0.6033	-0.4347	2	123	352	5	2011.920139
fish	0.7243	0.0433	2	1219	16590	175	2010.064516
fish abundance	0.3472	0.4888	3	285	812	7	2011.666667
fish growth	0.9442	0.2735	3	205	558	5	2012.631579
fish length	0.9139	0.6495	3	183	494	5	2009.352941
fish populations	0.2291	0.3966	4	490	1888	15	2010.783784
fish prey	0.7573	0.5978	3	224	594	6	2009.208333
fish production	0.0546	0.3079	4	224	580	5	2005.9
fish recruitment	0.6788	0.3311	4	229	618	5	2009.411765
fish size	1.0933	0.1312	3	208	554	6	2009.153846
fish species	0.5128	0.4581	3	466	1912	16	2011.890756
fish stocks	0.5864	0.0659	2	391	1456	13	2010.243243
fisheries	0.7736	-0.1274	2	1104	13212	148	2010.847545
fisheries management	0.8747	-0.1999	2	492	2458	29	2012.327869
fisheries oceanography	1.0143	0.1563	2	220	628	6	2006.166667
fisheries research	0.1868	0.6363	3	143	382	5	2010.090909
fishing	0.9776	-0.1398	2	634	3784	44	2011.058252
fishing effort	1.2922	-0.2319	2	149	450	5	2012.666667
fjord	-0.6209	-0.2618	1	341	1270	12	2013.427767
flatfish	0.668	0.3139	2	219	618	6	2009.609756
floats	-0.978	-0.2561	1	239	626	7	2010.92638
flounder	0.524	0.0859	2	203	556	5	2009.563636
flow	-0.445	-0.311	1	960	7414	75	2010.017411
fluctuations	-0.207	0.3863	4	672	3508	36	2009.816514
flux	-1.0611	-0.1451	1	693	4414	41	2010.974387
focus	0.0895	0.2026	4	337	1028	10	2012.93921
food	0.4366	0.3881	3	909	7074	66	2012.031915
food availability	0.504	0.1771	3	323	1042	9	2010.185185
food resources	0.8509	0.072	2	271	792	6	2011.259259
food supply	0.6552	0.8095	3	173	566	6	2012.3
food web	0.3274	0.3752	3	684	3560	32	2013.363874
forage fish	0.349	0.6027	3	438	1742	15	2012.62963
foraging	0.4168	0.4388	3	645	3390	31	2011.44385
force	0.5316	0.1807	4	246	618	6	2011.140909
forcing	-0.777	0.166	1	935	7804	68	2011.371506
forecasting	0.5335	-0.2571	2	313	1100	12	2014.057851
forecasts	0.515	-0.438	2	406	1618	19	2012.850526
formation	-0.8139	-0.5066	1	423	1748	21	2010.511811
fraction	-0.0527	0.1991	3	449	1570	15	2011.553026
framework	0.4861	-0.1413	2	510	2026	20	2013.208431
fraser river	0.5337	-0.603	2	397	1718	19	2011.727273
frequency	-0.1066	-0.2169	1	754	4034	39	2011.174374
fresh water	-0.2868	-0.5196	1	356	1110	13	2007.859316
freshening	-1.1613	0.4777	1	213	694	7	2010.903704
freshwater	-0.1077	-0.2733	1	921	6756	68	2011.825688
freshwater discharge	-0.6107	-0.1129	1	440	1608	14	2012.191176
freshwater habitats	0.8213	-0.5056	2	152	424	5	2013.5
freshwater input	-0.3472	0.3165	4	341	1084	9	2012.597122
freshwater runoff	-0.8737	-0.4027	1	305	1022	10	2011.340909
front	-0.6496	-0.2714	1	289	850	8	2009.508357
fry	1.1586	0.1977	2	249	876	9	2009
function	0.0946	0.0263	3	693	3350	32	2010.972155
functional groups	0.0649	0.6662	3	196	518	5	2013.383178
future	0.8714	-0.1489	2	405	1584	17	2013.712684
future climate	-0.0565	0.0013	4	309	914	8	2013.848387
gadus	0.6947	0.1673	2	244	782	8	2012.576271
gas	0.1476	-0.3215	2	194	504	5	2012.319686
gene	1.1414	-0.5455	2	167	512	7	2014.058192
gene flow	1.1836	-0.6135	2	140	446	6	2010.744186
general circulation	-0.9596	-0.0952	1	391	1428	12	2009.760621
general circulation model	-0.7175	0.0185	1	335	1122	9	2010.017151
generalized additive model	0.3466	0.6901	3	215	564	5	2014.041667
generation	-0.6683	-0.3693	1	206	526	6	2012.050847
genetic	0.8795	-0.7178	2	322	1282	16	2010.444444
genetic data	0.9488	-0.7515	2	165	518	6	2011.25
genetic diversity	0.8771	-0.7118	2	189	572	6	2011.011494
genetic stock identification	1.1406	-0.5435	2	239	894	11	2013.363636
genetic structure	1.0177	-0.7276	2	170	568	7	2012.675676
genetic variation	0.9362	-0.6651	2	145	424	5	2008.104167
genotypes	0.9162	-0.7631	2	138	374	5	2011.280702
georgia	0.1333	-0.6025	1	272	946	9	2008.793103
gillnet	1.1114	-0.101	2	297	1222	16	2004.8125
glacier	-0.5555	-0.438	1	319	1076	12	2012.551157
glider	-0.9531	-0.1873	1	250	678	6	2015.757576
global	-0.478	0.0283	1	474	1684	14	2012.401509
global climate	0.305	0.2397	4	339	1100	10	2012.960148
global ocean	-0.8356	-0.0602	1	378	1216	10	2012.454839
global warming	1.2618	0.4929	2	194	660	7	2012.884793
globec	-0.7173	-0.1447	1	402	1480	12	2008.588235
government	0.1991	-0.5034	2	186	450	5	2014.5
gradient	-0.6004	-0.0791	1	766	4100	37	2011.354256
grayling	0.8185	0.0212	3	188	714	9	2011.833333
grazing	-0.2579	0.2451	3	289	848	8	2012.554404
grid	-1.1664	-0.084	1	214	596	6	2011.079167
groundfish	0.6192	0.4703	2	275	826	7	2011.5
group	0.6639	-0.0619	2	557	2330	25	2011.722362
growth	0.5442	0.2004	3	1133	13496	127	2011.406319
growth factor	0.7859	0.4548	4	179	506	5	2011.875
growth increments	1.0867	0.2978	2	169	466	5	2012.576923
growth patterns	1.2491	0.3242	2	261	936	10	2012.408163
growth rate	0.4232	0.4383	3	660	3620	32	2010.818356
growth response	1.0146	0.3778	3	233	684	6	2012.671053
gulf of alaska	-0.3715	-0.1185	1	986	7458	77	2009.096774
gyres	-1.0225	0.0055	1	260	782	7	2008.196078
habitat	0.5575	-0.0826	2	918	6928	69	2012.561584
haida	-0.8587	-0.4429	1	425	1590	15	2008.2
haida eddies	-1.0129	-0.5691	1	289	1050	11	2007.090909
halibut	0.6119	0.2209	2	255	772	9	2010.631579
halocline	-1.2118	-0.1666	1	228	666	6	2008.752727
hand	0.4995	0.7625	4	207	530	5	2010.96875
harvest	1.075	-0.2903	2	495	2802	32	2012.107692
harvest control rules	1.1632	-0.1404	2	144	432	5	2015.666667
harvest rate	1.2369	-0.2438	2	205	700	8	2011.9
harvests	1.0997	-0.2112	2	229	730	8	2013.85
hatchery	1.1203	0.054	2	612	4070	42	2009.666667
hatchery stocks	0.9541	0.5031	3	145	472	5	2009
head	-0.14	-0.581	1	180	434	6	2010.621429
heat	-1.0518	-0.0875	1	636	3828	36	2011.129975
heat flux	-1.2979	0.0035	1	334	1410	13	2010.709804
hecate strait	-0.2032	-0.7022	1	169	444	5	2005.5
height	-1.211	-0.2797	1	528	2932	28	2010.601343
hemisphere	-0.3406	0.7142	4	208	612	7	2010.968158
herring	0.5435	0.521	3	599	3384	30	2010.063492
heterogeneity	0.5001	-0.4002	2	257	704	8	2014.002481
hierarchical model	0.4484	-0.4218	2	213	568	6	2014.823529
high abundance	0.5421	0.6014	3	316	938	8	2012.462687
high latitudes	-0.7339	-0.0281	1	412	1364	12	2011.932029
high productivity	0.0633	0.2866	3	238	648	6	2011.607843
high seas	1.0182	-0.3784	2	369	1502	15	2009.615385
high-frequency	-0.7483	-0.263	1	226	594	5	2011.689759
high-resolution	-0.6147	-0.3284	1	379	1248	13	2012.264879
hindcast	-0.8792	-0.036	1	310	986	8	2013.59322
historical	0.3786	-0.2021	2	213	564	6	2011.854651
history	0.6631	-0.1803	2	765	4884	47	2011.001969
hnlc	-1.1574	-0.3038	1	309	1034	9	2010
hokkaido	0.8804	0.377	2	290	1080	11	2008.23913
holocene	0.4901	-0.2533	2	175	446	5	2010.62959
homing	0.6485	-0.7065	2	131	394	5	2002.2
horizontal advection	-0.8879	-0.0516	1	223	560	5	2009.632353
horizontal resolution	-1.3502	0.036	1	154	532	5	2011.685824
humboldt	-0.4072	0.9026	4	245	766	5	2009.941176
hydrographic	-1.0669	0.1301	1	404	1480	13	2008.115894
hydrographic data	-1.1645	-0.283	1	190	492	6	2006.497059
hydrography	-1.0778	0.0275	1	375	1392	13	2009.277922
hydrology	-0.1548	-0.3937	1	275	804	8	2013.474126
hyperiid	0.4281	0.8119	3	198	582	6	2008.25
hyperiid amphipods	0.4505	0.8508	3	181	564	6	2006
hypotheses	0.82	0.048	2	456	1838	16	2011.496
hypothesis	0.4952	0.0216	2	858	5662	55	2011.082126
hypoxia	-0.5681	-0.1519	1	212	574	5	2013.111111
ice	0.1274	0.1861	4	606	2860	28	2011.721291
ice-cover	0.1451	0.6791	4	272	856	8	2011.210019
ichthyophonus	1.1418	0.0993	2	157	470	6	2010.5
ichthyoplankton	-0.1379	0.0622	3	299	816	6	2009.040816
icy strait	0.4829	0.2263	3	213	654	6	2010.181818
identification	0.8301	-0.5447	2	472	2156	24	2011.944837
iliamna lake	0.7047	-0.5509	2	197	578	7	2005.142857
imagery	-0.4796	-0.3553	1	270	714	7	2011.982143
images	-0.7685	-0.1984	1	359	1194	10	2011.32506
immature	1.0965	-0.3937	2	380	1812	19	2010.513514
immature fish	1.0095	-0.6191	2	129	386	5	2006.2
impact	-0.0577	-0.0793	1	1073	8582	84	2013.206627
implementation	0.1748	-0.3967	2	385	1324	13	2013.145907
implications	0.2281	-0.0239	2	833	4650	46	2011.871583
improvement	-0.5106	-0.3703	1	201	516	5	2012.529851
incidence	0.7742	-0.5269	2	197	540	6	2011.204819
incorporation	0.445	-0.4555	2	201	548	5	2011.174419
increment	1.1398	0.2901	2	215	706	7	2012.521008
index	-0.0977	0.6058	4	922	7866	68	2011.380952
indices	0.1952	0.3801	4	1032	9158	83	2012.102711
individuals	0.7539	-0.2456	2	700	4070	44	2011.172646
industry	0.9029	-0.1594	2	205	608	9	2013.271676
inflow	-0.7697	-0.168	1	207	650	7	2009.568182
influence	-0.2281	-0.0214	1	1073	8620	79	2011.779275
information	0.4049	-0.3127	2	882	5496	57	2011.767792
inner shelf	-0.815	-0.2191	1	293	900	8	2009.673077
inorganic carbon	-1.0391	-0.1716	1	195	514	5	2012.45614
insight	0.2187	0.0322	2	412	1426	12	2012.936061
instability	-1.0542	-0.4049	1	327	1130	10	2009.776848
intensification	-0.9366	0.2411	1	326	986	8	2011.672775
intensity	-0.144	0.0529	3	584	2334	22	2011.663823
interactions	0.2577	0.1665	3	950	6816	62	2011.626733
interannual	-0.4315	0.3614	1	697	3694	34	2009.011628
interannual variability	-0.7675	0.0248	1	844	5852	51	2010.7663
interannual variations	-0.0049	0.3179	3	670	3070	28	2010.739437
interdecadal variations	-0.4983	0.6614	4	153	434	5	2009.719298
interior	-1.2151	-0.2327	1	280	864	8	2010.221733
intermediate	-1.1626	-0.0573	1	198	544	5	2007.833333
international	0.4949	-0.2663	2	304	1028	12	2009.59081
interpretation	-0.2731	-0.0657	1	242	652	7	2010.411609
interspecific competition	1.204	0.3967	3	222	724	6	2008.4375
introduction	1.0359	-0.5	2	124	310	6	2010.370629
intrusion	-0.8182	0.3008	1	468	1900	16	2011.398892
inversion	-0.8046	0.1508	1	289	902	9	2010.501809
invertebrates	0.4872	0.148	3	295	902	9	2011.049793
iron	-0.9272	-0.3515	1	601	3658	34	2012.176678
iron limitation	-0.7834	-0.5704	1	284	1142	10	2010.941176
island	0.0485	-0.3705	2	1103	10270	106	2009.956692
isolation	0.8349	-0.3737	2	173	428	5	2010.695946
isotope	0.8332	0.0939	3	442	2062	19	2011.966793
isotopic analysis	0.6791	-0.041	3	216	656	6	2012.230769
japan	0.8217	-0.0811	2	502	2628	30	2010.171958
japanese sardine	0.4099	0.7934	4	240	736	6	2006.142857
jet	-0.6331	-0.3606	1	201	532	6	2011.139834
john	0.5241	-0.4878	2	191	488	6	2008.988287
juvenile	0.742	0.2395	3	961	9508	90	2009.733918
juvenile chum salmon	1.1131	0.3878	2	277	1182	11	2010.363636
juvenile pacific salmon	1.0426	0.1983	2	211	618	5	2013.2
juvenile salmon	0.8086	0.3166	3	543	2856	28	2011.8
kamchatka	0.7133	-0.4659	2	380	1432	14	2008.134328
kelvin waves	-1.2092	-0.1914	1	177	552	7	2009.907407
key	0.6814	0.042	3	256	698	6	2013.075472
kinetic energy	-1.0456	-0.4478	1	271	804	7	2010.449315
knowledge	0.3807	-0.4194	2	532	2046	20	2012.895394
kodiak	-0.487	-0.5692	1	517	2422	24	2007.52459
kodiak island	-0.4818	-0.6099	1	453	1824	18	2005.4
korea	1.0345	-0.3981	2	217	710	8	2013.351351
krill	0.1451	0.8112	3	245	698	6	2012.106061
kuroshio	0.0033	0.9202	4	302	1128	9	2010.162791
la nina	-0.9712	0.3905	1	575	2938	24	2011.664474
lag	-0.6072	0.2418	4	332	1038	10	2010.653179
lagrangian	-0.8611	-0.463	1	320	1106	12	2011.144928
lake	0.7397	-0.4872	2	643	3782	42	2012.017794
landscape	0.1626	-0.5093	2	246	654	7	2013.677302
large	-0.3608	0.5729	4	349	1110	10	2011.479452
large copepods	0.1658	0.7561	3	283	932	10	2010.590909
large marine ecosystems	-0.019	0.6531	4	358	1278	10	2014.576923
large-scale	-0.1582	0.2963	4	949	7510	66	2011.165527
larvaceans	0.2452	0.8528	3	161	476	5	2008.888889
larvae	0.0792	0.5951	3	421	1612	13	2007.544262
late spring	-0.1758	0.0889	3	435	1412	13	2010.732026
late summer	-0.056	-0.5812	1	247	708	7	2011.54902
latitude	-0.4239	-0.3175	1	374	1194	12	2011.054819
layer	-0.7867	0.1155	1	907	7322	70	2010.321275
lead	0.1611	0.1795	3	222	518	5	2010.716069
length	0.7752	0.2175	2	761	5082	54	2010.5328
levels	0.0207	0.0276	3	1103	9312	91	2011.25209
life	0.6104	-0.0304	2	990	8212	79	2011.876747
life cycle	0.6468	-0.2856	2	401	1374	13	2011.540698
life history	0.6688	-0.2372	2	792	5318	49	2011.362319
life stages	0.7014	0.0733	2	345	1326	12	2012.336842
light	-0.5238	0.0072	1	312	1032	10	2011.753582
likelihood	1.2353	-0.4384	2	236	848	10	2011.660944
limacina	0.1793	0.8856	3	171	528	5	2012.884058
limit	0.4468	-0.0819	2	472	1742	18	2010.544865
limitations	-0.5904	-0.3713	1	559	2646	22	2012.614846
line	-0.7409	-0.0519	1	642	3172	32	2011.363128
line-p	-1.019	0.2222	1	385	1548	16	2009.722222
linkage	0.312	0.2644	4	230	586	5	2012.484733
links	-0.6332	0.2083	1	400	1272	10	2012.592814
literature	-0.0364	-0.2145	1	221	552	6	2011.726524
local climate	-0.3901	0.5813	4	228	600	6	2012.290698
local wind	-1.2552	-0.2217	1	259	824	8	2009.359551
location	0.0362	-0.0199	3	605	2740	26	2010.881081
long-term	-0.0637	0.2948	4	974	7382	72	2012.366366
long-term changes	0.0314	0.4144	4	253	730	8	2012.387324
long-term trends	0.0782	0.404	4	371	1300	12	2012.589226
long-term variability	-0.551	0.7023	4	154	402	5	2011.861111
loss	0.3498	-0.1913	2	551	2320	27	2013.251087
low chlorophyll	-1.1237	-0.1969	1	352	1238	10	2010.470588
low pressure	-0.1617	0.4339	4	377	1292	12	2011.422018
low salinity	-1.1346	0.0045	1	260	786	7	2007.542553
low-frequency variability	-1.106	0.2353	1	286	978	8	2008.596491
magnitude	-0.3076	-0.1942	1	957	6360	63	2011.364091
males	1.2091	-0.3465	2	315	1220	15	2006.916667
mammals	0.2817	0.192	3	362	1216	12	2011.107784
management	0.8577	-0.2372	2	898	8090	90	2013.088766
management strategies	1.1717	-0.1883	2	232	944	13	2013.637931
management strategy evaluation	1.2362	-0.2223	2	135	452	6	2014.444444
map	-0.4943	0.2602	3	351	1204	12	2011.727201
margin	-0.9331	-0.2751	1	520	2392	25	2010.972504
marine	0.2841	0.2651	4	1122	12352	117	2012.020366
marine birds	0.2371	0.2873	3	163	442	5	2009.758621
marine ecology	-0.2795	0.4376	3	231	558	5	2014.296296
marine ecosystems	-0.2487	0.2789	4	859	5834	52	2013.642259
marine environment	0.7885	-0.0998	2	411	1626	15	2012.287625
marine fish	0.408	0.2657	4	257	722	6	2009.474359
marine growth	1.253	0.244	2	367	1904	20	2009.434783
marine life	0.7288	0.4456	2	293	908	8	2012.891892
marine mammals	0.0981	0.2277	3	346	1230	11	2011.844444
marine populations	0.227	0.7103	4	259	806	7	2011.4
marine survival	0.9104	0.3599	2	376	1730	17	2007.684211
marine systems	-0.6298	0.0818	1	204	526	5	2014.228916
marine waters	0.8862	0.2394	3	285	1016	9	2011.891566
markers	1.0992	-0.7521	2	142	430	6	2013.021898
market	0.4769	0.641	3	204	642	6	2014.62963
mass	-0.2521	-0.0578	1	816	4430	44	2010.941993
mathematical model	-0.7521	-0.238	1	195	496	5	2011.674419
maturation	1.1696	0.2417	2	338	1456	14	2009.521739
mature	1.1637	-0.0818	2	407	1740	19	2010.101124
maximum	0.1687	-0.2259	2	646	2794	29	2010.287843
maximum likelihood	1.1994	-0.449	2	232	872	10	2009.226667
maximum sustainable yield	1.3257	-0.3648	2	98	322	5	2009.333333
mean	-0.5915	0.1788	1	693	3528	34	2010.953636
meanders	-1.1186	-0.3297	1	217	688	7	2007.291045
measurements	-0.3005	-0.2691	1	969	6722	66	2010.932763
mechanisms	-0.2735	0.0698	4	1060	8766	83	2011.610479
mei	-1.2696	0.488	1	236	876	7	2014.095238
melting	-0.7461	0.0092	1	189	524	6	2012.110283
mesoscale	-1.0507	-0.351	1	627	3772	37	2009.976526
mesoscale eddies	-1.0317	-0.3833	1	633	3736	36	2011.271028
mesozooplankton	-0.1079	0.5953	3	323	1050	10	2009.5
method	0.6021	-0.3439	2	749	4498	53	2012.144788
methodology	0.0131	-0.3301	2	204	566	7	2012.912525
metrics	0.7259	-0.4114	2	183	464	5	2015.541833
mexico	-0.7902	0.1799	1	245	788	8	2010.818182
mg	-0.4332	0.5433	3	249	704	7	2010.971279
microsatellite	1.0124	-0.8286	2	215	992	13	2011.333333
microsatellite loci	0.9938	-0.9065	2	117	394	5	2010.058824
microzooplankton	-0.4859	0.3703	3	183	492	5	2011.483871
mid-latitudes	-1.0134	0.4775	4	206	564	5	2012.022549
migrants	0.9318	-0.3197	2	175	488	5	2007.875
migration	0.7033	-0.3473	2	931	7882	81	2011.023474
migration patterns	0.9602	-0.3805	2	255	718	7	2009.933333
migration route	1.0824	-0.603	2	252	878	9	2009.333333
migration timing	0.9828	-0.1593	2	241	716	7	2012.142857
migratory	0.7353	-0.4748	2	396	1502	15	2011.888889
minimum	-0.3154	0.1237	1	350	1058	9	2009.779051
mission	-1.0503	-0.435	1	167	414	5	2012.55098
mixed-layer	-0.8372	0.294	1	314	1090	11	2011.050847
mixed-layer depth	-0.6025	0.3916	1	250	754	7	2012.4375
mixing	-0.859	-0.1857	1	719	4308	41	2009.902919
mixture	0.4826	-0.6844	2	372	1352	13	2010.906921
mld	-1.0819	0.3863	1	220	734	7	2012.387755
mode	-0.9544	0.1752	1	680	4088	35	2010.915266
model	0.0499	-0.1738	2	1369	23126	233	2011.651901
model simulations	0.022	0.0915	3	358	1048	10	2012.477137
modeling	-0.4381	-0.3455	1	833	5414	48	2012.080047
momentum	-0.818	-0.627	1	152	394	5	2008.74186
monitoring	0.0557	-0.1475	2	535	2164	21	2012.828676
monte carlo	1.1285	-0.353	2	159	458	6	2011.598684
moorings	-1.088	-0.4315	1	280	1000	10	2010.555556
morphology	1.0185	-0.4119	2	190	524	6	2011.797508
mortality	0.9949	0.137	2	668	4046	42	2009.693662
motion	-1.1797	-0.4401	1	178	468	6	2009.832335
mountains	0.0548	-0.418	1	191	444	5	2011.617276
mouth	0.2626	-0.542	2	297	848	9	2011.528409
movement	0.349	-0.3206	2	553	2554	26	2009.813333
mt	0.9265	-0.5145	2	167	494	6	2009.927928
multiple regression	0.6627	0.7881	4	197	544	5	2010.52381
multivariate	-0.6538	0.5334	4	401	1608	13	2013.099057
n-15	0.5671	0.1693	3	317	1130	11	2013.565217
national	-0.7549	-0.042	1	350	1228	12	2010.195652
natural mortality	1.0373	0.0901	2	197	502	5	2008.083333
natural variability	0.5271	-0.1425	2	192	512	6	2011.995781
nature	-0.1256	0.3866	4	289	866	10	2010.788145
ne pacific	-0.6316	-0.0762	1	356	1154	11	2007.086957
near-surface	-1.1217	-0.1988	1	419	1610	15	2011.177419
nearshore	0.1069	-0.0095	3	528	2076	19	2010.655462
nekton	0.3852	0.464	3	278	1014	11	2007.75
nemuro	0.6585	0.7912	3	202	678	7	2010.125
neocalanus	-0.1722	0.5409	3	412	1662	16	2009.060606
nep	-0.7668	-0.4148	1	211	610	5	2011.444444
net	-0.2081	0.1206	3	248	670	8	2010.964126
network	0.0957	-0.3773	2	295	876	10	2012.964962
new data	0.7954	0.2207	2	165	416	5	2011.109375
new production	-0.9857	0.1774	1	212	642	6	2006.707317
nitrate	-1.0789	-0.012	1	524	2760	26	2010.126471
nitrogen	0.2209	0.1486	3	571	2622	23	2012.807923
nitrogen isotopes	0.6836	-0.0512	3	244	768	8	2012.5625
no3	-1.2436	-0.1808	1	190	562	6	2010.672414
noaa	-0.9161	-0.1266	1	200	502	5	2008.907609
north	-0.1163	0.167	4	1346	23402	223	2010.374238
north america	0.164	-0.4638	2	630	3158	31	2011.532207
north american	0.6594	-0.4752	2	379	1516	16	2010.662844
north atlantic	-0.3178	0.6292	4	246	766	7	2010.017846
north pacific	-0.1382	0.2841	4	1263	18274	171	2010.653333
north pacific climate	-0.3819	0.7278	4	293	1102	9	2011.384615
north pacific current	-0.965	-0.1224	1	302	1044	10	2013.307692
north pacific gyre	-0.7718	0.6519	4	509	2800	22	2011.837209
north pacific gyre oscillation	-0.797	0.6398	4	489	2704	21	2014.032258
north pacific index	0.2757	0.8667	4	240	774	6	2010.482759
north pacific ocean	0.1839	0.1513	4	863	6488	60	2009.464706
northeast pacific	-0.7556	0.1168	1	947	8068	70	2009.106195
northeast pacific ocean	-0.7383	-0.0595	1	621	3056	28	2008.842105
northern	-0.2968	0.4182	4	637	3004	27	2011.106605
northern california	-0.7269	0.3953	3	312	1074	9	2013.357143
northern california current	-0.6566	0.4695	3	287	964	8	2012.375
northern hemisphere	-0.3907	0.7151	4	220	692	8	2010.714878
northern regions	0.0589	0.3379	3	354	1158	10	2013.05618
northwest	-0.0482	-0.2996	1	487	1808	18	2011.701835
northwest pacific	-0.0947	-0.0547	4	324	1028	10	2010.603175
npi	0.2003	0.9091	4	221	666	5	2012.173913
npzd model	-0.9163	-0.4544	1	229	754	6	2013.571429
nucleotide polymorphism	0.9916	-0.7685	2	220	860	11	2015
numerical model	-0.8321	-0.3065	1	273	944	9	2009.365706
numerical simulations	-0.889	-0.5454	1	199	546	6	2012.214493
nursery	0.5171	-0.5697	2	299	1154	11	2011.46875
nursery areas	0.6443	-0.3067	2	250	956	8	2009.230769
nutrient inputs	-0.4589	0.3876	3	232	602	5	2013.219512
nutrients	-0.458	-0.1973	1	903	6382	63	2011.870968
objective	0.2777	-0.073	2	296	844	8	2011.917647
observations	-0.6903	-0.2367	1	1059	9906	102	2011.448164
observers	0.4211	-0.0094	2	172	442	5	2009.685714
occurrence	0.0796	0.1402	3	486	1730	19	2011.803551
ocean	-0.2599	-0.1081	1	1371	25252	247	2010.965167
ocean basins	-0.2302	0.2457	4	337	1170	10	2010.322222
ocean circulation	-0.9727	-0.2105	1	591	3044	27	2010.55339
ocean circulation model	-1.1163	-0.0436	1	198	574	5	2009.8625
ocean climate	-0.078	0.6881	4	517	2346	20	2011.955932
ocean currents	-0.7254	-0.4571	1	194	496	5	2010.666667
ocean data	-0.5289	-0.1097	1	283	842	7	2010.227273
ocean ecosystems	-0.673	0.0698	1	377	1386	12	2013.328571
ocean eddies	-1.0196	-0.569	1	169	478	6	2011.404494
ocean general circulation	-1.175	0.1786	1	210	670	6	2009.590164
ocean general circulation model	-1.1545	0.2764	1	182	574	5	2009.438053
ocean growth	1.2729	0.3586	2	151	426	5	2011.928571
ocean migration	0.7736	-0.6415	2	143	396	5	2008.714286
ocean model	-0.7789	-0.2322	1	503	2204	20	2010.792558
ocean modelling	-0.7929	-0.5102	1	441	1778	15	2012.842975
ocean processes	-0.5052	0.0577	1	268	682	5	2011.76087
ocean productivity	-0.2089	-0.2049	1	355	1198	11	2011.837838
ocean response	-0.5611	0.8343	4	221	692	6	2010.018182
ocean station p	-1.109	0.1414	1	226	760	7	2003.428571
ocean station papa	-1.0024	-0.0431	1	378	1418	14	2006.733333
ocean surface	-0.8622	-0.1594	1	531	2184	19	2011.97351
ocean survival	0.6793	0.2969	2	216	718	8	2008.333333
ocean temperature	-0.3027	0.5232	4	377	1428	15	2012.187952
ocean variability	-0.6009	-0.4995	1	268	800	8	2011.174888
ocean waters	-0.1347	-0.0721	1	286	834	8	2011.075758
oceanic distribution	0.5996	-0.6635	2	253	788	8	2008.352941
oceanographic conditions	-0.1155	0.2819	4	493	1852	16	2008.192771
oceanographic data	-0.3853	-0.1462	1	209	560	6	2008.973333
oceanography	-0.3021	-0.2197	1	530	1970	18	2009.138686
offshore	-0.5703	-0.3091	1	611	2654	26	2009.651466
oil	0.0635	-0.2112	3	490	1788	17	2011.484241
oil spill	0.3576	0.0645	3	269	890	8	2012.794872
oithona	-0.1976	0.8033	3	192	588	5	2007.2
okhotsk	0.7495	0.3925	2	411	1994	22	2010.130719
okhotsk sea	0.5579	0.4698	2	288	1054	11	2009.5
oncorhynchus	1.0099	-0.2028	2	1120	20128	232	2009.495833
oncorhynchus gorbuscha	0.9717	0.2826	3	538	2874	30	2009.9375
oncorhynchus keta	1.0134	-0.1442	2	600	3964	47	2010.081633
oncorhynchus kisutch	0.7383	-0.2374	2	273	930	10	2010.727273
oncorhynchus mykiss	1.0369	-0.1758	2	193	568	6	2006.666667
oncorhynchus nerka	1.0532	-0.5107	2	524	3134	36	2008.138889
oncorhynchus spp	1.1739	-0.2229	2	334	1400	16	2009.133333
oncorhynchus tshawytscha	1.0242	-0.328	2	483	2378	25	2014.269231
onset	-0.7538	0.2529	1	399	1352	10	2011.400894
open access	0.4397	-0.1787	2	248	692	8	2015.769231
open ocean	-0.3842	-0.0963	1	572	2382	22	2011.015873
operation	0.5594	-0.2671	2	202	540	7	2012.715909
order	-0.0825	-0.0334	1	689	3054	31	2010.598046
oregon	-0.3859	0.3072	4	607	3640	33	2009.435484
organic carbon	-0.4651	-0.0021	1	270	788	7	2012.96863
organic matter	-0.4851	-0.0207	1	216	608	6	2012.485771
organisms	0.1156	0.1021	3	505	1894	19	2012.67134
organization	0.3104	-0.4052	2	213	528	5	2013.329897
origin	0.2434	-0.5422	2	699	3708	38	2010.187679
oscillation	-0.5608	0.5758	4	1016	11288	97	2010.801829
outcomes	0.2307	-0.3966	2	268	720	6	2014.259036
outer shelf	-0.5615	-0.4231	1	286	882	8	2011.282209
outflow	-0.795	-0.5461	1	196	594	7	2008.807601
overlap	0.9171	0.1928	3	326	1060	11	2012.007874
overwinter	1.0892	0.1841	3	188	498	5	2011.294118
oxygen	-0.7315	-0.1169	1	633	3086	28	2009.83871
oyashio	-0.4542	0.5801	4	355	1274	11	2007.482759
pacific	0.0038	0.1033	4	1430	40016	394	2010.950879
pacific basin	0.0675	-0.2617	2	214	566	5	2009.483146
pacific climate	-0.4837	0.708	4	376	1548	12	2012.237288
pacific coast	-0.4091	0.3541	4	250	752	6	2010.695652
pacific cod	0.514	0.1988	2	318	1080	11	2011.621212
pacific decadal	-0.4337	0.6744	4	926	8498	71	2012.792717
pacific decadal oscillation	-0.4217	0.6779	4	920	8342	69	2012.919403
pacific halibut	0.8459	0.3777	2	207	602	7	2009.928571
pacific herring	0.5064	0.5302	3	567	3036	27	2009.2
pacific ocean	-0.0498	0.0797	4	1137	12712	121	2010.089431
pacific rim	0.8661	-0.6659	2	271	1032	11	2006.84
pacific salmon	0.9494	-0.1336	2	891	8420	93	2010.145833
pacific salmon oncorhynchus spp	1.1262	-0.2285	2	304	1212	13	2009
pacific sardine	-0.032	0.7665	3	216	710	6	2007.714286
pallasii	0.6297	0.5707	3	347	1236	11	2014.857143
parameters	0.329	-0.0905	2	821	4870	53	2010.962104
part	-0.2574	-0.157	1	864	4860	49	2010.410034
particles	-0.9103	-0.3947	1	220	596	6	2011.108822
patches	-0.0898	0.5208	3	223	598	6	2011.337979
pathways	-0.1265	-0.3758	1	594	2562	25	2013.213274
pattern variability	-0.9268	0.6311	4	262	804	7	2009.605634
patterns	0.1959	0.1214	4	1302	18284	176	2011.236066
pdo	-0.6224	0.6833	4	709	4902	40	2012.991071
pelagic	0.0207	0.4041	3	586	2532	24	2011.982143
pelagic ecosystem	-0.1909	0.402	3	482	1730	15	2011.277778
pelagic fish	0.3647	0.5195	4	437	1698	15	2011.081081
peninsula	-0.1725	-0.4962	1	539	2132	21	2011.596904
performance	1.0683	-0.1821	2	394	1766	22	2013.489921
period	-0.2826	0.2582	1	1180	13116	127	2011.210316
persistence	0.4445	0.0325	2	362	1306	13	2012.073254
perspective	0.2389	-0.5223	2	222	550	6	2012.901235
perturbations	-0.262	0.6947	4	390	1394	10	2010.583086
phase	-0.4259	0.3082	4	819	4818	44	2011.300144
phenology	0.0667	0.0786	3	420	1508	13	2014.085938
phenotypic	1.1226	-0.5094	2	239	808	9	2013.529412
phosphate	-0.9453	0.1997	1	204	574	7	2010.048128
physical	-0.2687	-0.1774	1	379	1136	10	2009.0625
physical conditions	-0.1476	0.1006	3	257	722	7	2011.75
physical environment	-0.2064	0.0633	1	274	764	7	2010.739726
physical mechanisms	-0.638	0.6022	4	200	532	5	2011.84
physical oceanography	-0.9618	-0.3076	1	303	884	8	2007.84507
physical processes	-0.4918	-0.1279	1	340	1068	9	2012.057576
physics	-0.2525	-0.1231	1	200	496	5	2011.674359
phytoplankton	-0.689	0.1532	1	881	6718	57	2012.529026
phytoplankton biomass	-0.6998	0.4977	3	294	1048	9	2013.33125
phytoplankton bloom	-0.4621	-0.1308	1	397	1488	14	2012.516129
phytoplankton community	-0.9245	0.0377	1	204	588	5	2014.607595
phytoplankton growth	-0.9014	-0.119	1	383	1466	11	2011.444444
phytoplankton production	-1.1795	-0.1254	1	191	530	5	2009.969231
pink salmon	0.9108	0.3336	3	794	6324	63	2009.313433
place	0.4339	-0.1627	2	343	942	12	2009.958042
planktivores	0.6634	0.4288	3	210	526	5	2010
plankton	-0.2938	0.4953	3	629	3404	35	2010.853821
plankton biomass	-0.5579	0.4387	1	246	752	7	2009.692308
plankton communities	-0.2501	0.6025	3	135	392	5	2013.029412
plankton production	-0.417	0.1581	3	243	630	5	2010.461538
plasticity	1.0101	-0.1046	2	177	470	5	2014.345794
plume	-0.2325	-0.5554	1	297	892	8	2009.9
poleward	-1.1149	0.0283	1	410	1692	17	2010.827273
policy	1.1581	-0.209	2	229	732	8	2014.121693
pollock	0.8493	0.1583	2	460	1976	20	2006.729825
polymorphism	0.9778	-0.7543	2	295	1384	18	2011.742574
pools	-0.4582	-0.0506	1	226	588	6	2013.203252
population	0.6733	-0.1265	2	1265	19548	197	2011.362024
population diversity	0.8158	-0.6937	2	141	408	5	2014.4
population dynamics	0.816	0.1082	2	610	3062	28	2011.758929
population genetics	0.8928	-0.7483	2	125	356	5	2013.705882
population size	0.9101	0.19	2	229	614	6	2010.705882
population specific	1.0507	-0.4398	2	190	520	6	2012.25
population structure	0.9915	-0.6273	2	258	980	12	2011.321429
portfolio	0.6441	-0.2672	2	137	404	5	2012.818182
position	-0.2697	-0.2236	1	335	1028	11	2010.689373
potential	0.6071	-0.0773	2	600	2656	26	2012.784435
power	0.3912	-0.3284	2	313	918	9	2011.834034
precipitation	-0.7084	0.0595	1	323	1106	10	2012.247478
precision	0.685	-0.5776	2	197	558	6	2011.580524
predation	0.8165	0.1922	3	594	2960	30	2008.722222
predators	0.5463	0.3145	3	711	4010	39	2010.345515
predictability	-0.7601	-0.14	1	201	520	5	2013.231855
prediction	-0.1616	-0.2462	1	583	2586	24	2012.073267
preference	0.4409	0.0777	3	218	606	7	2012.214286
preseason	1.0959	-0.4315	2	138	422	5	2012.285714
pressure	-0.1903	0.0875	4	939	6260	60	2010.477108
pressure gradient	-0.8988	-0.3416	1	273	750	6	2009.674797
prevalence	1.0688	0.1917	2	203	588	7	2013.013245
prey	0.6913	0.4974	3	781	5910	55	2009.116992
prey availability	0.7225	0.49	3	285	892	9	2010
prey biomass	0.793	0.5569	3	187	510	5	2010.866667
prey consumption	1.0267	0.4665	3	192	546	5	2009.416667
prey items	0.8409	0.5309	3	208	578	6	2010.970588
prey species	0.2583	0.3009	3	332	1022	9	2009.090909
primary production	-0.6297	0.0438	1	565	2718	25	2012.113402
primary productivity	-0.1418	0.1435	3	505	1960	17	2013.138889
prince william sound	0.3429	0.2445	3	781	5616	55	2009.176471
principal component analysis	-0.0042	0.8096	4	295	1072	10	2010.580645
principal components	-0.2402	0.7882	4	402	1680	15	2010.402597
principle	-0.0722	0.6117	4	192	484	5	2010.684211
probability	0.8949	-0.2512	2	402	1400	16	2011.876866
processes	-0.2443	-0.1289	1	1174	11312	103	2011.967406
production	-0.0213	0.0331	3	1182	12226	117	2011.637878
production rates	-0.3306	0.1222	3	237	598	6	2011.385714
productivity	0.2099	0.0153	3	1179	12754	125	2012.484007
profiler	-0.9285	-0.4608	1	206	558	6	2008.733083
profiles	-0.7741	-0.4708	1	468	1770	19	2010.526606
progress	-0.5612	0.347	1	376	1290	12	2012.411765
project	0.004	-0.1797	2	293	830	10	2012.453668
projection	0.7684	-0.2469	2	210	592	5	2014.197635
propagation	-1.0797	-0.1422	1	468	2104	21	2010.734739
properties	-0.7881	-0.2311	1	775	4598	44	2011.071907
proportion	0.438	0.1943	3	411	1482	15	2011.055556
proximity	-0.0879	-0.4219	2	265	696	6	2011.075099
proxy	0.1058	0.2326	3	459	1692	17	2013.127907
pseudocalanus	-0.2632	0.7868	3	245	790	7	2009.625
pteropods	0.4956	0.8531	3	219	818	9	2012.267327
puget sound	0.9543	0.2974	3	197	520	5	2008
pulses	0.3626	-0.0706	3	361	1104	11	2011.138996
pycnocline	-0.9865	-0.0284	1	320	972	9	2007.93125
quality	0.6419	0.3323	3	431	1598	16	2012.741898
queen charlotte islands	-0.6527	-0.5878	1	324	1082	11	2003.727273
rainbow trout	0.8269	-0.0537	3	210	720	8	2009.111111
range	0.4303	-0.2008	2	1040	8622	86	2011.410547
rapid	-0.27	-0.1259	1	288	800	7	2012.463023
rates	0.5169	0.0933	2	1041	9212	92	2011.494306
ratio	0.1133	0.0604	2	630	2686	27	2010.925387
ration	0.8548	0.3266	3	247	736	7	2005.380952
real-time	-0.0566	-0.6732	2	170	400	5	2012.398907
reanalysis	-0.8353	0.046	1	212	602	7	2012.860412
rearing	0.9297	-0.5805	2	236	712	7	2010.2
recent	0.08	0.0892	4	412	1440	15	2011.804991
recirculation	-0.9991	-0.2795	1	265	710	5	2006.169082
reconstruction	0.5007	-0.3572	2	313	1006	11	2012.728025
record	-0.2293	0.1513	1	621	2916	29	2011.508365
recorders	-0.4584	0.1623	3	277	890	9	2008.953846
recovery	0.521	0.3058	3	390	1372	13	2012.7654
recruitment	0.7316	0.1898	2	755	5652	56	2009.700704
recruitment variability	0.45	-0.4608	2	204	752	6	2010.833333
reduction	0.1968	-0.089	2	581	2472	25	2012.202875
regime	0.0224	0.4105	4	1116	11578	106	2010.768478
regime shifts	0.0545	0.6797	4	894	8002	76	2009.757062
region	-0.3006	-0.0809	1	1390	23848	234	2011.608772
regional	-0.3468	-0.5242	1	567	2352	21	2012.480198
regional climate	-0.3806	0.5705	4	212	604	5	2013.123404
regional differences	0.4071	0.3547	3	244	724	8	2012.228758
regional ocean modeling system	-0.705	-0.5597	1	391	1432	12	2013.545455
regional scale	0.1119	0.4401	4	348	1162	9	2012.592334
regression	0.1753	0.2661	4	540	2168	21	2011.924945
regression model	0.6058	0.5	4	207	588	6	2012.350785
regulation	0.4696	-0.388	2	270	794	8	2011.631579
relationship	0.4889	0.109	2	1129	11786	120	2011.52721
relative abundance	0.4325	0.3977	3	243	718	7	2013.82
relative importance	-0.289	0.3826	3	250	662	6	2010.879562
relaxation	-0.4649	-0.0545	1	239	656	7	2009.702128
release	0.9776	0.1129	2	377	1522	16	2012.712924
remote	-0.5698	-0.5603	1	228	588	5	2012.899032
removal	-0.9122	0.1388	1	160	420	5	2011.470833
representation	0.4509	-0.1435	2	321	1046	9	2013.246886
reproduction	0.3893	0.0824	3	235	656	6	2010.931818
requirements	0.0103	-0.2986	1	244	592	6	2011.322368
res	-0.9031	-0.2525	1	287	870	10	2010.48537
research	0.2445	0.0102	3	832	4898	52	2012.25614
residence	0.4188	-0.1069	2	587	2690	27	2010.135762
residence time	-0.4238	-0.4535	1	308	864	7	2009.992032
residues	0.4307	0.7041	4	391	1632	14	2009.701681
resilience	0.3155	-0.1634	2	465	1726	18	2014.867816
resolution	-0.746	-0.2962	1	598	2674	24	2011.918993
resources	0.6523	-0.0358	2	847	5442	54	2013.251701
response	-0.0723	0.22	4	1113	10074	91	2012.161066
retention	-0.0855	-0.2616	1	270	690	6	2011.192053
retrospective	0.7558	0.0933	2	186	490	5	2014.375
retrospective analysis	0.6324	-0.1813	2	197	540	5	2014.914894
reversal	-0.6424	-0.4666	1	281	788	7	2011.354497
richness	0.1337	0.3796	3	251	752	7	2013.813953
ricker	1.0332	0.245	2	321	1284	13	2008.055556
risk	1.0162	-0.2762	2	370	1432	18	2014.229167
river	0.5931	-0.4635	2	1096	12112	134	2011.920886
river discharge	-0.4072	-0.3693	1	230	610	5	2011.398406
river plume	-0.2087	-0.5046	1	255	690	6	2011.19697
river system	1.1264	-0.616	2	242	912	10	2012.522727
rockfish	0.1575	0.7759	3	250	852	6	2016.6
role	-0.042	-0.0173	1	1039	7650	73	2012.568357
roms	-0.7182	-0.5398	1	391	1528	13	2013.574468
rossby	-1.2613	-0.2713	1	229	698	6	2010.884413
routes	0.9477	-0.5665	2	155	406	5	2011.930769
rules	1.2285	-0.1802	2	174	600	7	2010.403226
runoff	-0.8606	-0.3384	1	522	2464	25	2012.212743
russia	1.0621	-0.6552	2	272	1172	12	2012.192015
russian	1.0735	-0.3683	2	264	992	10	2010.807018
sablefish	0.8134	0.0093	2	352	1364	14	2013.470588
salinity	-0.943	0.1549	1	884	7162	66	2009.248247
salinity anomalies	-1.339	-0.1504	1	186	534	5	2008.269737
salmon	0.9075	-0.1604	2	1247	27172	307	2009.740525
salmon catch	1.036	-0.1619	2	350	1324	15	2010
salmon fisheries	1.0834	-0.2754	2	299	1190	15	2012.1875
salmon hatcheries	1.275	0.1817	2	179	518	5	2008
salmon hatchery	1.3711	-0.1247	2	232	836	9	2009.888889
salmon rivers	0.935	-0.5558	2	195	538	5	2006.4
salmonids	0.8903	-0.0633	2	439	1896	19	2008.653846
salt	-0.9109	-0.4843	1	279	896	10	2008.72546
sample	0.9084	-0.6896	2	150	428	6	2011.599617
sampling	-0.0723	-0.3228	2	583	2216	23	2012.100775
sardine	0.1602	0.8363	4	465	2154	18	2007.666667
satellite	-0.8639	-0.3758	1	680	3876	38	2011.755822
satellite altimeter	-1.1721	-0.4259	1	211	568	6	2008.958333
satellite altimetry	-1.1601	-0.4628	1	280	986	10	2012.138138
satellite data	-0.8325	-0.1271	1	312	956	9	2011.686028
satellite observations	-1.0643	-0.3873	1	233	686	8	2012.973832
saturation	-0.676	-0.2164	1	219	580	5	2011.875
scale	-0.0414	0.0228	4	1168	11702	111	2011.804989
scenarios	0.5632	0.0507	2	499	1984	19	2012.882212
science	-0.1842	-0.1073	1	644	2868	29	2005.441336
sea	0.1511	0.0534	2	1395	29008	299	2010.929745
sea ice	-0.1418	0.2437	4	394	1498	15	2012.341204
sea level	-0.6814	0.0429	1	695	3778	35	2011.153319
sea level pressure	-0.9066	0.5141	4	355	1462	12	2009.567201
sea lions	0.4505	0.5212	4	278	832	7	2006.8
sea surface	-0.3461	0.3527	4	1115	12880	115	2011.29989
sea surface height	-1.1976	-0.2353	1	469	2466	22	2010.567114
sea surface height anomalies	-1.3546	-0.2757	1	157	468	5	2006.193548
sea surface salinity	-0.7312	0.6487	4	194	564	5	2011.927536
sea surface temperature	-0.1246	0.5868	4	1050	11662	103	2011.542882
seabirds	0.0575	0.6247	3	521	2464	21	2010.981707
season	-0.0468	0.0629	3	1073	8590	82	2012.178114
seasonal changes	0.2187	0.1803	4	221	566	5	2012.145349
seasonal cycle	-0.7752	-0.0098	1	457	1602	12	2011.135957
seasonal pattern	-0.9382	0.3005	1	240	666	5	2011.586207
seasonal scale	-0.7547	-0.0043	1	267	718	5	2013.808511
seasonal variability	-0.916	-0.015	1	240	664	6	2011.582043
seasonal variation	-0.4454	-0.0054	1	368	1078	10	2011.013917
seawater	-0.6941	-0.0766	1	311	990	10	2011.626116
seawifs	-0.898	-0.095	1	351	1190	10	2008.102273
sebastes	0.387	0.2818	2	194	506	5	2012.705882
secondary production	-0.073	-0.037	3	190	460	5	2009.378378
sediments	-0.3347	-0.3983	1	291	880	10	2011.206075
selection	1.0655	-0.4824	2	455	2258	24	2012.335938
selective mortality	1.3776	0.3536	2	146	514	6	2009.384615
selectivity	1.3052	-0.3306	2	244	862	10	2010.717949
sensitivity	-0.598	0.1384	1	497	1806	15	2012.152936
sensors	-0.9389	-0.4579	1	224	612	6	2011.517949
separation	0.0138	-0.2753	1	288	778	9	2009.887195
sequence	-0.1033	-0.6073	1	189	488	6	2012.290017
series	-0.3427	0.2314	4	1077	9750	92	2010.601012
service	0.228	-0.0382	2	393	1304	13	2013.140288
settlement	0.2846	-0.3129	2	171	490	5	2011.937107
seward line	-0.7617	-0.3852	1	250	716	7	2013
sex	1.2655	-0.3872	2	189	636	9	2008.45
sexual selection	1.2649	-0.451	2	155	502	6	2010.428571
shape	1.1728	-0.479	2	143	456	6	2010.573529
shelf	-0.6206	-0.1728	1	1127	12798	129	2010.587376
shelf ecosystems	-0.2728	0.4895	3	170	478	5	2013.588235
shelf exchange	-0.9842	-0.51	1	161	486	6	2011.088889
shelf slope	-0.7862	-0.1443	1	337	1136	13	2009.940928
shelf waters	-0.9508	-0.3214	1	387	1388	14	2009.09329
shelf-break	-0.7807	-0.3845	1	570	2812	27	2009.840909
shelfbreak	-1.1361	-0.4448	1	215	670	5	2011.865385
shelikof strait	-0.7232	-0.6746	1	153	412	5	1999.810345
shift	-0.0156	0.5162	4	1123	12398	115	2012.333333
ship	-0.9356	-0.0379	1	175	426	5	2010.712
shore	-0.2318	-0.3131	1	297	784	7	2010.122222
short-term	-0.5509	-0.156	1	274	768	7	2012.055432
shrimp	0.0285	0.6813	3	199	516	5	2006.117647
signal	-0.5612	0.073	1	785	4316	41	2011.038817
signatures	0.7967	0.3919	3	215	592	5	2011.86758
significance	0.5042	0.5497	3	240	636	6	2011.019928
silicate	-1.0806	0.0531	1	270	850	9	2008.463158
silicic acid	-1.0587	0.1302	1	236	598	5	2012.636364
similarity	0.664	-0.6593	2	146	364	5	2011.516971
simulation model	1.1175	-0.3348	2	207	656	8	2010.530973
simulations	-0.1828	-0.2768	1	865	5436	55	2012.277903
single nucleotide	0.9806	-0.7608	2	241	1016	13	2013.647059
sites	0.0663	-0.2328	2	742	3836	38	2011.507274
sitka	-0.6806	-0.3289	1	404	1458	16	2009.736842
sitka eddy	-1.0206	-0.3513	1	274	832	8	2007
size	0.8187	0.0914	2	1098	11476	120	2010.965923
size classes	0.0595	0.2349	3	244	670	6	2012.517241
size-selective mortality	1.48	0.3622	2	125	450	5	2010.857143
slope	-0.5311	-0.2679	1	687	3354	34	2010.341082
small pelagic	0.6844	0.613	4	280	914	8	2012.333333
small-scale	-0.095	-0.497	2	197	472	5	2011.469512
smolts	1.0863	-0.0912	2	343	1498	15	2009.2
snp	0.9974	-0.7629	2	264	1238	16	2014.083333
society	-0.3628	0.3072	4	226	572	6	2010.520354
sockeye	1.03	-0.3338	2	881	10272	118	2009.276423
sockeye salmon	1.0348	-0.3474	2	891	11144	130	2008.985075
sockeye salmon (oncorhynchus nerka)	0.9529	-0.546	2	373	1496	16	2010.375
soi	-0.1793	0.9449	4	212	648	5	2009.348837
solution	-0.0716	-0.4562	1	295	824	9	2010.22668
sound	0.3208	0.1591	3	855	6790	67	2009.438406
source	-0.2636	-0.3164	1	886	5540	59	2011.544715
source waters	-0.9969	0.2638	1	281	868	9	2008.57967
south	-0.4508	0.0621	1	795	4668	42	2009.816077
south pacific	-0.7567	0.6016	4	240	666	5	2009.295533
southeast alaska	0.5149	-0.4982	2	533	2478	24	2011.380952
southern	-0.5833	0.602	4	554	2820	25	2011.247603
southern california	-1.0442	0.3721	1	253	870	8	2007.294118
southern oscillation	-0.6441	0.5392	4	625	3766	33	2011.761165
southern oscillation index	-0.1145	0.9497	4	279	1024	8	2008.992593
southwest	-0.0125	-0.4043	1	262	698	7	2010.224324
space	-0.1332	-0.3176	1	433	1384	14	2011.281958
spatial	-0.0778	-0.1704	1	493	1682	18	2011.877747
spatial distribution	-0.5268	-0.1222	1	160	402	5	2012.602028
spatial patterns	-0.5208	0.2922	1	391	1266	11	2012.024523
spatial scales	0.4026	-0.0439	2	433	1660	16	2012.42723
spatial variability	-0.4009	-0.108	1	377	1154	11	2011.858628
spawner-recruit	0.8697	0.4533	3	183	504	5	2006.2
spawning	0.8103	-0.2793	2	533	2540	27	2008.291262
species	0.4388	0.1575	3	1283	19412	191	2011.629341
species abundance	0.1665	0.3726	3	297	846	7	2012.15625
species change	0.8754	0.1798	3	232	608	6	2013.791667
species composition	-0.1929	0.4865	3	413	1448	12	2011.337662
species diversity	0.0521	0.0086	3	230	600	5	2011.076923
species interactions	0.6238	0.5774	3	223	628	5	2013.433962
species range	1.0336	-0.5452	2	199	608	6	2011.666667
species richness	-0.3069	0.8132	3	308	1198	9	2013.089796
specimens	0.7611	-0.0947	2	191	494	5	2012.251232
spectral	-1.1384	0.1807	1	243	778	8	2011.032967
spectral analysis	-1.0593	0.0502	1	157	432	5	2010.392157
spectrum	-0.3581	0.139	3	305	804	7	2010.348901
speed	-0.6171	-0.3648	1	307	968	12	2010.795455
spill	0.3222	-0.0379	3	271	850	8	2012.535714
spring	-0.3126	0.1406	1	1148	12364	115	2011.445356
spring bloom	-0.8962	0.1719	1	359	1314	11	2011.73913
squid	0.6329	0.5265	3	460	2180	20	2008.282051
ssh	-1.321	-0.0995	1	301	1300	11	2010.885714
sst anomalies	-1.0212	0.4379	1	311	1142	11	2010.894292
stability	0.0712	-0.2663	2	475	1618	16	2011.601934
stable isotope analysis	0.6792	-0.0397	3	216	656	6	2012.92
stable isotopes	0.76	0.0621	3	459	2238	21	2012.393939
stage	0.5962	-0.0019	2	672	3810	36	2011.432692
state	0.0034	0.0734	4	776	4386	44	2012.176355
station p	-1.062	0.1648	1	283	1122	12	2004.083333
stations	-0.2901	0.103	1	692	3280	31	2010.728667
statistical model	0.6422	-0.4704	2	190	506	6	2011.85
statistics	-0.4041	-0.3982	1	391	1240	11	2010.724252
status	0.8404	-0.1233	2	342	1126	13	2011.737569
steelhead	0.9366	-0.2855	2	220	678	7	2003.714286
steller sea lion	0.1917	0.5964	4	182	516	5	2005.666667
stock	0.906	-0.1229	2	1065	13486	144	2011.522491
stock assessment	0.9742	-0.005	2	399	1586	15	2010.825
stock biomass	0.731	0.5782	3	300	986	10	2010.8
stock identification	1.1133	-0.5845	2	309	1304	15	2011.866667
stock recruit	0.9135	0.0468	2	174	484	5	2010.5
stock size	1.0469	0.1526	2	260	800	9	2007.388889
stock-recruitment	1.1601	-0.1891	2	328	1426	16	2009.04
stomach	0.9662	0.3809	3	414	1900	20	2008.825581
stomach contents	0.968	0.3645	3	347	1482	16	2009.135593
stomach fullness	1.0205	0.374	3	197	582	5	2010.545455
storage	-0.25	-0.2376	1	270	776	8	2013.435429
storm	-0.7333	-0.4575	1	397	1296	13	2010.368357
strait	-0.2582	-0.4606	1	626	3378	36	2008.864542
strategies	0.7599	-0.1181	2	583	2724	29	2013.49449
stratification	-0.815	0.0781	1	644	3344	33	2010.765734
stream	-0.0905	-0.3965	1	804	4996	54	2011.208251
stream fishes	0.8499	-0.0067	3	191	590	7	2010.625
strength	-0.0939	-0.1158	1	777	4094	38	2011.147674
stress	-0.9716	0.0415	1	705	4134	38	2010.771906
structure	0.0256	-0.2197	2	1123	9924	104	2010.587788
subarctic	-0.5207	0.209	1	484	1804	16	2012.483254
subarctic gyre	-0.7948	0.1882	1	360	1096	9	2006
subarctic pacific	-0.7708	0.2384	1	208	634	6	2005.272727
submarine canyons	-0.463	-0.3235	1	204	540	5	2010.212121
subpopulations	0.7626	-0.5871	2	170	434	5	2011.833333
subsidies	0.7821	0.0112	3	336	1392	14	2013.088235
subsistence	1.2032	-0.2798	2	249	918	11	2013.259259
subsistence fisheries	1.1401	-0.2349	2	169	498	6	2014.888889
subsurface	-0.9736	0.0477	1	628	3198	30	2011.621895
subsurface temperature	-1.2613	0.0289	1	178	484	5	2011.053571
subsurface water	-1.0578	0.0784	1	312	1050	10	2011.296296
subtropical gyre	-0.8711	0.1246	1	202	558	5	2006.597826
summer	-0.1359	-0.0122	1	1241	16168	156	2011.747886
supply	-0.5818	0.1909	1	518	2148	20	2011.339312
support	0.5395	0.0111	2	612	2524	25	2012.160714
surface	-0.5124	0.1279	1	1318	21788	200	2011.274886
surface chlorophyll	-0.5969	0.0547	1	358	1138	9	2012.6875
surface circulation	-0.8556	-0.2047	1	264	708	6	2009.780702
surface currents	-1.1173	-0.1177	1	282	868	7	2010.982456
surface height	-1.1786	-0.2636	1	455	2254	21	2010.910364
surface layer	-0.8602	-0.1704	1	423	1568	15	2009.563452
surface salinity	-0.8477	0.4344	4	302	1068	10	2009.551351
surface temperature	-0.1544	0.5255	4	1064	11258	100	2011.552855
surface waters	-0.6561	-0.1621	1	696	4000	37	2010.917469
surface wind	-0.9412	0.0706	1	214	584	5	2010.352381
survey	0.1679	-0.0776	2	924	6340	68	2010.854962
survival	0.7519	0.267	2	970	9482	89	2011.249489
survival rates	0.7383	0.4621	2	443	2102	20	2008.853659
sustainability	1.1198	-0.337	2	198	618	8	2012.428571
sustainable yield	1.3255	-0.3658	2	98	322	5	2008
swimming	0.3498	-0.6421	2	219	686	8	2009
synchrony	0.0536	0.6389	4	465	1998	16	2011.365854
synthesis	-0.0134	0.4373	3	413	1498	11	2012.494924
system	-0.2211	-0.2104	1	1148	10568	101	2012.244703
tagging	0.8421	-0.2842	2	185	538	7	2014.444444
tags	0.9534	-0.3146	2	321	1362	17	2012.32
techniques	-0.0518	-0.3713	2	527	1994	21	2010.995925
technology	-0.0013	-0.3813	1	179	440	6	2013.19378
teleconnection	-0.7587	0.5853	4	361	1488	12	2012.106926
temperate	-0.1634	0.1263	3	258	624	5	2011.666667
temperature	-0.2342	0.3116	4	1336	24248	227	2011.477652
temperature anomalies	-0.8654	0.3965	1	457	1806	17	2011.546191
temperature changes	-1.2112	0.3058	1	188	544	5	2012.055092
temperature variability	-0.9177	0.6722	4	246	868	8	2012.481229
temporal	0.0501	0.0639	3	337	984	10	2010.883534
temporal patterns	0.7077	0.1007	2	344	1112	10	2011.927711
temporal variability	-0.5821	0.1753	4	411	1488	14	2011.288462
temporal variations	0.6515	0.2742	3	321	994	10	2011.722063
terms	-0.0859	-0.178	1	773	3988	36	2011.105954
the bering sea	1.1101	0.0533	2	142	442	8	1996.615385
thermal	0.2587	-0.3121	2	362	1188	11	2011.557652
thermal regime	0.6535	0.0268	2	208	556	5	2011.654434
thermocline	-0.5792	-0.2492	1	378	1204	11	2007.472727
three dimensional	-0.9096	-0.0785	1	351	1152	10	2009.329939
threshold	-0.0107	-0.183	1	220	536	5	2012.8
thymallus	0.9083	0.0601	3	153	544	7	2011.818182
thymallus arcticus	0.8849	0.0158	3	123	364	5	2011.625
thysanoessa	-0.2466	0.3946	3	160	416	5	2008.264706
tidal	-0.9668	-0.4838	1	203	574	5	2009.893939
tides	-0.9262	-0.2898	1	352	1166	12	2010.001852
time	-0.0763	0.011	4	1342	18886	186	2011.191579
time scales	-0.8428	0.0631	1	584	2792	26	2011.351464
time-series analysis	-0.2991	0.3378	4	1061	9552	88	2010.95228
timescales	-0.9071	-0.0078	1	374	1278	11	2011.525048
timing	0.1091	-0.2037	2	984	7054	67	2012.348348
tip	-0.5023	-0.4174	1	203	530	6	2009.34375
tools	0.0959	-0.5026	2	278	784	8	2013.795322
top down	0.2824	0.7472	4	297	982	8	2012.85
top predators	0.0247	-0.1507	3	204	518	5	2012.447368
topography	-0.752	-0.3893	1	367	1188	12	2010.120382
tracer	-0.8669	-0.3237	1	330	1052	9	2009.231405
track	-0.911	-0.5299	1	192	532	7	2010.190476
tracking	-0.3419	-0.4576	1	198	488	5	2012.732026
trade-off	1.0387	-0.228	2	212	618	6	2013.210526
traits	1.0146	-0.3651	2	406	1586	16	2014.46
trajectories	-0.499	-0.3333	1	526	1954	18	2011.384117
transect	-0.5684	0.0451	3	256	776	8	2011.199708
transfer	0.008	0.015	3	351	1034	11	2010.678679
transition	-0.4936	0.3444	4	782	4844	44	2011.648928
transition zone	-0.5353	0.3731	3	414	1538	13	2010.954545
transport	-0.72	-0.1999	1	1002	8924	81	2010.537155
trawl	0.8965	-0.0592	2	408	1660	17	2010.189189
trawl catches	1.1229	0.0022	2	198	554	6	2008.842105
trawl surveys	0.5585	0.3294	2	253	774	8	2010.984127
trends	0.0853	0.4211	4	970	8160	76	2012.269204
tributaries	1.0411	-0.5896	2	166	444	5	2012.627586
trophic	-4e-04	0.2223	3	333	1046	10	2011.960784
trophic cascade	-0.0822	0.4811	3	190	510	5	2013.6875
trophic interactions	0.1659	0.5791	3	291	848	7	2013.454545
trophic levels	-0.2762	0.2304	3	898	6766	59	2012.898374
trophic structure	0.0671	0.3781	3	252	728	8	2009.210526
trophodynamics	0.2443	0.3151	3	228	592	5	2013.466667
trout	0.8355	-0.1068	3	300	1090	12	2008.181818
types	0.322	-0.183	3	530	2088	21	2011.720352
uncertainty	0.7764	-0.3715	2	536	2702	29	2013.221957
undercurrent	-1.2034	-0.0589	1	243	912	10	2006.193548
united states	0.5068	-0.1447	2	338	1022	10	2011.349593
upper layer	-0.8732	0.3766	1	263	838	8	2007.07173
upper ocean	-1.0978	0.0442	1	500	2322	21	2010.440079
upper trophic	0.0926	0.2212	3	198	550	6	2015.517241
upstream	-0.281	-0.7335	1	209	538	6	2010.672862
upwelling	-0.7645	0.2614	1	831	5758	48	2010.661939
usa	0.3684	-0.3872	2	621	2888	30	2010.335681
utility	0.7074	-0.5473	2	249	716	8	2012.942222
utilization	-0.1678	-0.3152	1	320	908	8	2011.783251
values	0.2221	0.0671	3	944	6332	63	2010.746562
vancouver island	0.0948	-0.3659	1	560	2538	25	2008.775
variability	-0.2679	0.0614	1	1393	27560	261	2011.545737
variance	-0.434	0.0316	1	655	3346	31	2010.046067
variations	0.1041	-0.0575	2	1306	17102	171	2010.901917
vector	0.499	-0.4642	2	220	528	5	2010.835404
velocity	-0.8816	-0.1995	1	560	2396	24	2010.066944
ventilation	-0.9604	0.1465	1	190	516	5	2008.841945
vertical	-0.9572	-0.3934	1	223	630	7	2009.544379
vertical migration	0.1755	0.2772	3	281	854	9	2009.208333
vertical movement	0.4398	-0.64	2	150	426	5	2007.214286
vessel	0.4981	0.1717	2	255	714	9	2011.268293
volcanic ash	-0.5254	-0.7133	1	138	436	6	2011.46875
volume	-0.7404	0.0949	1	461	1876	21	2010.936662
vorticity	-0.9415	-0.5323	1	251	744	9	2008.431221
vulnerability	0.7478	-0.2591	2	215	558	5	2013.925926
walleye	0.9299	0.1854	2	370	1414	15	2005.971774
walleye pollock	0.8871	0.1524	2	439	1776	18	2006.366667
warm	-0.779	0.569	1	352	1188	10	2011.29985
warming	-0.0653	0.5633	4	609	3184	31	2012.978577
washington	0.3109	-0.342	2	563	3064	30	2008.381818
washington state	0.232	-0.6686	2	184	480	5	2012.272727
water	-0.3789	-0.057	1	1364	27110	270	2010.775054
water column	-0.7143	0.0893	1	624	2964	29	2010.123234
water masses	-0.7058	0.2206	1	602	2730	24	2009.047927
water properties	-0.9235	-0.4181	1	473	2004	20	2008.879167
water surface	-0.9465	-0.18	1	274	776	7	2010.707692
water temperature	-0.0492	0.3912	3	584	2616	23	2010.526448
watersheds	0.44	-0.3355	2	442	1556	17	2012.420863
wave	-1.0049	-0.1222	1	558	2854	30	2010.934812
weather	-0.6321	-0.1962	1	323	916	10	2012.202602
web	0.1947	0.5073	3	617	2930	26	2013.376068
weight	0.6795	0.5333	3	507	2302	22	2010.632353
west coast	0.101	-0.0228	2	559	2424	23	2010.449541
western subarctic	-0.4985	0.3033	1	375	1354	12	2008.409091
wet weight	0.396	0.7088	3	209	548	6	2011.578947
whales	0.5259	0.4629	3	310	956	7	2010.62766
wild	1.2188	-0.0231	2	166	426	6	2011.583333
wild fish	1.1401	0.127	2	171	520	6	2004.111111
wild salmon	0.9287	-0.3495	2	228	688	9	2010.2
william	0.3438	0.2423	3	781	5616	55	2009.173913
wind	-0.9609	-0.074	1	1046	12106	110	2010.366929
wind events	-0.7632	-0.5272	1	230	720	7	2010.827586
wind forcing	-1.2343	-0.1055	1	359	1368	12	2008.535545
wind speed	-0.9248	-0.1117	1	311	902	8	2011.054286
wind stress	-1.2146	-0.091	1	560	3112	29	2008.608177
wind stress curl	-1.2519	-0.1615	1	339	1200	10	2009.383562
winter	-0.4471	0.1205	1	1148	13028	119	2011.016141
winter temperatures	-0.4468	0.2235	1	228	570	5	2011.726962
wood	1.15	-0.3022	2	284	1074	12	2010.985401
work	-0.4661	-0.2109	1	521	1964	19	2012.585814
world	0.2814	-0.3155	2	482	1908	23	2011.293273
yakutat	-1.0362	-0.5053	1	334	1196	13	2009.782609
yakutat eddy	-1.1453	-0.5114	1	179	540	6	2009.5
year-class	0.8036	0.3643	2	277	770	8	2004.24
year-class strength	0.7384	0.2213	2	310	1082	9	2008.30303
yield	1.025	-0.3179	2	325	1284	16	2011.766667
yukon	1.1649	-0.347	2	299	1112	13	2011.735915
yukon river	1.1911	-0.3293	2	262	944	10	2011.466667
zone	-0.301	0.0117	1	849	4856	48	2010.917256
zooplankton	-0.046	0.5117	3	1090	10456	91	2009.773438
zooplankton abundance	0.0809	0.7872	3	410	1592	13	2008.967742
zooplankton biomass	-0.3472	0.537	4	520	2238	20	2007.977778
zooplankton community	-0.0599	0.6603	3	418	1524	13	2011.71875
zooplankton prey	0.6991	0.3703	3	262	692	5	2010.357143
